9.1681 10.019
9.571 8.9626
7.0122 8.8997
12.718 10.883
9.2334 10.795
8.189 11.186
7.6094 10.912
5.8756 8.565
6.7634 6.4654
7.9832 12.098
7.3549 7.9498
10.242 9.7315
9.61 13.304
8.9305 10.019
10.494 11.744
7.1889 10.107
11.083 11.434
10.973 10.777
7.9709 8.5021
9.9528 14.145
9.3561 10.387
10.926 10.137
8.9735 9.7032
10.664 13.777
10.718 11.991
8.8395 11.654
7.2236 6.2534
8.6146 9.9472
9.4497 10.196
12.043 11.414
11.566 11.103
8.1334 8.8402
11.454 10.837
10.839 9.0355
10.371 8.2269
8.4521 9.2519
6.7258 5.3344
8.9225 10.767
10.461 12.574
7.9889 9.2641
7.809 5.25
6.737 7.4148
9.4521 11.62
8.3671 9.5593
8.944 12.167
8.5142 9.4071
9.5614 10.37
7.8268 7.5372
9.2255 8.9183
10.573 8.5345
11.149 8.9631
7.6774 9.7128
8.2634 10.053
8.6972 9.0899
8.1428 9.3942
9.1179 9.1505
6.8592 7.7047
8.7141 7.5254
6.523 7.8844
8.6991 10.838
9.9021 13.367
10.753 11.928
8.2883 12.903
9.8347 12.006
10.198 11.228
9.4628 11.344
9.0883 7.6747
7.0218 5.739
11.224 12.442
8.3354 11.942
12.376 12.224
7.7089 8.4525
10.462 10.836
7.6912 8.691
9.9703 10.221
10.947 11.498
10.916 13.148
9.8306 8.7481
6.1418 5.4901
6.6596 7.8025
8.4542 9.6936
10.671 9.6998
9.6491 8.7966
10.142 9.7147
9.4421 5.2039
8.0158 10.678
8.5349 9.4835
7.083 9.3142
8.737 11.411
6.5347 10.914
10.129 10.777
9.7877 9.8616
7.7338 11.212
7.0102 8.2691
10.096 12.261
6.0165 9.1902
9.6361 12.701
11.011 13.439
6.4109 6.9969
10.608 11.568
9.3261 9.5585
9.0011 7.0785
8.9093 8.7622
8.3956 10.589
8.5649 11.367
5.4151 7.5224
10.668 11.615
8.7528 9.3364
8.8287 10.259
7.261 10.524
10.27 10.806
12.013 12.456
8.5034 7.6788
8.9084 10.981
9.002 8.22
7.0932 7.6451
8.0465 8.2192
9.072 9.8477
6.593 7.0613
8.7465 9.9181
9.9775 12.493
11.128 13.803
10.374 14.69
4.243 6.6882
10.603 8.4318
