536 448 40 0 0 0 0 0 382 545 96 1 0 0 0 0 764 258 2 0 0 0 0 0 
722 289 13 0 0 0 0 0 419 578 27 0 0 0 0 0 881 141 2 0 0 0 0 0 
344 549 122 9 0 0 0 0 168 589 239 25 3 0 0 0 534 470 20 0 0 0 0 0 
43 229 212 153 99 62 64 162 0 175 215 177 115 84 68 190 53 233 161 119 93 93 60 212 
0 0 10 29 25 18 25 917 0 0 7 14 33 15 27 928 0 0 7 10 32 17 26 932 
8 116 166 155 89 92 64 334 1 64 158 160 121 86 76 358 3 80 145 144 112 85 87 368 
58 195 138 145 132 109 90 157 2 186 131 143 147 116 106 193 83 144 112 111 114 139 111 210 
453 367 129 38 18 15 3 1 238 428 227 78 27 13 11 2 714 216 25 28 13 14 10 4 
662 305 49 5 3 0 0 0 483 433 97 8 2 1 0 0 909 101 9 4 1 0 0 0 
450 442 109 21 0 0 0 0 261 554 178 24 5 0 0 0 810 178 29 5 0 0 0 0 
651 340 33 0 0 0 0 0 534 414 76 0 0 0 0 0 863 156 5 0 0 0 0 0 
876 146 2 0 0 0 0 0 734 280 10 0 0 0 0 0 976 47 1 0 0 0 0 0 
797 220 7 0 0 0 0 0 563 438 23 0 0 0 0 0 925 99 0 0 0 0 0 0 
422 463 133 3 3 0 0 0 157 559 290 14 2 2 0 0 430 517 68 6 1 2 0 0 
0 89 167 75 53 56 39 545 0 21 165 123 48 63 46 558 5 117 114 78 43 60 46 561 
0 80 248 145 68 39 46 398 0 14 169 229 100 49 51 412 13 206 163 82 63 43 45 409 
89 548 260 120 6 0 1 0 2 290 479 199 53 0 0 1 512 444 59 8 0 0 1 0 
150 351 362 151 10 0 0 0 60 313 398 204 49 0 0 0 420 472 124 8 0 0 0 0 
612 302 84 22 3 1 0 0 470 393 127 29 4 1 0 0 828 148 35 11 2 0 0 0 
528 378 104 10 2 0 0 0 346 477 178 18 2 0 0 0 813 189 18 2 0 0 0 0 
689 292 30 8 3 2 0 0 520 404 81 12 5 1 1 0 908 110 4 2 0 0 0 0 
932 83 9 0 0 0 0 0 886 122 16 0 0 0 0 0 990 34 0 0 0 0 0 0 
968 55 1 0 0 0 0 0 916 103 5 0 0 0 0 0 1005 19 0 0 0 0 0 0 
733 259 32 0 0 0 0 0 406 518 93 7 0 0 0 0 786 235 3 0 0 0 0 0 
105 491 269 117 22 6 7 7 9 395 350 192 53 11 7 7 74 672 210 30 17 10 6 5 
82 288 449 202 3 0 0 0 2 244 332 362 84 0 0 0 70 795 155 4 0 0 0 0 
97 356 399 154 17 1 0 0 25 232 434 272 59 2 0 0 343 574 100 7 0 0 0 0 
215 389 297 103 20 0 0 0 50 335 377 203 52 7 0 0 624 309 79 12 0 0 0 0 
552 385 80 6 1 0 0 0 243 559 190 30 1 1 0 0 962 53 8 1 0 0 0 0 
328 482 176 34 2 0 0 0 165 480 288 82 8 0 0 0 773 200 45 2 2 0 0 0 
354 342 214 84 21 9 0 0 284 188 318 166 52 14 2 0 853 128 29 8 6 0 0 0 
710 172 104 31 7 0 0 0 690 195 116 17 6 0 0 0 855 137 32 0 0 0 0 0 
964 49 7 4 0 0 0 0 949 67 4 4 0 0 0 0 994 25 4 1 0 0 0 0 
767 143 60 22 16 4 4 8 627 249 71 38 22 3 7 7 776 124 52 38 15 7 5 7 
218 112 96 128 119 113 107 131 153 173 103 123 126 121 108 117 129 198 117 99 138 121 110 112 
22 134 173 201 113 90 144 147 6 129 211 206 111 98 143 120 36 187 225 127 103 90 146 110 
344 383 245 47 5 0 0 0 182 401 323 109 9 0 0 0 543 405 70 6 0 0 0 0 
214 447 267 74 20 2 0 0 73 398 360 149 38 6 0 0 624 303 79 17 1 0 0 0 
785 182 39 12 5 1 0 0 517 412 68 18 5 4 0 0 923 78 17 5 1 0 0 0 
757 221 42 2 0 0 0 0 584 373 61 5 0 0 0 0 925 90 8 0 0 0 0 0 
358 391 184 61 26 4 0 0 186 343 329 113 39 13 1 0 822 139 47 15 1 0 0 0 
601 287 111 18 7 0 0 0 507 193 214 94 15 1 0 0 943 59 20 2 0 0 0 0 
1011 13 0 0 0 0 0 0 1007 15 2 0 0 0 0 0 1015 9 0 0 0 0 0 0 
537 125 100 76 32 35 45 74 489 157 135 64 33 35 45 66 567 151 97 39 35 36 50 49 
14 53 75 64 85 86 168 479 11 58 71 59 95 109 222 399 6 59 85 50 93 186 252 293 
207 172 148 94 107 97 89 110 197 192 151 91 118 90 97 88 220 189 136 86 113 93 106 81 
820 156 42 6 0 0 0 0 704 239 72 9 0 0 0 0 871 137 15 1 0 0 0 0 
343 396 217 48 19 1 0 0 187 340 327 132 32 6 0 0 766 189 56 13 0 0 0 0 
464 401 117 39 3 0 0 0 208 498 247 58 13 0 0 0 847 141 34 2 0 0 0 0 
509 384 117 13 0 0 0 0 290 506 184 37 5 0 0 0 864 144 16 0 0 0 0 0 
400 396 133 53 39 3 0 0 193 400 284 97 46 3 1 0 839 110 43 28 4 0 0 0 
714 255 47 6 2 0 0 0 546 286 154 32 5 1 0 0 997 24 3 0 0 0 0 0 
893 69 42 15 5 0 0 0 877 49 56 31 10 1 0 0 975 36 11 2 0 0 0 0 
536 145 54 38 38 53 40 120 515 153 66 44 46 52 39 109 528 125 77 48 48 53 40 105 
0 2 5 56 121 107 78 655 0 2 5 35 142 116 93 631 0 2 8 25 103 164 97 625 
37 49 98 222 145 92 100 281 35 47 90 186 194 106 117 249 38 51 81 157 206 125 126 240 
579 168 125 110 28 12 1 1 539 202 143 104 24 11 1 0 582 192 141 81 16 12 0 0 
533 343 114 31 3 0 0 0 376 356 212 63 17 0 0 0 839 156 28 1 0 0 0 0 
653 290 72 8 1 0 0 0 333 511 151 25 4 0 0 0 919 97 7 1 0 0 0 0 
706 256 53 8 0 0 0 0 520 402 88 13 0 0 0 0 938 72 13 0 0 0 0 0 
514 276 146 62 26 0 0 0 336 325 205 115 39 4 0 0 791 151 65 17 0 0 0 0 
467 385 142 27 3 0 0 0 264 344 266 136 14 0 0 0 934 73 15 1 1 0 0 0 
720 228 71 4 1 0 0 0 595 197 179 49 4 0 0 0 946 72 5 1 0 0 0 0 
509 307 114 55 29 8 2 0 384 334 192 74 33 6 1 0 335 296 246 94 43 8 2 0 
0 11 62 540 319 74 16 2 0 3 42 371 505 85 17 1 0 0 23 136 652 188 23 2 
17 88 260 413 163 61 19 3 8 69 188 429 241 68 19 2 15 55 148 290 372 115 26 3 
106 228 267 227 140 38 14 4 84 213 222 239 191 60 12 3 216 363 251 113 47 24 8 2 
262 227 292 186 54 3 0 0 174 218 269 237 111 15 0 0 520 329 142 30 3 0 0 0 
528 343 114 35 4 0 0 0 202 536 196 75 12 3 0 0 823 170 30 1 0 0 0 0 
754 213 53 2 0 0 0 0 480 440 82 21 0 0 0 0 957 66 0 0 0 0 0 0 
64 224 256 352 128 0 0 0 64 160 160 480 128 32 0 0 256 256 416 96 0 0 0 0 
0 736 256 32 0 0 0 0 0 160 672 192 0 0 0 0 480 448 96 0 0 0 0 0 
512 352 96 64 0 0 0 0 416 320 192 32 64 0 0 0 832 160 32 0 0 0 0 0 
512 224 224 64 0 0 0 0 416 192 320 96 0 0 0 0 416 192 192 160 64 0 0 0 
0 0 0 768 224 32 0 0 0 0 0 416 576 32 0 0 0 0 0 96 672 256 0 0 
0 0 192 512 256 64 0 0 0 0 96 384 480 64 0 0 0 0 96 352 384 192 0 0 
0 448 256 192 96 32 0 0 0 288 288 288 64 96 0 0 160 640 96 96 0 32 0 0 
192 288 288 224 32 0 0 0 64 384 256 192 128 0 0 0 416 416 192 0 0 0 0 0 
192 736 96 0 0 0 0 0 32 480 480 32 0 0 0 0 800 224 0 0 0 0 0 0 
682 341 0 0 0 0 0 0 85 938 0 0 0 0 0 0 938 85 0 0 0 0 0 0 
