148 472 247 117 26 14 0 0 37 466 310 147 48 16 0 0 4 233 445 217 99 20 6 0 
20 321 536 144 3 0 0 0 14 306 578 122 4 0 0 0 1 94 623 282 24 0 0 0 
37 332 385 257 13 0 0 0 35 370 479 136 4 0 0 0 12 246 487 263 16 0 0 0 
15 189 420 321 62 16 1 0 18 245 461 232 54 12 2 0 12 201 446 280 62 21 2 0 
19 222 412 318 50 3 0 0 13 226 512 251 19 3 0 0 9 152 527 293 40 3 0 0 
61 352 455 148 8 0 0 0 35 306 488 178 17 0 0 0 31 234 480 254 21 4 0 0 
12 163 510 334 5 0 0 0 7 152 550 306 9 0 0 0 6 118 406 432 62 0 0 0 
9 187 515 309 4 0 0 0 11 193 506 310 4 0 0 0 3 150 383 447 41 0 0 0 
0 21 540 457 6 0 0 0 0 42 629 352 1 0 0 0 0 3 356 645 20 0 0 0 
0 7 301 560 143 11 2 0 0 17 381 533 90 2 1 0 0 0 113 503 374 32 1 1 
214 684 107 18 1 0 0 0 98 696 204 22 4 0 0 0 26 502 306 170 18 2 0 0 
46 357 423 177 21 0 0 0 27 272 472 226 20 7 0 0 2 116 326 438 123 17 2 0 
8 54 474 446 41 1 0 0 8 54 528 391 42 1 0 0 1 18 188 677 131 9 0 0 
4 76 610 317 17 0 0 0 6 103 641 259 15 0 0 0 1 30 342 578 73 0 0 0 
11 246 556 204 6 1 0 0 12 254 607 144 6 1 0 0 5 137 426 428 24 4 0 0 
90 420 436 71 7 0 0 0 74 381 474 81 14 0 0 0 59 291 540 114 19 1 0 0 
68 540 384 29 3 0 0 0 68 549 377 27 3 0 0 0 47 482 440 48 4 3 0 0 
17 334 507 142 21 3 0 0 30 433 448 99 11 3 0 0 18 339 445 178 33 9 2 0 
0 50 329 538 97 9 1 0 1 80 396 473 65 8 1 0 0 38 160 504 283 32 6 1 
0 2 141 573 268 30 8 2 0 5 234 626 141 11 5 2 0 1 21 476 463 50 7 6 
29 333 491 150 21 0 0 0 17 290 522 165 29 1 0 0 1 125 460 348 81 9 0 0 
100 385 418 98 21 2 0 0 81 232 526 150 33 2 0 0 28 111 311 384 168 22 0 0 
46 486 393 82 13 4 0 0 37 348 525 90 20 4 0 0 14 109 538 297 55 11 0 0 
20 399 370 200 29 6 0 0 30 388 365 199 35 7 0 0 11 278 277 332 108 18 0 0 
12 195 551 222 34 10 0 0 6 187 581 201 39 9 1 0 0 68 388 440 104 17 6 1 
0 143 442 353 76 10 0 0 1 175 446 306 83 13 0 0 0 79 361 400 159 23 2 0 
53 261 287 258 86 35 31 13 49 268 301 253 73 27 33 20 23 204 251 259 170 54 40 23 
68 119 204 407 129 47 41 9 51 87 231 405 138 44 37 31 23 71 103 352 280 97 56 42 
0 10 289 552 151 17 3 2 0 16 387 499 101 17 2 2 0 0 71 538 354 49 10 2 
0 7 255 617 138 7 0 0 0 15 392 539 74 4 0 0 0 1 119 611 279 13 1 0 
4 155 489 303 71 2 0 0 10 256 472 230 54 2 0 0 2 121 473 317 99 12 0 0 
54 212 401 273 71 11 1 1 43 175 401 300 81 22 1 1 5 72 258 396 216 63 12 2 
70 345 372 129 80 27 1 0 53 307 395 145 83 35 6 0 18 123 410 267 123 61 21 1 
20 701 297 5 1 0 0 0 17 615 382 9 1 0 0 0 1 327 515 175 5 1 0 0 
19 437 393 150 24 1 0 0 9 351 347 231 81 5 0 0 1 204 289 170 201 135 23 1 
61 326 272 224 130 11 0 0 41 282 247 207 158 84 5 0 20 149 239 169 168 98 96 85 
110 291 275 233 71 32 7 5 78 287 285 244 83 31 10 6 15 167 295 264 192 59 22 10 
36 112 352 318 128 43 31 4 25 119 365 309 133 41 26 6 8 33 152 409 257 111 42 12 
0 23 209 514 235 38 4 1 0 31 260 539 164 28 2 0 0 2 57 393 456 98 16 2 
0 0 50 294 465 180 30 5 0 2 132 466 349 60 14 1 0 1 80 417 421 90 14 1 
4 171 464 276 92 17 0 0 14 244 448 232 69 17 0 0 2 123 438 305 124 28 4 0 
62 177 368 280 125 12 0 0 57 196 350 262 141 18 0 0 20 124 306 309 200 62 3 0 
65 274 523 156 6 0 0 0 42 226 458 288 10 0 0 0 9 104 320 357 212 22 0 0 
22 231 590 170 11 0 0 0 16 205 492 294 17 0 0 0 5 76 365 388 188 2 0 0 
4 160 817 43 0 0 0 0 1 59 503 458 3 0 0 0 0 6 84 320 498 116 0 0 
59 284 465 214 2 0 0 0 26 172 307 340 178 1 0 0 3 75 128 225 207 273 113 0 
196 373 295 137 21 2 0 0 155 352 248 188 73 8 0 0 59 292 206 193 158 73 39 4 
8 51 59 113 692 101 0 0 11 52 54 111 655 141 0 0 0 44 38 61 238 422 216 5 
32 95 226 279 292 97 3 0 31 94 244 238 220 189 8 0 1 29 120 247 200 127 222 78 
14 85 240 372 246 58 9 0 11 79 243 380 234 64 13 0 0 12 115 308 345 181 56 7 
20 183 403 296 112 10 0 0 21 197 404 251 134 17 0 0 8 100 378 301 178 59 0 0 
23 241 434 271 53 2 0 0 26 284 430 236 46 2 0 0 2 134 395 351 134 8 0 0 
22 280 550 163 9 0 0 0 9 184 521 287 23 0 0 0 0 43 243 452 273 12 1 0 
39 271 573 134 6 1 0 0 21 183 525 269 24 2 0 0 1 37 216 453 291 24 2 0 
44 239 613 117 10 1 0 0 44 192 357 419 11 1 0 0 8 113 170 285 349 99 0 0 
79 360 435 139 10 1 0 0 37 281 385 275 45 1 0 0 1 117 247 284 243 113 19 0 
194 525 242 63 0 0 0 0 134 481 217 173 19 0 0 0 73 354 217 129 164 87 0 0 
42 134 190 422 231 5 0 0 38 115 133 271 453 14 0 0 13 97 51 98 210 418 137 0 
29 61 251 481 180 22 0 0 26 41 160 438 315 42 2 0 3 27 28 89 285 507 80 5 
57 177 465 229 94 2 0 0 38 136 303 406 127 14 0 0 2 35 123 219 347 273 25 0 
3 214 584 195 24 4 0 0 3 239 582 175 21 4 0 0 0 58 462 410 83 11 0 0 
6 268 526 204 18 2 0 0 6 273 523 196 24 2 0 0 0 41 472 415 89 6 1 0 
24 336 454 183 25 2 0 0 14 324 479 182 23 2 0 0 2 117 445 372 75 12 1 0 
56 259 509 167 29 3 1 0 34 200 438 293 52 6 1 0 3 78 248 414 237 39 4 1 
40 207 571 201 5 0 0 0 23 127 457 401 16 0 0 0 3 36 140 424 413 8 0 0 
53 487 377 97 10 0 0 0 30 345 470 165 14 0 0 0 6 101 312 456 132 17 0 0 
49 289 601 83 2 0 0 0 40 181 499 293 11 0 0 0 0 56 161 335 393 78 1 0 
84 154 516 194 72 4 0 0 51 116 303 434 112 8 0 0 5 64 80 214 391 261 9 0 
67 107 372 409 45 21 3 0 47 68 182 544 139 36 8 0 1 35 54 105 207 556 55 11 
121 254 407 168 69 5 0 0 85 198 318 320 81 22 0 0 11 84 165 260 269 208 27 0 
152 528 340 4 0 0 0 0 162 530 316 16 0 0 0 0 56 364 428 176 0 0 0 0 
40 356 434 158 32 4 0 0 54 358 460 134 18 0 0 0 18 192 474 276 60 4 0 0 
22 194 400 274 102 28 4 0 24 212 404 250 100 28 6 0 2 94 360 356 140 54 18 0 
94 312 370 208 40 0 0 0 56 276 388 224 74 6 0 0 6 128 324 318 166 82 0 0 
156 358 352 132 24 2 0 0 128 266 430 162 36 2 0 0 26 164 268 356 192 18 0 0 
152 362 306 168 36 0 0 0 128 362 326 166 42 0 0 0 32 230 366 272 116 8 0 0 
182 388 332 86 26 10 0 0 174 360 312 138 30 10 0 0 34 242 346 244 126 26 6 0 
128 300 450 104 34 6 2 0 108 228 406 216 48 16 2 0 12 142 198 276 306 80 8 2 
92 344 392 150 42 4 0 0 80 276 362 254 48 4 0 0 12 100 262 340 230 76 4 0 
56 516 380 66 6 0 0 0 8 132 728 128 28 0 0 0 0 6 54 320 598 46 0 0 
