133 399 364 128 0 0 0 0 118 379 338 183 6 0 0 0 413 535 76 0 0 0 0 0 
528 364 96 29 7 0 0 0 507 394 83 33 7 0 0 0 705 303 16 0 0 0 0 0 
490 525 7 2 0 0 0 0 382 632 7 3 0 0 0 0 533 489 2 0 0 0 0 0 
553 447 24 0 0 0 0 0 219 777 26 2 0 0 0 0 278 739 7 0 0 0 0 0 
54 705 235 30 0 0 0 0 20 765 218 21 0 0 0 0 152 817 55 0 0 0 0 0 
92 674 207 51 0 0 0 0 56 727 211 30 0 0 0 0 155 829 40 0 0 0 0 0 
247 359 253 162 3 0 0 0 236 373 324 88 3 0 0 0 425 536 63 0 0 0 0 0 
39 340 595 50 0 0 0 0 38 418 561 7 0 0 0 0 305 698 21 0 0 0 0 0 
166 369 333 145 11 0 0 0 136 323 284 227 54 0 0 0 599 373 32 18 2 0 0 0 
259 340 283 129 8 5 0 0 180 377 281 160 21 5 0 0 467 472 54 22 4 5 0 0 
98 614 236 69 4 3 0 0 50 622 188 123 38 3 0 0 260 712 38 7 4 3 0 0 
278 427 207 87 16 6 3 0 114 596 210 78 17 6 3 0 97 683 164 62 10 6 2 0 
100 399 312 123 53 20 13 4 57 451 317 124 40 20 10 5 166 530 185 86 25 20 8 4 
62 424 344 137 40 16 1 0 25 467 330 150 39 11 2 0 234 488 197 63 29 12 1 0 
117 414 348 129 15 1 0 0 66 390 378 171 17 2 0 0 416 486 87 19 13 3 0 0 
105 354 363 145 52 4 1 0 72 392 326 170 59 4 1 0 332 416 113 74 74 15 0 0 
5 180 237 276 211 70 45 0 3 209 231 269 192 76 43 1 47 298 240 245 79 60 54 1 
8 116 150 207 206 176 132 29 10 119 149 205 200 182 130 29 29 138 140 170 165 184 156 42 
37 105 112 189 234 245 89 13 36 109 109 194 233 228 102 13 41 103 105 136 225 232 157 25 
18 129 148 183 217 203 113 13 19 136 136 180 212 214 116 11 28 151 106 145 159 241 157 37 
67 251 253 192 152 88 21 0 74 270 242 193 146 82 17 0 130 269 189 164 135 105 31 1 
1 181 235 249 247 94 15 2 4 213 228 244 231 91 12 1 15 218 201 202 216 142 28 2 
2 136 347 339 160 33 7 0 8 235 358 275 120 20 8 0 45 310 330 198 105 27 9 0 
15 226 333 231 167 46 6 0 29 300 315 209 130 39 2 0 83 344 280 168 116 31 2 0 
0 11 461 449 102 1 0 0 0 14 340 476 194 0 0 0 61 726 164 72 1 0 0 0 
3 160 143 273 322 75 36 12 9 173 128 177 393 98 36 10 76 456 249 80 39 51 60 13 
32 251 277 163 124 85 83 9 41 296 256 152 106 83 83 7 75 373 188 118 68 102 90 10 
47 138 94 131 208 212 185 9 40 153 91 124 216 229 170 1 71 141 66 115 151 256 209 15 
80 112 81 117 299 262 73 0 78 123 83 119 305 260 56 0 98 109 78 119 182 269 164 5 
9 177 253 253 211 92 25 4 33 241 264 194 185 82 25 0 56 273 268 151 80 142 54 0 
2 99 346 341 188 46 2 0 10 250 374 274 103 13 0 0 81 359 359 178 43 4 0 0 
22 169 400 259 141 33 0 0 32 274 390 198 113 17 0 0 88 380 285 130 106 35 0 0 
151 546 190 132 5 0 0 0 124 476 220 153 51 0 0 0 616 377 31 0 0 0 0 0 
179 490 160 108 73 14 0 0 178 477 164 100 74 31 0 0 527 411 79 7 0 0 0 0 
79 336 241 131 131 81 25 0 66 289 236 171 166 83 13 0 306 376 79 47 91 105 20 0 
6 56 51 164 302 282 153 10 6 61 54 137 332 294 133 7 14 56 53 80 174 384 247 16 
41 89 182 183 287 138 91 13 44 114 187 160 280 144 87 8 53 122 157 114 134 265 159 20 
50 145 174 246 268 106 35 0 70 157 180 224 259 106 28 0 98 123 172 142 181 235 70 3 
61 169 231 269 202 71 19 2 73 239 264 231 156 48 12 1 98 243 270 204 139 53 17 0 
26 214 281 256 155 56 25 11 79 266 308 213 96 34 27 1 156 309 277 145 74 46 16 1 
75 372 244 227 101 5 0 0 47 331 170 229 197 50 0 0 573 405 29 10 7 0 0 0 
515 466 16 16 6 3 2 0 347 639 14 14 6 3 1 0 855 138 18 4 6 3 0 0 
333 428 145 60 54 4 0 0 346 427 133 65 46 7 0 0 617 245 77 41 14 15 15 0 
85 290 251 102 130 94 64 8 114 336 201 80 120 104 64 5 173 357 134 56 70 115 97 22 
4 16 44 183 438 184 105 50 3 19 62 98 484 218 93 47 2 25 64 81 105 461 231 55 
30 82 113 297 455 35 10 2 37 93 97 202 520 65 9 1 50 97 72 61 113 479 145 7 
35 226 220 131 282 128 2 0 55 314 144 123 220 168 0 0 116 296 110 76 102 185 139 0 
167 334 259 144 74 38 8 0 216 404 203 118 56 22 5 0 384 343 158 82 45 12 0 0 
253 323 208 88 61 40 40 11 144 444 208 86 65 36 41 0 526 239 106 65 47 41 0 0 
110 344 280 170 87 29 4 0 128 387 280 144 64 21 0 0 328 385 197 87 24 3 0 0 
218 360 137 145 130 28 6 0 242 361 108 128 132 48 5 0 456 182 91 105 80 76 32 2 
88 338 137 208 190 53 10 0 136 298 124 155 190 104 17 0 200 233 111 73 124 172 97 14 
16 100 105 382 367 42 8 4 16 102 97 172 552 73 11 1 22 75 89 73 107 539 112 7 
84 126 119 309 288 74 23 1 89 122 92 212 368 113 26 2 91 114 52 70 151 422 110 14 
62 38 67 487 314 47 8 1 58 45 51 388 405 65 11 1 64 36 22 38 260 524 74 6 
1 64 140 324 426 58 10 1 4 96 138 260 424 94 8 0 18 97 117 129 186 425 52 0 
128 215 377 233 33 29 9 0 141 233 235 343 40 26 6 0 243 160 128 209 252 27 5 0 
69 122 397 333 54 36 11 2 74 138 286 430 47 39 8 2 120 124 165 212 342 53 8 0 
129 297 170 263 87 50 25 3 134 301 162 257 90 54 25 1 176 269 125 172 177 61 42 2 
58 278 184 209 152 101 37 5 63 295 170 193 157 99 42 5 79 319 130 138 155 136 60 7 
32 417 318 125 85 45 2 0 52 476 266 117 84 27 2 0 150 517 159 113 68 12 5 0 
93 271 144 158 174 126 53 5 97 292 112 150 185 127 58 3 152 259 62 100 154 187 96 14 
53 201 148 252 189 141 38 2 69 203 137 230 205 134 40 6 115 174 82 149 213 171 102 18 
0 44 297 386 202 70 24 1 0 43 271 371 246 67 26 0 135 180 163 152 222 128 42 2 
