0 0 0 0 0 0 1024 0 0 0 0 0 0 0 763 261 0 0 0 0 0 0 0 1024 
0 0 0 0 0 0 1024 0 0 0 0 0 0 0 358 666 0 0 0 0 0 0 0 1024 
0 0 0 0 0 0 912 112 0 0 0 0 0 0 25 999 0 0 0 0 0 0 0 1024 
0 0 0 0 0 0 327 697 0 0 0 0 0 0 0 1024 0 0 0 0 0 0 0 1024 
0 0 0 0 0 0 92 932 0 0 0 0 0 0 0 1024 0 0 0 0 0 0 0 1024 
0 0 0 0 0 0 0 1024 0 0 0 0 0 0 0 1024 0 0 0 0 0 0 0 1024 
0 0 0 0 0 0 0 1024 0 0 0 0 0 0 0 1024 0 0 0 0 0 0 0 1024 
0 0 0 0 0 0 0 1024 0 0 0 0 0 0 0 1024 0 0 0 0 0 0 0 1024 
0 0 0 0 0 0 70 954 0 0 0 0 0 0 0 1024 0 0 0 0 0 0 0 1024 
0 0 0 0 0 0 95 929 0 0 0 0 0 0 0 1024 0 0 0 0 0 0 0 1024 
0 0 0 0 0 0 0 1024 0 0 0 0 0 0 0 1024 0 0 0 0 0 0 0 1024 
0 0 0 0 0 0 7 1017 0 0 0 0 0 0 0 1024 0 0 0 0 0 0 0 1024 
0 0 0 0 0 0 0 1024 0 0 0 0 0 0 0 1024 0 0 0 0 0 0 0 1024 
0 0 0 0 0 0 0 1024 0 0 0 0 0 0 0 1024 0 0 0 0 0 0 0 1024 
0 0 0 0 0 0 0 1024 0 0 0 0 0 0 0 1024 0 0 0 0 0 0 0 1024 
0 0 0 0 0 0 0 1024 0 0 0 0 0 0 0 1024 0 0 0 0 0 0 0 1024 
0 0 0 0 0 0 0 1024 0 0 0 0 0 0 0 1024 0 0 0 0 0 0 0 1024 
0 0 0 0 0 0 0 1024 0 0 0 0 0 0 0 1024 0 0 0 0 0 0 0 1024 
0 0 0 0 0 0 0 1024 0 0 0 0 0 0 0 1024 0 0 0 0 0 0 0 1024 
0 0 0 0 0 0 209 815 0 0 0 0 0 0 0 1024 0 0 0 0 0 0 0 1024 
0 0 0 0 0 0 779 245 0 0 0 0 0 0 14 1010 0 0 0 0 0 0 0 1024 
0 0 0 0 0 0 1024 0 0 0 0 0 0 0 409 615 0 0 0 0 0 0 0 1024 
0 0 0 0 0 0 1009 15 0 0 0 0 0 0 845 179 0 0 0 0 0 0 0 1024 
0 0 0 0 0 431 593 0 0 0 0 0 0 12 981 31 0 0 0 0 0 0 45 979 
0 0 0 0 0 231 793 0 0 0 0 0 0 0 1024 0 0 0 0 0 0 0 0 1024 
0 0 0 0 0 0 1024 0 0 0 0 0 0 0 1020 4 0 0 0 0 0 0 0 1024 
0 0 0 0 0 0 1024 0 0 0 0 0 0 0 704 320 0 0 0 0 0 0 0 1024 
0 0 0 0 0 0 1024 0 0 0 0 0 0 0 15 1009 0 0 0 0 0 0 0 1024 
0 0 0 0 0 0 537 487 0 0 0 0 0 0 0 1024 0 0 0 0 0 0 0 1024 
0 0 0 0 0 0 6 1018 0 0 0 0 0 0 0 1024 0 0 0 0 0 0 0 1024 
0 0 0 0 0 0 0 1024 0 0 0 0 0 0 0 1024 0 0 0 0 0 0 0 1024 
0 0 0 0 0 0 0 1024 0 0 0 0 0 0 0 1024 0 0 0 0 0 0 0 1024 
0 0 0 0 0 0 0 1024 0 0 0 0 0 0 0 1024 0 0 0 0 0 0 0 1024 
0 0 0 0 0 0 0 1024 0 0 0 0 0 0 0 1024 0 0 0 0 0 0 0 1024 
0 0 0 0 0 0 0 1024 0 0 0 0 0 0 0 1024 0 0 0 0 0 0 0 1024 
0 0 0 0 0 0 0 1024 0 0 0 0 0 0 0 1024 0 0 0 0 0 0 0 1024 
0 0 0 0 0 0 2 1022 0 0 0 0 0 0 0 1024 0 0 0 0 0 0 0 1024 
0 0 0 0 0 0 0 1024 0 0 0 0 0 0 0 1024 0 0 0 0 0 0 0 1024 
0 0 0 0 0 0 3 1021 0 0 0 0 0 0 0 1024 0 0 0 0 0 0 0 1024 
0 0 0 0 0 0 5 1019 0 0 0 0 0 0 0 1024 0 0 0 0 0 0 0 1024 
0 0 0 0 0 0 267 757 0 0 0 0 0 0 0 1024 0 0 0 0 0 0 0 1024 
0 0 0 0 0 0 643 381 0 0 0 0 0 0 87 937 0 0 0 0 0 0 0 1024 
0 0 0 0 0 0 875 149 0 0 0 0 0 0 361 663 0 0 0 0 0 0 0 1024 
0 0 0 0 0 0 1024 0 0 0 0 0 0 0 645 379 0 0 0 0 0 0 0 1024 
0 0 0 0 0 0 1024 0 0 0 0 0 0 0 895 129 0 0 0 0 0 0 0 1024 
0 0 0 0 0 0 1024 0 0 0 0 0 0 0 1018 6 0 0 0 0 0 0 0 1024 
0 0 0 0 0 0 727 297 0 0 0 0 0 0 465 559 0 0 0 0 0 0 0 1024 
0 0 0 0 0 0 420 604 0 0 0 0 0 0 157 867 0 0 0 0 0 0 0 1024 
0 0 3 42 8 554 417 0 0 0 0 31 17 8 968 0 0 0 0 0 42 8 20 954 
0 0 0 0 0 102 922 0 0 0 0 0 0 0 1022 2 0 0 0 0 0 0 0 1024 
0 0 0 0 0 0 1024 0 0 0 0 0 0 0 946 78 0 0 0 0 0 0 0 1024 
0 0 0 0 0 0 1021 3 0 0 0 0 0 0 374 650 0 0 0 0 0 0 0 1024 
0 0 0 0 0 0 974 50 0 0 0 0 0 0 131 893 0 0 0 0 0 0 0 1024 
0 0 0 0 0 0 202 822 0 0 0 0 0 0 0 1024 0 0 0 0 0 0 0 1024 
0 0 0 0 0 0 0 1024 0 0 0 0 0 0 0 1024 0 0 0 0 0 0 0 1024 
0 0 0 0 0 0 0 1024 0 0 0 0 0 0 0 1024 0 0 0 0 0 0 0 1024 
0 0 0 0 0 0 0 1024 0 0 0 0 0 0 0 1024 0 0 0 0 0 0 0 1024 
0 0 0 0 0 0 0 1024 0 0 0 0 0 0 0 1024 0 0 0 0 0 0 0 1024 
0 0 0 0 0 0 0 1024 0 0 0 0 0 0 0 1024 0 0 0 0 0 0 0 1024 
0 0 0 0 0 0 17 1007 0 0 0 0 0 0 0 1024 0 0 0 0 0 0 0 1024 
0 0 0 0 0 0 793 231 0 0 0 0 0 0 0 1024 0 0 0 0 0 0 0 1024 
0 0 0 0 0 0 833 191 0 0 0 0 0 0 3 1021 0 0 0 0 0 0 0 1024 
0 0 0 0 0 0 848 176 0 0 0 0 0 0 2 1022 0 0 0 0 0 0 0 1024 
0 0 0 0 0 0 905 119 0 0 0 0 0 0 198 826 0 0 0 0 0 0 0 1024 
0 0 0 0 0 0 1017 7 0 0 0 0 0 0 534 490 0 0 0 0 0 0 0 1024 
0 0 0 0 0 16 1008 0 0 0 0 0 0 0 979 45 0 0 0 0 0 0 0 1024 
0 0 0 0 0 326 698 0 0 0 0 0 0 0 1024 0 0 0 0 0 0 0 0 1024 
0 0 0 0 0 349 675 0 0 0 0 0 0 0 1024 0 0 0 0 0 0 0 0 1024 
0 0 0 0 0 48 976 0 0 0 0 0 0 0 1024 0 0 0 0 0 0 0 0 1024 
0 0 0 0 0 0 1018 6 0 0 0 0 0 0 744 280 0 0 0 0 0 0 0 1024 
0 0 0 0 0 0 812 212 0 0 0 0 0 0 162 862 0 0 0 0 0 0 0 1024 
0 0 0 0 0 0 925 99 0 0 0 0 0 0 624 400 0 0 0 0 0 0 0 1024 
0 0 93 796 102 12 21 0 0 1 51 794 145 10 23 0 0 5 149 150 655 36 7 22 
0 0 85 596 69 20 254 0 0 0 47 619 79 16 253 10 0 4 129 120 477 23 15 256 
0 1 24 547 122 15 315 0 0 5 40 371 275 11 320 2 0 14 71 103 341 166 12 317 
0 0 3 281 87 23 629 1 0 0 1 216 150 21 574 62 0 0 30 80 212 58 12 632 
0 0 2 55 89 10 817 51 0 0 2 9 127 14 253 619 0 1 2 10 80 56 9 866 
0 0 0 0 0 0 169 855 0 0 0 0 0 0 0 1024 0 0 0 0 0 0 0 1024 
0 0 0 0 0 0 0 1024 0 0 0 0 0 0 0 1024 0 0 0 0 0 0 0 1024 
0 0 0 0 0 0 264 760 0 0 0 0 0 0 0 1024 0 0 0 0 0 0 0 1024 
0 0 0 0 0 0 130 894 0 0 0 0 0 0 0 1024 0 0 0 0 0 0 0 1024 
0 0 0 0 0 0 0 1024 0 0 0 0 0 0 0 1024 0 0 0 0 0 0 0 1024 
0 0 0 0 0 0 0 1024 0 0 0 0 0 0 0 1024 0 0 0 0 0 0 0 1024 
0 0 0 0 0 0 15 1009 0 0 0 0 0 0 0 1024 0 0 0 0 0 0 0 1024 
0 0 0 0 0 0 66 958 0 0 0 0 0 0 0 1024 0 0 0 0 0 0 0 1024 
0 0 0 0 0 0 900 124 0 0 0 0 0 0 84 940 0 0 0 0 0 0 0 1024 
0 0 0 0 0 0 1024 0 0 0 0 0 0 0 769 255 0 0 0 0 0 0 0 1024 
0 0 0 0 0 0 1023 1 0 0 0 0 0 0 940 84 0 0 0 0 0 0 0 1024 
0 0 0 0 0 0 809 215 0 0 0 0 0 0 725 299 0 0 0 0 0 0 0 1024 
0 0 0 0 0 11 596 417 0 0 0 0 0 0 499 525 0 0 0 0 0 0 0 1024 
0 0 0 0 0 9 309 706 0 0 0 0 0 0 237 787 0 0 0 0 0 0 0 1024 
0 0 0 0 0 2 908 114 0 0 0 0 0 0 418 606 0 0 0 0 0 0 0 1024 
0 0 0 0 0 0 1024 0 0 0 0 0 0 0 805 219 0 0 0 0 0 0 0 1024 
0 0 0 0 0 0 907 117 0 0 0 0 0 0 377 647 0 0 0 0 0 0 0 1024 
0 0 0 0 0 0 311 713 0 0 0 0 0 0 0 1024 0 0 0 0 0 0 0 1024 
0 0 0 0 0 0 547 477 0 0 0 0 0 0 54 970 0 0 0 0 0 0 0 1024 
0 0 19 399 522 68 15 1 0 1 73 654 247 41 8 0 0 11 398 545 55 14 1 0 
0 2 43 366 527 79 6 1 0 8 75 635 272 28 6 0 0 38 425 504 50 6 1 0 
0 0 26 296 603 82 16 1 0 4 77 633 262 41 6 1 0 20 494 443 54 12 1 0 
0 2 20 326 528 119 24 5 0 3 58 641 262 51 9 0 1 23 493 427 68 11 1 0 
0 0 27 379 550 49 13 6 0 1 88 694 206 22 13 0 0 46 600 337 26 15 0 0 
0 0 16 416 515 42 10 25 0 1 101 750 121 19 6 26 1 65 667 228 25 10 4 24 
0 0 12 248 571 78 14 101 0 4 72 648 168 22 8 102 4 77 686 125 19 8 5 100 
0 0 12 191 505 61 11 244 0 7 70 533 143 21 6 244 5 91 565 92 15 8 6 242 
0 0 0 95 470 62 8 389 0 0 23 454 139 14 5 389 0 24 456 134 14 4 5 387 
0 0 1 57 331 32 23 580 0 0 11 301 99 16 17 580 0 9 237 155 21 18 7 577 
0 0 0 9 240 49 7 719 0 0 0 108 187 5 4 720 0 8 174 113 5 1 12 711 
0 0 0 63 164 10 14 773 0 0 0 203 29 5 9 778 0 0 192 37 6 2 14 773 
0 0 0 21 40 13 37 913 0 0 0 27 34 12 18 933 0 2 19 36 11 16 10 930 
0 0 0 2 2 2 327 691 0 0 0 2 2 2 79 939 0 0 0 3 2 1 1 1017 
0 0 0 0 0 0 406 618 0 0 0 0 0 0 239 785 0 0 0 0 0 0 0 1024 
0 0 0 0 3 2 117 902 0 0 0 0 0 4 29 991 0 0 0 0 0 4 2 1018 
0 0 0 0 31 16 7 970 0 0 0 0 4 39 7 974 0 0 0 0 0 37 12 975 
0 0 0 0 0 0 26 998 0 0 0 0 0 0 2 1022 0 0 0 0 0 0 1 1023 
0 0 0 0 0 0 297 727 0 0 0 0 0 0 0 1024 0 0 0 0 0 0 0 1024 
0 0 0 0 0 0 752 272 0 0 0 0 0 0 475 549 0 0 0 0 0 0 0 1024 
0 0 0 0 0 0 762 262 0 0 0 0 0 0 271 753 0 0 0 0 0 0 0 1024 
0 0 0 0 0 0 773 251 0 0 0 0 0 0 336 688 0 0 0 0 0 0 0 1024 
0 0 0 0 0 0 494 530 0 0 0 0 0 0 28 996 0 0 0 0 0 0 0 1024 
0 0 0 0 0 0 760 264 0 0 0 0 0 0 6 1018 0 0 0 0 0 0 0 1024 
0 0 4 115 730 159 16 0 0 0 15 366 581 56 6 0 0 18 501 455 47 3 0 0 
0 0 3 64 625 266 63 3 0 0 8 252 608 133 23 0 0 8 287 576 124 29 0 0 
0 0 1 49 611 290 67 6 0 0 4 280 593 128 16 3 0 8 427 476 93 16 4 0 
0 0 1 60 548 348 53 14 0 0 4 289 576 128 24 3 0 22 419 469 88 23 3 0 
0 0 1 33 527 374 87 2 0 0 4 246 590 155 29 0 0 7 389 503 104 21 0 0 
0 0 0 30 558 375 55 6 0 0 1 238 621 146 17 1 0 16 439 477 82 10 0 0 
0 0 0 92 594 299 37 2 0 0 10 381 532 88 12 1 0 42 559 362 51 10 0 0 
0 0 2 89 598 290 45 0 0 0 11 367 508 128 10 0 2 74 583 302 61 2 0 0 
0 0 0 81 532 352 56 3 0 0 9 256 575 163 21 0 0 46 546 363 63 6 0 0 
0 0 3 67 550 347 51 6 0 0 10 292 547 153 19 3 1 27 556 366 58 16 0 0 
0 0 1 31 448 511 32 1 0 0 8 188 672 150 5 1 1 62 660 279 20 2 0 0 
0 0 0 23 401 568 30 2 0 0 6 174 635 202 7 0 2 41 627 332 22 0 0 0 
0 0 2 109 689 198 25 1 0 0 24 364 566 57 13 0 0 48 759 178 30 9 0 0 
0 9 49 192 614 76 5 79 0 30 51 533 309 18 4 79 2 75 622 221 18 3 6 77 
0 1 1 87 593 113 16 213 0 1 3 299 420 75 11 215 1 6 508 193 34 56 11 215 
0 0 2 198 703 84 14 23 0 0 7 369 398 213 12 25 0 4 393 201 41 290 67 28 
0 0 1 384 564 74 1 0 0 0 8 240 649 127 0 0 0 3 320 172 57 459 13 0 
0 0 0 607 346 38 15 18 0 0 2 121 829 37 16 19 0 2 113 94 116 663 3 33 
0 0 0 776 62 14 24 148 0 0 0 7 828 10 12 167 0 0 0 0 71 769 12 172 
0 0 0 162 5 10 25 822 0 0 0 9 155 8 11 841 0 0 0 0 59 108 13 844 
0 0 0 0 0 0 0 1024 0 0 0 0 0 0 0 1024 0 0 0 0 0 0 0 1024 
0 0 0 0 0 0 193 831 0 0 0 0 0 0 0 1024 0 0 0 0 0 0 0 1024 
0 0 0 0 0 0 950 74 0 0 0 0 0 0 0 1024 0 0 0 0 0 0 0 1024 
0 0 0 0 11 3 969 41 0 0 0 0 8 5 6 1005 0 0 0 0 0 10 4 1010 
0 0 12 118 530 295 67 2 0 2 35 303 500 162 22 0 2 37 373 446 140 26 0 0 
0 1 6 94 451 377 89 6 0 1 17 260 522 193 31 0 1 20 313 480 174 36 0 0 
0 0 7 83 446 341 120 27 0 0 20 269 495 158 79 3 0 21 296 469 148 64 26 0 
0 2 12 78 481 326 113 12 0 3 25 251 503 179 57 6 3 23 351 452 138 51 6 0 
0 0 2 55 293 486 155 33 0 1 15 156 501 260 81 10 1 30 244 447 209 69 24 0 
0 0 14 74 147 466 287 36 0 2 47 112 395 352 110 6 0 27 141 421 259 162 13 1 
0 0 4 27 232 567 144 50 0 1 7 93 517 318 55 33 1 12 163 573 193 35 46 1 
0 0 0 26 384 470 130 14 0 0 3 169 546 271 32 3 0 4 253 606 138 21 2 0 
0 0 0 18 276 497 211 22 0 0 2 115 458 397 51 1 0 3 174 441 354 47 5 0 
0 0 0 25 241 493 217 48 0 0 2 75 491 347 98 11 0 3 134 496 281 94 16 0 
0 0 0 16 356 533 111 8 0 0 0 93 626 259 44 2 0 4 245 578 168 27 2 0 
0 1 2 18 370 487 137 9 0 2 4 102 624 264 28 0 1 6 243 610 145 19 0 0 
0 0 0 10 247 613 138 16 0 0 0 29 564 380 46 5 0 0 101 656 219 42 6 0 
0 0 2 27 411 432 143 9 0 1 3 134 606 236 44 0 1 4 156 597 212 54 0 0 
0 0 0 24 373 484 133 10 0 0 3 107 576 298 36 4 0 6 129 543 288 54 2 2 
0 0 0 56 548 332 64 24 0 0 5 118 688 175 19 19 0 4 233 566 170 28 20 3 
0 0 1 81 621 291 29 1 0 0 1 202 675 136 10 0 0 3 217 662 132 10 0 0 
0 0 6 103 449 400 65 1 0 1 12 161 525 285 40 0 0 6 128 526 294 67 3 0 
0 0 5 143 414 399 57 6 0 0 13 117 591 271 30 2 0 1 76 433 402 103 8 1 
0 0 1 85 287 596 26 29 0 0 2 33 795 156 7 31 0 0 35 594 312 48 4 31 
0 0 3 11 320 467 37 186 0 0 5 64 613 142 15 185 0 4 80 520 209 23 6 182 
0 0 0 5 301 423 33 262 0 0 0 47 567 123 20 267 0 0 113 550 69 17 12 263 
1 4 7 55 439 236 201 81 1 4 7 62 601 64 48 237 1 7 154 407 81 105 17 252 
0 0 0 342 424 166 78 14 0 0 0 44 774 113 73 20 0 2 117 256 135 470 25 19 
0 0 5 52 409 477 81 0 0 0 28 298 543 141 14 0 0 25 364 479 138 18 0 0 
0 0 3 45 440 473 56 7 0 0 17 282 621 81 23 0 0 17 324 575 82 26 0 0 
0 0 2 13 431 491 84 3 0 0 6 283 595 126 14 0 0 6 391 505 104 18 0 0 
0 0 0 20 318 608 76 2 0 0 7 206 688 118 5 0 0 10 339 581 86 8 0 0 
0 0 1 7 172 636 194 14 0 0 4 72 562 343 43 0 0 2 106 544 315 56 1 0 
0 0 0 13 147 646 205 13 0 0 5 63 559 347 49 1 0 5 73 589 296 59 2 0 
0 0 1 24 177 562 243 17 0 0 6 88 492 380 56 2 0 3 111 560 293 54 3 0 
0 0 1 20 141 616 223 23 0 0 7 67 518 372 58 2 0 7 100 601 247 62 7 0 
0 0 0 2 143 510 361 8 0 0 0 72 449 473 30 0 0 2 150 510 338 24 0 0 
0 0 6 53 174 492 291 8 0 1 14 91 349 507 62 0 0 7 77 384 438 113 5 0 
0 0 9 22 169 627 179 18 0 3 12 85 543 350 31 0 3 12 134 628 217 30 0 0 
0 0 0 11 100 535 369 9 0 0 2 45 445 516 15 1 0 6 119 595 290 12 2 0 
0 0 0 3 55 629 329 8 0 0 0 19 461 508 36 0 0 2 44 656 307 15 0 0 
0 0 0 2 54 643 309 16 0 0 1 22 491 480 30 0 0 1 75 726 203 19 0 0 
0 0 0 3 39 617 347 18 0 0 2 26 497 461 38 0 0 5 169 649 169 32 0 0 
0 0 0 3 71 749 196 5 0 0 3 31 652 317 19 2 0 5 353 532 119 12 3 0 
0 0 5 7 151 691 158 12 0 4 5 66 673 247 28 1 5 10 329 542 123 15 0 0 
0 0 0 2 186 768 64 4 0 0 0 56 789 169 10 0 0 4 274 672 68 6 0 0 
0 0 0 7 286 679 52 0 0 0 2 107 744 166 5 0 0 8 319 607 87 3 0 0 
0 0 3 81 490 432 18 0 0 0 11 276 659 72 6 0 4 49 374 541 50 6 0 0 
0 0 1 58 469 448 45 3 0 0 3 189 690 118 24 0 0 28 396 477 90 32 1 0 
0 11 25 234 532 179 41 2 0 12 36 350 508 86 31 1 13 113 571 197 77 50 3 0 
0 0 5 89 719 143 54 14 0 0 11 101 731 130 42 9 0 21 653 206 97 37 10 0 
0 0 1 118 602 220 70 13 0 0 1 92 686 180 56 9 0 29 561 282 87 42 22 1 
0 0 10 112 389 362 144 7 0 2 37 255 485 194 51 0 2 30 262 471 202 55 2 0 
0 0 2 39 415 511 52 5 0 0 12 205 667 126 14 0 0 9 271 625 107 12 0 0 
0 0 3 55 421 459 82 4 0 1 13 222 577 182 27 2 0 10 198 585 192 36 3 0 
0 2 3 55 395 463 99 7 0 3 23 239 544 183 32 0 3 14 236 540 179 46 6 0 
0 0 6 41 539 385 51 2 0 2 14 256 628 103 21 0 2 12 188 659 115 47 1 0 
16 29 24 103 518 305 25 4 23 26 43 329 521 71 10 1 48 34 282 555 89 15 1 0 
4 38 44 124 460 320 32 2 8 52 62 241 537 110 13 1 38 63 232 538 138 14 1 0 
0 44 20 78 442 354 75 11 0 51 28 269 504 147 22 3 24 53 334 441 145 25 2 0 
0 0 0 18 353 538 112 3 0 0 9 152 617 228 18 0 0 18 285 522 181 18 0 0 
0 0 15 138 276 528 66 1 0 0 50 246 559 163 6 0 18 175 294 470 63 4 0 0 
0 0 6 65 377 542 33 1 0 4 15 214 663 122 6 0 13 112 452 398 44 5 0 0 
0 0 7 51 306 564 91 5 0 1 25 160 662 157 19 0 10 84 520 332 78 0 0 0 
0 1 10 77 426 443 66 1 0 6 37 229 583 146 23 0 18 144 502 266 61 33 0 0 
0 1 8 35 390 508 69 13 0 4 18 196 636 145 23 2 8 66 425 427 82 15 1 0 
1 7 19 106 390 452 46 3 1 10 56 303 532 115 7 0 12 81 500 366 57 8 0 0 
0 1 26 95 281 445 166 10 0 7 49 213 477 255 23 0 12 93 364 422 120 13 0 0 
0 1 2 47 341 507 122 4 0 1 13 148 598 250 14 0 3 82 516 299 120 4 0 0 
0 7 36 130 459 348 44 0 1 21 54 261 596 79 12 0 16 169 616 179 41 3 0 0 
0 5 17 150 506 312 30 4 0 11 80 380 457 88 8 0 11 76 349 476 103 9 0 0 
0 0 5 115 507 314 77 6 0 0 34 324 486 154 21 5 3 98 437 316 129 37 4 0 
0 1 14 242 490 206 60 11 1 4 37 309 502 123 45 3 10 202 458 218 98 34 4 0 
0 0 7 69 509 339 95 5 0 3 25 172 633 171 20 0 2 51 485 320 149 17 0 0 
0 1 3 70 676 223 50 1 0 3 2 298 580 128 13 0 3 71 637 237 67 9 0 0 
2 5 8 143 485 259 97 25 2 5 11 210 459 208 103 26 7 72 348 277 180 97 30 13 
0 0 9 117 544 319 34 1 0 1 33 382 525 79 4 0 2 98 518 351 52 3 0 0 
0 0 5 46 476 460 35 2 0 2 15 236 667 97 7 0 4 79 609 292 38 2 0 0 
0 0 4 59 511 361 87 2 0 0 14 272 594 117 27 0 1 57 536 305 93 32 0 0 
0 0 0 50 594 347 31 2 0 0 9 316 609 78 12 0 3 62 550 344 56 9 0 0 
0 0 5 107 680 205 23 4 0 2 28 563 373 49 9 0 4 122 608 244 38 8 0 0 
0 0 4 366 597 56 1 0 0 0 113 716 186 9 0 0 1 263 614 141 5 0 0 0 
0 24 33 238 579 135 15 0 2 33 73 614 260 41 1 0 24 127 605 229 39 0 0 0 
0 12 21 192 667 122 10 0 2 20 70 630 276 26 0 0 15 73 593 314 29 0 0 0 
0 4 39 171 550 228 29 3 2 19 85 459 384 63 12 0 18 91 460 351 88 16 0 0 
0 3 27 130 456 362 35 11 1 6 70 313 562 60 11 1 10 258 565 146 38 5 2 0 
0 0 16 412 523 64 8 1 0 0 41 704 258 15 6 0 59 723 198 36 6 2 0 0 
0 13 95 383 382 117 27 7 4 31 166 531 230 48 13 1 82 416 361 112 36 13 4 0 
1 17 84 243 417 211 44 7 5 49 178 385 300 92 15 0 51 175 371 293 112 22 0 0 
1 28 80 175 357 320 59 4 13 40 133 315 371 139 11 2 39 146 310 326 183 18 2 0 
0 27 74 230 471 195 26 1 3 49 116 419 355 73 9 0 26 101 336 421 123 17 0 0 
0 9 52 123 617 213 10 0 0 33 61 427 474 29 0 0 1 53 255 635 77 3 0 0 
0 22 120 174 431 228 39 10 0 59 147 323 386 95 13 1 7 131 247 454 158 26 1 0 
0 8 65 121 297 393 132 8 1 31 96 214 384 254 43 1 16 84 176 350 325 70 3 0 
0 11 22 107 347 476 60 1 3 16 46 276 516 162 5 0 19 70 264 465 194 12 0 0 
0 1 13 96 381 419 100 14 0 6 39 223 504 210 40 2 4 38 198 464 269 50 1 0 
0 0 23 304 495 187 15 0 0 1 96 579 300 46 2 0 39 480 336 135 33 1 0 0 
0 1 22 300 447 159 89 6 0 3 75 522 237 153 34 0 15 313 400 143 126 27 0 0 
0 12 44 334 478 135 20 1 4 20 86 514 311 75 14 0 37 269 474 175 58 11 0 0 
0 5 68 434 464 49 4 0 0 10 92 623 273 24 2 0 8 438 449 112 15 2 0 0 
0 0 16 219 561 193 35 0 0 1 72 520 361 62 8 0 9 260 543 170 39 3 0 0 
0 0 12 159 566 260 27 0 0 2 50 464 449 54 5 0 8 218 641 126 25 6 0 0 
0 0 3 137 718 156 10 0 0 0 16 541 441 25 1 0 5 511 443 54 11 0 0 0 
0 0 6 210 646 142 17 3 0 0 26 559 399 33 7 0 8 451 488 54 17 6 0 0 
0 4 42 405 463 83 27 0 0 5 83 652 237 42 5 0 41 493 390 72 26 2 0 0 
0 2 44 384 419 132 43 0 0 3 92 579 259 85 6 0 34 396 440 80 68 6 0 0 
0 1 22 223 618 144 15 1 0 5 79 540 364 35 1 0 19 301 604 84 15 1 0 0 
1 22 225 377 335 60 4 0 3 60 372 448 121 19 1 0 33 402 468 92 26 3 0 0 
0 72 156 369 314 98 15 0 15 93 249 411 197 54 5 0 67 177 412 257 98 13 0 0 
2 68 148 234 338 202 30 2 19 88 182 305 340 87 3 0 63 153 255 320 205 28 0 0 
0 17 103 331 417 122 33 1 4 38 174 456 288 59 5 0 90 311 210 288 115 10 0 0 
6 78 151 242 337 182 28 0 26 129 174 343 265 84 3 0 121 239 253 274 128 9 0 0 
0 19 97 271 361 235 40 1 3 48 168 352 343 97 13 0 27 103 293 412 157 29 3 0 
0 4 48 169 356 296 135 16 1 20 158 311 285 205 43 1 8 64 321 328 226 74 3 0 
0 0 0 127 731 152 14 0 0 1 90 649 244 39 1 0 0 13 463 447 92 9 0 0 
0 2 63 206 405 310 35 3 0 9 112 351 428 110 14 0 2 49 251 465 228 27 2 0 
0 45 187 152 180 152 96 212 0 89 176 156 145 139 107 212 0 131 217 125 79 133 116 223 
1 15 72 264 170 118 81 303 1 20 95 260 175 100 69 304 2 27 110 262 184 59 61 319 
0 0 5 217 626 168 8 0 0 1 28 513 422 59 1 0 0 7 266 607 142 2 0 0 
0 0 64 337 533 79 11 0 0 1 179 620 195 23 6 0 21 364 429 186 24 0 0 0 
27 10 24 293 583 82 5 0 33 9 97 619 239 27 0 0 57 366 329 241 31 0 0 0 
30 140 192 173 312 159 18 0 69 186 191 300 234 39 5 0 126 311 335 208 38 6 0 0 
14 127 270 219 217 154 23 0 74 240 282 225 173 28 2 0 194 322 271 184 45 8 0 0 
4 80 242 208 249 142 84 15 8 130 285 215 238 108 40 0 77 284 191 262 137 68 5 0 
0 29 115 481 290 86 23 0 0 38 171 605 170 37 3 0 162 584 208 49 20 1 0 0 
0 9 139 450 329 89 8 0 0 16 210 589 190 16 3 0 147 575 264 34 4 0 0 0 
0 10 63 492 386 70 3 0 0 24 175 699 118 8 0 0 123 745 143 10 3 0 0 0 
0 7 23 133 572 256 31 2 5 22 63 357 528 44 5 0 66 460 443 49 6 0 0 0 
0 0 0 50 651 317 6 0 0 0 1 361 642 19 1 0 1 276 696 49 2 0 0 0 
0 5 31 97 508 338 43 2 2 21 40 303 548 99 11 0 17 92 513 334 59 9 0 0 
0 4 38 216 514 230 22 0 0 6 74 432 444 67 1 0 54 267 518 167 18 0 0 0 
1 15 142 373 290 134 56 13 1 41 235 398 240 85 24 0 85 354 269 189 104 22 1 0 
1 43 199 431 266 57 24 3 9 84 279 464 135 39 14 0 121 415 312 121 44 11 0 0 
0 3 43 203 333 350 85 7 0 11 98 306 424 161 23 1 9 110 224 394 243 40 4 0 
0 0 5 57 388 493 79 2 0 0 23 280 565 141 14 1 0 8 165 585 236 29 1 0 
0 5 41 202 438 307 30 1 2 24 108 453 383 52 2 0 16 64 308 544 86 6 0 0 
0 22 61 232 343 299 59 8 3 33 154 325 344 143 21 1 18 100 292 380 200 31 3 0 
0 95 106 177 386 230 28 2 2 127 141 370 315 64 5 0 50 159 310 397 97 10 1 0 
0 16 78 103 418 360 49 0 0 35 91 216 530 140 12 0 6 84 110 513 276 35 0 0 
0 81 177 164 195 289 109 9 0 163 206 165 257 203 29 1 22 275 201 222 257 43 4 0 
0 75 232 287 206 117 46 61 0 106 243 269 177 120 46 63 4 179 197 258 163 116 42 65 
0 10 29 88 166 124 77 530 3 16 36 125 144 87 72 541 11 20 55 142 103 79 75 539 
0 11 58 308 427 202 17 1 1 28 153 496 292 52 2 0 16 112 355 441 96 4 0 0 
83 45 64 302 400 114 16 0 106 47 131 491 210 38 1 0 127 144 373 309 63 8 0 0 
203 208 112 130 238 114 18 1 268 203 130 219 169 33 2 0 356 206 203 210 45 4 0 0 
54 143 151 267 245 135 29 0 128 149 225 315 176 31 0 0 212 203 357 212 37 3 0 0 
0 28 55 179 589 166 7 0 13 45 123 388 434 20 1 0 34 96 269 547 76 2 0 0 
0 1 37 149 475 329 33 0 0 8 75 265 572 101 3 0 1 40 162 510 295 16 0 0 
0 0 46 601 325 43 9 0 0 6 142 718 134 23 1 0 35 633 298 43 15 0 0 0 
0 0 69 455 420 59 21 0 0 0 54 658 268 26 18 0 64 696 213 30 20 1 0 0 
0 1 17 424 384 167 28 3 0 3 72 560 305 79 5 0 41 573 342 51 17 0 0 0 
0 0 8 186 658 159 12 1 0 1 23 473 485 38 4 0 19 575 375 38 14 3 0 0 
0 0 3 129 582 281 29 0 0 0 21 338 577 81 7 0 12 294 559 141 18 0 0 0 
0 0 8 144 527 298 46 1 0 0 34 390 467 123 10 0 2 112 554 292 62 2 0 0 
0 16 71 323 487 113 14 0 2 26 146 489 324 35 2 0 34 184 540 237 28 1 0 0 
8 69 226 306 307 94 12 2 21 118 295 365 194 28 3 0 78 297 374 228 44 3 0 0 
0 38 100 329 391 147 19 0 5 69 205 410 275 57 3 0 50 148 365 353 97 11 0 0 
4 69 103 317 362 153 16 0 15 86 189 399 282 51 2 0 57 129 364 343 124 7 0 0 
0 5 43 208 472 256 40 0 1 15 73 385 442 104 4 0 7 38 252 517 199 11 0 0 
0 9 70 284 500 134 27 0 0 38 139 467 321 56 3 0 13 107 336 453 102 13 0 0 
0 1 7 77 438 326 157 18 1 0 28 289 421 243 40 2 1 18 180 522 252 48 3 0 
0 73 205 126 380 195 35 10 1 154 171 368 234 80 15 1 35 232 295 339 108 11 4 0 
7 132 251 291 274 55 13 1 17 180 342 338 123 22 2 0 52 272 457 208 30 5 0 0 
23 205 245 160 133 83 91 84 32 295 155 133 141 91 87 90 69 295 120 119 132 91 88 110 
4 78 138 277 218 103 94 112 9 76 170 306 177 92 71 123 3 106 207 264 152 84 71 137 
12 26 51 172 558 128 28 49 19 34 92 421 336 48 24 50 32 59 229 519 85 26 23 51 
142 148 128 327 235 43 1 0 175 154 176 358 150 11 0 0 234 152 283 297 55 3 0 0 
224 124 161 251 192 70 2 0 271 168 251 229 92 13 0 0 350 282 261 114 16 1 0 0 
2 26 123 309 417 134 13 0 15 94 249 399 235 30 2 0 78 217 371 287 64 7 0 0 
2 40 45 158 567 176 32 4 21 40 73 318 508 49 15 0 43 55 161 567 175 23 0 0 
0 3 23 141 632 211 14 0 0 11 66 321 584 39 3 0 5 47 175 668 124 5 0 0 
1 8 20 103 360 439 88 5 3 11 61 247 461 228 13 0 11 47 192 436 316 22 0 0 
0 0 1 278 674 67 4 0 0 0 47 639 312 26 0 0 14 546 394 61 9 0 0 0 
0 0 2 163 770 84 5 0 0 0 11 510 489 14 0 0 16 746 244 17 1 0 0 0 
0 0 2 117 738 139 27 1 0 0 5 378 572 55 14 0 19 661 277 39 23 5 0 0 
0 0 22 318 548 112 24 0 0 2 29 451 486 56 0 0 86 679 237 20 2 0 0 0 
3 43 201 382 266 94 31 4 20 82 257 396 200 54 14 1 170 383 275 126 56 14 0 0 
0 35 185 376 280 105 41 2 8 77 290 373 190 67 19 0 49 249 397 224 72 32 1 0 
1 15 116 311 320 199 62 0 5 26 211 377 219 163 23 0 14 132 352 294 167 64 1 0 
2 49 143 368 333 107 22 0 8 67 243 415 217 66 8 0 30 161 390 311 110 22 0 0 
4 94 181 404 288 45 7 1 11 129 339 401 120 20 4 0 66 282 428 199 44 5 0 0 
9 162 333 324 155 34 6 1 23 246 361 309 70 14 1 0 72 354 422 146 26 3 1 0 
1 60 303 434 198 26 2 0 8 118 405 397 91 5 0 0 25 240 520 221 18 0 0 0 
8 228 233 225 265 62 3 0 27 296 235 294 155 17 0 0 102 332 301 249 40 0 0 0 
6 91 117 134 380 236 59 1 20 128 128 254 386 99 9 0 92 148 180 451 135 18 0 0 
0 226 239 129 149 231 46 4 12 310 227 132 276 59 8 0 82 346 211 280 92 13 0 0 
55 198 391 98 47 59 147 29 61 290 307 79 47 55 92 93 64 409 201 65 42 56 87 100 
0 5 80 64 50 49 103 673 0 34 52 60 51 49 93 685 1 45 40 58 51 46 87 696 
4 66 291 232 246 141 28 16 8 237 273 239 200 41 11 15 48 368 278 233 61 12 9 15 
28 48 107 292 354 164 29 2 45 91 257 383 203 42 3 0 86 200 403 268 59 8 0 0 
0 76 221 384 258 73 11 1 12 173 293 375 132 33 6 0 109 238 389 217 59 11 1 0 
0 21 231 294 287 164 24 3 4 127 301 272 250 63 7 0 42 281 291 232 156 22 0 0 
0 33 165 265 431 119 11 0 9 89 213 392 290 31 0 0 47 172 330 396 76 3 0 0 
0 2 6 88 595 299 33 1 1 2 35 365 541 77 3 0 4 44 340 521 109 6 0 0 
0 7 27 130 537 262 59 2 2 20 65 433 379 103 22 0 20 116 441 299 116 29 3 0 
0 7 96 266 410 186 57 2 4 33 163 405 304 94 21 0 27 186 420 258 113 20 0 0 
0 0 1 165 704 149 5 0 0 0 7 516 479 21 1 0 17 717 265 23 2 0 0 0 
0 0 17 144 569 227 65 2 0 1 44 422 450 105 2 0 65 686 260 13 0 0 0 0 
0 0 0 115 655 234 20 0 0 0 4 332 634 52 2 0 41 700 255 27 1 0 0 0 
0 1 30 219 549 178 44 3 1 20 59 499 418 27 0 0 115 661 235 13 0 0 0 0 
0 22 91 280 363 199 66 3 2 54 103 392 333 110 30 0 107 371 255 162 94 35 0 0 
1 47 105 227 273 231 120 20 16 55 150 267 281 172 79 4 57 141 258 266 183 103 16 0 
4 69 140 235 243 239 88 6 23 100 209 268 222 158 41 3 78 195 273 225 179 66 8 0 
2 99 178 315 264 130 34 2 12 118 256 326 211 85 16 0 51 250 302 262 134 25 0 0 
0 15 125 281 369 195 39 0 0 39 188 359 308 125 5 0 10 112 321 380 180 21 0 0 
0 19 105 301 372 198 25 4 0 41 179 378 325 87 14 0 20 117 331 386 146 20 4 0 
2 81 189 241 364 119 25 3 17 133 245 393 196 34 6 0 52 207 370 317 60 18 0 0 
111 256 227 233 180 16 1 0 160 292 247 279 45 1 0 0 260 315 297 142 9 1 0 0 
4 24 95 216 363 313 9 0 6 50 227 257 461 22 1 0 25 186 261 425 125 2 0 0 
4 318 320 135 124 97 22 4 9 416 314 115 138 27 5 0 31 566 226 153 38 10 0 0 
0 78 261 55 30 62 88 450 0 88 249 52 31 39 108 457 0 77 257 48 36 32 113 461 
0 41 209 39 48 47 157 483 0 136 121 36 45 47 168 471 2 168 88 31 46 41 153 495 
0 171 503 154 87 41 24 44 2 483 284 117 59 17 17 45 32 636 182 73 23 14 13 51 
0 43 225 163 236 332 20 5 1 164 192 201 333 126 7 0 16 289 193 284 229 10 3 0 
1 42 137 170 276 383 14 1 6 99 163 216 372 161 7 0 36 173 214 230 361 10 0 0 
0 0 26 243 509 217 29 0 0 13 106 466 375 57 7 0 11 163 442 243 158 7 0 0 
0 1 24 144 594 226 35 0 0 7 68 497 368 77 7 0 4 128 542 272 69 9 0 0 
3 25 58 191 439 229 72 7 13 25 107 350 371 133 25 0 34 130 383 301 137 34 5 0 
0 6 122 354 359 149 27 7 2 54 196 390 286 76 20 0 69 349 356 175 58 16 1 0 
0 12 89 231 428 203 56 5 3 52 145 332 349 115 28 0 46 255 424 166 104 29 0 0 
0 1 16 339 642 24 2 0 0 1 58 755 200 10 0 0 32 679 301 10 2 0 0 0 
0 0 0 138 691 172 20 3 0 0 9 522 439 49 3 2 12 544 378 76 13 1 0 0 
0 0 12 236 572 149 55 0 0 1 20 480 395 122 6 0 22 507 346 75 65 9 0 0 
0 5 28 317 519 143 12 0 1 4 50 491 432 44 2 0 31 582 349 51 11 0 0 0 
0 17 92 317 313 227 55 3 1 32 146 414 323 96 12 0 121 400 232 194 72 5 0 0 
0 42 168 312 300 154 40 8 2 80 227 380 234 90 11 0 80 364 290 207 75 8 0 0 
0 5 42 168 259 323 156 71 0 21 95 208 304 294 99 3 13 95 173 310 317 113 3 0 
0 7 35 165 380 340 83 14 3 12 58 291 399 214 45 2 8 52 221 379 284 68 10 2 
0 10 76 299 379 184 72 4 2 34 193 397 242 138 18 0 29 182 381 261 129 41 1 0 
1 26 121 340 298 224 14 0 5 59 229 433 259 38 1 0 44 193 438 283 63 3 0 0 
0 10 73 334 409 172 23 3 1 37 174 518 251 38 5 0 11 93 445 397 64 14 0 0 
4 339 410 149 101 17 4 0 4 554 305 133 20 7 1 0 14 744 205 46 12 3 0 0 
1 224 528 197 41 11 7 15 6 448 448 81 14 5 7 15 47 647 262 33 10 4 4 17 
7 229 177 29 29 43 52 458 10 296 109 27 30 45 48 459 15 309 88 28 29 45 44 466 
0 10 36 39 41 43 111 744 0 10 38 38 37 46 96 759 0 3 41 39 33 46 81 781 
0 22 289 198 124 87 155 149 0 19 292 191 124 86 138 174 0 20 272 194 123 91 116 208 
4 98 427 351 98 33 10 3 8 145 485 289 67 18 8 4 12 185 516 247 39 12 9 4 
0 3 45 168 432 329 45 2 0 15 99 302 469 127 12 0 6 84 228 419 250 35 2 0 
1 14 89 225 465 187 43 0 5 34 153 492 251 81 8 0 20 238 433 205 105 23 0 0 
0 1 12 407 460 123 18 3 0 3 77 644 255 36 9 0 32 475 336 143 29 8 1 0 
7 60 119 426 306 80 24 2 17 88 152 484 220 54 9 0 99 476 310 94 40 5 0 0 
5 106 196 253 292 122 46 4 16 159 229 248 286 65 21 0 123 337 325 149 66 23 1 0 
1 49 196 317 235 160 58 8 3 90 254 330 216 104 26 1 83 329 285 189 109 28 1 0 
0 11 88 260 439 203 20 3 1 35 195 485 266 35 7 0 41 253 469 224 27 10 0 0 
0 27 167 389 382 52 7 0 0 45 230 548 161 36 4 0 86 456 356 87 35 4 0 0 
0 5 88 457 453 21 0 0 0 16 159 717 127 5 0 0 122 759 138 5 0 0 0 0 
0 0 16 439 503 56 10 0 0 1 81 708 226 8 0 0 76 761 166 20 1 0 0 0 
0 2 22 246 437 255 60 2 0 7 51 376 467 113 10 0 75 513 312 90 34 0 0 0 
0 91 211 298 224 184 16 0 5 113 250 310 290 56 0 0 227 382 210 174 31 0 0 0 
5 32 122 286 359 218 2 0 6 47 201 321 401 48 0 0 38 181 298 394 113 0 0 0 
1 30 100 295 349 236 13 0 4 37 151 362 336 128 6 0 45 199 254 303 211 12 0 0 
0 6 52 119 214 555 72 6 0 9 78 135 477 297 28 0 13 119 66 357 420 46 3 0 
0 1 49 288 343 275 59 9 0 7 154 388 348 107 18 2 6 134 335 372 147 29 1 0 
0 22 98 233 340 275 52 4 1 39 151 356 376 92 9 0 17 90 344 406 145 21 1 0 
0 17 127 517 285 64 14 0 0 38 344 481 127 34 0 0 14 154 545 246 54 11 0 0 
97 286 120 120 149 110 108 34 97 302 110 137 105 93 108 72 95 288 165 95 70 105 107 99 
0 42 224 48 31 20 78 581 0 63 205 46 30 18 61 601 0 69 193 50 31 17 49 615 
0 0 0 0 0 0 2 1022 0 0 0 0 0 0 0 1024 0 0 0 0 0 0 0 1024 
0 0 0 2 13 46 75 888 0 0 0 3 18 41 70 892 0 0 0 3 20 31 67 903 
0 0 33 78 171 240 126 376 0 0 38 90 224 206 95 371 0 0 41 136 266 124 77 380 
0 23 84 125 439 321 27 5 2 32 127 293 467 90 9 4 7 89 215 458 228 22 5 0 
0 0 4 138 495 346 41 0 0 3 34 461 427 91 8 0 3 188 354 314 145 20 0 0 
0 0 3 244 702 59 16 0 0 0 54 689 242 32 7 0 10 569 370 48 23 4 0 0 
0 7 53 289 449 171 50 5 0 30 86 489 288 116 14 1 33 296 390 175 110 19 1 0 
30 129 225 213 257 141 29 0 63 177 235 296 204 47 2 0 155 323 340 163 41 2 0 0 
28 153 273 276 192 80 18 4 48 238 260 308 134 28 8 0 179 438 268 101 31 7 0 0 
1 13 150 277 320 204 55 4 2 57 244 359 276 73 13 0 54 292 393 205 64 16 0 0 
0 2 115 453 346 88 19 1 0 23 231 512 207 48 3 0 23 251 512 175 54 9 0 0 
2 111 154 464 260 28 5 0 7 140 250 504 102 21 0 0 204 471 251 77 20 1 0 0 
0 24 122 427 400 46 5 0 0 37 164 631 171 18 3 0 131 643 193 44 9 4 0 0 
0 19 175 406 365 57 2 0 0 34 205 559 209 16 1 0 170 575 225 46 8 0 0 0 
18 108 263 416 142 57 20 0 8 104 261 444 160 35 12 0 389 489 99 18 15 14 0 0 
2 66 124 191 392 232 17 0 1 73 156 283 422 88 1 0 107 334 292 214 72 5 0 0 
0 10 88 127 238 395 162 4 0 19 134 170 354 328 19 0 13 118 220 277 351 45 0 0 
0 3 103 92 356 376 86 8 0 25 121 180 450 227 21 0 24 114 122 434 270 59 1 0 
0 7 141 292 440 136 7 1 1 43 212 422 310 33 3 0 34 181 338 401 66 4 0 0 
1 36 208 290 256 180 52 1 6 100 291 284 215 111 17 0 69 273 279 226 147 29 1 0 
10 41 184 350 328 98 13 0 21 92 289 420 163 37 2 0 69 224 429 231 65 6 0 0 
3 203 387 207 120 71 27 6 5 295 422 171 88 33 9 1 22 457 364 117 49 11 4 0 
1 116 368 190 163 134 46 6 1 120 306 189 133 178 79 18 1 130 281 186 124 167 108 27 
0 13 322 346 107 97 85 54 0 1 110 377 218 145 91 82 0 0 63 366 228 151 107 109 
0 14 236 210 123 159 125 157 0 8 72 385 144 122 109 184 0 20 67 351 204 89 99 194 
0 0 1 42 282 483 170 46 0 0 20 190 418 309 52 35 0 5 125 314 396 129 24 31 
0 12 91 153 374 335 58 1 1 50 131 222 473 137 10 0 19 122 182 375 292 32 2 0 
0 76 247 345 263 88 5 0 3 173 328 391 116 12 1 0 109 511 280 101 21 2 0 0 
0 102 326 238 274 64 17 3 11 244 287 295 156 19 12 0 196 443 304 51 14 16 0 0 
2 33 190 332 262 124 53 28 9 110 265 359 167 71 42 1 75 296 348 166 84 47 8 0 
0 21 197 289 281 178 51 7 5 100 298 302 218 85 16 0 70 277 324 226 98 26 3 0 
3 29 122 267 359 209 31 4 21 75 238 406 239 41 4 0 98 266 387 232 37 4 0 0 
2 37 235 270 242 175 54 9 9 117 295 286 218 84 15 0 73 341 294 185 103 28 0 0 
0 16 171 353 313 141 26 4 1 46 242 397 255 61 22 0 51 378 357 163 56 18 1 0 
0 3 17 191 480 241 77 15 0 4 59 383 389 127 54 8 3 118 418 295 108 62 20 0 
1 49 230 564 174 6 0 0 2 64 292 599 63 4 0 0 190 671 154 9 0 0 0 0 
0 3 65 337 529 85 5 0 0 17 120 580 293 13 1 0 78 363 489 84 9 1 0 0 
1 46 177 409 338 48 4 1 4 95 262 476 164 20 2 1 94 499 348 62 17 3 1 0 
0 34 167 406 354 55 8 0 0 70 286 452 193 22 1 0 83 314 406 181 37 3 0 0 
0 12 67 188 337 294 112 14 0 34 137 336 320 174 22 1 20 135 338 328 176 26 1 0 
37 29 29 75 474 336 37 7 49 27 35 210 554 137 7 5 79 48 131 581 172 8 5 0 
0 0 5 62 432 374 147 4 0 1 12 176 502 304 29 0 0 3 80 512 361 66 2 0 
0 1 24 130 418 370 74 7 1 5 50 231 471 232 32 2 1 27 145 450 335 61 5 0 
4 115 438 213 151 77 21 5 15 287 396 184 101 33 8 0 68 527 253 119 45 10 2 0 
0 92 353 75 48 68 125 263 0 264 212 55 44 67 114 268 2 338 157 48 35 61 103 280 
0 8 66 39 65 121 183 542 0 9 67 41 67 121 183 536 0 12 67 37 62 114 177 555 
0 0 59 90 164 200 176 335 0 0 66 77 162 200 172 347 0 1 65 76 144 192 182 364 
0 87 433 227 109 86 44 38 0 60 421 252 112 87 50 42 0 70 407 250 111 89 51 46 
0 46 251 253 220 161 64 29 0 67 354 263 189 73 42 36 5 180 337 267 130 29 36 40 
2 55 82 178 432 238 32 5 13 92 128 358 361 68 4 0 50 129 266 415 153 11 0 0 
21 224 296 203 181 72 23 4 82 307 277 208 112 27 11 0 203 340 237 168 52 21 3 0 
0 59 366 249 234 100 16 0 6 316 309 223 140 30 0 0 102 445 240 167 68 2 0 0 
0 10 82 162 278 309 150 33 1 45 126 244 333 213 52 10 34 105 199 322 244 96 24 0 
1 20 85 233 273 269 118 25 10 40 144 297 336 163 30 4 37 108 303 341 186 38 11 0 
1 13 110 260 342 259 37 2 7 64 212 392 287 58 4 0 43 195 375 337 69 5 0 0 
2 14 51 120 380 346 73 38 11 34 78 354 424 88 31 4 34 125 397 350 89 25 4 0 
0 0 17 190 425 294 83 15 0 5 53 336 418 175 32 5 15 161 359 257 176 47 9 0 
0 0 8 84 266 259 219 188 0 1 25 154 317 272 211 44 1 35 153 232 297 262 44 0 
0 0 2 58 285 314 238 127 0 1 23 219 294 302 153 32 0 35 222 207 284 199 75 2 
0 0 37 429 430 126 2 0 0 3 87 516 389 29 0 0 9 313 447 229 26 0 0 0 
0 20 92 303 393 208 7 1 2 36 174 396 339 76 1 0 22 137 394 356 113 2 0 0 
0 19 192 367 302 127 12 5 1 56 280 417 207 56 4 3 18 214 395 280 105 7 5 0 
0 6 153 387 384 91 3 0 0 36 225 432 295 35 1 0 3 111 342 474 87 7 0 0 
30 214 318 294 136 32 0 0 53 242 368 264 93 4 0 0 222 282 346 159 15 0 0 0 
8 52 108 223 269 301 57 6 17 80 172 249 356 126 23 1 130 212 177 330 141 31 3 0 
5 48 32 98 260 412 138 31 18 45 43 173 468 242 33 2 56 26 120 508 280 33 1 0 
147 191 98 127 309 131 19 2 173 189 105 249 244 56 8 0 223 190 178 323 85 24 1 0 
47 573 248 96 32 13 9 6 97 617 189 71 27 13 4 6 198 580 148 58 24 7 3 6 
0 25 66 22 25 32 73 781 0 43 50 22 25 32 73 779 0 45 43 22 25 31 66 792 
0 0 0 0 5 26 177 816 0 0 0 0 5 26 180 813 0 0 0 0 5 22 154 843 
0 0 0 0 2 12 49 961 0 0 0 0 2 12 51 959 0 0 0 0 1 11 43 969 
0 0 4 12 28 27 92 861 0 0 3 12 23 27 55 904 0 0 3 11 22 27 46 915 
29 275 307 67 33 34 40 239 104 331 226 38 30 19 42 234 167 330 177 35 19 20 36 240 
11 98 204 284 241 149 34 3 35 167 265 277 204 71 5 0 96 248 299 230 134 17 0 0 
0 3 64 169 316 324 140 8 0 39 158 354 346 120 7 0 10 133 344 378 141 18 0 0 
0 0 49 80 183 323 319 70 0 17 100 210 363 267 64 3 5 86 238 394 239 58 4 0 
0 8 19 32 100 579 239 47 2 16 36 85 559 250 65 11 17 37 116 482 261 89 21 1 
0 3 52 112 178 488 182 9 0 41 91 188 380 293 29 2 42 94 225 331 268 57 7 0 
0 2 20 155 424 286 132 5 0 14 57 321 365 236 28 3 16 95 378 295 198 38 3 1 
0 0 9 96 428 407 78 6 0 0 23 240 523 209 28 1 5 55 390 371 178 22 3 0 
0 0 2 36 309 493 155 29 0 0 7 254 462 246 55 0 0 79 438 320 153 33 1 0 
0 0 1 33 217 522 222 29 0 0 9 175 498 275 58 9 0 45 329 319 232 87 12 0 
0 0 2 27 360 548 79 8 0 2 19 427 481 86 9 0 3 138 616 219 46 2 0 0 
0 18 145 425 363 69 4 0 1 36 260 497 215 14 1 0 22 298 409 263 29 3 0 0 
0 12 212 469 286 43 2 0 0 52 385 458 123 6 0 0 39 352 456 159 18 0 0 0 
4 54 194 300 323 125 19 5 16 122 232 384 231 32 7 0 63 229 350 308 64 9 1 0 
0 8 44 125 319 504 23 1 0 20 66 232 637 67 2 0 7 56 206 615 137 3 0 0 
174 275 291 127 102 52 3 0 221 285 300 106 102 10 0 0 346 380 159 125 14 0 0 0 
2 192 283 84 54 310 99 0 9 290 240 51 179 255 0 0 47 428 101 186 262 0 0 0 
0 304 206 60 180 260 14 0 0 365 172 109 307 70 1 0 11 453 126 309 122 3 0 0 
1 188 467 188 125 50 5 0 0 295 396 192 98 36 7 0 2 363 360 173 77 36 13 0 
0 120 149 134 111 160 119 231 0 126 118 118 106 146 158 252 13 110 107 114 102 141 155 282 
0 0 13 59 58 68 114 712 0 0 0 44 58 61 111 750 0 0 0 16 71 56 79 802 
0 0 2 88 82 163 147 542 0 0 0 57 83 162 159 563 0 0 0 9 110 134 171 600 
0 0 0 4 13 16 44 947 0 0 0 1 9 13 28 973 0 0 0 1 4 13 22 984 
0 0 0 3 2 2 2 1015 0 0 0 3 2 2 2 1015 0 0 0 3 2 2 2 1015 
0 126 362 281 113 39 24 79 3 217 409 203 64 26 23 79 31 281 399 138 49 23 25 78 
0 206 437 162 127 70 17 5 23 428 319 130 85 29 10 0 122 494 244 107 43 13 1 0 
0 96 260 296 195 121 47 9 19 219 355 243 127 52 8 1 56 359 358 170 65 13 3 0 
1 66 145 152 166 280 161 53 19 134 137 178 253 240 63 0 78 176 171 238 232 119 10 0 
0 13 55 245 372 276 47 16 6 28 130 378 360 87 26 9 28 144 393 330 87 28 14 0 
0 1 52 251 321 245 104 50 0 10 152 314 314 148 71 15 8 149 362 291 122 67 25 0 
0 0 1 36 243 446 237 61 0 1 15 206 412 265 89 36 1 63 278 315 208 112 43 4 
0 1 33 182 340 286 130 52 0 6 109 297 341 187 67 17 4 108 315 324 181 67 25 0 
0 0 5 176 381 290 124 48 0 0 54 357 329 196 72 16 23 166 309 283 161 63 18 1 
0 0 0 52 448 420 98 6 0 0 11 300 522 164 27 0 4 158 482 299 73 8 0 0 
0 0 0 79 444 383 105 13 0 0 17 293 487 194 30 3 8 161 504 286 54 10 1 0 
0 11 173 225 433 166 16 0 0 28 243 568 154 28 3 0 44 233 359 345 32 11 0 0 
4 28 121 184 317 320 48 2 9 78 151 270 315 190 10 1 26 145 242 294 277 37 3 0 
2 21 97 197 349 281 72 5 6 50 138 278 377 156 18 1 26 110 238 367 243 37 3 0 
3 286 335 118 91 123 66 2 3 404 271 86 141 102 17 0 64 496 169 137 132 24 2 0 
109 743 139 22 6 2 3 0 113 703 180 16 7 1 3 1 170 725 104 14 6 1 3 1 
0 650 366 6 2 0 0 0 0 321 693 7 3 0 0 0 1 571 445 5 1 1 0 0 
0 436 520 45 16 7 0 0 0 197 676 113 27 11 0 0 0 268 584 133 27 12 0 0 
0 429 525 50 20 0 0 0 0 1 734 254 29 6 0 0 0 0 582 399 37 6 0 0 
0 332 461 126 57 42 6 0 0 0 493 346 97 65 20 3 0 0 317 464 123 73 41 6 
0 11 282 283 141 56 134 117 0 0 34 389 195 116 89 201 0 0 4 266 288 152 67 247 
0 0 140 232 42 20 66 524 0 0 0 296 99 30 28 571 0 0 0 142 233 41 26 582 
0 0 0 9 11 9 12 983 0 0 0 2 7 13 12 990 0 0 0 0 7 11 10 996 
0 0 0 3 5 17 40 959 0 0 0 2 5 17 30 970 0 0 0 2 4 11 24 983 
2 130 320 244 90 45 43 150 2 188 341 177 80 45 38 153 24 228 305 176 53 38 43 157 
0 93 278 288 245 93 21 6 20 191 354 308 106 36 4 5 68 382 389 144 31 6 4 0 
0 6 129 351 290 158 79 11 0 42 275 348 211 97 51 0 34 366 396 136 47 44 1 0 
0 0 32 222 281 244 178 67 0 6 119 292 249 226 89 43 1 101 271 236 227 121 49 18 
0 0 6 86 407 392 84 49 0 0 32 342 479 99 39 33 1 135 553 224 49 15 39 8 
2 13 32 132 339 378 118 10 8 22 83 294 409 172 34 2 21 126 410 317 117 30 3 0 
0 0 16 130 329 389 145 15 0 3 68 265 431 221 34 2 18 150 388 314 131 22 1 0 
2 44 109 201 366 226 67 9 8 81 156 318 311 122 22 6 70 282 388 206 62 13 3 0 
0 0 1 43 484 411 82 3 0 0 13 350 537 110 13 1 4 227 538 226 28 1 0 0 
0 0 4 53 312 410 203 42 0 1 16 230 394 298 81 4 8 153 298 349 163 49 4 0 
0 0 2 152 473 324 65 8 0 0 20 344 465 168 24 3 7 167 415 326 93 15 1 0 
0 28 61 253 358 239 73 12 3 41 186 366 212 174 36 6 18 68 366 287 202 63 19 1 
0 24 109 231 325 214 109 12 2 52 154 270 310 135 92 9 14 113 206 317 231 85 57 1 
2 225 413 97 134 84 55 14 10 321 334 124 103 72 55 5 39 489 194 133 72 82 15 0 
0 448 576 0 0 0 0 0 2 532 490 0 0 0 0 0 14 828 182 0 0 0 0 0 
0 748 276 0 0 0 0 0 0 530 494 0 0 0 0 0 0 716 308 0 0 0 0 0 
0 687 337 0 0 0 0 0 0 93 930 1 0 0 0 0 0 142 881 1 0 0 0 0 
0 86 794 124 16 4 0 0 0 0 632 322 61 9 0 0 0 0 569 367 74 12 2 0 
0 8 383 503 91 39 0 0 0 0 64 565 321 56 18 0 0 0 32 433 450 77 32 0 
0 0 81 268 294 345 36 0 0 0 1 184 220 468 148 3 0 0 0 69 282 329 326 18 
0 0 0 16 122 228 487 171 0 0 0 4 40 184 312 484 0 0 0 0 17 138 209 660 
0 0 6 104 63 53 388 410 0 0 0 77 67 60 126 694 0 0 0 48 72 57 65 782 
0 0 28 218 110 102 257 309 0 0 5 222 87 117 135 458 0 0 4 199 79 116 112 514 
0 0 66 445 251 201 58 3 0 0 109 414 205 196 77 23 0 1 174 388 149 171 99 42 
0 22 187 254 243 233 76 9 0 29 236 310 289 131 28 1 0 68 418 356 128 52 2 0 
0 1 1 103 402 324 179 14 0 2 27 325 402 240 27 1 2 79 367 281 250 42 3 0 
0 0 8 92 402 416 89 17 0 3 43 316 524 107 31 0 2 80 479 321 108 34 0 0 
0 0 0 52 393 433 126 20 0 0 11 311 498 161 41 2 0 114 478 283 107 38 4 0 
0 0 1 62 391 426 126 18 0 0 18 327 455 182 39 3 9 121 443 315 101 30 4 1 
0 0 0 30 353 457 172 12 0 0 9 167 533 265 50 0 2 83 404 363 157 15 0 0 
0 0 0 28 256 555 161 24 0 0 13 157 539 275 24 16 4 125 539 292 46 14 4 0 
0 0 0 13 188 465 321 37 0 0 6 109 461 385 63 0 3 104 455 287 147 28 0 0 
0 0 0 60 246 402 256 60 0 0 22 228 419 272 81 2 23 223 438 211 96 32 1 0 
0 0 1 49 326 405 207 36 0 0 17 227 459 267 51 3 13 147 426 337 86 14 1 0 
0 0 6 175 544 256 37 6 0 0 16 264 593 137 14 0 20 311 468 186 37 2 0 0 
0 51 346 400 169 47 11 0 1 121 439 315 121 23 4 0 5 304 450 192 60 11 2 0 
0 55 266 215 204 175 77 32 4 105 307 203 212 106 71 16 19 238 270 221 150 69 55 2 
1 186 574 136 77 33 6 11 2 346 471 112 65 12 14 2 26 582 281 95 23 14 3 0 
0 259 720 45 0 0 0 0 1 296 693 34 0 0 0 0 2 579 443 0 0 0 0 0 
0 339 675 9 1 0 0 0 0 289 726 8 1 0 0 0 0 547 473 4 0 0 0 0 
0 113 897 14 0 0 0 0 0 41 957 26 0 0 0 0 0 180 844 0 0 0 0 0 
0 9 958 53 4 0 0 0 0 1 878 132 13 0 0 0 0 22 866 122 13 1 0 0 
0 29 659 198 88 49 1 0 0 5 535 285 114 77 8 0 0 8 507 288 120 76 25 0 
0 1 716 139 91 77 0 0 0 0 555 256 83 129 1 0 0 0 450 340 85 111 38 0 
0 1 631 114 164 114 0 0 0 0 515 192 94 219 4 0 0 0 444 244 86 197 53 0 
0 0 384 539 81 19 1 0 0 0 362 522 129 10 1 0 0 2 431 476 105 10 0 0 
0 0 62 524 299 138 1 0 0 0 81 666 263 14 0 0 0 12 449 536 27 0 0 0 
0 0 13 190 482 272 63 4 0 0 31 424 429 124 15 1 0 72 558 289 84 20 1 0 
0 2 19 93 381 398 117 14 0 8 54 290 439 200 31 2 6 119 424 330 106 32 7 0 
0 0 4 94 317 373 205 31 0 1 44 281 416 243 39 0 6 116 374 363 147 17 1 0 
0 0 10 148 425 290 134 17 0 0 52 320 396 201 53 2 3 74 354 358 184 50 1 0 
0 0 7 95 333 497 82 10 0 0 33 268 580 124 18 1 0 79 532 335 65 12 1 0 
0 0 0 15 277 441 257 34 0 0 2 200 446 276 92 8 4 204 439 204 72 85 16 0 
0 0 0 18 242 356 336 72 0 0 1 110 353 380 168 12 0 35 299 256 231 183 20 0 
0 0 0 11 147 390 420 56 0 0 5 46 345 497 127 4 4 22 321 454 206 17 0 0 
0 0 0 20 296 543 150 15 0 0 3 108 524 365 24 0 6 169 616 207 26 0 0 0 
0 0 0 83 254 319 327 41 0 0 4 145 428 366 81 0 13 182 245 278 231 66 9 0 
0 0 4 42 381 474 105 18 0 1 22 181 534 251 34 1 7 219 370 266 133 28 1 0 
0 1 42 208 408 292 66 7 0 1 30 412 403 157 21 0 60 326 335 200 91 11 1 0 
0 159 390 271 172 30 2 0 0 232 400 275 103 13 1 0 18 432 349 195 27 3 0 0 
0 235 412 255 106 16 0 0 0 326 423 215 57 3 0 0 13 524 343 126 17 1 0 0 
0 112 721 134 46 9 2 0 2 212 687 92 27 3 1 0 16 381 556 60 9 1 1 0 
5 163 768 72 15 1 0 0 11 172 767 58 15 1 0 0 18 272 663 55 15 1 0 0 
0 76 838 68 33 8 1 0 0 60 850 72 32 9 1 0 0 99 838 50 25 11 1 0 
0 16 887 121 0 0 0 0 0 15 845 164 0 0 0 0 0 63 863 98 0 0 0 0 
0 9 917 36 42 20 0 0 0 3 891 85 43 2 0 0 0 14 961 48 1 0 0 0 
0 10 612 132 151 101 18 0 0 3 628 205 142 42 4 0 2 107 823 78 11 3 0 0 
0 4 357 139 325 190 9 0 0 6 384 254 318 62 0 0 5 108 739 140 32 0 0 0 
0 0 186 261 390 167 19 1 0 1 234 458 268 56 7 0 0 213 636 141 27 7 0 0 
0 0 40 101 370 407 102 4 0 1 47 217 467 263 29 0 3 80 466 291 163 21 0 0 
0 0 15 156 462 358 33 0 0 0 49 342 482 141 10 0 2 81 451 320 160 10 0 0 
0 0 18 203 342 325 123 13 0 3 95 350 316 209 49 2 2 146 356 245 199 74 2 0 
0 0 21 136 637 215 15 0 0 2 92 543 351 36 0 0 5 241 601 158 19 0 0 0 
0 0 3 92 461 353 104 11 0 0 43 411 404 132 32 2 2 223 475 237 63 24 0 0 
0 0 8 170 460 296 86 4 0 0 49 383 436 136 20 0 3 175 485 275 75 11 0 0 
0 0 1 68 385 434 123 13 0 1 10 254 479 243 37 0 5 118 449 240 178 34 0 0 
0 0 0 41 251 356 280 96 0 0 0 132 365 299 191 37 3 104 268 235 186 128 95 5 
0 0 0 22 352 463 157 30 0 0 1 89 544 305 78 7 0 71 335 375 167 50 22 4 
0 0 0 1 32 466 482 43 0 0 0 5 190 665 162 2 0 3 87 518 383 33 0 0 
0 0 0 65 436 431 79 13 0 0 0 96 617 281 24 6 2 172 459 292 77 12 10 0 
0 0 2 41 344 444 157 36 0 0 6 176 474 294 66 8 4 54 349 321 219 66 11 0 
0 0 6 219 500 201 71 27 0 0 17 438 380 129 54 6 26 339 373 117 100 59 10 0 
0 0 17 306 536 155 10 0 0 3 53 606 314 47 1 0 77 568 316 60 3 0 0 0 
0 153 231 343 266 30 1 0 4 206 324 402 81 7 0 0 20 336 468 181 18 1 0 0 
1 433 425 96 43 25 1 0 4 516 365 92 41 6 0 0 60 562 291 87 22 2 0 0 
0 82 220 252 209 154 99 8 0 105 181 216 241 148 105 28 8 116 160 185 233 165 105 52 
0 106 343 195 98 133 119 30 0 98 338 196 99 113 130 50 0 103 367 161 94 100 125 74 
0 11 585 50 33 41 241 63 0 2 580 59 34 30 212 107 0 7 581 53 30 31 132 190 
0 62 574 202 82 39 49 16 0 53 701 133 48 24 42 23 0 151 738 38 19 16 27 35 
0 17 231 312 374 87 3 0 0 6 344 390 258 26 0 0 0 319 593 98 14 0 0 0 
0 0 1 92 558 339 33 1 0 0 31 466 471 54 2 0 3 256 582 165 17 1 0 0 
0 0 12 168 556 246 38 4 0 2 46 550 369 52 5 0 4 321 514 144 39 2 0 0 
0 0 8 69 278 520 137 12 0 0 29 281 504 182 28 0 9 236 397 272 94 16 0 0 
0 0 4 45 309 544 122 0 0 0 32 179 619 190 4 0 1 46 397 467 111 2 0 0 
0 0 36 147 398 316 117 10 0 3 86 329 354 222 28 2 1 170 394 235 151 65 6 2 
0 0 2 84 454 346 131 7 0 1 38 431 432 117 5 0 20 356 484 152 12 0 0 0 
0 0 1 47 493 440 40 3 0 0 17 318 580 101 8 0 2 239 585 171 22 5 0 0 
0 0 9 89 396 441 81 8 0 2 30 269 504 189 29 1 14 199 434 255 93 23 6 0 
0 0 3 99 412 334 163 13 0 0 49 360 316 253 44 2 9 250 334 168 197 59 7 0 
0 0 1 222 578 190 31 2 0 0 53 582 343 45 1 0 17 502 406 89 9 1 0 0 
0 0 0 134 466 252 152 20 0 0 16 449 342 141 74 2 11 315 412 135 80 61 10 0 
0 0 0 27 472 438 81 6 0 0 6 293 560 143 18 4 8 223 553 202 26 9 3 0 
0 0 0 60 422 407 116 19 0 0 2 227 570 201 24 0 9 185 505 264 52 9 0 0 
0 0 3 156 585 237 37 6 0 0 8 419 497 80 17 3 13 285 542 148 24 7 5 0 
0 0 6 226 622 134 34 2 0 0 28 573 355 61 7 0 31 461 427 86 18 1 0 0 
0 0 70 496 349 86 23 0 0 1 157 590 218 50 8 0 203 630 157 28 6 0 0 0 
0 0 47 374 410 174 19 0 0 2 110 491 335 77 9 0 105 462 270 133 46 8 0 0 
0 311 529 145 31 8 0 0 0 375 507 109 29 4 0 0 23 402 466 99 29 5 0 0 
0 7 276 297 328 95 20 1 0 11 223 310 342 114 23 1 0 12 200 293 328 158 31 2 
0 1 202 275 228 191 116 11 0 0 186 266 216 203 135 18 0 0 189 238 185 206 159 47 
0 3 297 256 283 126 54 5 0 0 267 232 300 150 65 10 0 0 227 230 258 197 85 27 
0 3 134 334 375 142 36 0 0 4 182 429 223 128 58 0 13 232 245 181 123 138 83 9 
0 0 27 310 510 170 7 0 0 2 123 522 361 16 0 0 24 482 468 49 1 0 0 0 
0 0 19 307 497 189 12 0 0 0 43 476 438 64 3 0 7 390 450 140 35 2 0 0 
0 0 10 220 487 268 37 2 0 0 66 476 359 115 8 0 15 272 418 220 94 5 0 0 
0 0 2 93 354 453 111 11 0 0 32 298 514 168 12 0 2 179 332 373 128 10 0 0 
0 0 0 120 230 572 93 9 0 0 19 362 558 77 8 0 16 180 243 495 82 8 0 0 
0 0 9 105 475 362 65 8 0 5 44 450 451 60 9 5 10 351 430 213 15 1 4 0 
0 0 0 82 550 353 34 5 0 0 9 317 578 112 5 3 4 274 433 246 61 5 1 0 
0 0 1 131 589 242 57 4 0 0 8 442 414 130 29 1 3 247 489 139 113 31 2 0 
0 0 0 46 601 343 34 0 0 0 16 366 557 81 4 0 7 204 609 194 10 0 0 0 
0 0 0 99 631 266 28 0 0 0 23 414 514 70 3 0 25 396 510 89 4 0 0 0 
0 0 2 167 548 251 54 2 0 0 42 536 346 86 14 0 31 451 398 106 33 5 0 0 
0 0 2 154 540 285 39 4 0 0 29 478 423 84 10 0 52 571 342 53 6 0 0 0 
0 0 5 253 515 224 25 2 0 0 32 528 402 57 4 1 130 572 291 27 4 0 0 0 
0 0 3 227 434 266 77 17 0 1 57 518 336 95 17 0 92 564 287 68 13 0 0 0 
0 0 1 64 407 434 112 6 0 0 27 281 514 188 13 1 40 287 432 219 44 2 0 0 
0 1 60 234 478 191 55 5 0 10 132 533 257 79 12 1 91 506 335 73 17 2 0 0 
0 19 359 430 185 29 2 0 0 26 556 370 66 6 0 0 219 632 162 11 0 0 0 0 
0 0 34 357 535 86 11 1 0 1 102 626 261 33 1 0 110 610 266 36 2 0 0 0 
0 0 35 529 405 46 9 0 0 0 310 578 112 22 2 0 153 663 177 28 3 0 0 0 
0 17 204 118 90 86 197 312 0 14 183 132 91 82 148 374 0 8 157 147 75 90 108 439 
0 29 360 253 160 96 91 35 0 8 324 290 166 98 69 69 0 2 289 305 176 107 58 87 
0 31 682 254 54 3 0 0 0 32 664 245 76 7 0 0 0 59 615 244 94 12 0 0 
0 11 467 330 166 47 3 0 0 23 520 328 132 21 0 0 15 204 589 175 39 2 0 0 
0 9 178 359 276 182 16 4 0 33 265 432 251 39 4 0 50 406 339 186 39 4 0 0 
0 0 36 393 386 169 38 2 0 1 91 565 315 46 6 0 24 504 363 113 19 1 0 0 
0 0 2 178 433 308 99 4 0 0 66 453 399 102 4 0 47 421 462 78 15 1 0 0 
0 0 39 141 332 373 127 12 0 12 90 283 442 187 10 0 64 259 342 285 73 1 0 0 
0 0 9 250 508 193 59 5 0 0 35 458 402 101 27 1 33 482 363 76 45 23 2 0 
0 0 4 318 410 245 44 3 0 0 12 491 384 127 9 1 13 490 293 157 62 9 0 0 
0 0 10 117 419 373 97 8 0 0 51 279 465 199 28 2 37 324 420 205 34 4 0 0 
0 4 59 186 348 343 73 11 0 4 111 274 421 188 26 0 36 308 376 234 60 9 1 0 
0 2 80 406 483 50 3 0 0 11 184 659 155 14 1 0 102 608 282 28 4 0 0 0 
0 0 5 235 698 75 11 0 0 1 68 750 185 20 0 0 58 730 219 17 0 0 0 0 
0 0 9 228 600 169 14 4 0 0 39 503 425 50 7 0 53 492 416 54 9 0 0 0 
0 0 11 203 565 224 20 1 0 1 53 456 424 86 4 0 29 411 449 106 27 2 0 0 
0 0 7 142 503 327 41 4 0 1 33 303 502 172 11 2 66 421 245 162 123 7 0 0 
0 0 8 233 483 246 46 8 0 0 67 490 367 90 10 0 144 592 220 59 9 0 0 0 
0 0 5 211 685 111 12 0 0 0 68 758 178 19 1 0 66 718 216 22 2 0 0 0 
0 0 12 264 578 143 27 0 0 3 114 605 235 57 10 0 119 553 176 102 56 18 0 0 
0 2 60 407 393 129 32 1 0 9 128 534 284 55 14 0 130 499 273 85 32 5 0 0 
0 26 392 501 95 10 0 0 1 75 570 335 40 3 0 0 422 503 89 10 0 0 0 0 
0 4 189 467 289 58 12 5 1 73 297 457 165 22 7 2 199 562 218 34 7 3 1 0 
0 1 64 504 365 65 22 3 0 15 256 552 163 32 6 0 75 582 289 60 17 1 0 0 
0 0 32 7 13 87 325 560 0 1 29 9 11 64 243 667 0 2 25 11 8 37 136 805 
0 35 382 300 116 90 92 9 0 67 354 299 117 75 91 21 0 146 322 273 100 67 74 42 
0 41 169 181 367 218 47 1 0 60 184 315 354 100 11 0 18 204 404 242 127 28 1 0 
0 54 57 241 484 169 18 1 5 57 100 474 366 21 1 0 80 347 417 175 5 0 0 0 
0 8 77 373 417 123 26 0 0 9 129 579 268 38 1 0 93 605 268 48 10 0 0 0 
0 0 25 414 456 100 25 4 0 3 137 670 194 20 0 0 35 613 330 45 1 0 0 0 
0 0 7 422 491 99 5 0 0 1 62 695 251 13 2 0 25 659 281 54 5 0 0 0 
0 0 16 281 594 123 10 0 0 1 29 547 408 39 0 0 21 513 396 90 4 0 0 0 
0 0 31 457 457 75 4 0 0 0 62 605 326 31 0 0 37 627 329 29 2 0 0 0 
0 0 18 222 397 283 90 14 0 1 78 355 367 187 35 1 114 448 335 111 11 5 0 0 
0 6 61 215 376 241 115 10 0 18 139 356 327 155 29 0 91 312 405 154 51 8 3 0 
4 205 212 245 169 108 62 19 16 243 245 205 162 105 43 5 149 293 243 168 106 47 18 0 
0 114 267 315 216 73 31 8 2 170 298 303 162 63 25 1 78 351 320 186 60 22 7 0 
0 9 491 346 159 18 1 0 0 59 585 326 48 6 0 0 364 540 111 9 0 0 0 0 
0 1 240 465 257 55 6 0 0 28 519 330 130 17 0 0 132 652 203 35 2 0 0 0 
0 0 86 350 372 201 15 0 0 6 198 480 294 45 1 0 78 407 273 202 63 1 0 0 
0 0 76 432 288 203 22 3 0 0 184 438 315 80 7 0 156 420 206 122 115 5 0 0 
0 1 84 562 321 52 4 0 0 5 202 622 180 14 1 0 206 644 158 16 0 0 0 0 
0 0 32 460 445 81 6 0 0 3 209 651 146 14 1 0 177 638 189 17 3 0 0 0 
0 1 47 611 271 90 4 0 0 14 218 585 160 45 2 0 114 596 156 100 55 3 0 0 
0 6 108 626 223 54 6 1 0 27 372 528 78 16 3 0 233 635 128 25 3 0 0 0 
0 27 566 407 23 1 0 0 0 152 733 131 8 0 0 0 487 516 20 1 0 0 0 0 
0 51 430 398 115 28 2 0 0 93 463 371 79 17 1 0 285 545 146 38 9 1 0 0 
1 38 402 357 157 53 16 0 1 33 438 385 127 34 6 0 228 586 162 41 7 0 0 0 
0 16 271 355 93 37 105 147 0 24 281 355 74 36 75 179 2 192 367 136 36 27 58 206 
0 26 363 442 174 18 1 0 0 52 361 510 90 11 0 0 20 590 342 54 17 1 0 0 
0 0 20 204 479 275 42 4 0 0 40 409 498 71 3 3 32 551 395 38 4 2 2 0 
0 0 9 359 476 163 17 0 0 0 55 613 307 48 1 0 51 620 306 44 3 0 0 0 
0 0 7 286 483 208 40 0 0 0 56 565 331 64 8 0 70 649 247 45 9 4 0 0 
0 9 53 214 549 168 27 4 0 19 116 546 292 39 11 1 35 411 391 118 39 26 4 0 
0 32 177 383 340 86 6 0 0 61 246 450 233 32 2 0 44 534 279 127 37 3 0 0 
0 11 179 512 294 28 0 0 0 35 243 618 123 5 0 0 118 649 234 18 5 0 0 0 
0 13 211 422 348 30 0 0 1 55 349 536 78 5 0 0 356 593 72 3 0 0 0 0 
0 51 408 364 163 28 9 1 0 174 538 247 55 9 1 0 565 381 64 12 2 0 0 0 
0 38 547 380 55 2 1 1 0 212 688 116 6 1 1 0 492 498 30 2 2 0 0 0 
1 59 474 476 14 0 0 0 4 271 703 44 2 0 0 0 488 522 14 0 0 0 0 0 
0 62 647 300 15 0 0 0 0 210 698 113 3 0 0 0 629 373 19 3 0 0 0 0 
0 50 555 380 20 12 7 0 0 104 757 136 14 9 4 0 676 301 23 12 9 3 0 0 
0 53 692 259 14 3 3 0 0 88 826 101 3 6 0 0 504 473 38 4 5 0 0 0 
1 100 463 416 42 2 0 0 0 185 590 240 9 0 0 0 515 486 21 2 0 0 0 0 
0 6 407 469 113 23 5 1 0 75 629 269 45 5 1 0 494 483 44 3 0 0 0 0 
0 2 295 599 114 11 3 0 0 31 539 393 54 6 1 0 474 492 51 6 1 0 0 0 
0 6 247 594 135 40 2 0 0 35 602 325 50 12 0 0 344 599 71 10 0 0 0 0 
0 11 266 524 199 23 1 0 0 53 561 370 35 5 0 0 238 649 124 12 1 0 0 0 
0 83 478 421 40 2 0 0 3 174 615 228 4 0 0 0 392 587 45 0 0 0 0 0 
0 83 734 195 12 0 0 0 2 379 600 38 5 0 0 0 579 421 22 2 0 0 0 0 
0 47 642 313 20 2 0 0 3 234 668 113 6 0 0 0 406 588 28 2 0 0 0 0 
3 170 643 198 9 1 0 0 9 311 615 85 4 0 0 0 634 351 35 4 0 0 0 0 
0 6 129 323 400 154 12 0 0 18 249 425 280 50 2 0 90 415 306 161 50 2 0 0 
0 0 33 303 573 108 7 0 0 3 113 586 301 21 0 0 56 519 324 94 29 2 0 0 
0 4 55 289 384 174 55 63 0 10 125 398 295 96 38 62 25 249 260 211 135 53 37 54 
0 9 48 333 464 144 13 13 1 18 77 478 373 60 4 13 36 318 181 291 170 15 4 9 
0 9 119 287 372 192 43 2 0 27 171 358 339 112 15 2 5 125 273 349 217 50 5 0 
0 26 302 469 169 48 10 0 0 88 431 353 110 36 6 0 77 322 348 182 65 28 2 0 
0 52 453 451 63 5 0 0 0 228 578 198 19 1 0 0 329 546 129 18 2 0 0 0 
0 229 572 211 12 0 0 0 21 419 489 93 2 0 0 0 555 427 38 4 0 0 0 0 
8 274 530 185 27 0 0 0 24 463 400 130 7 0 0 0 508 422 84 10 0 0 0 0 
0 119 560 270 66 9 0 0 5 249 570 167 33 0 0 0 398 451 128 45 2 0 0 0 
0 257 573 178 15 1 0 0 2 369 498 146 9 0 0 0 690 302 31 1 0 0 0 0 
0 211 551 248 13 1 0 0 0 350 583 85 6 0 0 0 655 336 29 4 0 0 0 0 
2 231 582 193 14 2 0 0 1 353 571 93 6 0 0 0 712 292 17 3 0 0 0 0 
0 358 540 122 4 0 0 0 0 389 521 109 5 0 0 0 733 278 12 1 0 0 0 0 
0 211 625 176 11 0 1 0 4 268 623 121 7 1 0 0 653 342 20 8 1 0 0 0 
1 164 654 198 7 0 0 0 1 278 629 114 2 0 0 0 688 322 13 1 0 0 0 0 
0 286 581 141 16 0 0 0 2 376 579 65 2 0 0 0 726 278 19 1 0 0 0 0 
5 404 546 64 4 1 0 0 7 594 393 27 2 1 0 0 722 283 17 1 1 0 0 0 
0 292 640 89 3 0 0 0 4 370 584 63 3 0 0 0 736 281 6 1 0 0 0 0 
1 181 717 121 4 0 0 0 9 326 612 75 2 0 0 0 714 302 7 1 0 0 0 0 
1 420 582 21 0 0 0 0 6 700 308 10 0 0 0 0 804 216 4 0 0 0 0 0 
0 425 533 57 8 1 0 0 4 685 311 20 4 0 0 0 823 182 16 3 0 0 0 0 
5 435 505 70 7 2 0 0 39 638 326 15 6 0 0 0 676 325 16 7 0 0 0 0 
1 392 581 50 0 0 0 0 51 690 276 7 0 0 0 0 786 234 4 0 0 0 0 0 
2 52 264 369 293 40 4 0 2 47 289 448 228 10 0 0 15 113 307 459 127 3 0 0 
3 59 410 387 143 22 0 0 4 66 435 376 124 19 0 0 8 77 455 358 112 14 0 0 
5 72 421 419 97 10 0 0 6 103 447 386 77 5 0 0 8 127 470 355 60 4 0 0 
1 81 422 348 108 54 10 0 5 159 473 266 82 34 5 0 14 263 462 192 71 19 3 0 
0 26 340 424 185 44 5 0 0 112 436 343 107 23 3 0 8 262 465 223 53 12 1 0 
1 55 354 402 149 47 15 1 2 121 450 303 107 33 7 1 19 291 432 192 59 28 3 0 
0 17 210 400 251 106 40 0 0 57 316 360 183 88 20 0 26 207 373 257 113 41 7 0 
0 9 150 298 319 187 53 8 1 40 224 334 249 149 22 5 27 172 296 277 183 61 6 2 
0 47 240 382 230 90 27 8 1 87 354 345 160 53 16 8 89 348 334 159 60 20 12 2 
0 41 342 422 162 49 8 0 2 107 454 334 94 28 5 0 42 418 399 119 37 8 1 0 
1 69 476 400 66 10 2 0 3 153 612 213 37 5 1 0 221 461 279 52 10 1 0 0 
1 121 428 372 82 18 2 0 3 197 551 217 41 14 1 0 278 413 233 71 22 7 0 0 
3 150 636 215 16 4 0 0 2 265 636 111 9 1 0 0 529 425 64 5 1 0 0 0 
1 353 486 164 15 5 0 0 2 353 513 140 11 5 0 0 664 322 34 4 0 0 0 0 
3 162 576 268 13 2 0 0 15 251 570 180 8 0 0 0 666 332 24 2 0 0 0 0 
7 415 419 163 19 1 0 0 25 513 394 84 8 0 0 0 660 325 35 4 0 0 0 0 
8 373 523 114 6 0 0 0 7 570 418 29 0 0 0 0 593 408 23 0 0 0 0 0 
7 448 561 8 0 0 0 0 24 626 372 2 0 0 0 0 643 378 3 0 0 0 0 0 
7 647 350 20 0 0 0 0 53 807 157 7 0 0 0 0 826 193 5 0 0 0 0 0 
11 605 385 21 2 0 0 0 13 720 271 14 5 1 0 0 773 241 9 1 0 0 0 0 
20 770 231 3 0 0 0 0 27 835 162 0 0 0 0 0 853 171 0 0 0 0 0 0 
49 873 87 15 0 0 0 0 134 853 27 10 0 0 0 0 944 77 3 0 0 0 0 0 
79 808 135 2 0 0 0 0 84 826 112 2 0 0 0 0 779 226 19 0 0 0 0 0 
44 551 378 48 3 0 0 0 52 568 365 37 2 0 0 0 468 499 52 5 0 0 0 0 
