61 2 0 0 0 0 0 961 61 2 0 0 0 0 0 961 61 2 0 0 0 0 0 961 
32 0 0 0 0 0 0 992 32 0 0 0 0 0 0 992 32 0 0 0 0 0 0 992 
32 0 0 0 0 0 0 992 32 0 0 0 0 0 0 992 32 0 0 0 0 0 0 992 
32 0 0 0 2 100 21 869 32 0 0 0 1 100 22 869 32 0 0 0 16 96 11 869 
32 0 0 0 3 63 135 791 32 0 0 0 5 87 116 784 32 0 0 5 12 170 25 780 
32 0 1 4 34 158 188 607 32 0 1 10 44 180 162 595 32 1 9 52 166 158 19 587 
32 0 1 6 58 382 369 176 32 0 2 8 73 466 279 164 32 1 8 70 490 251 13 159 
32 0 0 7 45 534 397 9 32 0 0 7 49 623 309 4 32 0 6 81 608 291 5 1 
32 0 7 16 86 610 259 14 32 1 8 13 110 642 215 3 34 8 21 164 624 170 3 0 
112 5 8 26 189 544 138 0 112 5 8 29 173 600 96 0 117 10 48 288 501 58 0 0 
33 4 7 13 66 135 207 559 34 4 8 25 89 120 171 573 37 8 26 72 115 168 60 538 
2 4 10 26 85 164 253 480 2 8 12 41 93 173 164 531 7 12 30 96 138 160 79 502 
0 0 6 44 101 315 274 284 0 0 16 52 135 362 158 301 2 20 60 143 272 200 44 283 
0 3 12 50 129 452 342 36 0 4 20 69 169 550 195 17 5 24 79 205 336 350 25 0 
0 5 23 66 163 366 344 57 0 9 32 89 218 444 206 26 14 30 115 225 404 210 26 0 
0 0 5 34 155 363 394 73 0 1 8 49 239 427 270 30 1 10 70 267 407 246 23 0 
0 8 50 97 144 348 316 61 0 10 77 105 206 407 201 18 17 80 118 237 374 179 18 1 
0 1 8 57 231 394 278 55 0 1 6 54 234 429 275 25 0 2 15 99 315 417 156 20 
0 0 8 66 277 344 267 62 0 0 9 70 295 406 219 25 1 13 60 190 425 254 69 12 
90 10 10 90 226 330 248 16 90 10 16 104 253 370 176 2 98 26 152 242 384 114 5 0 
32 0 14 40 132 378 392 36 32 1 14 49 162 434 309 23 33 12 45 136 398 361 39 0 
0 0 0 20 98 331 508 67 0 0 2 22 131 427 411 31 0 2 18 118 359 462 64 1 
0 0 2 31 180 392 346 73 0 0 2 49 237 392 292 52 0 3 45 211 393 297 75 0 
29 29 58 135 220 284 242 27 27 29 53 149 245 310 180 31 40 58 127 234 279 195 74 17 
3 12 77 193 201 315 204 19 3 8 75 216 293 345 84 0 20 73 204 236 358 128 5 0 
1 2 40 112 202 390 262 15 0 5 46 130 316 433 94 0 5 49 127 271 434 136 2 0 
0 0 1 24 148 441 391 19 0 0 6 59 309 530 119 1 0 3 54 281 518 166 2 0 
0 0 3 36 169 444 354 18 0 0 13 83 327 458 143 0 0 16 91 313 427 176 1 0 
0 0 0 17 140 506 350 11 0 0 4 60 285 542 132 1 0 5 73 284 486 174 2 0 
85 0 0 2 264 514 157 0 85 0 0 80 413 413 32 0 85 0 125 392 378 42 0 0 
32 5 64 189 334 319 77 4 32 8 67 228 376 265 48 0 44 85 243 348 251 50 3 0 
0 8 48 196 350 322 88 12 0 9 63 250 377 259 61 5 11 59 232 374 270 67 10 1 
3 10 35 139 260 413 157 7 4 22 69 182 335 350 62 0 23 59 182 320 360 77 3 0 
2 18 40 118 273 360 197 16 3 16 68 158 280 382 109 8 10 43 124 286 373 168 20 0 
140 145 183 145 149 153 100 9 136 127 182 166 152 160 92 9 194 182 138 118 142 153 88 9 
68 209 308 267 129 39 4 0 66 192 285 296 146 35 4 0 162 361 307 150 41 3 0 0 
1 27 113 288 369 209 16 1 1 32 153 400 319 111 7 1 36 174 392 296 118 6 1 1 
0 2 48 244 478 226 24 2 0 14 138 419 368 81 4 0 31 192 418 314 64 5 0 0 
0 7 41 147 370 390 64 5 2 12 84 276 461 180 9 0 19 115 304 442 132 10 2 0 
85 24 88 173 269 341 42 0 85 48 120 224 344 202 0 0 141 154 221 344 162 0 0 0 
35 12 65 183 278 319 117 15 35 18 92 203 305 284 83 4 64 92 199 315 252 87 15 0 
2 11 84 237 328 283 76 3 2 26 136 266 358 192 44 0 26 141 252 326 218 61 0 0 
4 81 250 327 243 100 17 2 7 150 311 300 205 44 7 0 150 278 301 202 81 11 1 0 
6 82 222 311 304 83 14 2 15 126 272 329 228 48 6 0 117 262 316 249 70 9 1 0 
0 1 34 66 185 515 223 0 0 0 35 67 187 512 223 0 4 10 31 63 183 485 248 0 
114 130 144 166 278 189 3 0 117 122 136 164 290 191 4 0 176 146 136 122 245 195 4 0 
113 105 181 269 247 91 18 0 116 132 238 279 193 57 9 0 177 219 313 215 77 22 1 0 
18 73 258 353 236 74 11 1 30 162 327 318 146 38 3 0 207 333 290 142 45 7 0 0 
32 95 217 240 218 158 59 5 41 139 238 264 191 124 26 1 215 221 277 172 117 19 3 0 
96 74 168 232 264 160 21 8 101 90 197 261 253 101 13 5 200 200 250 242 112 13 5 0 
32 12 88 227 295 235 121 14 33 19 96 277 307 208 77 7 63 128 271 245 212 86 19 0 
8 53 170 198 272 212 94 17 12 79 178 206 280 186 78 5 92 175 199 250 188 102 17 1 
36 199 314 315 130 27 3 0 36 203 294 320 143 25 3 0 250 299 307 132 31 5 0 0 
55 213 331 286 116 19 4 0 67 230 365 261 85 13 3 0 266 340 295 99 19 4 1 0 
15 54 102 258 426 164 5 0 14 53 97 249 432 174 5 0 24 61 110 206 409 208 6 0 
4 18 26 155 582 235 4 0 5 16 25 151 588 235 4 0 5 16 24 131 590 254 4 0 
90 119 175 249 241 104 45 1 107 127 178 237 254 96 25 0 164 191 221 243 146 56 3 0 
14 56 152 243 271 210 72 6 20 86 201 280 282 131 23 1 132 204 292 249 116 29 2 0 
63 148 232 246 220 86 26 3 72 150 257 266 187 78 12 2 249 273 263 163 59 14 3 0 
90 77 157 194 272 149 69 13 96 90 170 213 266 138 42 5 210 192 226 232 120 37 5 0 
34 56 241 347 223 105 18 0 38 49 239 354 219 107 18 0 107 243 328 215 100 28 3 0 
61 90 151 243 241 179 53 6 77 92 164 256 239 158 35 3 129 131 258 243 186 65 11 1 
160 194 291 240 112 18 7 2 165 191 263 242 134 16 11 2 287 330 239 126 27 13 1 1 
231 464 252 72 5 0 0 0 245 470 237 70 2 0 0 0 426 427 141 28 2 0 0 0 
5 45 218 448 289 19 0 0 5 50 228 458 265 18 0 0 14 84 254 437 223 12 0 0 
4 20 64 357 535 43 1 0 2 20 57 333 568 42 2 0 20 38 53 296 586 31 0 0 
41 140 357 301 137 41 6 1 26 97 323 360 169 42 5 2 198 378 254 140 42 10 2 0 
73 210 298 234 137 57 12 3 52 232 317 241 119 53 8 2 342 310 220 100 41 8 3 0 
47 214 320 241 133 59 10 0 30 198 315 270 148 53 10 0 312 320 217 114 49 10 2 0 
197 269 261 170 56 56 13 0 192 306 264 154 48 50 8 0 488 293 144 56 40 2 0 0 
1024 0 0 0 0 0 0 0 1024 0 0 0 0 0 0 0 1024 0 0 0 0 0 0 0 
1024 0 0 0 0 0 0 0 1024 0 0 0 0 0 0 0 1024 0 0 0 0 0 0 0 
1024 0 0 0 0 0 0 0 1024 0 0 0 0 0 0 0 1024 0 0 0 0 0 0 0 
1024 0 0 0 0 0 0 0 1024 0 0 0 0 0 0 0 1024 0 0 0 0 0 0 0 
1024 0 0 0 0 0 0 0 1024 0 0 0 0 0 0 0 1024 0 0 0 0 0 0 0 
1024 0 0 0 0 0 0 0 1024 0 0 0 0 0 0 0 1024 0 0 0 0 0 0 0 
1024 0 0 0 0 0 0 0 1024 0 0 0 0 0 0 0 1024 0 0 0 0 0 0 0 
1024 0 0 0 0 0 0 0 1024 0 0 0 0 0 0 0 1024 0 0 0 0 0 0 0 
1024 0 0 0 0 0 0 0 1024 0 0 0 0 0 0 0 1024 0 0 0 0 0 0 0 
1024 0 0 0 0 0 0 0 1024 0 0 0 0 0 0 0 1024 0 0 0 0 0 0 0 
