4 78 105 351 384 98 4 0 0 44 74 79 180 339 221 87 161 462 320 65 12 4 0 0 
66 318 324 144 56 22 88 6 17 220 374 151 81 33 35 113 385 335 177 70 54 3 0 0 
18 323 286 283 104 10 0 0 2 164 334 333 171 20 0 0 366 203 188 176 80 9 2 0 
3 207 253 258 139 59 43 62 0 121 212 199 152 134 69 137 241 313 216 134 78 34 8 0 
20 530 270 143 30 18 13 0 1 460 179 178 125 28 27 26 421 445 113 42 3 0 0 0 
320 439 198 60 7 0 0 0 140 421 214 97 120 31 1 0 778 185 52 9 0 0 0 0 
294 283 291 143 13 0 0 0 73 168 246 172 291 74 0 0 759 189 69 7 0 0 0 0 
426 256 160 105 58 19 0 0 350 180 165 146 81 75 27 0 722 142 109 32 17 2 0 0 
0 3 373 509 111 23 5 0 0 0 2 57 696 219 45 5 457 450 100 14 3 0 0 0 
0 67 370 327 153 48 59 0 0 28 349 174 94 161 129 89 81 377 359 181 26 0 0 0 
0 46 345 276 161 87 76 33 0 33 335 220 148 74 73 141 56 243 361 222 111 28 3 0 
3 74 380 302 197 62 5 1 0 56 316 292 261 80 13 6 88 191 267 238 162 62 15 1 
16 433 428 113 29 4 1 0 9 122 403 430 55 4 1 0 482 240 174 89 28 10 1 0 
258 618 118 30 0 0 0 0 29 371 354 193 58 19 0 0 929 92 3 0 0 0 0 0 
287 283 378 64 6 6 0 0 125 139 205 179 298 70 8 0 852 146 18 4 4 0 0 0 
633 167 92 105 24 3 0 0 521 207 69 82 80 60 5 0 808 109 89 18 0 0 0 0 
0 6 141 496 266 51 49 15 0 0 1 56 345 319 194 109 262 488 191 62 20 1 0 0 
6 113 344 384 122 33 21 1 0 23 100 220 367 203 61 50 460 375 142 39 7 1 0 0 
14 195 389 307 87 17 15 0 8 143 279 206 179 179 28 2 324 330 232 77 27 14 10 10 
10 253 412 219 77 30 23 0 12 262 408 213 75 30 24 0 41 348 286 199 79 30 22 19 
5 372 494 144 8 1 0 0 3 325 534 151 11 0 0 0 110 421 372 107 13 1 0 0 
288 448 204 76 8 0 0 0 171 272 426 97 45 13 0 0 635 221 116 41 11 0 0 0 
818 162 41 2 1 0 0 0 695 214 71 44 0 0 0 0 939 75 8 2 0 0 0 0 
968 52 4 0 0 0 0 0 962 58 4 0 0 0 0 0 994 26 4 0 0 0 0 0 
1 20 71 222 400 297 13 0 0 2 17 36 101 269 460 139 171 396 409 45 3 0 0 0 
15 172 177 143 250 263 4 0 1 94 113 101 128 152 356 79 248 382 352 42 0 0 0 0 
13 378 238 94 217 82 2 0 0 355 223 53 70 99 200 24 220 511 266 27 0 0 0 0 
0 62 669 190 87 15 1 0 0 137 629 157 75 23 3 0 18 564 275 115 44 8 0 0 
0 81 500 305 95 37 6 0 0 183 495 232 78 30 6 0 25 386 355 161 66 26 5 0 
331 293 180 116 61 39 4 0 188 370 252 112 63 36 3 0 488 222 125 84 59 36 10 0 
351 292 131 88 73 51 27 11 339 331 126 85 68 41 24 10 550 176 92 62 58 39 31 16 
541 112 334 31 6 0 0 0 546 194 265 14 5 0 0 0 731 248 38 7 0 0 0 0 
3 32 328 222 219 214 6 0 3 7 142 284 132 174 237 45 209 439 347 29 0 0 0 0 
0 72 512 184 152 93 10 1 7 57 438 220 116 93 89 4 192 446 227 73 49 27 8 2 
0 37 593 195 107 62 27 3 1 43 593 176 97 65 45 4 112 484 225 67 53 47 36 0 
0 2 309 288 228 144 49 4 0 19 319 298 186 148 52 2 16 214 241 220 153 121 51 8 
0 12 206 334 281 146 43 2 0 11 268 327 267 119 31 1 3 104 216 299 235 128 37 2 
0 19 120 193 261 249 140 42 0 13 135 204 245 244 145 38 0 37 120 159 236 195 191 86 
0 3 107 242 298 219 133 22 0 10 146 279 251 206 116 16 4 47 118 253 227 181 141 53 
0 24 474 340 159 25 2 0 0 108 487 303 110 15 1 0 44 327 278 201 145 26 3 0 
0 0 808 193 23 0 0 0 0 0 0 155 824 45 0 0 406 590 28 0 0 0 0 0 
0 3 333 372 205 85 24 2 0 1 110 406 354 123 27 3 47 348 260 156 115 64 29 5 
0 9 447 259 164 102 37 6 0 32 458 238 160 94 36 6 20 332 238 179 109 91 43 12 
0 7 310 296 226 130 50 5 0 13 341 286 218 121 40 5 3 160 261 222 198 115 56 9 
0 15 295 248 253 151 54 8 0 23 309 255 249 143 40 5 1 137 246 205 216 145 63 11 
0 23 176 269 230 211 100 15 0 18 191 278 225 210 92 10 0 41 217 217 196 197 110 46 
0 58 250 286 258 117 50 5 0 54 265 287 251 116 48 3 3 92 213 268 232 136 56 24 
0 6 237 396 277 89 18 1 0 14 264 391 254 83 17 1 0 45 249 352 252 95 26 5 
0 12 529 380 97 6 0 0 0 0 48 470 304 188 14 0 325 623 62 7 6 1 0 0 
0 10 357 523 125 9 0 0 0 0 178 471 235 109 31 0 143 654 213 13 1 0 0 0 
0 18 609 301 72 18 6 0 0 29 562 248 134 45 6 0 172 621 160 34 15 16 6 0 
0 5 260 257 244 198 57 3 0 8 334 242 222 170 45 3 30 192 172 187 188 158 85 12 
0 1 61 281 324 232 87 38 0 4 93 301 296 219 78 33 0 14 91 261 261 220 126 51 
0 0 30 245 302 215 166 66 0 0 38 259 294 219 156 58 0 0 34 199 256 212 180 143 
0 0 69 205 230 182 190 148 0 0 73 215 234 172 191 139 0 5 65 128 209 194 141 282 
0 0 58 218 244 183 234 87 0 0 71 211 253 178 229 82 0 0 63 180 188 192 154 247 
0 104 413 408 83 12 4 0 0 6 268 221 370 140 12 7 278 590 136 6 7 7 0 0 
0 106 751 156 11 0 0 0 0 29 721 229 34 11 0 0 444 542 38 0 0 0 0 0 
1 38 511 276 176 21 1 0 2 27 360 252 154 187 42 0 266 537 185 16 17 3 0 0 
0 10 381 298 242 86 7 0 0 5 308 254 234 189 34 0 129 310 193 143 142 87 20 0 
0 10 393 285 199 112 23 2 0 4 420 282 195 103 18 2 22 296 112 238 164 131 53 8 
0 4 319 162 196 178 121 44 0 17 295 196 184 173 116 43 31 214 91 125 139 166 142 116 
0 1 218 231 217 153 140 64 0 2 225 234 213 147 142 61 0 92 165 164 163 154 123 163 
0 46 257 221 158 94 133 115 0 4 260 264 160 94 122 120 0 127 191 175 149 85 88 209 
