1 129 569 199 88 34 4 0 0 57 448 337 115 51 14 2 23 386 464 110 38 3 0 0 
1 196 454 258 88 20 6 1 0 129 367 337 131 51 7 2 8 431 416 133 22 9 4 1 
0 46 435 321 101 50 46 25 0 23 319 348 201 52 47 34 3 152 473 208 111 46 23 8 
0 0 12 62 241 404 239 66 0 0 11 47 115 352 359 140 1 16 95 236 385 201 70 20 
0 0 3 43 158 340 363 117 0 0 0 23 87 233 411 270 5 45 172 249 212 197 112 32 
0 0 0 10 73 164 434 343 0 0 0 2 28 120 306 568 1 12 60 120 182 291 235 123 
0 34 114 117 127 158 294 180 0 31 112 100 96 140 217 328 5 80 177 201 158 166 211 26 
0 37 94 166 263 237 153 74 0 27 83 101 208 259 212 134 10 120 344 260 149 88 26 27 
0 0 11 140 327 301 187 58 0 0 1 68 274 316 243 122 1 47 277 366 196 86 44 7 
0 1 65 184 314 244 142 74 0 0 30 112 240 293 195 154 9 137 443 292 126 14 2 1 
0 1 66 226 318 191 128 94 0 0 37 147 313 236 144 147 0 36 220 403 274 60 28 3 
0 0 4 128 346 276 167 103 0 0 2 47 326 312 179 158 0 5 106 379 353 146 26 9 
0 1 33 34 156 437 288 75 0 0 23 33 90 297 461 120 1 18 58 133 361 388 57 8 
0 0 3 109 241 311 251 109 0 0 2 68 213 251 286 204 0 18 112 251 284 264 76 19 
0 0 88 373 108 136 154 165 0 0 89 355 94 124 135 227 0 2 149 496 183 141 48 5 
0 0 30 177 98 137 157 425 0 0 28 173 91 112 163 457 0 0 73 223 165 145 139 279 
0 0 0 3 22 74 195 730 0 0 0 3 20 56 163 782 0 0 0 14 88 152 245 525 
0 0 0 5 48 132 307 532 0 0 0 3 31 120 234 636 0 0 14 92 219 270 214 215 
0 0 10 459 149 122 153 131 0 0 8 450 135 117 140 174 0 1 74 543 220 118 52 16 
0 0 9 129 200 266 271 149 0 0 0 85 173 278 245 243 0 1 102 272 264 242 120 23 
0 0 0 44 346 267 234 133 0 0 0 3 151 359 299 212 0 6 59 430 325 183 21 0 
0 1 52 328 291 203 132 17 0 0 12 150 378 247 170 67 0 27 245 456 246 41 9 0 
0 44 239 416 248 74 3 0 0 15 109 297 362 202 37 2 2 80 464 396 80 2 0 0 
0 0 152 426 216 117 56 53 0 0 28 241 387 224 42 99 10 81 515 252 149 14 0 0 
0 88 417 308 127 62 21 1 0 54 323 336 199 76 32 4 22 258 436 200 69 32 6 1 
0 181 659 151 16 9 6 2 0 136 620 232 17 7 8 4 0 360 513 125 18 6 2 0 
0 22 428 176 130 141 87 40 0 6 395 142 188 147 104 42 2 356 232 124 138 108 52 12 
0 0 1 63 248 388 278 46 0 0 0 15 168 372 374 95 0 3 32 180 307 422 80 0 
0 0 3 31 111 310 446 123 0 0 0 7 61 203 476 277 2 18 109 190 253 365 82 5 
0 46 160 121 125 293 233 46 0 29 140 119 82 179 355 120 0 73 240 204 166 257 83 1 
1 32 48 17 105 254 476 91 0 23 48 24 41 179 379 330 0 25 67 136 219 343 226 8 
0 0 16 125 251 262 292 78 0 0 1 57 186 269 291 220 4 88 235 285 252 124 36 0 
0 0 73 174 248 264 207 58 0 0 12 125 222 273 227 165 3 118 378 330 150 26 15 4 
0 0 6 167 300 272 201 78 0 0 0 72 248 294 242 168 4 127 371 351 139 25 5 2 
0 1 48 192 269 225 213 76 0 0 19 121 215 273 222 174 15 164 302 301 176 64 2 0 
0 0 0 99 298 278 200 149 0 0 0 39 279 276 230 200 0 4 96 365 404 126 26 3 
0 0 16 33 70 288 422 195 0 0 11 21 62 137 435 358 1 12 46 147 343 374 92 9 
0 1 10 60 154 282 373 144 0 0 9 36 140 183 407 249 2 4 33 86 217 381 282 19 
0 0 300 132 152 118 165 157 0 0 280 139 149 98 155 203 0 3 312 170 183 192 133 31 
0 0 133 34 41 113 271 432 0 0 118 46 34 73 211 542 0 5 146 104 213 302 174 80 
0 0 0 23 71 140 366 424 0 0 0 8 54 119 277 566 0 5 34 140 296 356 157 36 
0 0 1 65 350 332 209 67 0 0 0 16 218 376 283 131 0 0 104 382 401 116 21 0 
0 0 97 513 241 110 37 26 0 0 34 516 241 134 59 40 0 11 148 653 196 16 0 0 
0 0 38 635 288 61 2 0 0 0 1 356 507 152 8 0 0 5 433 501 85 0 0 0 
0 0 27 561 247 116 61 12 0 0 4 324 422 155 73 46 0 27 433 439 107 17 1 0 
0 0 125 487 279 88 36 9 0 0 21 401 409 115 58 20 0 20 511 381 93 11 7 1 
0 13 653 341 12 3 2 0 0 1 125 775 118 3 1 1 0 13 767 232 8 2 2 0 
0 14 800 209 0 0 0 0 0 0 131 860 32 0 0 0 0 21 849 152 0 0 0 0 
6 284 217 213 166 77 37 24 3 250 190 189 181 119 62 30 38 405 301 149 85 35 9 2 
0 28 485 317 87 33 46 28 0 30 474 324 86 34 46 30 0 49 486 300 99 43 38 9 
0 25 596 82 115 85 73 48 0 10 610 55 136 82 71 60 0 489 171 134 108 90 32 0 
0 2 37 97 173 434 220 61 0 0 24 66 133 352 338 111 0 59 112 148 270 402 33 0 
0 15 97 299 263 228 88 34 0 11 32 185 338 274 136 48 2 49 403 210 166 145 37 12 
0 0 13 147 179 322 304 59 0 0 6 45 161 257 423 132 0 19 219 142 156 357 95 36 
0 0 0 4 118 316 536 50 0 0 0 1 22 235 521 245 0 0 5 108 309 492 110 0 
0 2 47 214 325 217 183 36 0 0 7 84 246 327 215 145 10 119 308 286 187 109 5 0 
0 0 87 402 282 145 93 15 0 0 7 206 387 219 130 75 3 158 501 294 55 12 1 0 
0 6 115 279 253 181 146 44 0 0 28 194 262 233 185 122 39 265 340 270 84 20 3 3 
0 0 20 124 246 242 210 182 0 0 1 73 160 298 211 281 3 58 274 334 249 77 23 6 
0 1 11 63 175 277 359 138 0 0 6 29 113 212 359 305 4 43 184 407 297 73 11 5 
0 0 0 21 82 275 375 271 0 0 0 8 58 169 356 433 0 4 85 290 334 185 96 30 
0 1 36 46 105 196 367 273 0 0 33 36 54 163 328 410 2 21 76 225 239 254 155 52 
0 0 229 188 201 120 158 128 0 0 221 194 172 111 138 188 0 5 325 245 306 106 31 6 
0 0 141 89 157 235 221 181 0 0 125 93 84 225 242 255 1 24 227 219 311 178 51 13 
0 0 62 238 342 220 90 72 0 0 40 144 342 280 120 98 0 6 121 382 368 126 20 1 
0 1 59 372 330 149 75 38 0 0 25 237 374 208 103 77 0 9 197 536 250 30 2 0 
0 0 221 570 200 26 6 1 0 0 141 482 346 44 8 3 0 1 348 547 121 6 1 0 
0 0 331 619 73 1 0 0 0 0 52 782 179 11 0 0 0 12 779 217 16 0 0 0 
0 0 104 580 244 83 12 1 0 0 18 462 387 132 23 2 0 22 528 389 78 7 0 0 
0 0 402 430 136 33 16 7 0 0 227 514 199 54 17 13 0 37 635 284 49 14 4 1 
0 6 246 426 188 105 45 8 0 0 84 355 344 157 63 21 0 40 440 412 102 30 0 0 
0 0 202 512 270 32 7 0 0 0 24 437 455 88 14 3 0 14 593 337 64 7 7 0 
1 36 83 188 159 236 221 100 1 34 29 155 178 197 243 187 25 192 212 196 261 129 7 2 
0 295 315 190 110 37 42 35 0 291 308 195 109 27 50 44 6 333 308 207 129 41 0 0 
0 95 715 116 45 43 9 1 0 68 647 202 44 44 17 2 0 313 555 98 37 20 1 0 
0 57 207 133 127 205 243 52 0 40 167 167 116 174 245 115 4 119 237 171 196 279 18 0 
0 2 7 103 346 419 121 26 0 2 3 17 196 504 248 54 4 25 150 310 329 188 18 0 
0 3 43 234 497 201 45 1 0 0 15 74 366 430 135 4 3 82 251 418 157 108 5 0 
0 3 18 329 505 139 25 5 0 0 10 38 452 432 78 14 3 53 265 512 155 21 13 2 
0 0 50 566 338 46 22 2 0 0 7 108 697 165 34 13 3 44 191 625 130 21 9 1 
0 3 150 685 147 24 14 1 0 1 28 452 454 58 21 10 7 74 424 465 52 2 0 0 
0 2 137 411 231 115 90 38 0 0 55 257 364 164 92 92 8 118 443 366 86 3 0 0 
0 1 197 176 232 183 138 97 0 0 84 196 189 239 140 176 12 124 427 276 152 31 2 0 
0 1 17 159 281 288 200 78 0 0 1 76 231 304 248 164 3 80 295 362 216 62 6 0 
0 0 5 45 336 328 208 102 0 0 0 27 150 399 256 192 0 26 228 364 272 99 28 7 
0 0 0 51 286 354 270 63 0 0 0 6 147 342 365 164 0 8 176 414 302 110 14 0 
0 5 308 227 123 136 149 76 0 3 289 232 109 96 142 153 9 51 429 302 175 49 8 1 
0 1 117 139 197 236 211 123 0 1 108 99 148 233 227 208 2 30 300 345 227 110 9 1 
0 0 22 205 251 184 140 222 0 0 7 125 272 188 166 266 0 13 197 365 249 129 53 18 
0 0 28 186 286 221 182 121 0 0 13 93 267 259 210 182 0 17 138 427 327 101 13 1 
0 0 290 446 185 56 31 16 0 0 225 451 213 71 37 27 0 2 543 304 141 28 6 0 
0 1 272 615 125 11 0 0 0 0 90 639 262 31 2 0 0 14 643 346 21 0 0 0 
0 6 311 445 178 55 24 5 0 3 199 468 232 85 28 9 0 56 583 300 61 19 5 0 
0 42 658 245 59 18 2 0 0 0 505 385 105 25 4 0 0 104 720 167 26 7 0 0 
0 24 548 336 68 45 3 0 0 3 192 581 168 56 23 1 0 39 688 253 39 4 1 0 
0 46 462 291 167 56 0 0 0 7 334 352 213 113 3 0 0 106 654 209 53 0 0 0 
0 21 118 290 320 205 57 13 0 6 74 227 292 263 127 35 15 213 371 259 149 16 1 0 
0 66 318 392 114 59 52 23 0 45 228 410 179 66 42 54 8 158 448 300 77 23 10 0 
0 203 513 192 64 15 13 24 0 180 492 215 79 20 13 25 0 383 433 134 28 18 8 20 
0 4 14 74 214 425 277 16 0 3 8 42 144 367 388 72 2 46 114 109 362 369 20 2 
0 0 3 56 268 523 166 8 0 0 0 13 116 498 357 40 0 2 33 127 418 379 65 0 
0 7 129 455 360 63 10 0 0 3 31 296 458 203 31 2 3 157 453 308 78 22 3 0 
0 0 478 458 82 3 3 0 0 0 253 442 283 41 2 3 0 51 781 183 7 2 0 0 
0 16 310 498 129 39 24 8 0 0 143 322 421 89 28 21 8 105 596 242 53 12 6 2 
0 1 96 494 257 68 69 39 0 0 12 207 513 150 68 74 11 68 403 460 72 9 1 0 
0 2 113 374 284 84 64 103 0 0 48 255 388 143 71 119 2 53 210 414 226 86 29 4 
0 2 79 326 277 174 117 49 0 1 25 203 349 186 148 112 3 57 381 397 143 33 9 1 
0 0 29 281 399 174 91 50 0 0 1 108 394 319 110 92 10 128 415 283 124 44 18 2 
0 0 14 211 390 272 98 39 0 0 3 96 364 335 158 68 4 59 272 374 245 62 8 0 
0 1 71 343 349 175 67 18 0 0 27 270 327 259 98 43 0 51 329 440 148 36 15 5 
0 0 351 352 183 61 48 29 0 0 297 325 236 52 62 52 0 16 500 351 139 15 3 0 
0 2 137 216 191 198 163 117 0 2 105 171 203 204 151 188 3 50 304 343 207 102 13 2 
0 0 15 144 291 281 198 95 0 0 4 68 266 277 244 165 0 15 167 428 294 96 21 3 
0 0 11 335 407 172 87 12 0 0 3 169 452 239 120 41 0 20 382 420 158 36 8 0 
0 2 345 381 197 71 26 2 0 0 298 383 215 87 39 2 0 24 509 364 108 19 0 0 
0 3 255 527 173 54 12 0 0 0 111 536 284 68 24 1 2 102 592 273 49 6 0 0 
1 14 360 216 168 162 85 18 0 6 232 297 170 158 126 35 1 62 472 278 148 55 8 0 
0 72 665 216 37 23 8 3 0 1 367 505 104 32 12 3 0 69 748 175 20 8 4 0 
0 21 525 396 67 14 1 0 0 0 200 590 185 43 5 1 1 47 649 305 22 0 0 0 
0 14 455 437 103 14 0 0 0 0 209 551 234 24 3 0 0 49 590 376 7 0 0 0 
0 8 96 323 268 180 107 42 0 3 46 202 342 216 129 86 5 129 303 324 182 56 18 7 
0 29 472 351 88 47 30 7 0 23 377 323 195 45 50 11 4 139 606 186 66 13 6 4 
0 69 613 223 72 26 13 8 0 41 567 220 148 27 11 10 0 355 499 112 29 16 12 1 
0 8 68 250 317 237 104 40 0 3 38 155 299 293 169 67 6 76 273 361 232 64 7 5 
0 3 34 223 462 193 84 25 0 1 23 120 403 299 112 66 7 85 205 426 263 35 3 0 
0 0 57 249 317 239 106 56 0 0 14 181 286 273 174 96 7 79 360 359 153 40 18 8 
0 4 255 312 181 137 81 54 0 0 117 366 197 147 110 87 16 123 472 280 105 25 3 0 
0 7 340 300 163 88 89 37 0 1 244 294 213 104 77 91 11 245 463 216 67 15 6 1 
0 6 215 522 201 54 22 4 0 1 105 436 321 107 46 8 0 68 468 409 63 12 4 0 
0 0 182 337 241 137 99 28 0 0 87 335 236 167 120 79 0 38 335 428 152 59 9 3 
0 0 46 186 232 178 204 178 0 0 20 134 206 198 177 289 7 103 352 312 219 31 0 0 
0 1 77 390 292 146 90 28 0 1 21 244 392 181 105 80 2 95 403 376 130 14 3 1 
0 0 27 361 318 168 92 58 0 0 1 190 385 216 139 93 1 141 405 297 142 33 4 1 
0 0 546 305 101 19 24 29 0 0 355 465 116 29 14 45 0 24 667 260 70 3 0 0 
0 18 478 240 235 30 17 6 0 2 453 244 246 51 14 14 0 35 540 195 230 21 3 0 
0 8 322 242 173 121 94 64 0 3 280 251 170 127 94 99 1 78 425 299 162 48 6 5 
0 2 87 298 250 218 110 59 0 0 16 273 255 235 148 97 1 43 394 322 190 52 13 9 
0 0 107 428 297 137 44 11 0 0 42 381 335 176 66 24 0 59 520 313 114 18 0 0 
0 1 258 414 190 108 42 11 0 0 224 419 182 119 59 21 0 19 473 364 152 14 2 0 
0 1 141 395 295 118 64 10 0 0 67 330 349 175 76 27 1 82 479 322 115 25 0 0 
0 3 87 275 306 226 111 16 0 0 29 197 326 271 153 48 0 60 309 404 185 55 9 2 
0 60 376 217 212 106 39 14 0 4 313 215 200 180 88 24 1 101 497 253 96 40 24 12 
0 9 117 541 286 56 13 2 0 0 33 291 501 158 34 7 0 57 437 447 58 18 5 2 
0 0 145 600 248 24 3 0 0 0 14 380 490 124 14 0 0 88 632 284 10 7 0 0 
0 15 114 374 334 105 54 28 0 3 81 274 401 150 70 45 16 102 273 350 206 60 16 1 
0 10 595 227 121 47 22 2 0 9 591 210 130 49 27 8 1 60 659 170 100 26 8 0 
0 85 738 197 4 0 0 0 0 79 708 212 25 0 0 0 0 325 607 92 0 0 0 0 
0 0 65 270 176 114 198 201 0 4 37 116 287 133 172 275 1 46 300 341 189 101 29 17 
0 0 17 167 264 210 183 183 0 0 7 109 240 194 210 264 4 61 214 398 205 95 44 3 
0 0 88 309 191 157 124 155 0 0 11 216 284 162 150 201 17 164 353 275 153 51 8 3 
0 38 572 267 67 31 30 19 0 1 367 424 125 42 34 31 9 136 758 88 26 6 1 0 
0 66 562 234 58 35 27 42 0 21 536 277 73 36 24 57 14 189 603 158 40 13 7 0 
0 34 421 386 147 36 0 0 0 12 286 458 190 70 8 0 0 93 567 309 54 1 0 0 
0 8 236 375 240 95 51 19 0 4 149 346 302 130 64 29 10 137 457 290 93 27 10 0 
0 10 456 334 116 49 24 35 0 3 300 436 135 73 35 42 1 72 553 271 76 45 5 1 
0 4 236 426 202 91 44 21 0 0 111 424 275 127 49 38 1 97 489 296 107 31 3 0 
0 4 204 516 179 64 39 18 0 1 127 398 323 98 49 28 6 86 606 237 68 15 4 2 
0 3 415 478 80 30 17 1 0 0 306 467 187 26 29 9 0 4 418 510 89 3 0 0 
0 0 468 366 69 43 57 21 0 0 394 418 86 26 62 38 0 15 529 359 103 16 1 1 
0 0 224 65 124 231 267 113 0 0 210 63 91 203 231 226 2 21 337 238 286 117 22 1 
0 0 49 194 344 256 141 40 0 0 16 132 291 317 190 78 1 65 265 374 209 85 21 4 
0 9 127 399 250 167 62 10 0 3 75 332 300 191 94 29 1 76 493 312 118 20 4 0 
0 0 244 455 209 94 22 0 0 0 208 442 219 118 37 0 0 40 463 408 110 3 0 0 
0 7 104 300 344 179 75 15 0 1 64 216 368 219 127 29 4 83 386 355 144 39 10 3 
0 8 137 369 384 99 25 2 0 1 59 235 435 234 51 9 2 138 502 300 69 13 0 0 
0 6 230 486 262 28 8 4 0 0 66 352 423 152 24 7 0 169 564 243 35 3 3 7 
0 10 238 501 177 58 26 14 0 0 42 419 396 105 43 19 2 85 510 263 76 43 27 18 
0 3 256 391 195 103 60 14 0 0 78 437 256 145 78 28 0 39 416 202 177 92 67 28 
0 3 72 270 415 165 65 34 0 0 51 196 366 256 92 63 13 132 376 365 126 12 0 0 
0 40 721 142 51 32 26 12 0 42 702 139 61 42 28 10 0 158 666 112 36 21 23 8 
0 15 785 218 6 0 0 0 0 9 753 237 25 0 0 0 0 174 713 137 0 0 0 0 
0 5 55 306 185 161 199 113 0 7 38 132 303 148 189 207 8 85 392 312 161 55 11 0 
0 1 32 142 204 191 234 220 0 0 9 123 155 204 210 323 2 79 273 275 279 102 13 1 
0 6 198 256 175 123 125 141 0 1 76 247 237 152 117 194 7 151 389 240 154 60 18 5 
0 51 612 324 32 0 3 2 0 6 289 532 185 7 2 3 0 172 739 106 6 1 0 0 
0 82 710 224 7 1 0 0 0 47 528 391 56 2 0 0 0 204 723 92 4 1 0 0 
0 54 530 411 22 6 1 0 0 19 252 565 172 10 6 0 0 112 668 236 8 0 0 0 
0 10 277 531 169 34 1 2 0 1 117 381 418 89 16 2 0 76 525 374 38 11 0 0 
0 29 384 477 115 17 2 0 0 7 264 454 257 35 6 1 0 71 644 241 56 11 1 0 
0 12 397 328 137 86 51 13 0 5 321 343 164 104 56 31 3 136 561 203 82 34 4 1 
0 6 124 171 122 210 269 122 0 2 84 182 108 160 250 238 9 84 279 385 205 50 10 2 
0 2 87 218 215 218 191 93 0 2 57 190 179 213 198 185 1 65 291 360 212 70 23 2 
0 6 150 424 275 102 53 14 0 4 112 381 277 142 73 35 0 41 320 487 142 24 3 7 
0 7 352 396 107 98 46 18 0 1 242 469 125 89 64 34 0 46 579 272 93 31 3 0 
0 31 206 381 267 96 37 6 0 11 156 269 368 158 54 8 1 141 473 304 86 16 3 0 
0 1 74 498 380 58 13 0 0 0 17 321 531 126 25 4 1 66 586 324 42 4 1 0 
0 6 318 500 173 21 4 2 0 3 261 501 222 29 5 3 1 56 553 344 65 4 1 0 
0 2 133 397 352 108 26 6 0 1 39 314 397 215 47 11 2 120 477 302 84 24 7 8 
0 2 70 341 408 138 52 13 0 0 7 170 424 295 84 44 1 28 172 449 222 85 45 22 
0 0 114 513 296 62 32 7 0 0 6 257 530 160 53 18 0 39 247 465 182 47 34 10 
0 3 195 590 169 52 14 1 0 1 36 387 463 106 24 7 1 68 406 374 116 41 13 5 
0 21 273 515 188 10 14 0 0 7 113 444 352 85 21 0 3 67 568 305 49 7 17 3 
0 0 75 751 157 35 6 0 0 0 9 224 707 66 17 1 0 6 617 350 44 6 1 0 
0 33 711 193 78 9 0 0 0 27 660 210 89 38 0 0 0 150 673 129 64 8 0 0 
0 17 539 342 118 8 0 0 0 11 510 353 142 8 0 0 0 311 397 224 87 5 0 0 
0 22 224 245 253 163 81 36 0 19 155 175 290 213 104 68 6 184 421 261 114 30 8 0 
0 2 60 197 267 202 149 147 0 0 23 130 265 253 160 193 6 123 319 242 132 90 63 49 
0 0 47 182 204 257 233 101 0 0 12 137 204 241 248 182 11 92 264 328 191 90 35 13 
0 0 82 180 206 241 211 104 0 0 35 166 197 215 208 203 5 93 309 338 189 60 18 12 
0 4 93 288 189 131 161 158 0 0 29 184 289 158 145 219 5 119 368 270 155 68 23 16 
0 15 168 229 158 145 170 139 0 8 114 201 190 137 157 217 19 164 312 262 188 53 17 9 
0 15 235 164 192 153 176 89 0 5 144 197 175 173 166 164 22 204 365 252 122 44 13 2 
0 39 276 185 157 156 137 74 0 8 276 168 143 154 143 132 20 180 341 232 146 69 25 11 
0 62 365 211 118 103 114 51 0 15 366 225 114 90 97 117 9 121 481 255 128 26 4 0 
0 63 325 392 109 63 51 21 0 21 274 357 204 70 51 47 10 190 514 228 72 10 0 0 
0 31 246 320 258 99 42 28 0 22 188 272 280 159 75 28 1 107 474 252 109 36 19 26 
0 3 161 400 282 97 56 25 0 2 92 330 376 122 69 33 0 68 393 336 137 43 23 24 
0 49 578 278 81 30 7 1 0 25 526 321 96 41 11 4 3 187 614 179 33 4 3 1 
0 78 449 313 142 35 7 0 0 32 390 304 219 65 13 1 3 194 561 204 53 9 0 0 
0 0 163 570 256 24 11 0 0 0 73 420 460 54 15 2 0 80 594 307 33 8 2 0 
0 6 357 470 173 13 5 0 0 2 270 502 216 24 9 1 2 58 562 324 73 5 0 0 
0 12 281 436 199 57 34 5 0 1 127 433 328 78 46 11 8 102 529 292 72 18 3 0 
0 0 109 584 277 45 8 1 0 0 15 327 522 136 22 2 1 58 496 375 73 18 3 0 
0 33 341 494 102 46 7 1 0 21 133 531 244 57 35 3 0 112 578 263 47 19 4 1 
1 39 390 447 95 42 7 3 0 18 215 505 207 51 22 6 3 87 586 231 62 41 11 3 
0 28 472 512 10 0 0 0 0 21 167 657 177 0 0 0 0 256 600 167 0 0 0 0 
0 73 158 481 254 32 16 10 0 59 114 191 472 149 25 14 0 107 283 459 156 18 1 0 
0 49 316 293 244 85 27 10 0 35 285 184 292 170 47 11 2 76 392 308 163 58 17 8 
0 13 139 367 391 82 23 9 0 8 101 159 439 269 36 12 2 59 275 423 194 43 23 5 
0 10 119 278 317 147 76 77 0 2 71 191 310 262 106 82 4 132 303 253 185 83 34 30 
0 0 55 197 284 194 169 125 0 0 34 89 265 249 190 197 2 107 315 320 198 58 21 3 
0 14 102 205 223 178 146 156 0 10 64 171 216 197 159 207 21 171 252 227 173 74 41 65 
0 18 91 253 267 215 123 57 0 7 64 173 261 261 158 100 13 198 338 252 141 39 30 13 
0 1 62 208 232 222 204 95 0 0 27 170 219 215 210 183 32 165 290 298 166 69 4 0 
0 17 206 155 156 184 185 121 0 8 163 156 143 163 176 215 33 200 315 259 157 46 10 4 
0 18 235 325 187 137 95 27 0 7 146 280 243 152 130 66 17 249 447 193 95 18 5 0 
0 19 386 272 169 95 57 26 0 7 347 227 206 112 76 49 14 207 489 203 71 27 6 7 
0 20 244 307 204 124 73 52 0 1 137 300 236 172 102 76 21 258 422 184 84 47 8 0 
0 135 350 310 125 54 36 14 0 62 327 299 193 77 40 26 11 312 435 183 50 17 12 4 
0 19 265 447 238 40 12 3 0 8 147 390 354 99 21 5 4 213 597 166 38 6 0 0 
0 12 350 357 166 74 30 35 0 9 307 356 199 78 36 39 3 84 439 279 125 38 28 28 
0 29 574 283 103 20 4 11 0 14 489 323 127 53 5 13 8 215 670 107 13 11 0 0 
0 92 341 451 125 15 0 0 0 34 241 381 298 63 7 0 8 293 587 118 18 0 0 0 
0 6 344 535 117 20 2 0 0 0 151 600 227 43 2 1 0 93 740 164 16 7 4 0 
0 7 381 525 97 11 3 0 0 5 289 571 137 18 4 0 0 57 521 390 55 1 0 0 
0 6 156 444 290 107 21 0 0 3 86 348 373 175 37 2 1 110 482 311 98 19 3 0 
0 9 233 625 139 18 0 0 0 2 86 574 325 36 1 0 0 76 531 376 41 0 0 0 
0 20 403 521 73 5 2 0 0 10 162 621 206 22 3 0 1 111 702 195 13 2 0 0 
0 119 620 222 40 20 3 0 0 22 496 355 114 27 10 0 9 437 489 61 21 7 0 0 
0 64 444 408 81 24 0 0 0 10 327 337 288 49 10 0 14 412 522 64 7 3 0 0 
0 4 215 377 366 48 12 2 0 0 33 335 399 228 17 12 0 35 353 347 269 20 0 0 
0 7 315 444 207 34 9 8 0 0 81 461 375 85 14 8 0 95 593 260 49 13 9 5 
0 1 115 401 306 95 41 65 0 0 58 203 464 173 59 67 0 42 273 434 137 49 38 51 
0 23 184 324 271 121 72 29 0 2 114 212 362 185 87 62 6 129 403 311 125 33 15 2 
0 11 273 219 146 127 102 146 0 0 137 240 205 130 112 200 7 113 447 221 114 67 35 20 
0 9 350 299 138 92 82 54 0 1 170 352 206 113 105 77 8 155 516 193 89 34 22 7 
0 5 179 343 211 169 93 24 0 2 94 282 276 173 132 65 11 162 430 256 123 38 4 0 
0 1 187 406 281 88 39 22 0 0 77 362 382 123 41 39 2 150 355 318 153 40 4 2 
0 6 250 399 202 89 56 22 0 3 144 332 327 113 66 39 18 226 343 298 109 21 9 0 
0 31 209 406 187 102 67 22 0 13 100 349 308 102 100 52 9 247 443 228 74 13 7 3 
0 18 494 258 132 94 23 5 0 4 395 261 187 103 63 11 12 256 633 100 21 2 0 0 
0 31 242 306 230 137 65 13 0 18 194 282 237 169 90 34 15 172 480 234 97 25 1 0 
0 19 182 322 304 138 53 6 0 11 136 260 335 182 82 18 14 132 448 338 75 14 3 0 
0 16 504 410 82 10 2 0 0 9 306 549 137 19 3 1 1 187 625 194 17 0 0 0 
0 12 380 500 126 6 0 0 0 3 267 552 182 18 2 0 0 85 597 305 37 0 0 0 
0 20 451 441 90 18 3 1 0 8 259 555 162 32 7 1 4 175 669 144 26 5 1 0 
0 66 353 410 146 42 6 1 0 23 250 391 246 91 20 3 4 250 583 136 33 11 7 0 
0 23 331 526 134 8 2 0 0 4 206 501 271 40 2 0 2 135 674 191 16 5 1 0 
0 4 475 505 40 0 0 0 0 0 387 537 98 2 0 0 0 75 599 322 28 0 0 0 
0 78 526 372 47 1 0 0 0 62 318 493 145 6 0 0 0 296 661 67 0 0 0 0 
0 38 694 280 12 0 0 0 0 5 399 555 64 1 0 0 0 375 618 30 1 0 0 0 
0 61 726 220 17 0 0 0 0 0 505 452 65 2 0 0 0 444 564 16 0 0 0 0 
0 158 580 198 74 14 0 0 0 43 507 309 122 40 3 0 4 447 456 78 28 10 1 0 
0 277 501 199 24 21 0 0 0 17 579 309 81 21 14 0 21 693 245 49 14 0 0 0 
0 36 571 252 94 46 19 6 0 18 483 313 122 49 25 14 9 143 656 164 32 20 0 0 
0 10 602 277 100 9 14 12 0 2 477 346 163 12 12 12 2 222 480 229 61 14 4 12 
0 1 83 483 368 44 23 22 0 2 62 166 518 227 25 24 0 39 220 535 166 26 26 12 
0 122 342 209 183 105 48 15 0 21 284 268 211 148 68 24 23 297 378 160 113 29 20 4 
0 71 297 226 223 125 56 26 0 13 138 319 233 185 95 41 22 257 472 157 61 25 13 17 
0 32 326 359 168 79 41 19 0 17 187 350 273 97 60 40 19 266 449 183 79 25 3 0 
0 16 504 307 95 44 26 32 0 1 183 516 188 55 36 45 11 223 515 216 51 8 0 0 
0 76 346 267 141 89 74 31 0 4 214 368 175 103 95 65 26 233 449 256 55 5 0 0 
0 137 488 125 86 91 45 52 0 15 405 278 98 91 64 73 25 373 457 106 49 9 4 1 
0 90 339 196 198 126 56 19 0 67 282 219 159 162 98 37 31 274 449 158 54 38 17 3 
0 59 886 43 18 7 7 4 0 32 887 63 24 7 7 4 0 147 790 55 14 7 10 1 
0 99 309 315 291 10 0 0 0 91 283 314 307 28 1 0 1 163 334 275 241 10 0 0 
0 200 492 221 88 22 1 0 0 192 470 217 109 32 4 0 4 291 471 220 38 0 0 0 
0 90 740 153 25 11 5 0 0 32 718 221 31 16 5 1 2 268 672 66 13 3 0 0 
0 31 624 305 41 15 7 1 0 9 486 424 79 15 9 2 7 288 601 111 11 6 0 0 
0 31 627 334 31 1 0 0 0 11 535 425 50 3 0 0 1 228 675 112 8 0 0 0 
0 41 556 317 93 15 1 1 0 14 380 468 131 27 3 1 2 205 652 117 38 8 1 1 
0 18 626 344 32 3 1 0 0 2 224 680 108 9 1 0 0 168 755 93 5 3 0 0 
0 6 653 358 7 0 0 0 0 0 508 488 28 0 0 0 0 99 665 254 6 0 0 0 
0 112 699 213 0 0 0 0 0 86 477 449 12 0 0 0 0 198 753 73 0 0 0 0 
0 23 797 204 0 0 0 0 0 1 339 656 28 0 0 0 1 334 676 13 0 0 0 0 
0 158 725 129 12 0 0 0 0 45 642 299 35 3 0 0 14 539 453 16 2 0 0 0 
0 134 723 120 29 18 0 0 0 23 550 368 51 24 8 0 15 558 405 43 2 1 0 0 
0 145 817 60 0 0 0 0 0 7 792 213 10 0 0 0 0 583 416 24 0 0 0 0 
0 10 596 299 73 24 15 7 0 6 467 403 89 34 9 16 0 54 672 221 65 8 4 0 
0 8 595 219 118 48 27 9 0 6 568 185 166 57 28 14 1 57 658 195 74 27 10 2 
0 4 625 267 68 32 17 11 0 4 611 277 63 52 14 3 0 143 583 233 24 29 10 2 
0 21 428 230 163 96 53 33 0 9 376 193 198 133 67 48 18 417 326 148 69 29 5 12 
1 41 436 349 131 41 15 10 0 13 289 413 197 76 25 11 24 202 435 269 65 12 7 10 
0 176 537 186 72 33 18 2 0 160 530 190 61 52 22 9 5 295 506 178 39 1 0 0 
0 45 563 329 81 6 0 0 0 17 284 487 194 41 1 0 0 97 609 256 61 1 0 0 
0 73 461 394 89 7 0 0 0 7 198 540 239 40 0 0 2 173 508 270 68 3 0 0 
0 230 658 126 9 1 0 0 0 85 689 234 15 1 0 0 0 221 662 131 9 1 0 0 
0 241 644 91 27 21 0 0 0 232 625 117 26 16 8 0 0 237 612 121 35 12 7 0 
0 401 286 236 74 22 5 0 0 401 293 236 69 21 4 0 0 385 298 241 72 23 5 0 
0 354 439 157 61 13 0 0 0 292 445 207 67 13 0 0 0 382 412 161 56 13 0 0 
0 264 449 245 64 2 0 0 0 263 419 251 86 5 0 0 0 213 428 149 184 49 1 0 
0 72 884 64 4 0 0 0 0 45 883 92 4 0 0 0 0 75 814 121 13 1 0 0 
0 18 835 127 32 9 3 0 0 1 694 269 38 19 3 0 1 246 665 54 24 24 9 1 
0 35 834 149 6 0 0 0 0 3 601 395 23 2 0 0 0 277 695 46 6 0 0 0 
0 52 895 71 6 0 0 0 0 6 762 241 14 1 0 0 0 367 633 21 3 0 0 0 
0 46 782 151 38 7 0 0 0 5 718 251 43 7 0 0 0 289 575 117 37 6 0 0 
0 14 749 259 2 0 0 0 0 0 691 331 2 0 0 0 0 156 633 233 2 0 0 0 
0 96 786 142 0 0 0 0 0 73 563 385 3 0 0 0 0 250 755 19 0 0 0 0 
0 101 864 57 2 0 0 0 0 16 724 277 7 0 0 0 3 483 531 7 0 0 0 0 
0 172 799 42 11 0 0 0 0 6 701 301 10 6 0 0 5 761 256 2 0 0 0 0 
0 102 786 128 8 0 0 0 0 3 561 385 73 2 0 0 0 611 403 10 0 0 0 0 
0 99 917 7 0 0 0 0 0 0 867 156 0 0 0 0 0 629 394 0 0 0 0 0 
0 28 262 348 228 70 55 33 0 12 232 227 300 143 54 56 5 169 483 238 113 16 0 0 
0 3 640 176 150 24 9 22 0 0 618 139 166 61 14 26 0 272 541 152 45 11 3 0 
0 3 621 338 51 6 4 1 0 10 588 353 63 5 4 1 0 119 592 290 15 5 3 0 
0 22 426 261 179 73 46 17 0 28 344 213 222 129 53 35 8 391 311 209 80 21 4 0 
0 14 416 335 137 79 37 6 0 6 211 417 219 108 48 15 2 64 536 303 47 49 21 2 
0 79 575 256 58 33 20 3 0 39 381 436 92 37 31 8 0 127 500 312 56 13 11 5 
0 36 712 205 44 16 6 5 0 4 274 586 118 28 6 8 0 86 698 175 43 13 5 4 
0 98 553 306 64 3 0 0 0 38 433 392 148 13 0 0 0 161 545 241 73 4 0 0 
0 299 549 166 10 0 0 0 0 240 560 198 25 1 0 0 0 335 529 150 10 0 0 0 
1 62 189 275 357 136 4 0 0 47 177 217 369 196 18 0 1 74 205 200 208 233 98 5 
1 501 409 100 13 0 0 0 1 469 397 119 38 0 0 0 5 563 393 60 3 0 0 0 
0 500 470 46 8 0 0 0 0 436 505 69 14 0 0 0 0 499 491 34 0 0 0 0 
0 155 162 155 205 305 41 1 0 148 147 140 185 296 103 5 0 142 116 105 143 183 271 64 
0 9 149 228 321 236 81 0 0 5 114 216 293 256 137 3 0 0 65 169 215 282 185 108 
0 25 603 168 112 94 22 0 0 5 499 253 125 108 34 0 0 145 485 115 100 94 65 20 
0 184 838 2 0 0 0 0 0 18 974 32 0 0 0 0 0 620 404 0 0 0 0 0 
0 256 741 20 7 0 0 0 0 55 931 30 7 1 0 0 0 463 517 36 6 2 0 0 
0 41 964 19 0 0 0 0 0 1 954 69 0 0 0 0 0 186 817 21 0 0 0 0 
0 24 697 295 8 0 0 0 0 3 640 364 15 2 0 0 2 167 659 194 2 0 0 0 
0 155 711 154 4 0 0 0 0 110 569 318 26 1 0 0 3 373 605 40 3 0 0 0 
0 94 805 120 5 0 0 0 0 13 569 411 31 0 0 0 8 644 356 16 0 0 0 0 
0 152 849 23 0 0 0 0 0 24 893 107 0 0 0 0 1 819 199 5 0 0 0 0 
0 149 836 37 2 0 0 0 0 0 922 93 9 0 0 0 0 716 277 31 0 0 0 0 
0 384 640 0 0 0 0 0 0 35 967 21 0 0 0 0 0 782 241 0 0 0 0 0 
0 55 781 142 41 5 0 0 0 57 767 144 48 8 0 0 0 535 362 96 27 4 0 0 
0 25 657 214 110 18 0 0 0 10 639 206 137 31 1 0 0 277 426 199 107 15 0 0 
0 5 700 190 108 10 11 0 0 10 681 203 102 19 9 0 0 166 591 172 81 6 8 0 
0 143 473 177 145 67 15 4 0 46 442 238 175 86 28 9 0 392 313 221 62 22 7 7 
0 78 601 212 64 27 17 25 0 22 337 462 111 48 15 29 2 150 585 175 60 18 11 23 
0 42 653 237 55 24 8 5 0 22 532 343 69 36 15 7 1 110 654 221 21 8 4 5 
0 182 570 174 49 40 9 0 0 152 488 258 51 56 17 2 5 339 569 99 12 0 0 0 
0 355 660 9 0 0 0 0 0 239 699 86 0 0 0 0 1 495 527 1 0 0 0 0 
0 699 183 60 80 2 0 0 0 690 189 51 88 6 0 0 0 672 189 31 48 79 5 0 
0 34 246 399 304 41 0 0 0 29 209 367 351 67 1 0 0 6 99 252 308 306 52 1 
0 131 561 276 56 0 0 0 0 126 556 282 60 0 0 0 0 112 315 424 142 31 0 0 
0 140 669 152 45 16 2 0 0 123 650 172 60 17 2 0 2 112 582 234 38 32 15 9 
0 19 213 235 155 122 196 84 0 5 111 267 188 144 160 149 0 39 178 194 98 109 138 268 
0 8 93 129 128 175 367 124 0 3 66 129 116 154 322 234 0 5 61 107 90 118 181 462 
0 57 707 187 57 11 5 0 0 25 679 237 58 20 5 0 0 97 637 173 76 27 10 4 
0 271 492 131 102 25 3 0 0 140 576 154 111 37 6 0 0 435 258 117 118 70 24 2 
0 241 634 130 19 0 0 0 0 102 717 169 34 2 0 0 0 380 454 155 32 3 0 0 
0 235 738 48 3 0 0 0 0 58 878 77 11 0 0 0 1 573 412 36 2 0 0 0 
0 56 676 283 8 1 0 0 0 6 614 378 24 2 0 0 1 169 569 276 9 0 0 0 
0 197 706 120 1 0 0 0 0 142 622 247 13 0 0 0 7 525 458 33 1 0 0 0 
0 238 763 23 0 0 0 0 0 56 826 139 3 0 0 0 6 773 241 4 0 0 0 0 
0 290 683 47 4 0 0 0 0 64 835 108 17 0 0 0 0 713 274 34 3 0 0 0 
0 144 811 63 6 0 0 0 0 17 722 277 8 0 0 0 1 598 417 4 4 0 0 0 
0 131 817 74 0 0 0 0 0 42 832 149 0 0 0 0 0 679 334 10 0 0 0 0 
0 121 590 125 128 57 2 1 0 26 675 115 141 64 2 1 0 561 179 132 110 40 1 1 
0 22 706 189 97 10 0 0 0 43 686 179 102 14 0 0 0 483 315 154 65 7 0 0 
0 0 688 189 110 35 2 0 0 0 665 209 111 37 2 0 0 107 642 146 107 21 1 0 
0 69 432 234 168 90 28 3 0 55 412 206 202 107 36 6 2 397 217 238 118 39 11 2 
0 143 420 259 126 47 27 2 0 131 319 272 179 71 38 14 10 222 480 226 70 13 3 0 
0 201 543 204 46 21 7 2 0 192 518 229 33 39 9 4 1 233 556 194 26 11 3 0 
0 435 538 51 0 0 0 0 0 440 484 100 0 0 0 0 0 461 527 36 0 0 0 0 
0 719 185 45 61 14 0 0 0 712 190 39 57 25 1 0 0 694 185 39 23 40 41 2 
0 225 85 120 215 322 57 0 0 225 74 97 175 323 130 0 0 195 66 59 72 160 299 173 
0 130 360 115 137 252 30 0 0 123 325 134 98 248 96 0 0 38 314 165 74 75 227 131 
0 102 741 87 21 41 32 0 0 93 737 86 29 29 43 7 0 35 590 269 37 16 31 46 
0 25 211 91 93 237 347 20 0 19 202 97 59 216 275 156 0 8 152 119 43 63 191 448 
0 1 34 180 235 184 264 126 0 0 26 111 247 210 202 228 0 0 13 90 163 166 173 419 
0 4 58 209 355 182 187 29 0 4 38 191 364 142 178 107 0 1 29 99 340 175 133 247 
0 69 740 162 45 8 0 0 0 37 727 190 60 10 0 0 1 107 672 148 77 16 3 0 
0 262 604 100 46 6 5 1 0 197 628 128 53 12 5 1 0 367 466 106 56 21 5 3 
0 214 543 204 53 10 0 0 0 139 565 244 65 11 0 0 0 235 434 232 90 28 5 0 
0 205 718 93 8 0 0 0 0 15 855 137 17 0 0 0 0 504 412 91 15 2 0 0 
0 199 686 139 0 0 0 0 0 31 834 159 0 0 0 0 0 433 451 140 0 0 0 0 
0 420 604 0 0 0 0 0 0 239 770 15 0 0 0 0 2 857 165 0 0 0 0 0 
0 551 473 0 0 0 0 0 0 119 904 1 0 0 0 0 1 970 53 0 0 0 0 0 
0 448 554 22 0 0 0 0 0 92 836 96 0 0 0 0 7 784 229 4 0 0 0 0 
0 172 795 57 0 0 0 0 0 106 804 114 0 0 0 0 0 616 395 13 0 0 0 0 
0 305 711 7 0 0 0 0 0 209 775 39 0 0 0 0 7 728 288 0 0 0 0 0 
0 14 447 64 356 138 5 0 0 27 432 53 342 162 8 0 0 346 126 136 351 62 3 0 
0 138 559 191 98 31 7 0 0 103 579 199 97 38 8 0 1 341 450 147 66 17 2 0 
0 4 677 215 102 23 3 0 0 0 667 214 110 29 4 0 0 154 610 189 65 6 0 0 
0 138 325 190 302 64 5 0 0 110 347 159 307 96 5 0 1 362 155 274 214 18 0 0 
0 7 169 454 325 57 8 4 0 6 143 391 394 75 11 4 0 20 279 484 184 41 12 4 
0 43 244 335 288 77 24 13 0 35 202 332 314 101 27 13 0 30 220 407 256 79 20 12 
3 280 260 164 200 90 27 0 1 279 247 132 193 127 43 2 5 259 317 204 142 51 25 21 
2 30 28 237 403 241 82 1 1 30 14 108 447 284 137 3 0 19 94 248 216 157 157 133 
0 0 5 89 375 334 220 1 0 0 0 25 262 388 334 15 0 5 52 170 144 164 179 310 
0 1 114 425 296 137 46 5 0 0 27 217 468 222 72 18 1 42 237 220 241 135 111 37 
0 1 103 730 136 44 10 0 0 0 10 521 386 84 22 1 0 32 236 399 264 44 42 7 
0 26 204 715 55 18 6 0 0 13 124 687 171 18 10 1 2 28 196 593 164 24 13 4 
0 22 138 595 265 4 0 0 0 7 92 549 371 5 0 0 0 72 138 494 313 4 3 0 
0 195 488 217 124 0 0 0 0 176 377 332 139 0 0 0 0 294 406 178 146 0 0 0 
0 178 432 173 80 83 64 14 0 123 430 203 95 73 71 29 0 219 329 157 106 68 65 80 
0 264 706 31 18 5 0 0 0 97 858 40 23 6 0 0 0 577 389 21 23 12 2 0 
1 370 606 26 6 7 7 1 0 176 777 48 7 8 7 1 0 527 449 24 6 6 6 6 
1 347 549 121 3 3 0 0 1 83 789 145 3 3 0 0 0 443 464 109 4 3 1 0 
0 155 851 17 1 0 0 0 0 29 963 30 2 0 0 0 1 402 603 17 1 0 0 0 
1 524 497 2 0 0 0 0 0 236 773 15 0 0 0 0 12 936 76 0 0 0 0 0 
0 472 500 48 4 0 0 0 0 88 825 95 16 0 0 0 10 852 137 25 0 0 0 0 
0 454 549 21 0 0 0 0 0 119 835 68 2 0 0 0 0 835 182 7 0 0 0 0 
0 480 521 18 5 0 0 0 0 277 689 51 7 0 0 0 9 874 128 12 1 0 0 0 
0 451 554 17 0 0 0 0 0 213 714 96 0 0 0 0 3 757 263 0 0 0 0 0 
0 27 270 202 416 108 1 0 0 33 259 191 412 128 1 0 0 198 157 278 367 23 1 0 
0 88 741 130 55 9 1 0 0 43 775 138 57 10 1 0 0 485 395 99 38 7 0 0 
0 14 705 276 28 1 0 0 0 24 668 303 27 2 0 0 0 242 631 139 12 0 0 0 
0 157 333 206 263 63 2 0 0 130 312 208 288 84 2 0 0 425 214 226 146 12 1 0 
0 9 160 385 375 75 17 3 0 3 113 395 404 85 19 5 1 73 263 367 262 46 9 3 
0 6 130 320 486 78 4 0 0 2 88 261 542 124 7 0 8 79 198 540 180 19 0 0 
0 13 224 416 236 59 44 32 0 3 139 382 330 86 45 39 6 152 418 264 104 32 32 16 
0 2 179 626 180 20 14 3 0 0 53 434 462 55 13 7 2 170 583 225 25 9 8 2 
0 0 102 472 385 50 11 4 0 0 4 221 488 276 25 10 3 128 445 318 77 31 12 10 
0 7 256 465 279 17 0 0 0 0 26 332 449 205 12 0 13 306 511 162 23 7 2 0 
0 103 593 285 35 7 1 0 0 8 270 535 185 22 4 0 25 499 397 79 16 7 1 0 
0 24 592 363 45 0 0 0 0 1 176 718 128 1 0 0 2 190 519 246 60 7 0 0 
0 15 332 619 58 0 0 0 0 5 278 657 84 0 0 0 0 31 256 506 226 5 0 0 
0 676 225 117 6 0 0 0 1 664 257 94 8 0 0 0 2 676 146 178 16 6 0 0 
2 146 447 280 123 26 0 0 0 116 410 325 145 28 0 0 0 143 340 259 189 82 11 0 
0 644 361 19 0 0 0 0 0 489 512 23 0 0 0 0 0 796 221 7 0 0 0 0 
0 394 628 2 0 0 0 0 0 205 796 23 0 0 0 0 0 536 483 5 0 0 0 0 
0 240 645 129 9 1 0 0 0 102 748 161 12 1 0 0 2 423 471 117 10 1 0 0 
0 155 821 48 0 0 0 0 0 63 897 64 0 0 0 0 0 383 610 31 0 0 0 0 
0 714 305 5 0 0 0 0 0 523 494 7 0 0 0 0 7 923 91 3 0 0 0 0 
0 749 267 8 0 0 0 0 0 478 507 37 2 0 0 0 17 937 68 2 0 0 0 0 
1 635 379 9 0 0 0 0 1 350 636 37 0 0 0 0 12 907 103 2 0 0 0 0 
2 412 556 50 4 0 0 0 0 261 692 65 6 0 0 0 13 760 221 28 2 0 0 0 
0 572 444 7 0 0 0 0 0 341 664 17 0 0 0 0 3 849 167 3 0 0 0 0 
0 10 127 338 390 158 1 0 0 16 105 333 391 169 10 0 1 46 255 417 293 12 0 0 
0 79 525 234 175 9 2 0 0 61 528 218 200 14 3 0 0 456 289 240 37 2 0 0 
0 22 818 181 3 0 0 0 0 42 776 195 11 0 0 0 0 373 584 67 0 0 0 0 
0 187 439 226 126 32 10 4 0 223 339 241 165 42 9 5 17 548 272 125 44 10 5 3 
0 31 306 343 161 97 63 23 0 22 217 385 188 101 73 38 13 186 478 227 81 37 2 0 
0 136 564 210 58 27 22 7 0 73 490 302 90 36 24 9 16 440 379 111 37 23 18 0 
0 107 579 222 62 35 14 5 0 49 401 403 99 44 21 7 52 607 277 42 19 15 10 2 
0 162 713 144 5 0 0 0 0 110 588 304 22 0 0 0 6 644 352 20 2 0 0 0 
0 301 613 96 14 0 0 0 0 166 591 225 35 7 0 0 10 774 206 23 11 0 0 0 
0 277 513 185 49 0 0 0 0 171 461 245 126 21 0 0 29 749 203 37 6 0 0 0 
0 260 520 222 22 0 0 0 0 127 505 324 65 3 0 0 79 657 254 31 3 0 0 0 
0 101 714 203 6 0 0 0 0 55 518 416 35 0 0 0 1 365 526 126 6 0 0 0 
0 34 314 383 93 73 74 53 0 20 204 437 147 72 71 73 0 39 262 276 208 81 61 97 
1 61 166 160 251 169 153 63 0 46 145 151 232 199 151 100 0 62 117 104 151 230 178 182 
0 21 142 244 279 166 135 37 0 16 115 228 268 183 152 62 0 5 76 149 252 246 157 139 
0 593 400 16 10 4 1 0 0 543 448 18 10 4 1 0 0 685 302 18 12 5 2 0 
6 483 306 139 58 26 6 0 1 438 330 147 73 27 8 0 2 502 255 124 73 43 21 4 
0 371 524 104 14 11 0 0 0 226 631 140 15 12 0 0 10 457 416 112 14 10 5 0 
0 359 630 35 0 0 0 0 0 256 718 50 0 0 0 0 0 522 466 36 0 0 0 0 
0 820 199 5 0 0 0 0 0 742 273 9 0 0 0 0 2 928 85 9 0 0 0 0 
4 682 305 32 1 0 0 0 0 563 393 67 1 0 0 0 23 789 177 34 1 0 0 0 
0 632 375 17 0 0 0 0 0 273 718 33 0 0 0 0 9 848 159 8 0 0 0 0 
4 645 349 24 2 0 0 0 1 432 518 71 2 0 0 0 11 778 220 15 0 0 0 0 
3 999 21 0 0 0 0 0 0 928 96 0 0 0 0 0 32 984 7 0 0 0 0 0 
0 14 269 471 235 35 0 0 0 14 259 435 281 35 0 0 0 138 428 377 79 2 0 0 
0 48 507 349 113 7 0 0 0 47 485 347 135 10 0 0 0 433 347 212 32 0 0 0 
0 106 579 319 20 0 0 0 0 169 445 380 30 0 0 0 0 527 360 132 5 0 0 0 
0 297 392 242 81 11 1 0 0 345 316 242 108 12 1 0 10 546 281 153 31 2 1 0 
0 50 319 483 149 18 5 0 0 33 263 474 226 20 8 0 5 210 497 262 45 3 2 0 
1 219 525 207 43 20 7 2 0 123 526 271 64 22 15 3 19 464 413 103 21 4 0 0 
0 483 508 27 6 0 0 0 0 289 639 89 6 1 0 0 49 873 91 10 1 0 0 0 
0 656 350 18 0 0 0 0 0 541 428 54 1 0 0 0 22 915 85 2 0 0 0 0 
6 681 315 22 0 0 0 0 6 636 349 33 0 0 0 0 23 850 147 4 0 0 0 0 
3 678 321 22 0 0 0 0 2 647 342 30 3 0 0 0 54 839 131 0 0 0 0 0 
0 736 232 51 3 0 2 0 1 728 231 59 3 0 2 0 37 775 197 11 2 0 2 0 
0 277 645 92 9 1 0 0 0 196 694 123 10 1 0 0 1 446 502 67 8 0 0 0 
0 345 598 74 7 0 0 0 0 177 742 95 10 0 0 0 2 625 329 60 8 0 0 0 
0 214 531 163 72 32 12 0 0 133 598 170 76 35 11 1 2 369 370 146 86 36 14 1 
0 161 606 186 68 3 0 0 0 81 616 246 75 6 0 0 0 318 446 173 79 8 0 0 
0 438 540 38 7 1 0 0 0 204 746 64 8 2 0 0 2 824 144 43 10 1 0 0 
0 795 227 2 0 0 0 0 0 622 396 6 0 0 0 0 2 919 103 0 0 0 0 0 
1 581 398 44 0 0 0 0 0 439 519 66 0 0 0 0 8 639 359 18 0 0 0 0 
0 518 506 0 0 0 0 0 0 450 569 5 0 0 0 0 5 628 391 0 0 0 0 0 
0 691 319 13 1 0 0 0 0 636 373 14 1 0 0 0 8 845 160 10 1 0 0 0 
6 640 344 23 8 3 0 0 2 376 579 55 9 2 1 0 23 746 224 20 8 3 0 0 
1 862 161 0 0 0 0 0 0 421 586 17 0 0 0 0 8 947 69 0 0 0 0 0 
10 846 166 2 0 0 0 0 0 492 497 34 1 0 0 0 51 876 95 2 0 0 0 0 
3 999 21 0 0 0 0 0 3 999 21 0 0 0 0 0 21 1002 0 0 0 0 0 0 
0 16 319 500 114 70 5 0 0 11 282 474 163 72 22 0 22 335 558 103 6 0 0 0 
0 111 414 385 90 16 8 0 0 118 376 392 105 19 14 0 26 426 351 202 14 5 0 0 
0 44 695 285 0 0 0 0 0 47 713 260 4 0 0 0 3 533 416 72 0 0 0 0 
0 231 450 250 57 22 9 5 0 198 414 258 113 27 9 5 47 553 286 87 25 17 7 2 
5 385 401 141 42 25 20 5 0 331 418 162 60 24 20 9 46 615 245 66 33 14 5 0 
0 175 493 252 57 20 26 1 0 105 460 312 92 25 25 5 18 447 395 99 32 13 20 0 
2 292 335 207 117 55 13 3 2 246 317 216 144 75 16 8 55 486 278 119 63 16 5 2 
8 752 181 39 29 11 3 1 5 752 180 43 29 10 4 1 42 836 82 30 25 6 3 0 
1 733 257 31 2 0 0 0 0 715 274 33 2 0 0 0 27 825 155 16 1 0 0 0 
2 842 144 30 6 0 0 0 3 844 140 32 5 0 0 0 6 886 104 24 4 0 0 0 
3 688 110 58 49 62 45 9 2 687 110 59 48 64 44 10 4 696 96 51 38 61 53 25 
5 231 347 114 187 90 46 4 2 205 373 112 181 95 52 4 6 281 288 94 133 138 61 23 
6 226 263 227 192 85 24 1 1 195 264 237 200 96 29 2 4 222 236 220 183 122 30 7 
0 135 479 240 106 48 15 1 0 45 510 277 122 50 18 2 2 264 359 215 104 55 23 2 
1 135 454 252 119 40 17 6 1 67 466 286 135 43 19 7 1 157 410 262 116 49 19 10 
1 635 307 52 17 9 3 0 0 450 473 65 23 10 3 0 20 776 146 48 19 12 3 0 
1 872 151 0 0 0 0 0 0 376 624 24 0 0 0 0 12 972 40 0 0 0 0 0 
0 674 347 3 0 0 0 0 0 205 814 5 0 0 0 0 0 784 240 0 0 0 0 0 
3 566 455 0 0 0 0 0 0 479 542 3 0 0 0 0 40 665 319 0 0 0 0 0 
9 793 222 0 0 0 0 0 1 634 388 1 0 0 0 0 21 876 127 0 0 0 0 0 
11 866 143 3 1 0 0 0 2 736 280 5 1 0 0 0 49 876 96 2 1 0 0 0 
3 777 242 2 0 0 0 0 0 272 728 24 0 0 0 0 12 937 75 0 0 0 0 0 
0 984 40 0 0 0 0 0 0 638 386 0 0 0 0 0 6 1013 5 0 0 0 0 0 
0 977 46 0 0 0 0 0 0 664 352 7 0 0 0 0 0 995 28 0 0 0 0 0 
0 101 604 204 55 38 18 4 0 131 501 271 55 41 19 6 27 461 433 69 14 14 4 2 
0 188 648 162 15 9 1 1 0 230 595 175 16 7 0 1 35 514 418 43 12 1 1 0 
0 233 736 43 9 3 0 0 0 154 738 120 7 5 0 0 12 693 305 11 3 0 0 0 
1 239 450 212 83 35 4 0 0 222 417 213 111 50 11 0 37 559 286 95 39 7 1 0 
1 342 402 234 45 0 0 0 1 295 401 258 67 2 0 0 37 540 368 71 8 0 0 0 
9 393 402 171 38 6 5 0 3 365 318 262 57 13 4 2 71 532 342 54 14 6 5 0 
1 575 309 118 20 1 0 0 1 554 322 124 22 1 0 0 24 645 252 92 10 1 0 0 
6 149 334 355 132 32 16 0 2 142 306 369 148 38 18 1 13 158 341 310 148 37 15 2 
2 498 269 97 64 55 36 3 2 486 268 109 69 53 34 3 27 549 205 78 55 60 40 10 
6 306 230 187 127 109 47 12 7 308 230 182 123 112 47 15 4 301 220 174 126 113 66 20 
1 57 174 269 203 149 121 50 0 58 167 266 207 152 113 61 0 50 153 235 221 163 115 87 
5 71 125 200 247 250 110 16 5 72 122 197 233 261 111 23 5 62 97 178 213 256 163 50 
5 404 219 195 110 56 23 12 5 379 240 192 114 57 25 12 15 376 219 183 119 60 33 19 
1 104 335 203 132 126 101 22 0 68 332 229 140 121 106 28 1 115 302 189 135 110 120 52 
0 154 523 143 89 55 43 17 0 84 558 173 88 60 43 18 3 325 331 147 76 69 42 31 
0 805 211 8 0 0 0 0 0 714 301 7 2 0 0 0 4 928 85 7 0 0 0 0 
3 990 31 0 0 0 0 0 0 789 228 7 0 0 0 0 37 969 18 0 0 0 0 0 
0 769 247 8 0 0 0 0 0 703 302 19 0 0 0 0 8 775 235 6 0 0 0 0 
1 697 326 0 0 0 0 0 0 537 486 1 0 0 0 0 16 766 242 0 0 0 0 0 
14 865 144 1 0 0 0 0 0 647 371 6 0 0 0 0 33 905 86 0 0 0 0 0 
2 796 226 0 0 0 0 0 0 454 561 9 0 0 0 0 19 897 108 0 0 0 0 0 
1 915 108 0 0 0 0 0 0 489 527 8 0 0 0 0 41 943 40 0 0 0 0 0 
3 995 26 0 0 0 0 0 0 794 230 0 0 0 0 0 63 961 0 0 0 0 0 0 
0 1024 0 0 0 0 0 0 0 1024 0 0 0 0 0 0 67 956 0 0 0 0 0 0 
0 356 481 138 34 13 2 0 1 364 475 138 36 8 2 0 14 624 318 51 14 3 0 0 
2 100 531 336 43 6 5 1 1 151 603 235 26 6 2 0 33 293 550 134 12 2 0 0 
0 178 725 100 15 4 2 0 0 331 540 115 31 4 3 0 33 721 243 20 4 3 0 0 
3 231 356 271 103 48 10 2 1 211 294 295 146 59 14 4 74 409 361 124 34 21 1 0 
5 475 421 62 19 26 15 1 7 469 423 56 22 25 20 2 27 652 266 44 21 11 3 0 
7 615 344 31 24 3 0 0 9 604 347 37 23 4 0 0 36 722 222 22 21 1 0 0 
13 433 334 174 50 15 4 1 14 426 345 171 47 16 4 1 39 458 292 162 51 17 4 1 
12 166 289 251 185 104 16 1 12 166 267 272 189 102 15 1 13 209 253 220 178 126 23 2 
0 32 98 133 269 298 123 71 0 24 96 135 266 310 126 67 0 17 79 116 226 299 192 95 
0 30 116 122 233 307 163 53 0 31 114 125 233 303 166 52 0 15 87 127 180 311 209 95 
0 8 33 62 214 406 242 59 0 6 29 59 192 400 261 77 0 6 23 43 138 371 308 135 
0 5 25 61 179 333 298 123 0 2 24 60 165 324 298 151 0 1 12 43 111 283 324 250 
0 0 1 43 179 340 326 135 0 0 1 36 169 332 340 146 0 0 0 20 96 276 366 266 
0 46 79 134 182 267 239 77 0 46 78 125 180 268 241 86 0 42 64 86 163 235 264 170 
2 268 294 177 127 99 49 8 2 261 298 178 130 94 53 8 5 285 255 170 124 100 64 21 
1 749 240 20 8 5 1 0 0 666 324 20 8 5 1 0 9 867 117 16 9 5 1 0 
0 769 255 0 0 0 0 0 0 455 551 18 0 0 0 0 9 926 89 0 0 0 0 0 
0 728 283 13 0 0 0 0 0 568 434 22 0 0 0 0 40 742 232 10 0 0 0 0 
0 885 139 0 0 0 0 0 0 860 164 0 0 0 0 0 232 731 61 0 0 0 0 0 
26 927 71 0 0 0 0 0 16 923 85 0 0 0 0 0 247 752 25 0 0 0 0 0 
44 847 133 0 0 0 0 0 10 672 340 2 0 0 0 0 79 882 63 0 0 0 0 0 
12 1004 8 0 0 0 0 0 2 976 46 0 0 0 0 0 61 962 1 0 0 0 0 0 
9 1015 0 0 0 0 0 0 0 1024 0 0 0 0 0 0 433 591 0 0 0 0 0 0 
14 992 17 0 0 0 0 0 0 988 35 0 0 0 0 0 568 448 7 0 0 0 0 0 
12 356 460 123 51 16 5 1 8 330 469 126 64 21 5 1 116 572 256 54 23 2 1 0 
0 52 618 317 35 2 0 0 0 45 632 312 33 2 0 0 14 227 647 124 12 0 0 0 
0 600 419 5 0 0 0 0 0 668 318 38 0 0 0 0 11 826 187 0 0 0 0 0 
1 711 304 6 2 0 0 0 1 710 305 6 2 0 0 0 4 852 162 4 2 0 0 0 
5 789 196 23 8 0 3 0 4 778 209 22 8 0 3 0 15 830 151 18 7 0 3 0 
4 475 300 71 33 61 65 15 3 469 284 94 33 65 65 11 21 549 215 61 31 54 69 24 
1 232 279 101 43 133 199 36 0 225 250 137 43 140 198 31 10 279 249 73 36 95 201 81 
0 273 205 102 78 140 181 45 0 255 176 132 90 148 183 40 5 310 177 88 70 113 168 93 
0 36 88 97 195 373 213 22 1 34 52 129 209 373 203 23 1 43 88 70 167 321 276 58 
0 7 32 49 216 495 191 34 0 7 30 51 197 506 204 29 0 6 29 47 118 488 275 61 
0 57 89 76 263 419 108 12 0 51 92 72 269 415 114 11 1 71 72 58 194 428 181 19 
0 2 38 123 308 362 163 28 0 2 38 118 293 371 167 35 0 3 27 103 249 356 228 58 
0 13 91 161 251 288 168 52 0 13 90 158 247 290 178 48 2 14 79 127 222 293 195 92 
2 412 368 108 66 42 21 5 2 401 379 111 64 39 21 7 5 450 314 105 73 37 27 13 
1 762 190 58 13 0 0 0 1 741 211 58 13 0 0 0 11 809 135 56 13 0 0 0 
18 809 190 7 0 0 0 0 2 759 233 30 0 0 0 0 85 795 139 5 0 0 0 0 
18 929 77 0 0 0 0 0 6 810 207 1 0 0 0 0 51 930 43 0 0 0 0 0 
0 825 199 0 0 0 0 0 0 803 221 0 0 0 0 0 27 874 123 0 0 0 0 0 
1 1014 9 0 0 0 0 0 0 1013 11 0 0 0 0 0 61 963 0 0 0 0 0 0 
15 982 27 0 0 0 0 0 6 988 30 0 0 0 0 0 97 909 18 0 0 0 0 0 
28 984 12 0 0 0 0 0 3 928 93 0 0 0 0 0 108 908 8 0 0 0 0 0 
0 1012 12 0 0 0 0 0 0 787 237 0 0 0 0 0 83 940 1 0 0 0 0 0 
41 966 17 0 0 0 0 0 1 914 109 0 0 0 0 0 150 863 11 0 0 0 0 0 
39 981 3 0 0 0 0 0 0 1002 21 0 0 0 0 0 337 686 0 0 0 0 0 0 
2 511 436 61 13 1 0 0 2 463 442 102 13 2 0 0 62 762 163 32 5 0 0 0 
1 463 520 40 0 0 0 0 1 444 461 117 1 0 0 0 57 750 196 21 0 0 0 0 
1 392 411 56 82 68 14 0 1 518 286 58 83 67 11 0 12 709 85 58 71 70 19 0 
10 318 164 140 170 144 71 7 7 316 169 139 174 148 64 7 21 323 153 129 164 146 79 9 
3 134 210 156 170 193 130 28 0 140 211 155 169 200 123 26 6 138 205 151 156 174 143 51 
6 117 175 168 216 201 119 22 6 117 177 168 222 196 118 20 6 112 177 161 210 196 123 39 
0 274 103 107 86 188 224 42 0 280 101 107 87 194 221 34 0 277 94 106 82 149 226 90 
0 220 116 135 190 230 112 21 0 220 118 136 193 232 106 19 2 216 110 128 169 221 144 34 
0 188 216 160 170 181 89 20 0 143 263 163 173 186 80 16 1 220 179 132 167 179 114 32 
1 773 166 46 24 7 7 0 1 760 179 46 25 7 6 0 2 810 126 47 24 7 8 0 
0 804 152 37 27 1 3 0 0 775 181 37 28 0 3 0 14 798 143 36 27 3 3 0 
9 445 259 175 102 25 8 1 8 444 265 174 101 23 8 1 22 431 248 174 104 34 9 2 
5 484 191 165 129 41 9 0 2 483 195 158 133 45 8 0 10 486 177 159 129 47 16 0 
0 1024 0 0 0 0 0 0 0 1024 0 0 0 0 0 0 0 1024 0 0 0 0 0 0 
9 940 69 4 2 0 0 0 7 932 77 6 2 0 0 0 22 941 54 5 2 0 0 0 
3 847 150 22 2 0 0 0 3 841 153 24 3 0 0 0 5 862 131 24 2 0 0 0 
87 844 92 1 0 0 0 0 29 781 213 1 0 0 0 0 140 804 80 0 0 0 0 0 
17 824 183 0 0 0 0 0 11 800 212 1 0 0 0 0 79 829 116 0 0 0 0 0 
3 1018 3 0 0 0 0 0 2 1018 4 0 0 0 0 0 167 857 0 0 0 0 0 0 
9 978 37 0 0 0 0 0 1 967 56 0 0 0 0 0 218 800 6 0 0 0 0 0 
5 993 26 0 0 0 0 0 2 913 109 0 0 0 0 0 158 863 3 0 0 0 0 0 
3 1006 15 0 0 0 0 0 0 882 142 0 0 0 0 0 54 965 5 0 0 0 0 0 
91 862 71 0 0 0 0 0 1 809 214 0 0 0 0 0 192 791 41 0 0 0 0 0 
0 1024 0 0 0 0 0 0 0 1020 3 0 0 0 0 0 3 1020 0 0 0 0 0 0 
0 346 654 24 0 0 0 0 0 243 706 75 0 0 0 0 23 758 242 1 0 0 0 0 
0 680 328 14 2 0 0 0 0 570 435 17 2 0 0 0 73 847 100 4 0 0 0 0 
8 588 166 143 92 23 4 0 8 574 159 156 98 24 5 0 70 600 140 105 79 26 4 0 
4 166 208 229 193 156 55 13 4 170 207 226 193 159 52 13 10 163 199 230 188 156 65 13 
0 47 248 289 245 124 60 11 0 49 247 292 248 119 58 11 0 44 240 274 255 131 63 17 
1 183 199 200 215 167 55 4 1 186 198 201 215 167 53 3 1 171 203 189 211 179 63 7 
2 349 237 160 145 108 22 1 2 349 239 158 147 108 20 1 1 349 220 171 135 119 27 2 
3 393 300 154 116 45 11 2 3 391 306 155 112 44 12 1 3 406 278 149 117 57 12 2 
2 238 259 183 207 96 33 6 5 238 258 188 202 96 32 5 4 230 250 184 205 110 35 6 
0 77 201 172 334 225 15 0 0 67 207 170 342 222 16 0 0 102 157 159 308 277 21 0 
0 125 212 245 376 61 5 0 0 122 215 246 374 61 6 0 0 141 196 241 368 70 8 0 
0 27 214 414 319 46 4 0 0 24 207 421 322 46 4 0 0 25 196 400 334 63 6 0 
1 369 341 236 69 6 2 0 1 365 340 230 77 9 2 0 1 383 324 230 73 11 2 0 
2 365 398 239 20 0 0 0 2 355 416 234 17 0 0 0 2 414 462 132 14 0 0 0 
0 300 628 94 2 0 0 0 0 308 618 97 1 0 0 0 0 318 621 84 1 0 0 0 
4 512 485 23 0 0 0 0 4 491 505 24 0 0 0 0 4 496 500 24 0 0 0 0 
25 729 248 22 0 0 0 0 15 705 282 22 0 0 0 0 70 656 274 24 0 0 0 0 
26 917 81 0 0 0 0 0 16 918 90 0 0 0 0 0 81 892 51 0 0 0 0 0 
186 835 3 0 0 0 0 0 102 919 3 0 0 0 0 0 550 474 0 0 0 0 0 0 
67 947 10 0 0 0 0 0 24 980 20 0 0 0 0 0 418 606 0 0 0 0 0 0 
79 941 4 0 0 0 0 0 23 992 9 0 0 0 0 0 266 756 2 0 0 0 0 0 
5 1001 18 0 0 0 0 0 3 932 88 1 0 0 0 0 89 932 3 0 0 0 0 0 
37 977 10 0 0 0 0 0 2 843 178 1 0 0 0 0 222 797 5 0 0 0 0 0 
28 977 17 0 0 0 0 0 0 974 49 0 0 0 0 0 138 885 0 0 0 0 0 0 
3 558 428 35 0 0 0 0 2 479 453 86 4 0 0 0 40 812 165 7 0 0 0 0 
0 651 344 29 0 0 0 0 1 656 254 110 3 0 0 0 44 823 152 5 0 0 0 0 
13 686 62 74 114 67 8 0 11 684 67 74 117 64 7 0 173 536 51 64 112 70 18 0 
12 332 185 215 185 86 9 0 10 332 187 221 184 81 9 0 37 316 170 206 188 93 13 1 
0 32 343 329 217 89 13 1 0 32 345 329 216 88 13 1 0 32 342 325 221 89 14 1 
0 26 206 346 281 132 29 4 0 28 210 344 280 131 27 4 0 25 192 343 286 141 33 4 
0 3 120 256 359 253 32 1 0 3 118 261 366 245 31 0 0 3 107 247 345 271 50 1 
0 5 82 236 421 253 25 2 0 6 86 241 431 234 24 2 0 5 67 204 417 293 36 2 
4 140 191 152 300 216 21 0 4 142 193 149 305 211 20 0 2 135 191 145 260 254 36 1 
0 517 179 69 206 52 1 0 0 505 191 69 209 49 1 0 1 537 157 67 180 81 1 0 
0 650 186 109 74 5 0 0 0 648 185 108 75 8 0 0 14 649 171 110 73 7 0 0 
2 326 261 267 162 6 0 0 2 326 263 265 162 6 0 0 2 327 254 264 170 7 0 0 
19 839 161 5 0 0 0 0 16 828 174 6 0 0 0 0 36 842 142 4 0 0 0 0 
18 811 181 12 2 0 0 0 7 814 189 12 2 0 0 0 59 791 162 10 2 0 0 0 
12 889 108 15 0 0 0 0 11 889 108 16 0 0 0 0 55 867 88 14 0 0 0 0 
5 901 114 4 0 0 0 0 1 902 117 4 0 0 0 0 97 819 104 4 0 0 0 0 
0 802 217 5 0 0 0 0 0 721 295 8 0 0 0 0 0 736 281 7 0 0 0 0 
51 747 211 15 0 0 0 0 48 712 239 25 0 0 0 0 61 706 236 21 0 0 0 0 
82 897 39 6 0 0 0 0 66 909 43 6 0 0 0 0 178 797 43 6 0 0 0 0 
72 914 34 4 0 0 0 0 56 930 34 4 0 0 0 0 192 794 34 4 0 0 0 0 
370 647 7 0 0 0 0 0 336 681 7 0 0 0 0 0 444 573 7 0 0 0 0 0 
195 800 23 6 0 0 0 0 152 825 40 7 0 0 0 0 321 677 21 5 0 0 0 0 
280 732 12 0 0 0 0 0 189 811 24 0 0 0 0 0 345 672 7 0 0 0 0 0 
145 846 32 0 0 0 0 0 131 817 74 0 0 0 0 0 348 647 28 0 0 0 0 0 
34 788 185 17 0 0 0 0 22 749 227 26 0 0 0 0 106 821 87 10 0 0 0 0 
36 905 83 0 0 0 0 0 21 919 83 1 0 0 0 0 188 811 25 0 0 0 0 0 
20 399 192 146 157 99 11 0 18 405 190 147 159 95 10 0 35 411 170 131 152 110 15 0 
5 150 207 269 264 110 19 0 5 150 209 267 264 110 19 0 5 150 206 269 264 109 20 1 
0 53 258 304 245 146 18 0 0 54 260 307 244 141 18 0 0 53 248 299 233 170 21 0 
0 5 122 308 426 157 6 0 0 5 124 308 427 154 6 0 0 4 122 300 427 162 9 0 
0 0 61 265 441 238 19 0 0 1 65 266 443 231 18 0 0 0 49 263 416 272 23 1 
0 0 25 165 535 280 19 0 0 0 26 170 547 264 17 0 0 0 13 140 486 356 29 0 
0 0 2 73 546 366 36 1 0 0 2 77 563 346 36 0 0 0 1 51 459 460 52 1 
0 6 36 170 596 191 23 2 0 6 36 179 595 182 24 2 0 4 31 132 580 243 29 5 
0 260 202 232 289 40 1 0 0 260 203 234 289 37 1 0 0 259 195 230 275 64 1 0 
0 95 179 348 363 38 1 0 0 95 177 352 362 37 1 0 0 95 174 342 368 44 1 0 
1 270 368 320 62 3 0 0 1 259 361 328 70 5 0 0 3 273 362 316 68 2 0 0 
5 671 272 67 8 1 0 0 5 662 280 68 8 1 0 0 27 680 245 63 8 1 0 0 
8 430 482 101 3 0 0 0 8 397 482 134 3 0 0 0 24 588 342 68 2 0 0 0 
9 482 475 51 7 0 0 0 4 454 481 76 9 0 0 0 57 710 238 15 4 0 0 0 
0 611 412 1 0 0 0 0 0 496 524 4 0 0 0 0 2 555 465 2 0 0 0 0 
0 595 408 18 3 0 0 0 0 484 509 28 3 0 0 0 0 512 482 25 5 0 0 0 
3 379 548 91 3 0 0 0 1 311 588 121 3 0 0 0 1 314 559 143 7 0 0 0 
2 561 402 44 15 0 0 0 3 537 414 53 16 1 0 0 10 492 445 57 17 3 0 0 
0 624 383 16 1 0 0 0 0 612 394 17 1 0 0 0 0 605 398 20 1 0 0 0 
38 857 129 0 0 0 0 0 34 868 122 0 0 0 0 0 87 805 128 4 0 0 0 0 
490 534 0 0 0 0 0 0 303 721 0 0 0 0 0 0 737 287 0 0 0 0 0 0 
106 750 163 3 0 0 0 0 99 736 184 3 0 0 0 0 195 728 99 0 0 0 0 0 
36 339 144 169 184 100 42 10 27 343 147 156 156 122 56 17 88 340 202 249 101 32 7 5 
13 369 298 232 93 17 2 0 7 370 291 190 126 37 3 0 63 401 385 156 17 1 1 0 
28 659 181 59 63 28 5 1 29 667 173 61 59 29 5 1 91 648 136 69 51 23 5 1 
2 237 207 194 185 158 40 1 1 235 210 195 185 158 39 1 10 245 190 179 186 167 46 1 
0 230 212 238 215 105 24 0 0 224 217 238 216 107 22 0 0 269 187 229 203 107 28 1 
0 425 260 170 132 33 4 0 0 390 292 173 132 33 4 0 2 503 192 156 131 36 4 0 
0 220 379 150 159 107 9 0 0 203 394 152 162 107 6 0 0 283 318 141 156 108 18 0 
0 472 333 82 125 12 0 0 0 462 343 84 123 12 0 0 0 529 271 84 124 16 0 0 
1 666 147 70 109 30 1 0 1 659 154 73 107 29 1 0 7 674 133 58 120 30 2 0 
0 376 295 241 98 13 1 0 0 378 293 243 97 12 1 0 0 384 275 248 100 16 1 0 
0 32 367 407 191 26 1 0 0 26 374 411 188 24 1 0 0 30 355 391 209 38 1 0 
0 259 234 260 239 31 1 0 0 255 235 259 242 32 1 0 0 253 230 245 253 42 1 0 
4 477 208 213 104 18 0 0 4 479 206 200 115 20 0 0 4 471 206 206 115 22 0 0 
8 892 81 21 13 4 5 0 7 890 83 19 16 4 5 0 46 850 84 19 16 4 5 0 
5 877 97 45 0 0 0 0 2 876 100 45 1 0 0 0 23 876 77 44 4 0 0 0 
3 1018 3 0 0 0 0 0 1 1020 3 0 0 0 0 0 51 971 2 0 0 0 0 0 
23 779 191 27 4 0 0 0 8 747 230 34 5 0 0 0 43 770 184 23 4 0 0 0 
0 877 136 11 0 0 0 0 0 829 183 12 0 0 0 0 14 859 141 10 0 0 0 0 
0 674 317 32 1 0 0 0 0 655 328 40 1 0 0 0 1 665 308 47 3 0 0 0 
0 200 674 137 13 0 0 0 0 128 717 160 18 1 0 0 0 107 707 182 27 1 0 0 
0 99 754 159 12 0 0 0 0 77 765 167 15 0 0 0 0 60 716 227 21 0 0 0 
8 670 303 39 4 0 0 0 7 665 305 44 3 0 0 0 45 631 298 46 4 0 0 0 
60 950 13 1 0 0 0 0 18 987 18 1 0 0 0 0 326 684 14 0 0 0 0 0 
3 1020 0 0 0 0 0 0 0 1024 0 0 0 0 0 0 270 753 0 0 0 0 0 0 
0 0 37 171 504 279 31 2 0 0 34 150 526 289 23 2 0 27 136 304 370 176 11 0 
2 83 126 195 427 146 39 6 1 81 115 177 435 187 26 2 13 138 146 335 289 89 14 0 
1 6 32 163 386 174 146 116 1 6 22 160 392 207 167 69 4 23 156 428 229 143 40 1 
4 47 92 265 551 64 1 0 1 47 83 149 601 139 4 0 16 79 237 535 149 8 0 0 
0 63 150 317 452 41 1 0 0 58 135 179 516 133 3 0 8 113 349 454 90 10 0 0 
0 247 92 202 435 48 0 0 0 239 93 160 453 79 0 0 2 269 174 294 268 17 0 0 
0 375 141 110 316 78 4 0 0 381 130 108 317 84 4 0 0 418 125 127 285 64 5 0 
0 399 75 142 332 76 0 0 0 398 73 139 333 81 0 0 5 405 76 145 319 74 0 0 
1 109 116 217 458 120 3 0 1 106 119 217 461 117 3 0 1 112 113 213 451 131 3 0 
0 7 105 359 529 24 0 0 0 7 105 363 526 23 0 0 0 7 103 352 523 39 0 0 
0 2 257 541 223 1 0 0 0 2 260 546 215 1 0 0 0 2 249 541 229 3 0 0 
0 15 209 544 254 2 0 0 0 14 212 542 249 7 0 0 0 14 197 529 273 11 0 0 
0 336 314 314 56 4 0 0 0 330 306 315 69 4 0 0 2 375 298 288 60 1 0 0 
8 503 309 130 60 14 0 0 6 493 313 132 66 14 0 0 20 550 277 111 53 13 0 0 
13 758 154 76 22 1 0 0 7 757 152 82 24 2 0 0 77 745 123 66 13 0 0 0 
4 704 192 94 24 3 3 0 2 692 195 102 26 4 3 0 60 709 167 70 12 4 2 0 
14 896 91 17 6 0 0 0 7 891 99 21 6 0 0 0 88 850 64 20 2 0 0 0 
4 972 41 7 0 0 0 0 2 963 51 8 0 0 0 0 67 932 21 4 0 0 0 0 
19 878 104 18 5 0 0 0 13 879 109 18 5 0 0 0 41 867 93 18 5 0 0 0 
4 659 308 45 8 0 0 0 3 653 314 46 8 0 0 0 16 671 285 46 6 0 0 0 
3 217 441 273 82 8 0 0 2 202 448 269 92 11 0 0 9 179 425 294 102 15 0 0 
1 261 450 211 88 13 0 0 1 258 438 222 92 13 0 0 1 228 440 235 99 21 0 0 
41 575 209 148 47 4 0 0 17 568 226 157 50 6 0 0 57 529 210 159 57 12 0 0 
3 824 181 14 0 0 0 0 3 824 181 14 0 0 0 0 3 824 181 14 0 0 0 0 
0 2 68 299 499 149 7 0 0 0 63 268 479 198 16 0 0 17 118 481 324 84 0 0 
0 102 275 351 246 47 3 0 0 84 256 325 278 73 8 0 2 151 328 362 163 18 0 0 
0 2 53 573 338 49 9 0 0 2 50 544 345 67 14 2 0 8 152 640 210 14 0 0 
0 2 53 400 511 49 9 0 0 0 45 296 603 69 11 0 0 49 290 534 138 11 2 0 
0 0 18 228 622 154 2 0 0 0 13 148 591 263 9 0 0 9 206 591 208 10 0 0 
0 0 17 125 606 258 18 0 0 0 7 87 536 358 33 3 0 12 97 506 362 47 0 0 
0 0 28 324 542 128 2 0 0 0 4 158 609 235 18 0 0 11 254 572 183 4 0 0 
0 0 16 237 625 138 8 0 0 0 10 115 625 254 19 1 0 10 201 565 224 20 3 1 
0 0 2 118 539 293 65 7 0 0 2 85 491 341 94 11 0 1 61 401 449 100 9 3 
0 0 18 169 490 280 64 3 0 0 13 169 451 282 105 4 0 4 38 347 556 75 4 0 
0 1 82 399 458 80 4 0 0 1 80 387 462 89 5 0 0 1 83 441 480 19 0 0 
0 0 23 414 523 64 0 0 0 0 21 377 512 112 2 0 0 0 38 503 453 30 0 0 
0 5 239 590 179 10 1 0 0 2 231 577 198 15 1 0 0 30 295 526 167 6 0 0 
0 119 447 387 63 7 1 0 0 103 438 391 84 7 1 0 1 179 437 348 53 6 0 0 
2 443 345 174 56 4 0 0 2 405 370 184 59 4 0 0 34 511 306 128 43 2 0 0 
17 677 229 80 19 2 0 0 13 640 253 94 20 4 0 0 54 698 187 68 14 3 0 0 
13 778 144 65 19 5 0 0 5 762 164 67 20 6 0 0 101 749 119 43 8 4 0 0 
11 886 83 21 15 4 4 0 4 882 93 22 15 4 4 0 107 817 57 20 13 6 4 0 
5 912 56 13 12 9 13 4 9 904 59 15 11 9 13 4 33 886 54 12 11 10 10 8 
11 804 166 34 7 2 0 0 5 800 174 36 7 2 0 0 45 793 143 34 7 2 0 0 
20 452 319 128 76 27 2 0 13 453 325 128 76 27 2 0 28 462 301 120 80 29 4 0 
3 168 343 279 157 51 23 0 2 161 347 282 157 56 19 0 2 152 326 279 162 73 29 1 
8 113 311 305 217 65 5 0 9 99 305 310 218 80 3 0 1 76 265 327 232 106 17 0 
0 128 227 337 266 56 7 0 0 135 224 348 256 56 3 0 0 64 181 316 341 99 21 0 
0 6 118 337 478 78 7 0 0 0 58 226 560 172 8 0 0 53 246 540 168 17 0 0 
0 1 73 316 454 157 19 4 0 0 38 234 463 253 32 4 0 51 280 475 186 28 4 0 
0 5 63 260 489 197 10 0 0 1 61 207 451 279 25 0 2 39 281 489 199 14 0 0 
1 36 87 210 380 286 24 0 1 27 78 180 337 355 46 0 7 53 193 424 318 29 0 0 
0 1 30 188 531 236 38 0 0 1 24 125 498 321 54 1 0 14 147 522 282 59 0 0 
0 0 33 239 551 196 5 0 0 0 21 206 503 282 12 0 0 11 187 577 241 8 0 0 
0 0 12 169 432 233 141 37 0 0 18 170 433 246 133 24 0 5 129 416 309 153 12 0 
0 0 5 28 149 295 347 200 0 3 5 33 169 326 341 147 2 5 35 184 351 336 110 1 
0 0 0 16 90 217 475 226 0 0 3 26 102 253 445 195 0 3 31 153 338 405 91 3 
0 0 6 43 251 455 233 36 0 0 5 33 209 444 303 30 0 11 58 328 471 151 5 0 
0 0 0 46 474 451 52 1 0 0 0 17 364 558 84 1 0 1 86 456 420 60 1 0 
0 0 13 166 575 257 13 0 0 0 0 81 423 484 36 0 0 8 168 614 217 17 0 0 
0 1 20 231 546 170 35 21 0 0 10 110 497 333 48 26 0 3 142 519 300 46 14 0 
0 33 165 302 402 111 9 2 0 25 140 227 439 165 26 2 1 92 291 480 153 6 1 0 
3 194 244 225 249 98 11 0 2 166 255 217 206 158 18 2 15 273 249 288 166 28 5 0 
3 377 227 208 174 32 3 0 2 336 249 151 219 62 5 0 20 467 231 212 86 8 0 0 
1 384 166 212 233 20 5 3 1 358 177 174 261 43 8 2 43 444 196 257 67 12 5 0 
10 434 111 256 192 20 1 0 3 417 110 150 294 47 3 0 110 388 157 260 104 5 0 0 
9 421 203 203 160 28 0 0 4 393 210 195 182 40 0 0 59 444 233 220 67 1 0 0 
8 342 175 247 239 13 0 0 3 315 170 163 296 77 0 0 61 347 179 335 99 3 0 0 
13 297 200 269 212 29 2 2 11 297 176 231 255 50 2 2 37 378 348 204 33 19 3 2 
9 281 210 305 160 46 13 0 4 259 192 233 266 55 15 0 27 318 272 246 102 44 15 0 
3 93 183 340 277 87 35 6 1 82 165 259 356 113 42 6 1 80 204 370 202 102 52 13 
10 110 177 316 206 160 42 0 3 113 160 309 224 163 49 0 10 99 188 252 209 188 67 7 
0 7 115 349 444 94 13 2 1 1 65 305 499 144 8 1 1 42 219 472 266 21 3 0 
0 0 12 169 664 171 8 0 0 0 7 131 613 261 12 0 0 6 82 594 313 27 2 0 
0 4 59 328 557 72 4 0 0 4 31 236 560 181 12 0 3 28 209 635 145 4 0 0 
0 0 3 258 648 115 0 0 0 0 0 104 602 317 1 0 0 0 99 642 281 2 0 0 
0 0 30 308 580 103 3 0 0 0 14 179 610 209 12 0 0 17 170 615 215 7 0 0 
0 3 77 324 451 151 18 0 0 1 45 241 492 204 41 0 2 78 328 414 179 23 0 0 
0 3 16 133 259 307 205 101 0 1 14 118 256 332 205 98 2 16 170 356 304 155 20 1 
0 2 50 99 193 247 221 212 0 2 48 90 204 248 251 181 2 47 139 263 237 239 92 5 
0 0 11 137 400 346 116 14 0 0 6 115 397 373 114 19 0 3 116 423 376 99 7 0 
0 2 17 280 403 277 44 1 0 0 13 201 425 317 67 1 0 4 172 513 298 35 2 0 
0 32 137 304 419 126 6 0 0 20 117 276 422 179 10 0 3 90 308 406 199 18 0 0 
0 15 88 221 426 243 31 0 0 11 83 187 402 292 48 1 1 77 201 412 276 53 4 0 
0 1 84 318 374 184 32 31 0 0 55 270 398 231 40 30 0 30 296 390 234 57 17 0 
0 1 65 378 414 137 26 3 0 0 44 277 483 175 40 5 0 26 210 483 225 58 20 2 
0 6 96 421 414 79 8 0 0 4 76 379 435 119 11 0 3 28 236 502 219 33 3 0 
0 11 218 470 282 35 7 1 0 1 130 450 375 55 12 1 0 59 332 491 119 19 3 1 
0 9 109 490 358 58 0 0 0 0 47 379 465 132 1 0 1 23 330 502 159 9 0 0 
1 14 124 583 288 14 0 0 0 8 58 444 468 45 1 0 3 26 312 552 125 5 1 0 
0 23 173 679 138 11 0 0 0 4 65 483 450 21 1 0 2 49 407 508 55 3 0 0 
0 7 180 472 342 23 0 0 0 2 42 397 497 85 1 0 0 77 276 525 144 2 0 0 
0 38 265 494 211 16 0 0 0 14 176 420 367 47 0 0 7 140 408 387 79 3 0 0 
1 40 179 548 250 6 0 0 0 17 109 386 474 38 0 0 3 82 400 492 46 1 0 0 
0 27 367 480 145 5 0 0 0 6 204 481 316 16 1 0 1 142 506 350 22 3 0 0 
0 0 216 615 192 0 0 0 0 0 96 583 320 24 0 0 0 78 440 440 64 0 0 0 
0 11 68 358 486 99 2 0 0 7 64 350 486 113 4 0 0 37 196 517 252 22 0 0 
0 2 35 280 562 139 6 0 0 1 15 200 568 218 22 0 1 30 207 528 218 34 6 0 
0 0 41 338 608 37 0 0 0 0 20 191 599 214 0 0 0 17 312 576 118 1 0 0 
0 5 62 362 557 38 0 0 0 1 39 226 647 110 1 0 2 28 289 617 88 0 0 0 
0 0 13 176 463 358 14 0 0 0 10 124 444 421 25 0 0 16 152 517 329 8 2 0 
0 0 1 21 263 525 199 15 0 0 1 27 264 534 187 11 0 0 33 269 568 148 6 0 
0 0 3 36 221 431 273 60 0 0 3 31 206 456 261 67 0 3 56 303 456 184 22 0 
0 0 5 100 301 423 182 13 0 0 3 92 262 426 220 21 0 3 108 311 452 135 15 0 
0 0 18 199 430 331 34 12 0 0 8 148 425 372 59 12 0 14 135 432 367 62 10 4 
0 7 77 234 468 215 23 0 0 1 56 213 448 264 42 0 2 59 247 468 217 31 0 0 
1 35 168 181 336 279 24 0 0 26 147 164 315 302 70 0 13 103 245 362 272 29 0 0 
0 9 83 183 375 302 68 4 0 6 56 183 377 302 96 4 0 38 208 379 323 68 8 0 
0 0 32 263 472 206 44 7 0 0 27 222 499 244 32 0 0 19 171 484 293 48 9 0 
0 2 65 387 478 83 8 1 0 0 31 330 515 138 8 2 0 18 253 535 196 20 2 0 
0 1 53 292 597 72 9 0 0 0 34 217 591 165 14 3 0 11 197 543 261 12 0 0 
0 4 81 411 486 42 0 0 0 1 50 320 577 76 0 0 0 18 203 635 165 3 0 0 
0 1 61 414 502 46 0 0 0 0 35 263 587 138 1 0 0 7 181 573 250 13 0 0 
0 5 69 485 420 39 6 0 0 3 48 347 535 81 10 0 1 23 269 554 157 18 2 0 
0 20 218 439 312 28 7 0 0 11 170 394 378 58 12 1 3 91 352 432 119 19 8 0 
0 3 68 546 387 20 0 0 0 2 33 387 548 53 1 0 0 12 180 646 181 5 0 0 
0 18 203 397 348 52 6 0 0 5 145 343 405 117 9 0 4 64 329 407 200 20 0 0 
0 11 147 490 310 55 11 0 0 4 78 403 435 78 25 1 2 23 281 508 139 48 21 2 
0 39 241 469 207 52 16 0 0 8 159 397 358 56 43 3 2 61 323 421 134 49 31 3 
0 17 295 469 160 64 17 0 0 0 138 490 284 81 28 0 0 24 366 412 156 53 10 0 
0 3 72 344 541 59 2 0 0 1 56 289 592 81 4 0 0 23 171 590 231 6 0 0 
0 0 46 355 547 72 2 0 0 0 27 291 572 129 3 0 0 14 169 600 233 3 2 0 
0 1 13 154 587 260 5 1 0 0 7 130 553 317 13 1 1 7 98 532 363 19 2 0 
0 0 10 146 516 308 42 0 0 0 9 109 476 374 52 1 0 6 104 446 407 53 5 0 
0 1 33 131 364 409 76 7 0 0 33 116 347 430 90 5 0 17 92 294 474 133 11 0 
0 0 2 72 307 459 150 32 0 0 2 89 315 460 132 23 0 2 48 290 445 193 44 0 
0 0 1 70 371 492 88 0 0 0 3 58 353 519 89 0 0 0 38 330 513 138 3 0 
0 0 5 120 358 448 87 4 0 0 3 129 372 437 78 3 0 2 101 325 484 108 2 0 
0 0 43 226 515 232 6 0 0 0 33 193 477 310 9 0 0 14 151 471 366 19 0 0 
0 1 59 256 533 172 1 0 0 0 48 210 528 233 4 0 0 29 231 515 240 7 0 0 
0 0 17 198 434 321 53 0 0 0 9 174 437 350 51 0 0 5 150 396 391 80 0 0 
0 1 18 153 571 261 18 0 0 1 16 100 530 345 30 0 0 12 154 532 283 40 0 0 
0 5 90 329 490 103 4 0 0 1 107 250 512 141 10 0 0 32 291 512 179 9 0 0 
2 37 286 448 238 10 0 0 0 25 240 430 305 22 0 0 8 118 412 393 90 0 0 0 
0 48 266 411 282 14 0 0 0 27 197 423 333 41 0 0 9 197 385 369 62 0 0 0 
4 123 273 417 197 8 0 0 1 102 242 390 257 30 0 0 20 190 325 400 86 1 0 0 
0 18 248 558 186 11 0 0 0 8 165 523 305 21 0 0 0 59 401 488 72 2 0 0 
0 3 119 490 384 26 0 0 0 0 61 376 518 67 0 0 0 38 360 497 126 1 0 0 
0 8 108 518 376 11 0 0 0 3 72 440 467 40 0 0 0 26 262 605 128 1 0 0 
0 0 49 400 519 55 0 0 0 0 33 277 570 141 1 0 0 10 193 572 232 14 0 0 
0 5 85 504 405 23 0 0 0 5 69 396 487 65 0 0 0 32 294 526 168 2 0 0 
0 4 142 609 264 3 0 0 0 9 114 574 323 2 0 0 2 49 421 464 87 0 0 0 
0 9 188 582 222 17 3 0 0 6 144 544 309 17 3 0 0 52 380 488 92 9 0 0 
0 7 189 500 295 30 0 0 0 0 155 462 371 34 0 0 0 49 329 512 132 0 0 0 
