29 453 517 22 2 1 0 0 4 81 647 280 9 3 0 0 726 287 10 1 0 0 0 0 
5 220 720 79 0 0 0 0 0 21 318 648 37 0 0 0 608 413 3 0 0 0 0 0 
0 30 862 129 3 0 0 0 0 0 60 907 56 1 0 0 578 442 4 0 0 0 0 0 
0 37 755 227 5 0 0 0 0 0 98 871 54 1 0 0 603 416 5 0 0 0 0 0 
0 34 787 200 3 0 0 0 0 0 113 842 69 0 0 0 699 323 2 0 0 0 0 0 
0 138 746 139 1 0 0 0 0 1 284 704 35 0 0 0 662 356 6 0 0 0 0 0 
0 46 771 206 1 0 0 0 0 0 143 837 44 0 0 0 599 419 6 0 0 0 0 0 
23 169 716 115 1 0 0 0 6 67 267 657 27 0 0 0 675 345 4 0 0 0 0 0 
3 90 787 136 3 1 0 0 0 3 200 789 26 3 0 0 696 321 3 1 0 0 0 0 
36 160 593 216 18 1 0 0 7 63 199 595 151 8 1 0 287 682 50 4 1 0 0 0 
94 450 399 79 2 0 0 0 29 249 434 272 39 1 0 0 533 438 51 2 0 0 0 0 
400 289 307 24 2 1 1 0 348 174 290 204 6 0 2 0 781 229 11 2 0 1 0 0 
186 262 527 45 4 0 0 0 144 95 409 358 17 1 0 0 752 253 16 3 0 0 0 0 
0 160 751 105 5 2 1 0 0 2 330 650 37 3 2 0 794 220 7 2 1 0 0 0 
0 58 752 211 3 0 0 0 0 0 129 781 113 1 0 0 722 298 4 0 0 0 0 0 
0 28 634 344 18 0 0 0 0 0 74 800 143 7 0 0 506 493 24 1 0 0 0 0 
0 0 530 462 31 1 0 0 0 0 19 718 275 12 0 0 427 559 37 1 0 0 0 0 
0 0 327 693 3 0 0 0 0 0 0 704 320 0 0 0 215 798 10 0 0 0 0 0 
10 422 551 36 5 0 0 0 0 20 567 406 28 3 0 0 619 378 24 3 0 0 0 0 
7 152 722 138 4 0 1 0 0 13 260 674 75 1 0 1 425 561 37 0 1 0 0 0 
139 152 571 146 10 4 2 0 117 83 205 538 69 9 3 0 488 477 47 9 3 0 0 0 
749 78 114 47 14 7 1 14 721 87 69 97 26 6 4 14 804 148 30 17 10 1 5 9 
581 249 157 26 4 3 1 3 505 220 185 94 11 4 2 3 807 176 31 2 4 0 1 3 
8 124 661 213 14 2 2 0 0 12 233 646 124 7 2 0 552 427 38 5 2 0 0 0 
0 48 680 291 5 0 0 0 0 0 137 751 136 0 0 0 618 396 10 0 0 0 0 0 
0 17 499 486 21 1 0 0 0 1 95 736 186 5 1 0 577 435 11 1 0 0 0 0 
0 1 295 656 71 0 0 0 0 0 14 750 257 1 0 0 508 497 17 0 0 0 0 0 
38 371 495 109 10 1 0 0 0 96 517 355 53 3 0 0 546 429 47 2 0 0 0 0 
3 215 595 186 19 6 0 0 0 23 407 504 78 11 1 0 468 481 63 12 0 0 0 0 
3 148 648 203 17 5 0 0 0 15 398 524 78 8 1 0 481 483 51 8 1 0 0 0 
280 165 219 171 46 32 23 88 214 188 156 231 82 32 27 94 387 342 105 51 26 25 61 27 
516 237 140 58 22 14 11 26 449 196 183 99 43 10 13 31 699 184 57 29 10 17 17 11 
9 236 582 175 21 1 0 0 0 14 339 568 95 8 0 0 506 459 55 4 0 0 0 0 
0 118 666 230 10 0 0 0 0 1 209 671 141 2 0 0 663 354 7 0 0 0 0 0 
0 76 761 179 8 0 0 0 0 0 167 767 86 4 0 0 699 313 11 1 0 0 0 0 
7 140 501 321 53 0 0 0 0 10 309 558 128 17 0 0 561 416 46 0 0 0 0 0 
34 348 471 144 22 2 3 0 1 110 501 335 66 8 3 0 562 385 64 10 2 1 0 0 
18 379 485 103 28 7 4 0 2 119 549 291 47 8 8 0 640 306 57 13 8 0 0 0 
24 214 396 266 99 24 1 0 9 89 383 365 143 28 7 0 401 429 157 31 6 0 0 0 
333 154 154 120 63 51 32 117 253 180 148 145 79 50 41 128 364 280 123 58 47 37 110 5 
105 165 502 211 22 7 3 9 61 114 150 482 183 18 5 11 438 466 81 18 8 4 7 2 
3 140 649 219 13 0 0 0 0 5 192 643 173 11 0 0 627 368 27 2 0 0 0 0 
0 211 688 118 7 0 0 0 0 0 245 686 90 3 0 0 790 223 10 1 0 0 0 0 
1 73 575 328 44 3 0 0 0 4 130 660 206 21 3 0 692 295 34 3 0 0 0 0 
7 115 524 330 40 5 0 0 0 16 192 645 149 19 1 0 622 357 37 7 0 0 0 0 
33 70 263 481 149 27 1 0 17 59 86 434 355 65 8 0 306 538 157 23 0 0 0 0 
524 174 180 105 30 10 1 0 455 193 177 123 61 11 3 1 696 227 77 19 5 0 0 0 
637 178 116 48 15 13 3 14 570 192 137 69 21 10 9 16 779 153 44 16 13 6 13 0 
388 201 127 64 55 40 35 114 311 202 162 81 53 53 33 129 449 243 82 53 47 29 85 36 
380 247 281 87 22 4 1 2 316 176 201 255 64 8 2 2 710 238 48 16 7 2 1 2 
5 333 548 117 20 1 0 0 0 28 497 430 57 12 0 0 775 219 29 1 0 0 0 0 
31 321 593 72 7 0 0 0 0 50 409 505 55 5 0 0 832 177 14 1 0 0 0 0 
3 144 568 272 34 3 0 0 0 4 242 566 188 23 1 0 670 316 35 3 0 0 0 0 
1 42 444 398 115 21 0 0 0 1 154 535 268 56 7 0 576 368 71 8 0 0 0 0 
0 51 451 398 106 16 2 0 0 0 121 587 259 49 8 0 495 426 91 12 0 0 0 0 
89 147 186 236 221 85 35 25 45 123 156 249 246 134 36 35 317 343 214 83 27 17 20 3 
244 300 160 96 51 42 31 100 165 246 252 104 65 44 39 109 519 182 94 53 46 29 94 7 
56 141 209 149 99 97 63 210 33 87 209 175 115 98 74 233 207 217 148 102 89 64 170 27 
397 221 250 93 28 15 11 9 327 165 249 188 53 16 15 11 659 233 67 28 20 5 12 0 
39 506 399 64 12 3 1 0 2 72 598 305 37 8 2 0 758 223 31 10 2 0 0 0 
49 425 421 110 16 2 1 0 1 98 485 364 63 11 2 0 727 255 35 6 1 0 0 0 
62 511 410 34 5 2 0 0 0 96 573 324 25 6 0 0 765 233 19 7 0 0 0 0 
0 87 744 177 10 3 0 0 0 3 247 711 56 3 1 0 698 307 16 1 0 0 0 0 
10 195 419 266 97 32 5 0 0 35 332 455 145 49 8 0 523 375 99 23 4 0 0 0 
1 91 321 314 212 66 14 5 0 6 195 401 297 102 18 5 339 398 218 57 7 3 2 0 
545 175 90 67 48 33 18 48 429 240 113 68 60 38 24 52 609 174 88 37 33 24 33 26 
180 214 175 123 77 73 50 132 88 201 227 134 90 76 63 145 337 223 124 84 73 55 106 22 
596 179 95 47 28 27 17 35 518 198 116 74 29 27 22 40 682 167 58 32 29 22 26 8 
92 422 414 77 13 3 2 1 41 145 480 298 48 8 2 2 641 317 51 12 2 1 0 0 
29 322 480 153 29 6 4 1 2 58 428 413 99 18 3 3 620 323 62 15 2 2 0 0 
130 477 355 50 6 5 1 0 3 198 493 287 34 3 6 0 720 271 24 4 5 0 0 0 
99 519 353 49 1 0 0 0 3 165 576 252 26 0 0 0 730 275 17 0 0 0 0 0 
12 219 446 285 53 7 2 0 0 30 348 465 154 24 3 0 610 342 65 7 0 0 0 0 
0 140 458 299 103 20 4 0 0 3 272 500 194 46 7 2 465 403 131 23 2 0 0 0 
144 187 211 176 119 62 30 95 87 155 195 189 177 78 35 108 300 310 155 88 46 28 88 9 
267 187 146 84 72 63 54 151 179 212 169 93 78 71 47 175 405 183 87 75 67 54 124 29 
269 231 133 108 86 62 36 99 191 220 185 106 93 64 54 111 436 205 103 83 62 48 80 7 
642 244 88 36 13 1 0 0 566 178 189 56 30 5 0 0 819 149 37 16 3 0 0 0 
582 282 130 21 7 2 0 0 469 203 224 107 16 4 1 0 837 157 21 7 2 0 0 0 
381 389 199 49 4 2 0 0 226 293 331 146 25 3 0 0 745 225 44 8 2 0 0 0 
99 464 348 78 19 7 7 0 17 225 485 224 55 5 8 1 711 264 33 7 5 1 0 0 
27 430 420 111 29 6 1 0 3 65 570 310 59 15 2 0 610 344 58 10 2 0 0 0 
29 509 383 82 20 1 0 0 0 87 661 231 43 1 1 0 733 248 42 0 1 0 0 0 
21 68 246 344 263 67 12 3 15 40 175 398 293 89 11 3 218 445 294 55 7 2 2 1 
109 182 176 104 91 64 68 230 40 179 189 128 89 68 72 259 280 196 115 73 71 73 187 29 
54 139 235 179 119 104 60 134 23 69 233 197 141 120 85 156 264 221 160 112 103 47 106 11 
523 149 183 85 34 21 10 19 488 104 184 132 48 34 11 23 703 190 59 32 14 14 12 0 
912 46 39 13 8 2 2 2 900 34 50 22 9 4 2 3 957 40 13 7 2 2 1 2 
1006 12 2 2 2 0 0 0 1001 17 2 2 1 1 0 0 1005 13 3 2 0 1 0 0 
776 158 65 16 7 0 0 0 712 168 96 32 12 1 0 0 887 90 33 10 1 0 0 0 
66 534 366 42 10 5 1 0 2 159 595 232 24 10 2 0 677 302 33 9 3 0 0 0 
18 331 533 120 18 3 1 0 1 72 552 349 40 8 2 0 563 409 40 10 2 0 0 0 
4 81 332 370 182 53 2 0 1 29 212 445 266 68 3 0 294 492 192 44 2 0 0 0 
157 351 183 150 85 37 12 49 48 305 263 173 110 49 25 51 427 323 119 60 32 12 38 13 
104 282 191 114 87 50 37 159 31 219 259 132 98 69 39 177 340 233 119 93 43 39 132 25 
91 290 206 108 83 53 45 148 33 189 296 127 106 60 49 164 365 231 107 79 53 49 132 8 
116 316 227 107 77 38 36 107 63 190 325 148 82 59 32 125 431 234 112 66 41 35 105 0 
642 145 93 42 32 19 12 39 596 146 118 48 38 20 17 41 749 116 49 37 21 14 37 1 
1004 17 1 0 0 0 0 0 1000 17 5 0 0 0 0 0 1015 8 0 0 0 0 0 0 
48 390 431 114 27 13 0 1 4 144 521 258 70 21 5 1 582 345 66 26 4 0 1 0 
18 296 474 188 34 11 3 0 0 76 408 395 115 21 9 0 477 407 113 18 8 1 0 0 
8 160 502 250 69 28 6 1 1 24 364 432 147 42 11 3 417 431 130 34 9 3 0 0 
22 129 250 321 203 67 15 17 1 62 179 341 296 99 27 19 259 400 253 70 20 10 12 0 
22 123 212 210 160 86 53 158 8 74 176 226 181 113 71 175 180 262 207 105 70 51 123 26 
63 232 178 147 90 64 58 192 29 178 218 145 111 74 55 214 267 206 150 89 67 59 174 12 
57 209 172 117 93 87 69 220 26 161 201 138 99 86 69 244 246 190 123 90 87 68 197 23 
101 264 144 105 86 68 55 201 47 210 196 130 87 79 59 216 326 179 112 81 72 58 177 19 
188 298 172 85 51 62 35 129 112 272 218 108 69 58 39 145 440 199 97 56 56 42 120 8 
19 369 488 120 25 2 1 0 0 45 514 377 70 16 2 0 548 383 75 16 2 0 0 0 
16 275 466 210 46 9 2 0 1 39 320 465 156 33 9 1 427 446 118 26 5 2 0 0 
18 219 463 223 75 22 3 1 1 81 351 386 154 42 7 2 354 459 164 39 6 2 0 0 
10 356 514 119 20 5 0 0 0 37 518 406 48 15 0 0 550 409 52 12 1 0 0 0 
1 43 319 387 200 59 14 1 1 11 188 467 248 89 16 4 258 502 200 50 9 5 0 0 
1 28 184 386 254 95 46 30 1 3 109 392 299 128 46 46 157 440 252 89 46 28 12 0 
26 185 318 241 119 49 32 54 6 49 303 301 175 83 41 66 283 334 192 104 35 27 49 0 
62 181 212 159 119 87 43 161 33 138 186 185 150 98 58 176 242 229 165 106 81 46 130 25 
167 264 126 78 85 64 51 186 74 293 152 90 76 81 51 202 362 172 87 85 76 44 147 48 
152 412 356 92 12 0 0 0 4 240 484 236 52 8 0 0 604 352 60 8 0 0 0 0 
24 312 496 144 36 8 4 0 0 112 320 456 92 32 8 4 428 472 92 24 8 0 0 0 
0 140 388 360 120 12 0 4 0 4 236 464 248 60 8 4 264 564 132 52 8 4 0 0 
4 140 460 324 68 24 4 0 0 36 312 484 152 32 8 0 332 508 144 32 8 0 0 0 
8 156 480 252 92 16 20 0 0 60 416 368 116 32 24 8 368 456 132 36 24 8 0 0 
16 196 456 280 56 20 0 0 8 64 440 356 132 20 4 0 452 388 160 12 12 0 0 0 
44 648 304 20 4 4 0 0 4 224 668 116 8 0 4 0 704 304 12 0 4 0 0 0 
12 288 476 196 32 8 4 8 0 76 432 392 92 12 8 12 336 516 128 24 8 4 8 0 
21 128 177 177 206 120 49 142 14 28 184 192 213 128 106 156 170 163 177 227 99 71 113 0 
