19 192 429 333 51 0 0 0 0 16 130 332 372 166 8 0 365 538 118 3 0 0 0 0 
41 200 498 258 27 0 0 0 4 76 172 418 276 75 3 0 253 620 146 5 0 0 0 0 
12 91 524 328 63 6 0 0 0 6 160 494 241 108 15 0 135 599 280 10 0 0 0 0 
2 359 555 104 4 0 0 0 0 94 603 306 21 0 0 0 151 650 210 13 0 0 0 0 
11 362 552 94 5 0 0 0 1 164 477 307 72 3 0 0 146 653 220 5 0 0 0 0 
7 229 529 215 42 2 0 0 0 32 313 402 211 57 9 0 200 548 257 17 2 0 0 0 
10 256 533 194 28 3 0 0 0 25 317 424 203 52 3 0 254 547 207 16 0 0 0 0 
20 284 484 156 51 28 1 0 0 54 337 409 143 57 21 3 229 589 167 34 4 1 0 0 
16 299 548 153 8 0 0 0 1 76 308 437 187 15 0 0 233 671 119 1 0 0 0 0 
14 426 470 106 8 0 0 0 3 203 457 251 99 11 0 0 248 607 156 13 0 0 0 0 
36 217 399 340 30 1 1 0 2 47 136 284 367 178 9 1 311 629 79 4 1 0 0 0 
75 250 310 366 23 0 0 0 6 76 195 266 215 263 3 0 341 600 79 4 0 0 0 0 
2 84 318 425 185 10 0 0 1 12 72 249 380 255 55 0 236 558 194 36 0 0 0 0 
17 159 309 369 166 4 0 0 4 64 198 169 212 345 32 0 138 663 205 18 0 0 0 0 
5 162 422 410 24 1 0 0 0 49 252 216 248 255 4 0 126 689 188 19 2 0 0 0 
1 126 688 202 7 0 0 0 0 8 194 363 387 72 0 0 76 678 245 23 2 0 0 0 
25 182 542 171 51 24 12 17 4 66 356 361 151 56 11 19 81 401 295 137 53 29 12 16 
38 280 255 293 88 34 28 8 5 162 282 382 107 44 32 10 138 232 151 322 98 47 29 7 
22 285 267 238 143 48 15 6 2 149 337 257 173 86 14 6 139 354 274 177 50 16 8 6 
5 98 341 421 137 21 1 0 1 31 173 232 330 232 25 0 176 634 152 55 6 1 0 0 
0 30 284 631 78 1 0 0 0 0 17 109 412 460 26 0 138 765 116 5 0 0 0 0 
1 32 268 219 395 109 0 0 1 11 50 157 564 240 1 0 48 317 67 72 258 261 1 0 
14 51 209 399 322 27 2 0 0 41 170 323 428 58 4 0 58 167 67 267 407 54 4 0 
2 117 718 139 37 11 0 0 0 36 672 260 42 14 0 0 28 112 544 282 42 16 0 0 
0 162 518 262 69 13 0 0 0 21 519 276 154 52 2 0 4 290 529 164 25 12 0 0 
4 94 571 274 66 13 2 0 2 47 420 285 216 48 6 0 19 290 570 96 34 10 5 0 
0 21 331 445 132 36 38 21 0 9 253 455 206 42 36 23 0 71 265 420 171 39 36 22 
2 49 258 415 181 53 31 35 5 59 220 404 223 51 28 34 11 79 296 407 139 41 19 32 
30 298 446 120 57 36 27 10 75 282 428 134 52 32 18 3 141 468 261 91 38 22 3 0 
17 298 594 76 37 2 0 0 30 357 531 78 26 2 0 0 107 707 150 53 7 0 0 0 
10 74 152 488 289 11 0 0 0 4 28 99 182 518 191 2 173 608 237 6 0 0 0 0 
3 33 115 454 388 28 3 0 0 8 52 159 381 293 131 0 37 169 350 249 201 12 6 0 
0 53 200 377 177 108 53 56 0 46 149 304 246 156 58 65 0 15 201 353 243 99 50 63 
0 89 399 168 103 87 78 100 0 58 382 201 113 94 85 91 0 61 384 196 109 88 79 107 
0 28 437 121 147 129 64 98 0 19 414 130 142 142 73 104 0 24 405 138 148 147 68 94 
0 11 625 225 63 44 33 23 0 10 627 211 67 51 34 24 0 51 633 170 70 44 32 24 
0 3 372 433 97 79 35 5 0 0 110 655 116 99 37 7 0 0 332 449 107 89 41 6 
0 0 200 710 85 29 0 0 0 0 70 750 153 48 3 0 0 0 178 690 112 43 1 0 
0 221 739 64 0 0 0 0 0 129 691 204 0 0 0 0 0 186 699 139 0 0 0 0 
0 264 709 34 16 1 0 0 0 216 745 43 19 1 0 0 0 335 624 41 22 2 0 0 
16 138 517 316 35 2 0 0 0 4 82 265 511 150 11 1 310 605 99 10 0 0 0 0 
12 114 480 359 57 2 0 0 0 7 41 222 499 223 32 0 232 590 183 19 0 0 0 0 
0 47 344 543 90 0 0 0 0 12 148 230 332 298 4 0 39 389 453 120 22 1 0 0 
0 203 744 65 12 0 0 0 0 113 797 97 17 0 0 0 0 99 788 115 22 0 0 0 
0 105 767 77 61 14 0 0 0 16 799 116 62 31 0 0 0 46 779 113 59 27 0 0 
0 17 618 284 54 39 12 0 0 0 474 407 71 25 32 15 9 58 550 353 51 3 0 0 
0 9 280 368 180 162 25 0 0 4 150 415 123 122 175 35 46 219 423 320 13 3 0 0 
0 0 386 629 4 4 1 0 0 0 175 805 38 3 3 0 0 10 188 791 34 1 0 0 
0 188 822 14 0 0 0 0 0 115 848 61 0 0 0 0 0 133 802 89 0 0 0 0 
0 319 705 0 0 0 0 0 0 288 736 0 0 0 0 0 0 351 673 0 0 0 0 0 
22 129 440 327 86 16 4 0 3 35 103 241 393 205 37 7 231 575 189 21 6 2 0 0 
192 505 288 37 2 0 0 0 146 297 271 264 45 1 0 0 512 449 61 2 0 0 0 0 
39 788 174 22 1 0 0 0 18 768 167 39 29 3 0 0 126 708 187 3 0 0 0 0 
0 220 719 85 0 0 0 0 0 173 763 88 0 0 0 0 14 82 778 144 6 0 0 0 
0 83 708 211 21 1 0 0 0 48 702 248 25 1 0 0 37 344 481 152 10 0 0 0 
1 42 537 234 85 94 31 0 0 11 438 261 128 62 89 35 101 305 496 108 12 2 0 0 
22 100 224 279 236 125 36 2 0 18 68 159 256 279 187 57 216 401 318 82 7 0 0 0 
0 27 511 111 204 142 29 0 0 0 472 106 94 178 139 35 18 133 572 167 76 52 5 1 
0 330 691 3 0 0 0 0 0 77 940 7 0 0 0 0 0 31 986 7 0 0 0 0 
0 966 58 0 0 0 0 0 0 929 95 0 0 0 0 0 0 737 287 0 0 0 0 0 
54 303 338 286 40 2 1 0 27 272 157 215 262 82 8 1 284 500 217 21 1 1 0 0 
39 604 375 5 1 0 0 0 20 906 94 3 1 0 0 0 170 783 69 2 0 0 0 0 
0 509 496 19 0 0 0 0 0 565 434 23 2 0 0 0 0 273 703 43 5 0 0 0 
3 431 581 9 0 0 0 0 0 467 547 10 0 0 0 0 0 123 874 27 0 0 0 0 
32 864 127 1 0 0 0 0 31 859 127 7 0 0 0 0 66 892 66 0 0 0 0 0 
242 563 110 50 35 21 3 0 260 539 91 32 28 44 28 2 362 521 110 23 6 2 0 0 
435 298 114 100 53 14 10 0 355 305 69 88 94 82 25 6 571 346 73 22 8 4 0 0 
1 728 196 63 26 6 2 2 0 683 233 46 49 6 5 2 13 560 359 39 50 2 1 0 
0 352 603 69 0 0 0 0 0 398 472 149 5 0 0 0 0 266 528 224 6 0 0 0 
0 711 313 0 0 0 0 0 0 660 364 0 0 0 0 0 0 492 531 1 0 0 0 0 
25 424 371 176 27 1 0 0 8 320 258 143 208 81 6 0 227 619 165 13 0 0 0 0 
0 805 219 0 0 0 0 0 0 821 203 0 0 0 0 0 0 829 195 0 0 0 0 0 
0 375 649 0 0 0 0 0 0 426 598 0 0 0 0 0 0 246 769 9 0 0 0 0 
0 814 210 0 0 0 0 0 0 862 162 0 0 0 0 0 0 550 473 1 0 0 0 0 
0 941 83 0 0 0 0 0 0 1011 13 0 0 0 0 0 0 1006 18 0 0 0 0 0 
41 912 71 0 0 0 0 0 5 1011 8 0 0 0 0 0 28 988 8 0 0 0 0 0 
125 886 13 0 0 0 0 0 98 918 8 0 0 0 0 0 266 758 0 0 0 0 0 0 
0 973 51 0 0 0 0 0 0 1003 21 0 0 0 0 0 0 1024 0 0 0 0 0 0 
0 1016 8 0 0 0 0 0 0 1016 8 0 0 0 0 0 0 1016 8 0 0 0 0 0 
1 1018 5 0 0 0 0 0 1 1019 4 0 0 0 0 0 1 1015 8 0 0 0 0 0 
