143 536 271 70 4 0 0 0 111 573 279 55 6 0 0 0 214 542 225 40 3 0 0 0 
64 463 335 128 31 3 0 0 20 442 383 134 42 3 0 0 84 520 295 96 28 1 0 0 
24 434 312 183 56 13 1 1 13 354 366 201 73 14 2 1 44 505 220 174 64 12 4 1 
17 365 512 114 16 0 0 0 16 303 492 187 24 2 0 0 16 434 507 61 6 0 0 0 
7 261 445 195 78 24 13 1 7 148 480 257 92 24 15 1 8 396 404 106 64 30 14 2 
3 160 404 268 141 45 3 0 4 120 412 310 137 38 3 0 2 173 381 296 124 45 3 0 
4 106 568 172 30 39 45 60 4 61 605 201 46 54 40 13 5 171 570 151 54 64 9 0 
0 48 303 272 208 112 55 26 0 28 283 283 233 115 61 21 8 232 370 232 99 57 21 5 
0 10 246 335 157 60 96 120 0 1 130 376 217 87 108 105 3 202 406 141 42 35 106 89 
17 105 393 338 131 28 10 2 12 95 301 405 172 26 11 2 40 345 431 165 29 12 0 2 
27 212 425 293 60 7 0 0 24 222 508 227 37 6 0 0 32 251 492 212 32 5 0 0 
62 330 328 242 59 3 0 0 48 314 336 260 62 4 0 0 59 253 343 279 85 5 0 0 
97 266 341 176 107 37 0 0 57 259 364 188 107 49 0 0 58 229 343 214 95 79 6 0 
115 573 229 82 23 2 0 0 86 528 289 87 31 3 0 0 64 427 383 103 38 9 0 0 
10 129 117 153 180 321 114 0 8 113 114 145 177 293 174 0 8 79 125 135 149 235 278 15 
5 64 190 222 170 191 106 76 6 54 163 230 197 193 111 70 3 39 152 212 207 208 137 66 
1 27 133 161 169 212 191 130 1 29 152 173 182 233 174 80 0 53 123 189 204 206 168 81 
0 10 82 135 133 121 171 372 0 11 93 125 122 127 177 369 1 42 146 155 114 86 134 346 
0 12 144 137 110 115 172 334 0 7 127 155 106 124 207 298 1 63 188 129 114 94 186 249 
1 143 346 309 136 51 26 12 1 124 337 323 150 53 27 9 7 285 393 225 57 35 19 3 
40 265 434 212 62 10 1 0 35 262 456 206 58 6 1 0 33 246 445 223 70 6 1 0 
13 140 330 353 152 32 2 2 22 194 366 298 116 25 3 0 23 216 362 279 114 30 0 0 
8 60 338 447 142 29 0 0 11 70 352 426 136 29 0 0 11 73 362 395 152 30 1 0 
9 103 235 273 232 171 1 0 8 102 236 257 211 205 5 0 8 84 205 248 212 213 54 0 
58 193 158 142 272 180 21 0 54 192 159 137 242 217 23 0 34 181 181 136 188 254 50 0 
13 56 99 174 158 117 141 266 14 60 105 182 145 130 138 250 17 67 108 173 151 129 144 235 
0 18 108 135 114 143 214 292 0 21 131 134 128 128 206 276 0 17 129 156 121 134 212 255 
0 39 65 142 213 213 122 230 0 43 61 126 214 221 128 231 1 55 56 95 205 253 137 222 
8 125 231 276 254 77 17 36 8 115 230 244 287 87 17 36 8 104 238 196 278 145 15 40 
21 279 343 163 114 82 22 0 25 279 344 156 113 75 32 0 28 318 347 140 81 61 48 1 
37 264 520 155 43 4 1 0 42 339 466 134 37 5 1 0 53 343 454 137 33 3 1 0 
39 200 312 298 150 21 4 0 61 217 319 275 131 20 1 0 64 226 322 265 127 18 2 0 
8 104 289 393 184 43 3 0 9 107 302 389 172 42 3 0 8 103 290 375 194 50 4 0 
38 202 212 291 241 38 2 0 45 194 175 248 272 87 3 0 34 165 186 181 193 223 42 0 
2 107 137 458 277 39 4 0 0 69 126 214 518 90 7 0 2 52 96 112 351 379 32 0 
192 238 185 133 78 60 37 101 190 246 182 135 86 51 39 95 186 272 161 139 89 44 46 87 
23 66 82 101 116 176 174 286 26 74 81 120 140 179 182 222 35 94 90 137 160 181 185 142 
6 199 331 266 94 37 45 46 4 174 320 283 111 41 44 47 7 171 288 285 133 48 45 47 
0 5 46 102 152 173 257 289 0 4 43 103 139 191 255 289 0 6 35 111 125 183 277 287 
7 151 45 154 235 250 158 24 8 153 39 145 230 258 164 27 6 147 36 126 226 283 167 33 
0 230 599 188 6 1 0 0 1 369 528 117 9 0 0 0 3 387 502 118 13 1 0 0 
3 118 465 327 89 22 0 0 5 162 476 289 74 18 0 0 6 177 467 279 80 13 2 0 
1 45 170 341 367 98 2 0 4 63 186 321 356 92 2 0 5 65 158 274 386 131 5 0 
3 63 246 358 264 85 5 0 3 67 219 375 253 101 6 0 3 59 161 287 349 140 25 0 
14 75 193 524 122 71 25 0 11 53 158 351 323 66 51 11 9 31 121 156 421 187 53 46 
14 24 109 436 287 110 28 16 12 23 65 403 345 124 39 13 8 22 56 256 475 120 61 26 
23 70 231 347 143 92 63 55 23 75 218 363 151 90 71 33 24 77 191 384 162 93 83 10 
55 239 329 212 96 53 32 8 60 249 310 220 94 53 31 7 56 280 292 220 92 52 26 6 
12 21 82 254 428 178 42 7 6 24 84 324 372 164 42 8 7 23 68 314 350 184 67 11 
6 25 52 161 310 309 161 0 5 23 72 209 309 238 168 0 3 27 75 241 305 198 175 0 
56 245 468 192 54 6 2 1 56 272 469 180 41 3 3 0 60 268 476 180 33 6 1 0 
8 145 527 277 55 12 0 0 17 225 543 186 47 6 0 0 28 286 506 163 36 5 0 0 
38 158 422 275 105 26 0 0 41 223 436 201 96 26 1 0 60 289 358 185 96 35 1 0 
27 256 123 232 254 103 28 1 22 254 123 198 291 111 24 1 17 234 141 159 303 138 31 1 
33 172 250 277 144 120 27 1 23 153 224 244 218 128 33 1 21 104 200 211 206 213 66 3 
30 63 162 443 290 33 2 1 30 61 133 310 410 69 10 1 26 43 98 211 419 204 18 5 
3 8 107 551 208 132 15 0 1 7 63 491 258 149 54 1 1 5 43 304 379 158 98 36 
0 41 374 362 150 74 23 0 2 139 323 324 137 76 23 0 15 179 283 295 151 74 26 1 
0 31 228 530 179 52 4 0 3 56 405 397 116 41 6 0 7 135 556 188 91 44 3 0 
12 106 358 491 57 0 0 0 18 149 638 204 15 0 0 0 49 336 516 116 7 0 0 0 
175 201 231 303 104 10 0 0 182 218 225 282 106 11 0 0 196 239 223 255 99 12 0 0 
54 238 366 236 91 27 10 2 62 256 366 220 85 25 8 2 79 256 395 194 67 25 7 1 
71 199 415 229 97 12 1 0 79 230 398 212 93 12 0 0 88 204 376 246 100 10 0 0 
321 323 250 108 21 1 0 0 317 327 248 110 21 1 0 0 336 257 280 122 28 1 0 0 
216 696 99 13 0 0 0 0 162 170 669 23 0 0 0 0 152 126 136 512 98 0 0 0 
17 722 208 65 11 1 0 0 12 14 740 227 24 7 0 0 9 8 16 527 429 30 5 0 
2 479 293 185 52 12 1 0 3 206 456 268 85 5 1 0 20 193 135 379 283 13 1 0 
12 469 426 87 29 1 0 0 5 91 593 298 36 1 0 0 9 85 102 364 460 4 0 0 
108 388 328 145 47 8 0 0 107 347 368 151 43 8 0 0 151 297 328 182 55 11 0 0 
89 494 237 157 45 2 0 0 163 428 235 161 35 2 0 0 390 209 226 163 35 1 0 0 
6 188 515 267 46 0 0 0 15 247 486 231 43 0 0 0 44 295 448 184 51 0 0 0 
80 454 353 108 26 0 0 0 79 441 372 115 14 1 0 0 81 359 463 108 8 1 0 0 
225 576 170 51 1 0 0 0 158 492 291 80 0 0 0 0 158 99 522 222 20 0 0 0 
177 720 76 47 1 0 0 0 37 741 193 49 2 0 0 0 32 62 551 371 6 0 0 0 
12 1011 0 0 0 0 0 0 0 632 391 0 0 0 0 0 0 0 348 675 0 0 0 0 
6 1017 0 0 0 0 0 0 0 616 407 0 0 0 0 0 0 21 294 707 0 0 0 0 
112 869 42 0 0 0 0 0 51 349 623 0 0 0 0 0 61 153 236 572 0 0 0 0 
8 678 168 128 35 3 0 0 0 2 768 198 37 17 0 0 0 0 1 921 94 6 0 0 
5 426 189 253 147 2 0 0 5 244 340 263 160 10 0 0 53 327 188 317 126 10 0 0 
10 308 314 359 30 0 0 0 6 299 334 334 49 0 0 0 93 609 279 40 1 0 0 0 
