720 150 127 27 0 0 0 0 684 102 133 98 7 0 0 0 830 164 29 1 0 0 0 0 
842 142 34 6 0 0 0 0 815 159 46 4 0 0 0 0 918 90 15 1 0 0 0 0 
921 68 26 8 1 0 0 0 901 72 32 17 2 0 0 0 959 48 16 1 0 0 0 0 
833 89 55 40 7 0 0 0 778 109 52 45 34 6 0 0 908 93 22 1 0 0 0 0 
614 202 100 89 19 0 0 0 526 185 120 93 86 14 0 0 772 188 64 0 0 0 0 0 
625 215 108 62 14 0 0 0 528 206 142 93 52 3 0 0 805 165 51 3 0 0 0 0 
573 227 117 97 10 0 0 0 450 247 155 105 65 2 0 0 741 220 60 3 0 0 0 0 
719 165 96 40 4 0 0 0 611 187 118 72 34 2 0 0 856 132 36 0 0 0 0 0 
643 244 122 15 0 0 0 0 503 232 194 90 5 0 0 0 813 192 19 0 0 0 0 0 
647 233 121 22 1 0 0 0 517 211 166 110 20 0 0 0 813 180 30 1 0 0 0 0 
726 134 80 71 13 0 0 0 626 166 84 70 76 2 0 0 812 150 60 2 0 0 0 0 
778 174 48 22 2 0 0 0 651 204 109 38 21 1 0 0 888 125 4 5 2 0 0 0 
412 389 190 33 0 0 0 0 227 209 331 205 51 1 0 0 693 304 26 1 0 0 0 0 
722 199 73 27 3 0 0 0 507 316 118 62 21 0 0 0 858 145 21 0 0 0 0 0 
706 181 95 33 8 1 0 0 526 245 129 88 28 7 1 0 767 164 54 19 17 3 0 0 
683 250 59 32 0 0 0 0 262 487 188 58 29 0 0 0 765 212 45 2 0 0 0 0 
909 115 0 0 0 0 0 0 659 300 65 0 0 0 0 0 961 63 0 0 0 0 0 0 
953 65 6 0 0 0 0 0 914 96 14 0 0 0 0 0 963 51 10 0 0 0 0 0 
887 97 26 9 5 0 0 0 787 153 51 21 8 4 0 0 821 113 44 29 10 7 0 0 
785 123 79 18 19 0 0 0 673 163 93 63 23 9 0 0 710 111 84 63 41 15 0 0 
738 231 51 4 0 0 0 0 550 248 173 51 2 0 0 0 778 221 21 4 0 0 0 0 
673 144 73 52 59 23 0 0 545 198 95 60 52 74 0 0 573 149 88 62 57 65 30 0 
289 140 105 132 222 136 0 0 129 209 114 110 141 276 45 0 238 118 112 87 110 218 141 0 
870 143 11 0 0 0 0 0 451 482 78 13 0 0 0 0 754 209 35 26 0 0 0 0 
973 51 0 0 0 0 0 0 868 152 4 0 0 0 0 0 1002 22 0 0 0 0 0 0 
923 99 2 0 0 0 0 0 807 208 9 0 0 0 0 0 877 143 4 0 0 0 0 0 
769 111 76 47 17 4 0 0 717 130 83 53 24 16 1 0 765 93 81 43 24 8 10 0 
757 142 83 22 17 3 0 0 622 178 98 85 25 16 0 0 573 178 110 73 64 19 7 0 
359 182 112 55 59 147 110 0 292 109 127 112 63 63 258 0 256 89 110 112 92 55 68 242 
33 208 184 89 181 209 120 0 6 37 159 199 91 207 322 3 0 31 58 159 177 79 280 240 
639 213 171 1 0 0 0 0 535 179 126 168 16 0 0 0 536 141 140 44 163 0 0 0 
948 72 4 0 0 0 0 0 712 235 65 12 0 0 0 0 561 310 111 42 0 0 0 0 
979 42 3 0 0 0 0 0 937 74 13 0 0 0 0 0 853 138 32 1 0 0 0 0 
1024 0 0 0 0 0 0 0 1010 14 0 0 0 0 0 0 981 43 0 0 0 0 0 0 
835 125 32 17 13 1 1 0 674 265 49 20 13 3 0 0 782 159 54 18 10 1 0 0 
254 150 129 113 89 136 153 0 176 140 96 115 121 108 174 94 156 135 77 99 101 110 126 220 
48 30 38 44 164 268 428 4 26 26 25 32 46 171 431 267 14 29 16 25 31 53 226 630 
205 195 158 159 91 157 58 1 141 205 189 146 67 99 154 23 145 218 200 138 51 50 86 136 
220 192 264 264 59 25 0 0 170 182 236 279 83 58 16 0 175 229 246 215 54 52 53 0 
453 456 101 14 0 0 0 0 250 478 197 76 23 0 0 0 318 380 183 71 60 12 0 0 
884 127 12 1 0 0 0 0 824 171 27 2 0 0 0 0 788 200 34 2 0 0 0 0 
982 42 0 0 0 0 0 0 923 99 2 0 0 0 0 0 931 91 2 0 0 0 0 0 
914 100 7 3 0 0 0 0 461 496 60 6 1 0 0 0 359 466 181 14 4 0 0 0 
441 179 108 138 136 22 0 0 387 89 154 80 129 164 21 0 358 99 93 120 67 123 154 10 
226 107 68 167 168 153 135 0 154 101 77 50 151 208 244 39 111 116 55 58 46 157 225 256 
888 71 55 10 0 0 0 0 816 97 56 36 19 0 0 0 762 129 46 41 28 18 0 0 
484 338 132 55 15 0 0 0 220 396 210 119 52 27 0 0 175 357 189 157 86 42 18 0 
516 286 127 58 35 2 0 0 408 295 158 121 40 2 0 0 613 304 69 34 4 0 0 0 
784 210 25 5 0 0 0 0 677 293 45 8 1 0 0 0 723 250 43 7 1 0 0 0 
891 121 12 0 0 0 0 0 812 130 69 11 2 0 0 0 779 134 77 23 9 2 0 0 
413 126 247 197 41 0 0 0 337 96 84 97 321 89 0 0 301 104 65 54 89 307 104 0 
108 42 59 183 204 213 210 5 62 52 28 44 136 260 296 146 47 45 35 27 32 109 303 426 
279 121 48 26 20 70 452 8 220 144 66 26 19 26 200 323 208 137 70 34 16 18 43 498 
297 135 132 104 235 121 0 0 283 99 113 80 102 261 86 0 293 87 103 67 62 119 280 13 
361 151 235 122 126 29 0 0 343 52 208 140 133 131 17 0 336 51 160 137 107 125 108 0 
1024 0 0 0 0 0 0 0 1024 0 0 0 0 0 0 0 1024 0 0 0 0 0 0 0 
910 97 11 4 2 0 0 0 882 123 13 4 2 0 0 0 921 87 12 4 0 0 0 0 
184 139 123 232 289 53 4 0 125 105 86 94 164 380 69 1 94 112 65 72 79 150 388 64 
0 8 5 57 310 533 111 0 0 0 9 4 14 291 686 20 0 0 4 6 3 16 337 658 
570 115 25 13 10 64 227 0 412 219 69 11 16 11 160 126 382 220 76 29 11 13 22 271 
651 256 80 29 7 1 0 0 349 340 194 96 33 10 2 0 199 356 171 154 97 37 8 2 
917 103 1 2 1 0 0 0 848 151 21 1 2 1 0 0 803 189 26 3 0 2 1 0 
693 218 107 6 0 0 0 0 596 214 189 25 0 0 0 0 562 204 229 27 2 0 0 0 
1016 8 0 0 0 0 0 0 957 67 0 0 0 0 0 0 1020 4 0 0 0 0 0 0 
