0 0 0 0 0 0 0 1024 0 0 0 0 0 0 0 1024 0 0 0 0 0 0 0 1024 
0 0 0 0 0 0 0 1024 0 0 0 0 0 0 0 1024 0 0 0 0 0 0 0 1024 
0 0 0 0 0 0 0 1024 0 0 0 0 0 0 0 1024 0 0 0 0 0 0 0 1024 
0 0 0 0 0 0 0 1024 0 0 0 0 0 0 0 1024 0 0 0 0 0 0 0 1024 
0 0 0 0 0 0 0 1024 0 0 0 0 0 0 0 1024 0 0 0 0 0 0 0 1024 
0 0 0 0 0 0 0 1024 0 0 0 0 0 0 0 1024 0 0 0 0 0 0 0 1024 
0 0 0 0 0 0 0 1024 0 0 0 0 0 0 0 1024 0 0 0 0 0 0 0 1024 
0 0 0 0 0 0 0 1024 0 0 0 0 0 0 0 1024 0 0 0 0 0 0 0 1024 
0 0 0 0 0 0 0 1024 0 0 0 0 0 0 0 1024 0 0 0 0 0 0 0 1024 
0 0 0 0 0 0 0 1024 0 0 0 0 0 0 0 1024 0 0 0 0 0 0 0 1024 
0 0 0 0 0 0 0 1024 0 0 0 0 0 0 0 1024 0 0 0 0 0 0 0 1024 
0 0 0 0 0 0 0 1024 0 0 0 0 0 0 0 1024 0 0 0 0 0 0 0 1024 
0 0 0 0 0 0 0 1024 0 0 0 0 0 0 0 1024 0 0 0 0 0 0 0 1024 
0 0 0 0 0 0 0 1024 0 0 0 0 0 0 0 1024 0 0 0 0 0 0 0 1024 
0 0 0 0 0 0 0 1024 0 0 0 0 0 0 0 1024 0 0 0 0 0 0 0 1024 
0 0 0 0 0 0 0 1024 0 0 0 0 0 0 0 1024 0 0 0 0 0 0 0 1024 
0 0 0 0 0 0 0 1024 0 0 0 0 0 0 0 1024 0 0 0 0 0 0 0 1024 
0 0 0 0 0 0 0 1024 0 0 0 0 0 0 0 1024 0 0 0 0 0 0 0 1024 
0 0 0 0 0 0 0 1024 0 0 0 0 0 0 0 1024 0 0 0 0 0 0 0 1024 
0 0 0 0 0 0 0 1024 0 0 0 0 0 0 0 1024 0 0 0 0 0 0 0 1024 
0 0 0 0 0 0 0 1024 0 0 0 0 0 0 0 1024 0 0 0 0 0 0 0 1024 
0 0 0 0 0 0 0 1024 0 0 0 0 0 0 0 1024 0 0 0 0 0 0 0 1024 
0 0 0 0 0 0 0 1024 0 0 0 0 0 0 0 1024 0 0 0 0 0 0 0 1024 
0 0 0 0 0 0 0 1024 0 0 0 0 0 0 0 1024 0 0 0 0 0 0 0 1024 
0 0 0 0 0 0 0 1024 0 0 0 0 0 0 0 1024 0 0 0 0 0 0 0 1024 
0 0 0 0 0 0 0 1024 0 0 0 0 0 0 0 1024 0 0 0 0 0 0 0 1024 
0 0 0 0 0 0 0 1024 0 0 0 0 0 0 0 1024 0 0 0 0 0 0 0 1024 
1 18 17 31 80 175 154 548 18 20 57 129 202 46 28 524 12 34 108 229 74 14 24 529 
0 0 0 14 112 445 412 41 0 6 52 320 547 79 19 1 1 40 395 505 60 20 3 0 
0 2 23 109 220 323 341 6 1 51 186 299 422 65 0 0 7 163 395 446 13 0 0 0 
0 0 1 37 168 444 368 6 0 8 88 318 530 80 0 0 2 43 260 631 87 1 0 0 
0 0 1 41 178 500 298 6 0 7 82 419 466 46 3 1 12 96 381 500 31 2 2 0 
0 0 4 23 114 489 370 24 0 11 41 304 590 72 6 0 3 40 433 474 66 7 1 0 
0 0 6 54 120 343 478 23 0 25 90 218 553 138 0 0 11 118 424 395 76 0 0 0 
0 24 53 74 152 365 328 26 18 93 101 314 432 58 5 0 24 189 392 309 96 13 0 0 
0 0 0 0 0 0 0 1024 0 0 0 0 0 0 0 1024 0 0 0 0 0 0 0 1024 
0 0 0 0 0 0 0 1024 0 0 0 0 0 0 0 1024 0 0 0 0 0 0 0 1024 
0 0 0 0 0 0 0 1024 0 0 0 0 0 0 0 1024 0 0 0 0 0 0 0 1024 
0 0 0 0 0 0 0 1024 0 0 0 0 0 0 0 1024 0 0 0 0 0 0 0 1024 
0 0 0 0 0 0 0 1024 0 0 0 0 0 0 0 1024 0 0 0 0 0 0 0 1024 
0 0 0 0 0 0 0 1024 0 0 0 0 0 0 0 1024 0 0 0 0 0 0 0 1024 
0 0 0 0 0 0 0 1024 0 0 0 0 0 0 0 1024 0 0 0 0 0 0 0 1024 
0 0 0 0 0 0 0 1024 0 0 0 0 0 0 0 1024 0 0 0 0 0 0 0 1024 
0 0 0 0 0 0 0 1024 0 0 0 0 0 0 0 1024 0 0 0 0 0 0 0 1024 
0 0 0 0 0 0 0 1024 0 0 0 0 0 0 0 1024 0 0 0 0 0 0 0 1024 
0 0 0 0 0 0 0 1024 0 0 0 0 0 0 0 1024 0 0 0 0 0 0 0 1024 
0 0 0 0 0 0 0 1024 0 0 0 0 0 0 0 1024 0 0 0 0 0 0 0 1024 
0 0 0 0 0 0 0 1024 0 0 0 0 0 0 0 1024 0 0 0 0 0 0 0 1024 
0 0 0 0 0 0 0 1024 0 0 0 0 0 0 0 1024 0 0 0 0 0 0 0 1024 
0 0 0 0 0 0 0 1024 0 0 0 0 0 0 0 1024 0 0 0 0 0 0 0 1024 
0 0 0 0 0 0 0 1024 0 0 0 0 0 0 0 1024 0 0 0 0 0 0 0 1024 
0 0 0 0 0 0 0 1024 0 0 0 0 0 0 0 1024 0 0 0 0 0 0 0 1024 
0 0 0 0 0 0 0 1024 0 0 0 0 0 0 0 1024 0 0 0 0 0 0 0 1024 
0 0 0 0 0 0 0 1024 0 0 0 0 0 0 0 1024 0 0 0 0 0 0 0 1024 
0 0 0 0 0 0 0 1024 0 0 0 0 0 0 0 1024 0 0 0 0 0 0 0 1024 
0 0 0 0 0 0 0 1024 0 0 0 0 0 0 0 1024 0 0 0 0 0 0 0 1024 
0 0 0 0 0 0 0 1024 0 0 0 0 0 0 0 1024 0 0 0 0 0 0 0 1024 
0 0 0 0 0 0 0 1024 0 0 0 0 0 0 0 1024 0 0 0 0 0 0 0 1024 
0 0 0 0 0 0 0 1024 0 0 0 0 0 0 0 1024 0 0 0 0 0 0 0 1024 
0 0 0 0 0 0 0 1024 0 0 0 0 0 0 0 1024 0 0 0 0 0 0 0 1024 
0 0 0 0 0 0 0 1024 0 0 0 0 0 0 0 1024 0 0 0 0 0 0 0 1024 
0 0 2 7 53 132 281 549 0 2 25 70 258 118 33 518 0 6 69 255 126 25 26 517 
0 0 3 29 101 311 561 19 0 7 63 200 668 85 1 0 1 41 268 659 54 1 0 0 
0 0 5 66 148 417 353 35 0 19 114 331 433 115 12 0 1 60 383 450 95 34 1 0 
0 0 4 50 221 451 276 22 0 15 116 365 415 105 7 1 0 46 318 541 102 14 3 0 
0 0 28 134 245 416 193 8 2 64 188 419 300 50 1 0 7 139 349 446 75 8 0 0 
0 0 15 97 297 423 184 8 0 38 196 378 350 62 0 0 4 118 470 352 73 7 0 0 
0 0 10 42 133 277 509 53 1 20 80 190 517 204 12 0 7 77 356 445 115 23 1 0 
0 18 32 69 108 328 437 32 14 53 94 180 568 109 6 0 33 99 475 346 62 9 0 0 
0 0 2 53 264 416 272 16 0 13 122 360 450 69 8 0 21 157 466 304 64 10 0 0 
0 0 0 0 0 0 0 1024 0 0 0 0 0 0 0 1024 0 0 0 0 0 0 0 1024 
0 0 0 0 0 0 0 1024 0 0 0 0 0 0 0 1024 0 0 0 0 0 0 0 1024 
0 0 0 0 0 0 0 1024 0 0 0 0 0 0 0 1024 0 0 0 0 0 0 0 1024 
0 0 0 0 0 0 0 1024 0 0 0 0 0 0 0 1024 0 0 0 0 0 0 0 1024 
0 0 0 0 0 0 0 1024 0 0 0 0 0 0 0 1024 0 0 0 0 0 0 0 1024 
0 0 0 0 0 0 0 1024 0 0 0 0 0 0 0 1024 0 0 0 0 0 0 0 1024 
0 0 0 0 0 0 0 1024 0 0 0 0 0 0 0 1024 0 0 0 0 0 0 0 1024 
0 0 0 0 0 0 0 1024 0 0 0 0 0 0 0 1024 0 0 0 0 0 0 0 1024 
0 0 0 0 0 0 0 1024 0 0 0 0 0 0 0 1024 0 0 0 0 0 0 0 1024 
0 0 0 0 0 0 0 1024 0 0 0 0 0 0 0 1024 0 0 0 0 0 0 0 1024 
0 0 0 0 0 0 0 1024 0 0 0 0 0 0 0 1024 0 0 0 0 0 0 0 1024 
0 0 0 0 0 0 0 1024 0 0 0 0 0 0 0 1024 0 0 0 0 0 0 0 1024 
0 0 0 0 0 0 0 1024 0 0 0 0 0 0 0 1024 0 0 0 0 0 0 0 1024 
0 0 0 0 0 0 0 1024 0 0 0 0 0 0 0 1024 0 0 0 0 0 0 0 1024 
0 0 0 0 0 0 0 1024 0 0 0 0 0 0 0 1024 0 0 0 0 0 0 0 1024 
0 0 0 0 0 0 0 1024 0 0 0 0 0 0 0 1024 0 0 0 0 0 0 0 1024 
0 0 0 0 0 0 0 1024 0 0 0 0 0 0 0 1024 0 0 0 0 0 0 0 1024 
0 0 0 0 0 0 0 1024 0 0 0 0 0 0 0 1024 0 0 0 0 0 0 0 1024 
0 0 0 0 0 0 0 1024 0 0 0 0 0 0 0 1024 0 0 0 0 0 0 0 1024 
0 0 0 0 0 0 0 1024 0 0 0 0 0 0 0 1024 0 0 0 0 0 0 0 1024 
0 0 0 0 0 0 0 1024 0 0 0 0 0 0 0 1024 0 0 0 0 0 0 0 1024 
0 0 0 0 0 0 0 1024 0 0 0 0 0 0 0 1024 0 0 0 0 0 0 0 1024 
0 0 0 0 0 0 0 1024 0 0 0 0 0 0 0 1024 0 0 0 0 0 0 0 1024 
0 0 0 0 0 0 0 1024 0 0 0 0 0 0 0 1024 0 0 0 0 0 0 0 1024 
0 0 0 0 0 20 29 975 0 0 0 0 28 20 8 968 0 0 3 19 18 8 6 970 
0 0 0 2 15 206 384 417 0 0 4 48 476 73 26 397 0 2 61 459 66 21 19 396 
0 0 0 15 45 421 539 4 0 3 23 125 777 96 0 0 0 18 291 674 39 2 0 0 
0 0 0 41 147 310 466 60 0 6 105 183 540 184 6 0 1 54 338 533 94 4 0 0 
0 0 2 23 86 464 407 42 0 3 47 217 616 118 20 3 0 38 367 489 91 29 10 0 
0 0 0 11 93 527 364 29 0 4 51 333 538 91 7 0 2 64 483 398 70 7 0 0 
1 14 10 47 148 443 303 58 14 17 83 231 512 128 39 0 21 53 392 336 157 62 3 0 
0 9 29 70 116 286 367 147 10 41 79 166 367 300 59 2 18 72 187 326 313 102 6 0 
0 8 27 107 178 354 292 58 8 43 138 241 401 176 17 0 25 113 264 390 201 29 2 0 
0 2 73 168 237 302 222 20 6 122 239 291 290 72 4 0 27 255 382 287 67 6 0 0 
5 56 88 120 194 312 221 26 66 106 176 309 272 82 10 0 106 216 370 240 69 21 0 0 
0 0 0 0 0 0 0 1024 0 0 0 0 0 0 0 1024 0 0 0 0 0 0 0 1024 
0 0 0 0 0 0 0 1024 0 0 0 0 0 0 0 1024 0 0 0 0 0 0 0 1024 
0 0 0 0 0 0 0 1024 0 0 0 0 0 0 0 1024 0 0 0 0 0 0 0 1024 
0 0 0 0 0 0 0 1024 0 0 0 0 0 0 0 1024 0 0 0 0 0 0 0 1024 
0 0 0 0 0 0 0 1024 0 0 0 0 0 0 0 1024 0 0 0 0 0 0 0 1024 
0 0 0 0 0 0 0 1024 0 0 0 0 0 0 0 1024 0 0 0 0 0 0 0 1024 
0 0 0 0 0 0 0 1024 0 0 0 0 0 0 0 1024 0 0 0 0 0 0 0 1024 
0 0 0 0 0 0 0 1024 0 0 0 0 0 0 0 1024 0 0 0 0 0 0 0 1024 
0 0 0 0 0 0 0 1024 0 0 0 0 0 0 0 1024 0 0 0 0 0 0 0 1024 
0 0 0 0 0 0 0 1024 0 0 0 0 0 0 0 1024 0 0 0 0 0 0 0 1024 
0 0 0 0 0 0 0 1024 0 0 0 0 0 0 0 1024 0 0 0 0 0 0 0 1024 
0 0 0 0 0 0 0 1024 0 0 0 0 0 0 0 1024 0 0 0 0 0 0 0 1024 
0 0 0 0 0 0 10 1014 0 0 0 0 0 7 33 984 0 0 0 0 0 27 17 980 
0 0 0 0 0 0 12 1012 0 0 0 0 0 5 19 1000 0 0 0 0 0 10 16 998 
0 0 0 0 0 0 0 1024 0 0 0 0 0 0 0 1024 0 0 0 0 0 0 0 1024 
0 0 0 0 0 0 0 1024 0 0 0 0 0 0 0 1024 0 0 0 0 0 0 0 1024 
0 0 0 0 0 0 0 1024 0 0 0 0 0 0 0 1024 0 0 0 0 0 0 0 1024 
0 0 0 0 0 0 0 1024 0 0 0 0 0 0 0 1024 0 0 0 0 0 0 0 1024 
0 0 0 0 0 0 0 1024 0 0 0 0 0 0 0 1024 0 0 0 0 0 0 0 1024 
0 0 0 0 0 0 0 1024 0 0 0 0 0 0 0 1024 0 0 0 0 0 0 0 1024 
0 0 0 0 0 0 20 1004 0 0 0 0 0 0 34 990 0 0 0 0 0 0 8 1016 
0 0 0 0 0 0 0 1024 0 0 0 0 0 0 0 1024 0 0 0 0 0 0 0 1024 
0 0 0 0 0 13 51 960 0 0 0 4 16 144 42 818 0 0 0 7 87 89 24 817 
0 0 0 7 18 27 125 847 0 3 4 27 32 194 60 704 0 4 10 35 156 91 27 701 
0 0 8 30 83 253 398 252 0 5 34 99 400 230 38 218 0 11 72 324 280 83 32 222 
0 0 0 1 46 306 552 119 0 0 6 84 535 359 35 5 0 5 67 544 334 67 7 0 
0 0 0 15 71 359 482 97 0 1 31 137 559 267 27 2 0 21 178 473 297 49 6 0 
0 0 10 43 143 418 357 53 0 14 98 271 465 164 12 0 0 54 337 470 147 15 1 0 
0 0 4 31 64 351 493 81 0 12 47 143 613 171 38 0 2 50 412 395 115 42 8 0 
0 5 16 21 68 365 479 70 7 22 28 173 593 170 30 1 17 47 384 450 90 34 2 0 
1 61 73 127 162 263 250 87 41 92 143 224 296 171 52 5 58 157 281 281 161 70 16 0 
0 15 16 52 135 495 284 27 14 27 76 252 525 121 9 0 19 99 358 400 131 17 0 0 
0 0 10 37 121 426 405 25 1 25 78 260 555 99 6 0 8 118 431 357 96 13 1 0 
0 0 2 22 79 298 579 44 1 13 69 228 637 74 2 0 15 108 599 288 12 2 0 0 
0 0 2 96 218 202 448 56 2 21 202 237 434 125 0 0 21 194 469 330 8 0 0 0 
0 0 0 0 0 0 0 1024 0 0 0 0 0 0 0 1024 0 0 0 0 0 0 0 1024 
0 0 0 0 0 0 0 1024 0 0 0 0 0 0 0 1024 0 0 0 0 0 0 0 1024 
0 0 0 0 0 0 0 1024 0 0 0 0 0 0 0 1024 0 0 0 0 0 0 0 1024 
0 0 0 0 0 0 0 1024 0 0 0 0 0 0 0 1024 0 0 0 0 0 0 0 1024 
0 0 0 0 0 0 0 1024 0 0 0 0 0 0 0 1024 0 0 0 0 0 0 0 1024 
0 0 0 0 0 0 3 1021 0 0 0 0 0 0 12 1012 0 0 0 0 0 4 10 1010 
0 0 0 0 7 59 229 729 0 0 0 13 125 158 50 678 0 0 0 15 208 97 27 677 
0 0 0 0 2 123 411 488 0 0 0 10 213 348 53 400 0 0 0 31 381 189 29 394 
0 0 0 0 9 116 328 571 0 0 0 24 186 380 88 346 0 0 1 73 389 198 18 345 
0 0 0 0 3 146 397 478 0 0 0 34 225 498 78 189 0 0 0 68 569 174 26 187 
0 0 0 0 2 72 606 344 0 0 0 9 278 559 69 109 0 0 0 36 654 198 35 101 
0 0 0 2 25 137 537 323 0 0 5 38 244 514 96 127 0 0 7 78 520 265 34 120 
0 0 0 0 10 186 731 97 0 0 0 15 295 659 49 6 0 0 0 56 728 224 13 3 
0 0 0 1 36 207 732 48 0 0 1 46 383 574 20 0 0 0 8 135 716 155 10 0 
0 0 0 0 7 101 698 218 0 0 0 14 272 569 40 129 0 0 0 61 654 156 27 126 
0 0 0 0 0 23 451 550 0 0 0 0 107 462 41 414 0 0 0 4 407 173 25 415 
0 0 0 0 0 2 244 778 0 0 0 0 12 509 94 409 0 0 0 2 242 344 28 408 
0 0 0 0 0 9 317 698 0 0 0 0 26 434 60 504 0 0 0 0 308 186 30 500 
0 0 0 0 0 16 253 755 0 0 0 0 44 334 72 574 0 0 0 10 234 172 34 574 
0 0 0 0 0 2 51 971 0 0 0 0 7 145 84 788 0 0 0 1 55 161 29 778 
0 0 0 9 30 130 179 676 0 0 0 37 169 156 93 569 0 0 15 118 175 72 50 594 
0 0 0 0 16 388 219 401 0 0 0 21 457 251 46 249 0 0 4 197 448 103 25 247 
0 0 0 0 0 24 494 506 0 0 0 4 178 790 50 2 0 0 6 130 799 85 2 2 
0 0 0 0 18 176 617 213 0 0 4 69 421 524 6 0 0 2 70 531 402 19 0 0 
0 0 2 24 77 279 491 151 0 8 34 132 415 382 53 0 1 16 99 413 357 123 15 0 
0 0 0 4 26 233 585 176 0 0 8 90 439 427 60 0 0 11 124 421 341 123 4 0 
0 0 0 6 78 425 500 15 0 0 19 236 642 126 1 0 0 46 431 507 39 1 0 0 
0 0 1 22 71 386 520 24 0 4 51 173 648 142 5 1 3 58 465 459 30 7 2 0 
0 0 8 68 150 356 367 75 0 15 111 214 479 178 25 2 6 93 377 365 143 38 1 1 
0 0 1 23 70 347 499 84 0 6 33 163 562 231 24 5 4 41 336 429 172 30 12 0 
0 6 43 60 56 392 449 18 8 54 65 146 654 96 1 0 20 109 507 366 21 1 0 0 
1 27 86 113 111 282 375 29 45 105 138 224 450 56 5 1 118 220 459 200 21 4 2 0 
0 0 36 130 196 356 293 13 3 83 192 299 380 64 3 0 57 243 412 248 60 4 0 0 
0 2 32 203 236 372 159 20 4 93 238 373 260 53 3 0 45 306 379 211 75 7 1 0 
0 0 5 50 229 533 202 2 0 18 165 522 304 13 0 0 10 229 632 136 16 0 0 0 
0 0 0 0 0 0 0 1024 0 0 0 0 0 0 0 1024 0 0 0 0 0 0 0 1024 
0 0 0 0 0 0 0 1024 0 0 0 0 0 0 0 1024 0 0 0 0 0 0 0 1024 
0 0 0 0 0 0 0 1024 0 0 0 0 0 0 0 1024 0 0 0 0 0 0 0 1024 
0 0 0 0 0 0 7 1017 0 0 0 0 0 4 12 1008 0 0 0 0 2 6 7 1009 
0 0 0 2 6 17 202 797 0 0 0 7 19 246 48 704 0 0 0 6 223 54 35 706 
0 0 0 0 7 96 601 320 0 0 0 14 222 644 43 101 0 0 0 73 686 140 22 103 
0 0 0 0 17 148 658 201 0 0 0 36 340 628 20 0 0 0 2 130 805 87 0 0 
0 0 0 0 0 45 766 213 0 0 0 4 331 670 19 0 0 0 1 238 720 65 0 0 
0 0 0 0 0 57 821 146 0 0 0 0 410 613 1 0 0 0 0 301 700 23 0 0 
0 0 0 0 2 18 806 198 0 0 0 5 186 829 4 0 0 0 1 75 916 32 0 0 
0 0 0 0 13 204 698 109 0 0 0 40 420 564 0 0 0 0 15 323 677 9 0 0 
0 0 0 0 6 173 716 129 0 0 1 14 447 553 9 0 0 0 4 281 734 5 0 0 
0 0 0 0 3 201 719 101 0 0 0 11 487 522 4 0 0 0 4 305 696 19 0 0 
0 0 0 0 0 254 573 197 0 0 0 14 418 582 10 0 0 0 2 299 703 20 0 0 
0 0 0 0 2 150 785 87 0 0 0 9 286 727 2 0 0 0 0 195 810 19 0 0 
0 2 85 178 61 46 436 216 0 2 89 209 105 589 30 0 0 5 245 141 544 89 0 0 
0 0 15 129 154 272 260 194 0 1 55 223 354 338 53 0 0 4 163 263 471 123 0 0 
0 0 8 189 77 258 261 231 0 1 59 192 316 363 93 0 0 2 167 143 537 175 0 0 
0 17 50 217 345 152 123 120 0 18 93 509 155 202 47 0 0 27 281 436 166 113 1 0 
0 32 255 342 132 88 78 97 0 79 325 339 105 139 37 0 0 87 556 166 127 87 1 0 
0 0 73 394 286 175 59 37 0 9 189 505 231 73 17 0 0 41 469 355 137 18 4 0 
0 0 0 1 34 356 555 78 0 0 2 50 717 241 14 0 0 1 20 625 360 18 0 0 
0 0 0 3 63 265 547 146 0 0 7 93 469 427 28 0 0 3 93 527 368 31 2 0 
0 0 0 1 32 318 525 148 0 0 4 71 512 374 58 5 0 5 189 456 275 88 8 3 
0 0 0 2 22 211 583 206 0 0 7 74 489 322 130 2 0 2 159 491 187 146 39 0 
0 0 0 1 52 471 493 7 0 0 7 191 749 75 2 0 0 29 489 479 27 0 0 0 
0 0 5 25 73 316 598 7 0 6 41 157 646 171 3 0 2 29 436 537 16 3 1 0 
0 20 74 103 112 257 407 51 21 89 119 160 395 224 15 1 38 146 302 399 119 15 5 0 
0 17 80 137 209 257 285 39 18 93 176 260 299 162 16 0 63 209 357 251 110 34 0 0 
0 0 12 36 72 208 567 129 2 20 53 147 511 269 22 0 18 58 265 542 96 42 3 0 
0 3 46 111 129 194 512 29 7 67 164 147 488 151 0 0 36 180 420 377 11 0 0 0 
22 83 95 108 158 283 268 7 106 128 157 247 353 33 0 0 175 323 406 120 0 0 0 0 
1 5 35 101 184 280 333 85 10 77 167 273 381 60 20 36 66 273 453 162 12 21 26 11 
0 1 14 91 133 317 424 44 2 57 144 257 481 83 0 0 63 209 523 224 5 0 0 0 
0 0 10 40 154 538 266 13 0 24 104 429 400 64 2 0 26 245 509 218 24 0 0 0 
0 0 0 0 0 50 95 879 0 0 0 1 40 79 57 847 0 0 0 14 82 25 24 879 
0 0 0 0 13 63 174 774 0 0 3 17 79 157 41 727 0 0 6 41 182 30 26 739 
0 0 0 0 0 81 498 445 0 0 0 4 219 425 48 328 0 0 0 76 542 42 27 337 
0 0 0 0 0 6 728 290 0 0 0 0 183 738 32 71 0 0 0 74 795 62 21 72 
0 0 0 0 0 63 754 207 0 0 0 9 168 845 2 0 0 0 0 59 924 41 0 0 
0 0 0 4 13 44 816 147 0 0 5 13 282 722 2 0 0 0 7 121 878 18 0 0 
0 0 0 30 107 205 584 98 0 0 37 137 381 467 2 0 0 0 48 320 644 12 0 0 
0 0 0 26 48 123 756 71 0 0 39 49 422 488 26 0 0 0 38 270 652 58 6 0 
0 0 0 0 11 249 713 51 0 0 0 28 479 511 6 0 0 0 10 317 656 41 0 0 
0 0 0 0 1 195 719 109 0 0 0 6 391 618 9 0 0 0 0 272 710 42 0 0 
0 0 1 13 102 109 519 280 0 0 11 59 225 597 63 69 0 0 5 147 693 66 40 73 
0 0 0 0 16 87 552 369 0 0 0 16 211 571 37 189 0 0 7 168 583 53 37 176 
0 0 7 59 131 258 503 66 0 1 38 187 352 440 6 0 0 3 111 481 418 11 0 0 
0 0 8 33 58 397 513 15 0 0 15 81 478 449 1 0 0 2 80 492 444 6 0 0 
0 0 1 52 159 639 171 2 0 0 18 159 724 122 1 0 0 1 65 584 365 9 0 0 
0 1 62 364 363 227 7 0 0 5 148 542 321 8 0 0 0 13 300 602 108 1 0 0 
0 0 1 111 433 444 34 1 0 0 85 411 500 27 1 0 0 0 139 640 236 9 0 0 
0 0 46 272 352 224 82 48 0 11 227 420 244 78 36 8 0 15 332 441 157 55 23 1 
0 53 202 244 288 159 61 17 3 106 342 377 129 51 14 2 1 144 439 322 76 34 7 1 
0 40 196 119 77 144 380 68 4 105 221 135 276 261 22 0 3 136 307 251 285 40 2 0 
0 24 34 79 107 190 436 154 15 43 79 122 246 439 77 3 18 66 110 253 418 146 13 0 
0 0 1 6 35 144 540 298 1 0 10 64 284 613 52 0 1 11 77 495 394 42 4 0 
0 0 6 16 35 131 711 125 0 11 22 49 357 566 19 0 0 13 57 636 299 18 1 0 
0 0 0 1 3 204 771 45 0 0 1 26 672 314 9 2 0 3 190 707 111 8 5 0 
0 0 0 0 21 376 536 91 0 0 2 115 724 112 70 1 0 8 458 448 45 51 14 0 
0 1 2 10 63 388 540 20 1 2 27 140 687 157 8 2 2 40 432 480 53 14 3 0 
0 1 16 46 115 257 505 84 4 24 92 161 462 259 16 6 21 109 315 470 83 18 5 3 
0 0 14 42 91 171 474 232 0 18 60 129 356 411 45 5 13 68 205 517 170 42 7 2 
0 6 18 27 59 232 513 169 7 20 32 138 509 306 9 3 13 53 273 564 101 16 2 2 
0 0 0 13 11 103 566 331 0 8 8 69 545 393 1 0 8 25 294 676 21 0 0 0 
0 1 2 3 10 147 597 264 1 4 6 141 607 216 13 36 5 66 400 483 21 12 18 19 
0 0 6 19 50 172 573 204 2 19 44 157 569 233 0 0 32 85 468 430 9 0 0 0 
0 0 2 26 69 234 555 138 0 16 38 160 595 215 0 0 10 81 464 439 30 0 0 0 
0 0 0 9 39 252 582 142 0 6 23 191 563 237 4 0 13 83 426 456 38 8 0 0 
0 0 0 2 13 146 704 157 0 0 16 93 592 320 2 0 5 34 378 570 34 0 0 0 
0 20 94 287 200 108 300 15 0 29 178 226 337 254 0 0 0 1 157 289 411 57 109 0 
8 29 114 488 247 71 54 13 0 43 269 420 242 50 0 0 0 3 306 426 125 66 98 0 
0 0 23 602 234 101 62 2 0 3 150 552 288 31 0 0 0 0 256 495 106 59 108 0 
0 0 7 348 434 145 90 0 0 2 47 559 382 34 0 0 0 0 177 500 184 36 127 0 
0 0 0 143 417 319 140 5 0 0 9 399 520 95 1 0 0 3 83 492 285 38 123 0 
0 0 8 130 282 351 243 10 0 2 31 282 585 122 2 0 0 4 115 565 230 36 74 0 
0 38 127 164 211 369 114 1 0 82 129 247 460 106 0 0 0 38 273 471 153 38 51 0 
0 26 175 153 152 289 215 14 0 69 180 187 383 199 6 0 0 36 253 365 285 50 35 0 
0 15 79 223 345 225 126 11 0 27 165 440 330 61 1 0 0 24 325 528 98 19 30 0 
0 16 268 235 290 143 65 7 0 96 377 310 186 52 3 0 0 49 384 417 136 14 24 0 
0 0 56 156 252 199 295 66 0 6 167 255 323 236 19 18 0 8 167 477 290 59 8 15 
0 0 5 7 91 418 439 64 0 1 8 112 560 326 16 1 0 0 59 503 424 35 3 0 
0 0 0 3 79 426 486 30 0 0 6 146 616 248 8 0 0 0 96 675 247 6 0 0 
0 0 1 25 121 388 482 7 0 1 19 187 641 176 0 0 0 5 130 649 239 1 0 0 
0 0 0 16 286 393 308 21 0 0 18 334 503 167 2 0 0 2 183 591 241 7 0 0 
0 9 78 233 426 167 110 1 0 38 202 540 169 75 0 0 0 73 624 256 67 4 0 0 
0 1 24 190 541 179 62 27 0 9 184 581 182 41 16 11 0 48 652 214 60 24 16 10 
0 0 29 67 310 331 238 49 0 19 92 413 373 127 0 0 2 34 485 439 64 0 0 0 
0 14 67 49 56 84 585 169 0 48 77 69 227 595 8 0 1 71 125 552 263 11 1 0 
0 0 0 1 4 49 734 236 0 1 2 13 228 765 15 0 0 3 52 796 161 11 1 0 
0 0 0 0 2 107 772 143 0 0 0 6 359 652 7 0 0 1 92 841 90 0 0 0 
0 0 0 0 4 212 764 44 0 0 0 22 607 393 2 0 0 6 240 739 38 1 0 0 
0 0 1 2 7 139 773 102 0 1 5 21 521 447 25 4 1 7 203 739 49 21 4 0 
0 0 0 15 131 415 450 13 0 2 58 223 604 137 0 0 0 19 425 503 76 1 0 0 
0 0 6 7 85 328 429 169 0 6 19 173 480 329 17 0 0 9 201 553 236 25 0 0 
0 0 0 3 12 75 527 407 0 2 7 33 327 596 58 1 3 12 111 584 230 78 6 0 
0 0 0 0 4 68 473 479 0 0 1 53 378 558 34 0 0 16 166 625 186 31 0 0 
0 0 0 0 5 77 574 368 0 0 5 69 499 451 0 0 1 23 293 689 18 0 0 0 
0 0 0 0 11 108 603 302 0 0 10 93 572 327 13 9 2 38 332 579 48 14 8 3 
0 0 0 0 2 100 694 228 0 0 1 92 668 262 1 0 0 43 466 501 13 1 0 0 
0 0 2 14 41 209 658 100 0 7 26 149 678 164 0 0 12 65 526 408 13 0 0 0 
0 3 6 18 117 401 436 43 4 8 56 285 549 121 1 0 20 149 575 244 35 1 0 0 
0 1 14 59 150 343 425 32 2 35 116 295 476 99 1 0 31 189 555 239 9 1 0 0 
0 0 13 28 61 355 529 38 1 22 53 238 606 103 1 0 37 143 558 267 17 2 0 0 
0 0 0 0 8 373 616 26 0 0 0 178 752 88 5 0 0 66 728 224 5 0 0 0 
0 0 0 360 441 27 80 116 0 0 0 3 768 224 29 0 0 0 10 75 90 191 658 0 
0 0 0 364 660 0 0 0 0 0 0 1 821 202 0 0 0 0 0 0 0 117 907 0 
0 0 0 372 652 0 0 0 0 0 0 4 805 215 0 0 0 0 0 0 2 136 886 0 
0 0 0 232 760 31 1 0 0 0 0 22 735 267 0 0 0 0 3 24 32 143 822 0 
0 0 0 288 693 38 5 0 0 0 1 15 752 256 0 0 0 0 2 28 36 143 815 0 
0 0 0 316 680 23 5 0 0 0 1 38 745 239 1 0 0 7 4 3 6 151 852 1 
0 0 1 402 566 55 0 0 0 0 0 58 845 121 0 0 0 0 1 7 27 249 740 0 
0 0 4 388 590 42 0 0 0 0 0 27 816 181 0 0 0 0 0 5 23 265 731 0 
0 0 0 358 568 62 36 0 0 0 0 27 835 162 0 0 0 0 17 40 30 225 712 0 
0 0 0 353 544 53 71 3 0 0 0 8 909 107 0 0 0 0 25 53 37 218 691 0 
0 0 0 275 479 140 118 12 0 0 0 42 801 181 0 0 0 2 70 131 29 181 611 0 
0 0 4 161 598 97 131 33 0 0 9 33 719 263 0 0 0 0 22 147 72 186 597 0 
0 0 0 72 519 109 263 61 0 0 9 31 761 223 0 0 0 0 99 209 127 156 433 0 
0 0 0 120 498 175 220 11 0 0 3 194 593 231 3 0 0 13 80 199 218 132 382 0 
0 0 1 183 421 292 121 6 0 1 10 320 431 260 1 1 0 8 116 266 258 86 289 1 
0 0 8 227 149 237 348 55 0 3 34 352 454 177 4 0 0 21 232 449 288 34 0 0 
0 0 2 60 75 185 499 203 0 5 29 171 327 478 14 0 0 14 159 547 297 7 0 0 
0 0 0 1 5 19 352 647 0 1 2 6 105 864 44 2 0 1 20 474 500 27 2 0 
0 0 0 0 1 52 572 399 0 0 0 11 243 758 12 0 0 2 68 652 298 4 0 0 
0 0 0 0 3 62 618 341 0 0 0 26 288 699 11 0 0 10 96 738 175 5 0 0 
0 0 0 0 26 186 663 149 0 0 4 53 427 509 29 2 0 2 127 724 138 28 5 0 
0 0 0 7 60 267 580 110 0 0 26 105 532 333 26 2 0 21 258 542 172 27 4 0 
2 45 108 155 148 239 271 56 46 124 199 188 317 135 12 3 59 176 320 343 104 14 5 3 
0 0 2 103 314 327 217 61 0 26 213 356 286 128 15 0 3 100 367 380 141 32 1 0 
25 21 20 66 128 314 360 90 39 38 99 238 359 220 30 1 57 101 295 318 201 48 4 0 
0 0 1 7 51 300 591 74 0 1 19 138 550 311 5 0 4 55 370 363 212 20 0 0 
0 0 3 4 22 141 726 128 0 4 15 73 624 295 13 0 14 62 623 269 38 18 0 0 
0 0 0 0 11 178 685 150 0 0 6 112 615 291 0 0 0 73 555 388 8 0 0 0 
0 0 0 0 7 179 765 73 0 0 4 97 731 191 1 0 3 66 666 281 7 1 0 0 
0 0 0 3 19 156 758 88 0 2 15 87 657 260 3 0 16 74 572 357 3 2 0 0 
0 0 0 0 17 283 686 38 0 0 21 178 689 136 0 0 14 161 632 217 0 0 0 0 
0 0 0 9 73 378 548 16 0 7 34 240 659 83 1 0 31 172 625 191 5 0 0 0 
0 0 6 53 135 391 392 47 1 26 109 280 522 86 0 0 84 257 528 148 7 0 0 0 
0 0 4 16 112 422 449 21 1 9 75 289 538 109 3 0 46 238 519 174 44 3 0 0 
0 0 2 18 125 413 445 18 0 10 53 322 504 133 0 0 56 333 474 154 5 0 0 0 
0 0 0 0 6 75 566 377 0 0 2 74 505 426 17 0 2 39 348 529 94 10 2 0 
0 0 0 21 131 150 424 298 0 0 1 36 563 416 8 0 0 21 226 492 105 75 105 0 
0 0 0 16 113 133 433 329 0 4 9 81 497 423 10 0 5 16 194 574 115 50 70 0 
0 0 0 17 46 145 431 385 0 1 36 120 415 417 35 0 7 55 188 613 154 7 0 0 
0 0 0 6 67 290 343 318 0 1 48 191 414 273 85 12 1 81 339 351 199 36 13 4 
0 0 12 50 120 250 457 135 0 9 81 180 503 229 22 0 2 87 278 487 127 35 8 0 
0 0 4 32 85 254 542 107 0 5 44 172 514 273 15 1 3 40 333 477 142 26 3 0 
0 3 17 52 84 236 501 131 2 9 56 183 486 259 28 1 1 47 301 442 154 64 15 0 
0 1 40 97 112 172 404 198 0 23 89 129 382 371 28 2 0 43 206 434 215 79 47 0 
0 6 63 116 160 266 261 152 2 29 120 241 446 185 1 0 18 109 301 404 102 61 29 0 
0 1 14 46 71 180 493 219 0 8 45 135 564 270 2 0 0 13 346 604 46 14 1 0 
0 0 2 13 39 93 606 271 0 2 15 79 592 298 34 4 2 18 239 662 69 28 6 0 
0 1 40 86 100 324 425 48 0 10 110 303 475 125 1 0 20 149 438 338 77 2 0 0 
0 0 7 120 250 366 264 17 0 0 138 448 341 96 1 0 5 278 382 260 99 0 0 0 
0 0 2 144 303 457 115 3 0 1 69 450 451 48 2 3 3 111 464 389 48 6 1 2 
0 2 6 161 214 466 155 20 0 7 44 498 358 99 12 6 3 84 301 555 59 13 3 6 
0 0 0 360 151 282 221 10 0 1 33 532 344 109 5 0 1 66 222 648 79 8 0 0 
0 0 4 307 120 242 317 34 0 5 21 409 393 176 7 13 3 14 134 731 108 18 4 12 
0 0 11 99 136 413 314 51 0 4 58 342 471 139 7 3 4 69 365 485 85 13 3 0 
0 0 18 40 121 441 370 34 0 18 57 230 551 159 9 0 2 65 344 522 83 7 1 0 
0 0 0 7 56 450 485 26 0 0 16 106 654 241 7 0 1 26 380 560 52 5 0 0 
0 2 38 85 122 260 445 72 1 53 108 149 414 292 7 0 5 141 363 438 71 6 0 0 
13 38 40 56 72 230 484 91 48 56 65 95 430 312 15 3 70 93 285 507 51 13 5 0 
0 0 8 34 86 285 429 182 0 13 59 151 415 360 25 1 12 73 315 468 132 19 4 1 
0 5 11 27 100 201 471 209 3 16 66 98 320 488 33 0 36 83 184 571 144 6 0 0 
0 0 10 102 106 242 399 165 0 62 111 138 298 382 33 0 116 135 207 407 135 23 1 0 
0 0 0 3 71 352 527 71 0 3 39 139 535 305 3 0 35 125 454 401 9 0 0 0 
0 0 0 1 10 300 610 103 0 0 1 51 638 328 6 0 0 52 577 379 16 0 0 0 
0 9 19 49 106 299 454 88 11 42 75 164 527 199 6 0 86 152 519 252 15 0 0 0 
1 6 13 40 107 282 430 145 6 19 67 167 436 277 51 1 58 137 421 272 96 39 1 0 
0 2 8 23 70 357 477 87 3 9 27 155 557 265 8 0 17 105 445 395 59 3 0 0 
0 0 2 9 65 280 499 169 0 2 19 145 486 352 20 0 12 102 386 432 91 1 0 0 
0 19 31 23 42 217 501 191 5 55 23 105 461 354 20 1 78 88 387 419 40 11 1 0 
0 13 36 63 102 350 368 92 17 62 85 240 445 169 6 0 128 225 401 250 20 0 0 0 
0 0 0 0 128 456 312 128 0 0 88 362 330 221 16 5 48 357 309 240 61 8 0 0 
0 0 0 0 26 319 576 103 0 0 19 297 575 133 0 0 13 338 534 139 0 0 0 0 
0 0 0 1 24 267 649 83 0 1 40 257 629 97 0 0 13 260 634 117 0 0 0 0 
0 0 0 0 4 202 706 112 0 0 4 187 692 141 0 0 0 181 673 162 8 0 0 0 
0 0 0 2 2 65 663 292 0 0 4 61 641 314 4 0 0 35 561 385 41 2 0 0 
0 0 0 0 7 47 367 603 0 0 6 47 348 597 26 0 1 31 214 652 126 0 0 0 
0 0 0 0 1 28 249 746 0 0 1 26 239 706 52 0 0 10 108 582 323 1 0 0 
0 0 0 0 1 44 627 352 0 0 0 47 611 354 12 0 0 20 381 534 89 0 0 0 
0 0 0 0 2 60 615 347 0 0 2 53 568 395 6 0 0 19 351 597 57 0 0 0 
0 0 0 6 44 240 426 308 0 0 12 147 512 335 18 0 1 26 364 532 79 22 0 0 
0 0 29 91 61 246 274 323 0 1 53 169 343 414 44 0 2 43 165 369 281 117 47 0 
0 11 33 55 199 372 270 84 0 15 57 214 413 312 13 0 0 36 272 323 112 126 155 0 
0 34 138 185 284 215 126 42 0 34 148 216 377 227 22 0 0 32 126 231 240 228 167 0 
0 61 344 323 204 63 24 5 0 65 323 367 216 47 6 0 6 48 172 250 268 207 73 0 
16 32 233 279 137 234 87 6 26 44 123 411 363 54 3 0 17 73 201 234 249 238 12 0 
0 5 118 253 205 359 79 5 0 20 69 456 416 59 4 0 0 22 281 340 167 211 3 0 
0 0 17 58 161 480 295 13 0 11 69 307 527 109 1 0 8 109 536 275 75 21 0 0 
0 0 1 11 99 477 430 6 0 1 30 193 653 145 2 0 4 85 492 378 63 2 0 0 
0 1 11 121 283 308 286 14 1 16 149 335 345 170 8 0 23 218 367 322 74 16 4 0 
3 35 43 132 168 254 358 31 28 58 172 222 320 223 1 0 81 250 295 379 18 1 0 0 
0 0 4 79 242 134 447 118 0 4 126 244 255 395 0 0 10 291 219 480 24 0 0 0 
0 0 0 0 9 56 302 657 0 0 0 27 130 825 42 0 0 13 86 620 305 0 0 0 
0 0 0 0 0 6 231 787 0 0 0 4 70 900 50 0 0 1 28 629 366 0 0 0 
0 0 0 0 0 27 292 705 0 0 0 15 196 755 58 0 0 5 108 624 287 0 0 0 
0 0 0 0 0 72 508 444 0 0 0 34 354 609 27 0 0 20 279 579 146 0 0 0 
0 0 0 0 2 25 446 551 0 0 1 11 244 766 2 0 0 7 143 807 67 0 0 0 
0 0 0 0 10 75 657 282 0 0 6 47 484 487 0 0 2 26 359 614 23 0 0 0 
0 0 0 10 18 180 714 102 0 7 16 94 609 298 0 0 20 77 533 392 2 0 0 0 
0 0 0 1 30 283 625 85 0 0 14 111 654 245 0 0 5 96 578 335 10 0 0 0 
0 0 1 6 73 413 488 43 1 3 19 243 619 139 0 0 16 202 592 214 0 0 0 0 
0 0 0 8 28 287 582 119 0 1 21 145 573 282 2 0 16 96 533 370 9 0 0 0 
0 0 2 15 86 302 486 133 0 8 41 226 466 283 0 0 34 205 438 340 7 0 0 0 
0 0 0 2 28 245 592 157 0 1 12 121 572 317 1 0 11 106 521 379 7 0 0 0 
0 0 0 10 68 334 411 201 0 4 50 240 424 298 8 0 35 217 401 311 60 0 0 0 
0 0 5 19 39 241 429 291 1 14 33 153 397 394 32 0 32 129 326 405 128 4 0 0 
0 2 16 26 42 165 392 378 18 24 32 130 306 493 18 0 58 106 216 464 178 0 0 0 
0 0 0 0 0 25 670 329 0 0 0 28 644 352 0 0 0 57 618 342 7 0 0 0 
0 0 0 0 2 72 721 229 0 0 3 79 675 267 0 0 2 93 680 249 0 0 0 0 
0 0 0 0 7 84 639 294 0 0 11 93 626 292 2 0 6 116 597 295 10 0 0 0 
0 0 0 6 23 103 626 266 0 3 21 88 625 287 0 0 10 77 587 346 4 0 0 0 
0 0 0 7 39 102 482 394 0 3 32 98 471 414 6 0 13 76 361 525 49 0 0 0 
0 0 0 0 8 117 452 447 0 0 8 102 468 444 2 0 2 75 354 559 34 0 0 0 
0 0 0 0 20 98 462 444 0 0 22 89 457 450 6 0 5 82 382 510 45 0 0 0 
0 0 0 0 0 54 690 280 0 0 0 70 683 268 3 0 0 51 627 327 19 0 0 0 
0 0 0 0 0 45 587 392 0 0 0 35 620 369 0 0 0 31 516 459 18 0 0 0 
0 0 0 2 11 47 604 360 0 0 8 55 637 324 0 0 2 32 526 456 8 0 0 0 
0 0 0 0 25 149 663 187 0 0 1 152 712 158 1 0 0 62 646 305 10 1 0 0 
0 0 2 0 21 185 727 89 0 2 15 194 727 85 1 0 5 86 694 208 30 1 0 0 
0 0 8 43 191 332 392 58 0 23 155 367 377 90 12 0 20 220 547 142 85 10 0 0 
0 14 71 104 118 263 393 61 0 4 67 513 353 62 25 0 0 92 454 201 158 116 3 0 
1 37 241 212 76 148 301 8 0 13 106 527 362 16 0 0 0 70 310 110 265 251 18 0 
0 31 211 372 147 135 125 3 0 36 121 428 418 21 0 0 0 48 196 133 209 402 36 0 
0 15 127 392 314 116 59 1 4 36 87 247 580 70 0 0 0 42 137 126 124 455 140 0 
1 62 225 462 225 42 5 2 24 106 252 312 309 20 1 0 27 211 157 69 140 320 100 0 
0 64 434 260 191 64 10 1 24 134 435 393 35 3 0 0 41 427 180 88 188 100 0 0 
2 51 170 126 189 178 223 85 8 50 239 284 261 181 1 0 14 267 326 306 106 5 0 0 
0 51 74 97 113 127 209 353 15 82 125 174 187 406 35 0 37 193 226 359 209 0 0 0 
11 42 45 92 186 186 254 208 36 79 141 225 261 279 3 0 96 276 287 302 63 0 0 0 
0 14 27 47 107 169 400 260 10 27 77 170 312 428 0 0 57 170 281 492 24 0 0 0 
0 0 8 61 54 171 467 263 0 2 45 149 425 403 0 0 29 151 369 467 8 0 0 0 
0 0 0 4 30 176 574 240 0 2 21 145 509 347 0 0 20 133 465 398 8 0 0 0 
0 0 0 3 15 174 639 193 0 2 8 131 589 293 1 0 8 158 504 340 14 0 0 0 
0 0 0 0 19 201 565 239 0 0 17 157 571 279 0 0 11 154 531 323 5 0 0 0 
0 0 0 1 8 103 606 306 0 2 11 101 535 374 1 0 7 87 471 450 9 0 0 0 
0 0 0 4 22 174 614 210 0 4 27 166 571 256 0 0 22 170 530 302 0 0 0 0 
0 0 0 0 37 272 575 140 0 0 40 278 558 147 1 0 28 277 553 154 12 0 0 0 
0 0 0 1 45 322 551 105 0 5 89 357 459 114 0 0 53 338 492 141 0 0 0 0 
0 1 8 9 35 247 575 149 5 11 58 270 515 164 1 0 53 257 510 201 3 0 0 0 
0 0 1 15 72 275 484 177 0 9 90 257 428 228 12 0 43 229 414 288 48 2 0 0 
0 0 0 17 53 230 490 234 0 8 70 241 411 272 22 0 36 189 376 318 101 4 0 0 
0 0 8 26 56 309 402 221 8 29 106 301 320 248 10 0 64 306 274 346 32 0 0 0 
0 0 0 15 27 78 336 568 0 6 30 112 289 520 67 0 23 95 265 457 184 0 0 0 
0 0 0 0 0 37 415 572 0 0 0 28 332 584 80 0 1 18 245 561 189 10 0 0 
0 0 0 0 0 14 366 644 0 0 0 25 324 594 81 0 0 25 272 524 199 4 0 0 
0 0 0 0 0 23 439 562 0 0 0 39 450 442 93 0 0 34 424 380 162 24 0 0 
0 0 0 0 2 70 617 335 0 0 0 68 592 345 19 0 0 58 536 348 73 9 0 0 
0 0 0 0 20 85 645 274 0 0 21 110 632 261 0 0 17 116 582 288 21 0 0 0 
0 0 0 0 21 119 710 174 0 0 27 155 647 193 2 0 19 142 636 220 7 0 0 0 
0 0 0 0 0 60 588 376 0 0 0 65 579 379 1 0 0 68 540 409 7 0 0 0 
0 0 0 0 2 93 587 342 0 0 4 112 606 294 8 0 1 104 549 347 22 1 0 0 
0 0 0 0 4 95 623 302 0 0 4 153 599 266 2 0 2 152 537 327 6 0 0 0 
0 0 0 0 1 193 624 206 0 0 0 169 611 185 52 7 0 109 586 186 105 32 5 1 
0 0 0 0 11 201 718 94 0 0 8 156 732 89 39 0 0 70 720 168 27 39 0 0 
0 0 1 8 199 592 199 25 0 4 97 541 332 41 9 0 18 471 444 52 29 10 0 0 
0 0 0 89 317 433 167 18 0 10 300 516 170 28 0 0 105 551 311 53 4 0 0 0 
1 63 81 141 299 318 118 3 40 88 206 419 263 8 0 0 77 424 459 64 0 0 0 0 
1 28 45 59 142 514 225 10 5 40 55 216 461 247 0 0 7 95 500 201 14 30 177 0 
0 27 83 60 113 378 341 22 1 67 88 108 351 408 1 0 0 60 234 420 81 18 207 4 
0 55 126 103 267 297 167 9 0 59 120 107 273 455 10 0 0 35 100 222 154 137 372 4 
2 146 274 259 317 26 0 0 0 50 225 260 328 161 0 0 0 0 7 153 240 295 329 0 
14 306 358 181 136 29 0 0 0 185 304 320 107 108 0 0 0 0 131 243 314 201 135 0 
5 322 338 114 121 111 10 3 1 179 402 204 112 118 6 2 0 2 125 389 266 127 111 4 
57 418 299 68 175 7 0 0 56 288 399 76 129 76 0 0 42 47 201 377 140 97 120 0 
62 149 232 217 232 97 31 4 143 206 231 186 221 28 7 2 210 224 151 115 113 157 52 2 
43 91 109 152 165 216 235 13 97 120 181 211 315 100 0 0 172 296 345 166 37 8 0 0 
0 0 0 1 14 129 801 79 0 0 4 102 683 235 0 0 1 66 563 394 0 0 0 0 
0 0 0 0 3 225 724 72 0 0 5 212 698 109 0 0 3 174 662 185 0 0 0 0 
0 0 0 1 28 212 584 199 0 0 27 266 542 187 2 0 20 250 529 213 12 0 0 0 
0 0 0 0 40 143 623 218 0 3 51 167 615 187 1 0 44 185 572 220 3 0 0 0 
0 0 3 10 89 261 544 117 0 4 71 320 528 101 0 0 74 319 510 119 2 0 0 0 
0 0 0 2 55 261 556 150 0 2 68 353 510 91 0 0 70 375 494 85 0 0 0 0 
0 0 0 4 43 226 562 189 0 6 69 329 518 102 0 0 58 302 543 121 0 0 0 0 
0 0 0 51 131 369 441 32 3 45 147 467 348 14 0 0 112 504 386 21 1 0 0 0 
0 0 7 48 147 341 434 47 2 39 200 477 292 14 0 0 135 513 355 21 0 0 0 0 
0 0 0 16 236 476 278 18 0 31 371 472 145 5 0 0 209 559 245 11 0 0 0 0 
0 0 2 64 149 421 357 29 0 50 176 392 344 61 0 0 162 386 384 90 0 0 0 0 
0 0 0 0 33 152 521 318 0 0 19 129 469 372 35 0 4 80 357 423 152 8 0 0 
0 0 0 0 9 126 544 345 0 0 8 125 515 340 36 0 4 102 456 349 113 0 0 0 
0 0 0 0 0 169 587 268 0 0 0 118 574 322 10 0 0 133 508 353 29 1 0 0 
0 0 0 0 7 66 506 445 0 0 1 27 387 503 106 0 2 9 295 454 218 44 2 0 
0 0 0 0 4 173 579 268 0 0 2 139 517 340 26 0 1 135 415 402 65 6 0 0 
0 0 0 1 22 269 568 164 0 1 52 310 474 137 21 29 44 334 417 150 31 16 10 22 
0 0 0 1 66 241 499 217 0 0 67 279 472 178 28 0 42 301 435 188 31 24 3 0 
0 0 0 0 7 199 674 144 0 0 3 181 646 177 17 0 3 195 572 164 67 21 2 0 
0 0 1 4 5 208 682 124 0 4 5 234 623 121 37 0 4 206 571 160 59 24 0 0 
0 0 0 0 34 322 519 149 0 0 16 306 530 159 13 0 4 252 476 242 49 1 0 0 
0 0 0 0 14 315 340 355 0 0 9 296 316 348 55 0 1 239 264 332 185 3 0 0 
0 0 0 0 13 278 649 84 0 0 1 173 695 151 4 0 0 92 657 265 10 0 0 0 
0 6 18 69 103 477 314 37 2 13 45 330 499 120 15 0 15 165 585 201 52 6 0 0 
2 24 80 316 356 173 71 2 5 27 148 381 433 30 0 0 27 279 237 81 81 256 63 0 
7 54 169 457 321 15 1 0 0 14 111 409 444 46 0 0 0 9 42 92 236 476 169 0 
0 19 139 385 407 74 0 0 0 2 33 229 494 266 0 0 0 0 0 8 79 446 487 4 
0 4 82 439 449 50 0 0 0 0 22 143 585 274 0 0 0 0 0 1 52 398 573 0 
0 3 45 285 597 94 0 0 0 0 9 82 513 420 0 0 0 0 0 0 24 299 701 0 
0 1 41 233 585 164 0 0 0 0 3 92 376 553 0 0 0 0 0 0 18 266 740 0 
0 0 18 215 632 159 0 0 0 0 1 53 502 468 0 0 0 0 0 0 14 329 680 1 
0 0 6 138 652 220 8 0 0 0 3 81 499 441 0 0 0 2 21 15 36 358 592 0 
0 0 2 34 497 264 214 13 0 0 20 186 530 288 0 0 3 79 244 105 39 202 352 0 
0 0 1 55 93 200 630 45 0 0 12 221 700 91 0 0 8 85 522 217 39 134 19 0 
0 0 0 1 21 239 646 117 0 2 35 294 594 99 0 0 23 223 566 212 0 0 0 0 
0 0 0 0 12 173 710 129 0 0 31 332 583 78 0 0 10 254 640 120 0 0 0 0 
0 0 0 0 7 171 684 162 0 0 24 385 548 67 0 0 17 339 573 95 0 0 0 0 
0 0 0 0 0 150 700 174 0 0 13 443 506 62 0 0 12 451 498 63 0 0 0 0 
0 0 0 0 6 145 640 233 0 0 36 305 616 67 0 0 22 317 611 74 0 0 0 0 
0 0 18 56 66 205 403 276 0 45 97 258 357 192 56 19 47 267 369 200 63 46 24 8 
0 0 0 0 8 237 619 160 0 0 42 354 527 88 13 0 23 370 488 112 18 13 0 0 
0 0 0 8 72 323 523 98 0 13 89 427 431 64 0 0 70 440 444 70 0 0 0 0 
0 0 0 7 109 226 536 146 0 2 115 306 493 107 1 0 102 323 477 119 3 0 0 0 
0 0 2 21 85 368 466 82 2 26 130 470 344 52 0 0 111 508 353 52 0 0 0 0 
0 0 0 3 108 341 496 76 0 5 159 363 449 48 0 0 149 413 416 46 0 0 0 0 
0 0 0 2 125 378 424 93 0 2 162 384 418 56 0 0 128 410 432 53 0 0 0 0 
0 0 0 0 25 165 431 403 0 0 5 131 384 445 59 0 1 53 286 472 212 0 0 0 
0 0 10 21 22 105 432 434 0 22 27 104 390 444 37 0 27 66 270 518 138 5 0 0 
0 0 2 6 46 238 392 340 0 4 37 190 395 324 74 0 14 122 367 313 203 5 0 0 
0 0 1 6 21 164 496 336 0 5 14 115 446 412 32 0 8 85 388 419 105 13 6 0 
0 0 1 13 126 372 321 191 0 4 126 360 255 184 70 25 86 367 224 180 90 46 25 6 
0 0 1 35 349 418 180 41 0 6 306 463 163 72 14 0 160 544 178 109 23 10 0 0 
0 0 0 40 145 380 376 83 0 3 121 316 422 153 9 0 59 264 398 259 43 1 0 0 
0 0 0 0 1 156 467 400 0 0 0 98 404 453 69 0 0 63 336 415 208 2 0 0 
0 0 1 15 52 118 449 389 0 3 22 89 397 482 31 0 8 72 342 464 138 0 0 0 
82 72 47 44 126 328 252 73 118 80 63 232 382 144 5 0 177 248 404 172 23 0 0 0 
85 197 104 41 178 299 115 5 102 169 164 342 233 14 0 0 128 381 355 139 21 0 0 0 
91 320 198 81 103 158 73 0 81 227 303 215 189 9 0 0 124 233 265 243 130 29 0 0 
136 318 204 224 125 13 4 0 77 282 258 220 172 15 0 0 32 127 215 209 189 222 30 0 
211 439 258 92 24 0 0 0 59 374 350 180 61 0 0 0 0 28 246 355 251 123 21 0 
108 414 321 146 35 0 0 0 14 253 371 259 124 3 0 0 0 3 104 315 312 217 73 0 
11 98 345 395 173 2 0 0 0 28 143 401 362 90 0 0 0 0 5 43 211 491 274 0 
0 18 110 292 509 95 0 0 0 0 37 145 439 403 0 0 0 0 0 4 77 287 654 2 
1 10 120 268 562 63 0 0 0 1 25 179 426 393 0 0 0 0 0 2 64 307 650 1 
0 0 87 343 527 63 4 0 0 2 15 174 491 342 0 0 0 13 16 17 50 381 547 0 
0 0 0 44 412 315 241 12 0 0 0 71 496 456 1 0 0 20 193 243 68 135 365 0 
0 0 0 3 84 315 513 109 0 0 1 165 518 328 12 0 0 47 361 428 109 45 34 0 
0 0 0 0 15 333 642 34 0 0 1 188 691 137 7 0 0 53 633 319 19 0 0 0 
0 0 0 0 10 434 524 56 0 0 17 405 524 71 7 0 3 206 669 128 18 0 0 0 
0 0 0 0 50 514 425 35 0 0 77 505 380 56 6 0 16 390 511 89 17 1 0 0 
0 0 0 0 13 287 592 132 0 0 34 333 580 77 0 0 10 283 591 140 0 0 0 0 
0 0 0 0 3 236 638 147 0 0 36 372 565 51 0 0 15 322 590 97 0 0 0 0 
0 0 0 4 36 292 612 80 0 16 104 519 358 27 0 0 73 475 439 37 0 0 0 0 
0 0 0 0 0 83 780 161 0 0 5 305 651 61 2 0 1 228 711 79 5 0 0 0 
0 0 0 0 16 265 614 129 0 0 94 451 426 52 1 0 54 429 461 76 4 0 0 0 
0 0 0 0 3 180 706 135 0 0 18 342 633 31 0 0 9 310 664 41 0 0 0 0 
0 0 0 0 45 354 552 73 0 0 82 566 360 16 0 0 48 524 428 24 0 0 0 0 
0 0 0 2 84 468 438 32 0 5 188 559 270 2 0 0 126 560 328 10 0 0 0 0 
0 0 0 0 26 360 581 57 0 1 126 512 371 14 0 0 56 468 466 34 0 0 0 0 
0 0 0 2 57 375 550 40 0 5 143 528 326 22 0 0 98 556 345 25 0 0 0 0 
0 0 0 0 56 512 448 8 0 0 117 661 245 0 0 0 98 677 248 0 0 0 0 0 
0 0 0 1 35 94 265 629 0 0 15 60 219 542 139 49 10 31 174 332 391 34 23 29 
0 0 0 0 7 57 257 703 0 0 3 41 205 537 238 0 4 31 119 381 436 53 0 0 
0 0 0 0 9 46 159 810 0 0 5 32 115 466 406 0 6 25 85 220 654 34 0 0 
0 0 0 0 2 55 370 597 0 0 1 23 209 598 193 0 0 22 170 451 359 22 0 0 
0 0 14 90 92 178 372 278 0 8 46 188 363 388 31 0 46 215 316 337 102 8 0 0 
0 36 175 233 177 130 200 73 11 102 275 228 211 161 28 8 315 274 172 150 79 22 6 6 
2 18 63 124 193 300 279 45 11 51 141 295 392 125 9 0 118 320 388 177 16 5 0 0 
30 83 177 135 137 204 185 73 101 189 152 156 255 150 21 0 274 243 268 160 71 8 0 0 
78 188 260 183 137 85 41 52 196 288 219 164 82 54 21 0 294 370 234 66 51 9 0 0 
83 137 285 343 128 36 12 0 149 144 309 330 83 9 0 0 157 217 237 168 181 64 0 0 
49 149 406 366 49 5 0 0 90 224 301 327 81 1 0 0 105 270 129 114 240 166 0 0 
99 536 268 90 14 13 4 0 119 362 345 161 33 4 0 0 56 156 205 335 203 67 2 0 
155 324 245 105 99 58 31 7 77 326 287 139 114 57 22 2 0 82 302 302 174 111 48 5 
153 300 142 67 135 91 63 73 58 308 212 80 135 123 68 40 0 22 276 266 133 166 121 40 
77 273 166 117 175 84 75 57 24 221 212 141 206 115 76 29 0 13 161 259 153 216 176 46 
18 138 263 212 227 60 59 47 2 62 184 257 267 173 66 13 0 0 26 119 204 354 298 23 
22 144 350 370 111 24 3 0 16 70 204 361 335 38 0 0 1 17 46 99 295 408 158 0 
164 278 229 239 114 0 0 0 174 270 163 166 221 30 0 0 39 238 197 90 109 236 115 0 
51 232 268 182 280 11 0 0 82 298 233 112 180 119 0 0 49 276 214 122 56 114 193 0 
43 90 66 122 243 343 110 7 57 101 96 241 420 105 4 0 92 269 419 183 27 28 6 0 
0 0 0 0 30 335 483 176 0 0 0 28 455 478 63 0 0 13 303 495 210 3 0 0 
0 0 0 0 4 110 521 389 0 0 0 20 311 529 164 0 0 6 168 496 323 31 0 0 
0 0 0 0 8 171 520 325 0 0 12 182 457 326 47 0 3 103 445 280 193 0 0 0 
0 0 0 0 27 354 528 115 0 0 35 416 459 104 10 0 15 311 549 118 31 0 0 0 
0 0 0 0 42 399 539 44 0 1 71 547 379 26 0 0 38 404 518 64 0 0 0 0 
0 0 0 0 58 511 427 28 0 4 162 552 287 19 0 0 67 501 414 42 0 0 0 0 
0 0 0 0 49 508 422 45 0 2 187 619 199 15 2 0 56 621 310 35 2 0 0 0 
0 0 0 0 41 482 468 33 0 0 135 632 244 13 0 0 45 572 384 23 0 0 0 0 
0 0 0 0 53 491 434 46 0 1 207 619 186 11 0 0 78 636 298 11 1 0 0 0 
0 0 0 8 106 457 440 13 0 23 275 525 200 1 0 0 91 590 338 5 0 0 0 0 
0 0 0 2 35 447 521 19 0 5 195 615 205 4 0 0 54 586 377 7 0 0 0 0 
0 0 0 2 63 507 437 15 0 4 191 589 240 0 0 0 49 594 369 12 0 0 0 0 
0 0 0 3 204 576 235 6 0 26 410 494 93 1 0 0 110 673 229 12 0 0 0 0 
0 0 0 1 63 368 548 44 0 6 195 509 307 7 0 0 76 520 402 26 0 0 0 0 
0 0 0 16 181 429 386 10 0 26 349 426 218 2 0 0 176 530 309 8 0 0 0 0 
0 0 0 3 59 127 445 390 0 0 44 93 306 458 74 49 3 91 264 412 144 45 36 29 
0 1 8 12 144 198 277 384 2 11 99 179 228 392 86 27 14 127 260 390 170 23 26 14 
0 0 7 41 117 192 299 368 2 23 92 170 267 397 73 0 49 169 286 345 174 1 0 0 
0 0 1 21 65 262 398 277 0 13 40 174 407 318 69 3 23 86 342 369 190 12 2 0 
0 23 214 185 146 126 175 155 5 107 270 221 183 179 59 0 315 264 142 175 121 7 0 0 
4 75 485 375 74 10 1 0 13 173 586 228 23 1 0 0 624 378 22 0 0 0 0 0 
4 61 222 187 100 91 196 163 8 91 267 196 165 216 80 1 300 240 157 144 147 35 1 0 
0 8 39 60 149 384 349 35 4 36 54 181 500 244 5 0 57 196 496 258 17 0 0 0 
37 67 117 233 380 128 57 5 56 83 96 176 406 205 2 0 41 141 173 111 81 233 244 0 
31 103 264 543 83 0 0 0 60 66 101 396 387 14 0 0 48 53 34 59 166 542 122 0 
44 101 149 327 403 0 0 0 66 54 84 154 584 82 0 0 27 61 34 49 110 342 401 0 
4 18 103 419 480 0 0 0 6 5 39 156 664 154 0 0 0 5 5 19 68 392 535 0 
14 74 228 514 191 3 0 0 1 21 101 316 543 42 0 0 0 0 2 49 136 557 280 0 
34 105 222 427 230 6 0 0 6 52 147 261 460 98 0 0 0 0 23 60 186 424 331 0 
47 199 197 310 265 6 0 0 7 99 197 214 365 142 0 0 0 0 32 153 195 306 337 1 
87 250 185 281 221 0 0 0 21 132 260 158 380 73 0 0 0 3 47 207 218 261 288 0 
58 240 306 309 111 0 0 0 6 138 267 277 312 24 0 0 0 0 57 193 257 330 187 0 
141 259 342 224 58 0 0 0 32 217 233 341 192 9 0 0 0 5 121 202 279 318 99 0 
169 285 332 192 46 0 0 0 50 241 282 291 149 11 0 0 0 20 133 234 306 254 77 0 
44 123 369 362 123 3 0 0 50 74 203 389 278 30 0 0 47 91 37 59 286 364 140 0 
72 158 164 131 122 164 178 35 98 147 208 208 206 157 0 0 193 259 246 239 68 18 1 0 
1 11 74 172 112 203 377 74 11 50 210 231 428 93 1 0 124 303 428 159 10 0 0 0 
0 0 1 8 99 325 509 82 0 3 68 299 574 80 0 0 31 262 582 148 1 0 0 0 
0 0 0 0 33 200 632 159 0 0 27 248 612 134 3 0 16 181 619 191 17 0 0 0 
0 0 2 18 40 205 689 70 1 18 53 292 606 54 0 0 46 249 643 86 0 0 0 0 
0 0 0 0 55 330 572 67 0 2 132 361 474 55 0 0 70 354 497 102 1 0 0 0 
0 0 0 0 12 272 619 121 0 0 38 387 514 85 0 0 17 358 537 112 0 0 0 0 
0 0 0 0 3 158 613 250 0 0 19 268 536 198 3 0 6 225 538 249 6 0 0 0 
0 0 0 4 55 286 502 177 0 12 108 431 351 117 5 0 61 394 394 161 14 0 0 0 
0 0 0 1 62 305 534 122 0 15 175 361 426 47 0 0 88 404 463 69 0 0 0 0 
0 0 0 3 92 267 601 61 0 29 184 394 407 10 0 0 116 418 475 15 0 0 0 0 
0 0 0 0 36 267 662 59 0 5 111 530 371 7 0 0 46 502 466 10 0 0 0 0 
0 0 0 3 123 482 402 14 0 19 265 585 155 0 0 0 90 609 324 1 0 0 0 0 
0 0 0 10 77 333 586 18 0 27 130 700 167 0 0 0 68 575 378 3 0 0 0 0 
0 0 0 0 64 498 458 2 0 2 285 714 18 2 0 0 77 832 109 5 0 0 0 0 
0 0 0 1 26 247 507 243 0 0 14 166 483 355 6 0 28 191 442 325 38 0 0 0 
0 0 0 8 31 117 485 383 0 0 26 82 292 569 46 9 0 33 283 531 150 12 8 7 
0 0 13 20 58 225 341 367 1 12 42 116 280 409 129 35 14 94 230 359 241 47 14 25 
0 1 12 60 123 279 283 266 2 31 85 234 312 306 54 0 64 188 333 263 167 9 0 0 
0 1 10 45 97 153 344 374 1 16 60 137 291 440 60 19 39 131 293 385 143 9 17 7 
0 27 125 129 74 178 423 68 3 68 182 130 415 214 12 0 170 223 398 212 21 0 0 0 
0 29 107 127 147 274 284 56 3 55 158 220 394 190 4 0 146 267 400 196 15 0 0 0 
6 25 34 105 383 397 71 3 27 34 104 364 439 54 2 0 100 426 431 58 8 1 0 0 
56 36 78 205 542 92 13 2 68 66 80 196 343 269 2 0 112 169 125 52 35 167 364 0 
0 0 2 135 877 10 0 0 0 0 0 17 484 523 0 0 0 0 0 0 4 166 854 0 
0 0 1 113 906 4 0 0 0 0 0 6 420 598 0 0 0 0 0 0 0 111 913 0 
30 37 64 209 683 1 0 0 26 28 34 75 561 300 0 0 4 27 20 29 32 195 717 0 
2 53 75 446 444 4 0 0 0 42 27 140 660 155 0 0 2 22 23 20 45 416 496 0 
0 19 144 495 357 9 0 0 0 0 49 186 610 179 0 0 0 0 0 2 94 432 496 0 
0 4 139 644 174 63 0 0 0 0 14 279 582 149 0 0 0 0 0 0 45 611 368 0 
0 2 200 594 226 2 0 0 0 0 11 312 644 57 0 0 0 0 0 0 63 571 390 0 
6 76 357 496 89 0 0 0 1 11 112 446 423 31 0 0 0 0 1 22 210 580 211 0 
67 259 398 275 25 0 0 0 1 116 298 387 217 5 0 0 0 0 13 170 346 375 120 0 
201 345 318 157 3 0 0 0 75 243 339 271 96 0 0 0 0 34 139 248 360 215 28 0 
86 235 460 220 23 0 0 0 31 115 310 448 120 0 0 0 0 5 65 176 386 355 37 0 
106 228 504 184 2 0 0 0 83 95 330 467 49 0 0 0 32 43 47 173 430 293 6 0 
230 362 346 66 14 6 0 0 291 289 297 145 2 0 0 0 289 122 153 225 216 19 0 0 
216 337 213 147 96 15 0 0 326 414 191 91 2 0 0 0 437 372 157 54 4 0 0 0 
189 258 93 153 239 84 8 0 367 186 208 232 30 1 0 0 504 424 95 1 0 0 0 0 
69 92 40 118 324 300 80 1 164 83 250 388 135 4 0 0 355 485 177 7 0 0 0 0 
0 0 0 6 287 480 234 17 0 0 174 541 292 17 0 0 120 567 310 27 0 0 0 0 
0 0 0 16 123 440 389 56 0 5 76 435 437 71 0 0 59 416 456 92 1 0 0 0 
0 0 0 7 74 259 586 98 0 0 46 313 595 69 1 0 45 307 588 83 1 0 0 0 
0 0 0 0 0 158 698 168 0 0 1 246 657 118 2 0 0 251 647 113 13 0 0 0 
0 0 0 0 5 141 708 170 0 0 11 212 678 123 0 0 8 274 614 128 0 0 0 0 
0 0 0 0 11 251 655 107 0 0 36 385 530 73 0 0 12 354 569 89 0 0 0 0 
0 0 0 0 41 368 575 40 0 7 111 524 365 17 0 0 43 493 457 31 0 0 0 0 
0 0 0 0 80 487 435 22 0 7 211 663 134 9 0 0 91 690 236 7 0 0 0 0 
0 0 0 0 32 581 411 0 0 5 226 705 88 0 0 0 91 735 198 0 0 0 0 0 
0 0 0 13 290 538 181 0 0 69 421 533 0 0 0 0 274 720 29 0 0 0 0 0 
0 0 0 0 19 362 551 92 0 0 2 249 461 312 0 0 7 299 395 318 5 0 0 0 
0 0 0 0 0 35 367 622 0 0 0 11 269 642 102 0 0 12 242 530 236 4 0 0 
0 0 0 0 1 51 377 595 0 0 0 26 312 576 110 0 0 20 237 468 293 6 0 0 
0 0 0 0 14 108 428 474 0 0 8 70 317 481 148 0 6 70 251 418 263 16 0 0 
0 0 0 6 29 87 533 369 0 4 17 62 332 545 64 0 10 57 251 547 150 9 0 0 
0 0 11 96 236 323 330 28 0 12 131 333 440 107 1 0 81 342 468 129 4 0 0 0 
0 16 85 264 309 247 100 3 11 78 257 373 269 36 0 0 192 498 270 64 0 0 0 0 
126 119 150 288 200 126 15 0 193 179 262 274 113 3 0 0 312 324 206 62 70 49 1 0 
116 22 87 403 396 0 0 0 114 17 46 97 672 78 0 0 107 12 18 28 56 323 480 0 
0 0 0 322 702 0 0 0 0 0 0 6 844 174 0 0 0 0 0 0 0 262 762 0 
0 0 14 464 546 0 0 0 0 0 0 43 854 127 0 0 0 0 0 0 7 353 664 0 
10 53 37 474 450 0 0 0 3 51 30 69 717 154 0 0 0 17 46 20 22 358 561 0 
87 105 146 523 162 1 0 0 39 144 27 197 582 35 0 0 0 131 52 20 59 468 294 0 
0 30 215 641 138 0 0 0 0 4 53 300 655 12 0 0 0 0 0 13 89 608 314 0 
0 47 390 563 24 0 0 0 0 3 70 508 441 2 0 0 0 0 0 10 156 656 202 0 
0 43 315 619 47 0 0 0 0 1 84 413 520 6 0 0 0 0 0 8 155 631 230 0 
1 61 366 594 2 0 0 0 0 4 97 480 442 1 0 0 0 0 0 17 157 747 103 0 
123 317 406 167 11 0 0 0 30 183 315 391 104 1 0 0 0 8 82 234 341 319 40 0 
494 360 149 21 0 0 0 0 254 459 227 76 8 0 0 0 1 177 363 282 163 38 0 0 
411 450 148 13 2 0 0 0 205 440 309 62 8 0 0 0 13 117 267 405 199 23 0 0 
99 379 463 83 0 0 0 0 23 177 470 326 28 0 0 0 0 4 65 279 503 173 0 0 
213 410 362 39 0 0 0 0 125 282 435 178 4 0 0 0 0 69 199 350 357 49 0 0 
81 388 496 59 0 0 0 0 32 221 551 220 0 0 0 0 0 10 125 414 422 53 0 0 
28 258 599 139 0 0 0 0 25 215 361 423 0 0 0 0 0 40 187 256 500 41 0 0 
1 79 232 366 237 104 5 0 25 284 546 165 4 0 0 0 426 391 96 59 50 2 0 0 
0 0 25 133 351 420 94 1 1 23 271 560 162 7 0 0 197 609 211 7 0 0 0 0 
0 0 4 152 389 414 65 0 0 14 262 501 236 11 0 0 247 533 235 9 0 0 0 0 
0 0 10 128 337 369 168 12 0 9 270 502 226 17 0 0 224 546 231 23 0 0 0 0 
0 0 1 73 271 529 149 1 0 8 180 601 233 2 0 0 165 616 240 3 0 0 0 0 
0 0 0 3 95 475 417 34 0 1 82 483 409 49 0 0 53 483 413 75 0 0 0 0 
0 0 0 24 236 536 226 2 0 22 348 503 150 1 0 0 160 618 243 3 0 0 0 0 
0 0 4 100 491 385 44 0 5 111 575 319 14 0 0 0 419 556 49 0 0 0 0 0 
0 0 1 87 438 414 84 0 0 129 542 335 18 0 0 0 429 529 66 0 0 0 0 0 
0 0 0 47 327 557 93 0 1 118 429 466 10 0 0 0 322 614 88 0 0 0 0 0 
0 0 0 29 189 554 250 0 0 58 264 624 77 0 0 0 205 568 250 0 0 0 0 0 
0 0 0 0 52 218 484 270 0 0 24 177 403 382 38 0 26 171 404 290 133 0 0 0 
0 0 0 1 22 103 429 469 0 1 21 102 393 475 32 0 14 79 335 472 122 2 0 0 
0 0 0 1 22 117 362 522 0 0 12 103 282 445 182 0 7 75 251 330 337 24 0 0 
0 0 0 0 0 29 389 606 0 0 0 37 302 486 199 0 0 36 277 401 265 45 0 0 
0 0 3 40 89 225 474 193 0 8 47 178 434 331 26 0 30 156 434 322 82 0 0 0 
0 10 106 283 344 215 60 6 7 55 362 393 181 24 2 0 254 542 191 34 3 0 0 0 
112 221 171 235 172 108 5 0 253 184 285 263 39 0 0 0 514 345 93 17 53 2 0 0 
43 114 189 648 30 0 0 0 77 90 92 384 381 0 0 0 78 71 28 58 267 499 23 0 
0 6 94 615 309 0 0 0 0 2 19 163 815 25 0 0 0 0 0 4 51 558 411 0 
0 21 168 647 188 0 0 0 0 1 41 279 667 36 0 0 0 0 0 7 103 597 317 0 
0 0 89 767 168 0 0 0 0 0 1 221 773 29 0 0 0 0 0 0 34 651 339 0 
0 0 138 772 114 0 0 0 0 0 3 268 745 8 0 0 0 0 0 0 46 701 277 0 
11 51 244 666 52 0 0 0 0 18 74 376 553 3 0 0 0 0 6 26 119 697 176 0 
27 208 414 368 7 0 0 0 1 63 221 480 259 0 0 0 0 0 6 125 268 555 70 0 
14 138 436 427 9 0 0 0 5 20 181 548 270 0 0 0 1 7 5 41 256 641 73 0 
191 73 266 460 34 0 0 0 177 30 84 365 368 0 0 0 70 114 21 33 135 538 113 0 
138 264 463 155 4 0 0 0 84 116 281 441 102 0 0 0 20 68 41 145 352 372 26 0 
368 415 214 27 0 0 0 0 173 391 321 131 8 0 0 0 0 96 306 278 255 89 0 0 
672 314 35 3 0 0 0 0 502 391 125 5 1 0 0 0 5 374 382 227 35 1 0 0 
575 349 92 8 0 0 0 0 374 404 211 35 0 0 0 0 2 260 407 243 99 13 0 0 
495 431 87 10 1 0 0 0 280 516 200 27 0 1 0 0 10 217 401 324 68 4 0 0 
449 428 142 5 0 0 0 0 256 497 220 51 0 0 0 0 0 163 414 313 129 5 0 0 
126 414 426 58 0 0 0 0 55 225 465 275 4 0 0 0 0 31 124 341 429 99 0 0 
10 246 620 148 0 0 0 0 0 78 444 496 6 0 0 0 0 0 13 208 604 199 0 0 
54 316 527 119 8 0 0 0 157 263 359 235 10 0 0 0 170 103 127 233 325 66 0 0 
162 261 431 125 44 1 0 0 233 300 450 41 0 0 0 0 363 205 158 270 28 0 0 0 
147 281 163 186 155 82 10 0 299 274 274 152 24 1 0 0 554 343 102 25 0 0 0 0 
24 228 274 327 123 42 6 0 165 307 362 180 10 0 0 0 532 463 29 0 0 0 0 0 
20 75 206 371 284 63 5 0 99 170 411 308 35 1 0 0 519 462 42 1 0 0 0 0 
0 0 19 156 348 388 113 0 0 26 246 481 269 2 0 0 174 493 344 13 0 0 0 0 
0 0 41 166 251 339 212 15 13 149 245 359 240 18 0 0 291 390 309 34 0 0 0 0 
0 0 9 82 288 346 271 28 7 73 302 311 279 52 0 0 252 376 291 105 0 0 0 0 
0 0 6 64 354 489 110 1 2 95 486 388 52 1 0 0 336 576 107 5 0 0 0 0 
0 0 8 34 330 550 102 0 4 55 558 357 50 0 0 0 318 619 86 1 0 0 0 0 
0 0 0 176 434 330 74 8 2 274 469 248 29 0 0 0 546 434 42 0 0 0 0 0 
0 0 0 26 113 176 491 218 0 4 55 149 363 432 21 0 49 168 314 400 93 0 0 0 
0 0 0 34 142 323 460 65 0 4 105 259 549 107 0 0 57 307 535 124 1 0 0 0 
0 0 0 0 0 42 484 498 0 0 0 37 388 555 44 0 0 23 288 577 119 17 0 0 
0 0 0 0 7 162 475 380 0 0 1 138 484 335 66 0 4 165 427 298 123 7 0 0 
0 0 0 37 225 415 297 50 0 1 174 417 329 103 0 0 158 433 321 110 2 0 0 0 
0 0 0 9 74 251 527 163 0 4 49 247 508 209 7 0 42 228 486 233 35 0 0 0 
27 28 152 250 107 153 263 44 26 41 110 407 350 90 0 0 57 160 302 220 182 103 0 0 
6 11 211 789 7 0 0 0 0 9 21 602 392 0 0 0 0 2 5 10 140 862 5 0 
56 197 382 349 40 0 0 0 90 98 192 433 211 0 0 0 34 101 45 91 270 431 52 0 
331 407 117 165 4 0 0 0 305 350 141 149 79 0 0 0 216 202 147 178 102 176 3 0 
12 111 550 351 0 0 0 0 2 22 177 652 171 0 0 0 0 0 5 45 306 644 24 0 
76 75 345 507 21 0 0 0 90 55 48 468 361 2 0 0 43 86 22 15 117 657 84 0 
61 115 468 376 4 0 0 0 50 61 138 544 231 0 0 0 18 38 19 59 278 576 36 0 
122 386 366 149 1 0 0 0 3 267 333 325 96 0 0 0 0 1 54 339 314 285 31 0 
211 403 366 43 1 0 0 0 80 253 372 301 18 0 0 0 0 34 151 263 384 188 4 0 
535 237 93 58 46 37 18 0 382 308 155 80 51 42 6 0 28 267 346 179 116 67 21 0 
592 320 56 25 17 12 2 0 380 481 104 30 16 13 0 0 0 240 534 184 40 17 9 0 
637 272 81 27 6 1 0 0 494 373 113 29 14 1 0 0 15 411 405 135 37 20 1 0 
511 221 83 60 83 53 13 0 406 278 128 74 94 40 4 0 61 342 271 158 107 72 13 0 
414 204 119 105 80 61 40 1 370 223 149 112 97 61 12 0 42 353 223 177 112 91 26 0 
671 296 53 4 0 0 0 0 529 391 91 13 0 0 0 0 46 415 397 135 28 3 0 0 
314 495 209 6 0 0 0 0 174 372 403 75 0 0 0 0 7 91 261 386 263 16 0 0 
31 354 543 96 0 0 0 0 8 106 528 371 11 0 0 0 0 0 21 254 572 177 0 0 
38 287 602 97 0 0 0 0 3 113 458 444 6 0 0 0 0 0 32 216 592 184 0 0 
13 217 651 143 0 0 0 0 4 61 494 465 0 0 0 0 0 0 18 244 653 109 0 0 
3 70 623 328 0 0 0 0 3 26 348 633 14 0 0 0 0 1 5 158 657 203 0 0 
6 141 569 307 1 0 0 0 7 123 393 460 41 0 0 0 0 26 106 270 402 220 0 0 
72 214 461 277 0 0 0 0 158 96 339 428 3 0 0 0 110 61 88 228 427 110 0 0 
245 140 264 315 59 1 0 0 300 77 207 433 7 0 0 0 301 52 43 169 388 71 0 0 
346 173 211 170 111 13 0 0 461 213 217 131 2 0 0 0 686 223 51 30 28 6 0 0 
27 34 60 127 257 334 170 15 56 101 224 407 216 20 0 0 296 449 245 34 0 0 0 0 
0 0 0 8 180 464 365 7 0 1 109 435 457 22 0 0 86 408 489 41 0 0 0 0 
0 0 0 2 176 513 304 29 0 12 200 449 326 37 0 0 129 490 361 44 0 0 0 0 
0 0 0 7 294 509 196 18 0 12 387 383 211 31 0 0 256 535 201 29 3 0 0 0 
0 2 53 117 402 250 162 34 21 152 474 186 149 40 0 0 501 306 162 53 0 0 0 0 
0 0 0 0 13 216 544 251 0 0 0 86 473 443 22 0 0 100 398 433 93 0 0 0 
0 0 0 76 360 375 175 38 0 3 185 410 311 111 4 0 157 493 268 100 6 0 0 0 
0 0 1 49 106 81 228 559 0 1 27 134 204 554 104 0 155 65 124 387 291 2 0 0 
0 0 0 0 6 85 452 481 0 0 2 45 312 571 94 0 1 43 257 440 279 4 0 0 
0 0 0 8 72 263 535 146 0 0 45 236 533 206 4 0 36 249 496 234 9 0 0 0 
0 0 0 5 72 277 516 154 0 1 36 263 535 189 0 0 30 227 481 256 30 0 0 0 
31 37 96 163 105 179 335 78 43 63 122 232 313 235 16 0 148 257 285 287 44 3 0 0 
151 255 388 222 8 0 0 0 152 177 276 403 16 0 0 0 130 77 115 211 280 211 0 0 
249 320 331 106 11 4 2 1 291 264 237 220 8 3 1 0 235 211 180 112 179 105 2 0 
367 355 265 28 6 3 0 0 288 242 320 167 4 3 0 0 82 230 218 133 316 44 1 0 
257 498 224 41 4 0 0 0 136 393 335 145 15 0 0 0 40 116 233 315 254 65 1 0 
506 425 83 10 0 0 0 0 328 499 161 36 0 0 0 0 12 309 402 226 69 6 0 0 
630 304 82 7 1 0 0 0 421 430 138 34 1 0 0 0 49 340 420 147 64 4 0 0 
427 286 258 53 0 0 0 0 311 267 214 210 22 0 0 0 24 270 194 196 215 124 1 0 
411 334 155 120 4 0 0 0 235 385 199 107 98 0 0 0 0 189 356 216 126 118 19 0 
501 136 111 263 12 1 0 0 404 195 77 133 214 1 0 0 20 325 236 75 80 232 56 0 
369 138 258 257 2 0 0 0 336 89 133 323 143 0 0 0 64 226 102 98 163 358 13 0 
209 183 356 269 7 0 0 0 153 104 204 435 128 0 0 0 7 106 74 138 286 402 11 0 
263 189 283 275 14 0 0 0 143 189 181 324 187 0 0 0 8 67 152 174 230 385 8 0 
145 174 165 504 26 5 4 1 77 140 162 237 399 5 4 0 5 68 109 126 162 531 21 2 
410 354 131 125 3 1 0 0 232 408 160 158 65 1 0 0 71 85 340 256 100 165 7 0 
501 301 187 35 0 0 0 0 338 319 212 147 8 0 0 0 159 140 243 200 199 83 0 0 
506 317 177 23 1 0 0 0 478 232 167 146 1 0 0 0 347 138 149 185 128 77 0 0 
644 171 176 33 0 0 0 0 672 123 115 114 0 0 0 0 559 152 89 59 120 45 0 0 
492 197 307 28 0 0 0 0 553 109 183 179 0 0 0 0 457 134 58 88 250 37 0 0 
427 207 211 179 0 0 0 0 549 110 90 265 10 0 0 0 596 67 27 30 178 126 0 0 
436 170 173 223 15 4 1 2 515 114 84 269 37 3 0 2 583 104 33 23 127 151 3 0 
259 140 182 267 130 30 12 4 319 188 157 287 56 12 3 2 418 253 98 51 135 65 4 0 
67 98 117 179 204 284 73 2 201 213 225 329 56 0 0 0 492 196 136 147 53 0 0 0 
0 35 95 298 254 230 105 7 17 83 277 435 185 27 0 0 227 465 232 59 30 11 0 0 
0 1 6 151 449 334 77 6 2 17 285 513 189 18 0 0 227 553 212 32 0 0 0 0 
0 0 0 45 425 414 131 9 0 6 255 507 224 31 1 0 132 549 293 47 3 0 0 0 
0 0 4 92 383 383 155 7 0 10 294 484 219 17 0 0 152 553 280 39 0 0 0 0 
0 0 15 89 253 428 225 14 3 54 231 412 288 36 0 0 218 411 341 54 0 0 0 0 
0 0 42 101 333 392 149 5 18 96 336 408 152 13 0 0 349 474 178 21 0 0 0 0 
0 0 0 9 72 187 547 209 0 5 33 142 505 333 6 0 21 146 441 402 14 0 0 0 
0 0 1 41 204 373 356 49 0 0 36 450 443 94 1 0 95 462 373 93 1 0 0 0 
0 0 30 92 111 136 444 211 1 12 97 189 401 324 0 0 195 146 342 319 22 0 0 0 
0 0 0 0 10 74 451 489 0 0 8 60 342 574 40 0 6 51 222 581 163 1 0 0 
0 0 7 22 81 219 494 201 0 15 58 174 432 332 13 0 43 158 397 356 70 0 0 0 
0 0 0 3 62 163 459 337 0 1 38 140 280 496 69 0 37 136 262 419 170 0 0 0 
3 54 58 82 146 308 258 115 31 67 78 234 409 203 2 0 146 278 335 228 37 0 0 0 
102 410 236 216 57 3 0 0 250 289 161 232 89 3 0 0 430 212 108 53 84 136 1 0 
309 203 476 36 0 0 0 0 304 114 215 389 2 0 0 0 206 156 47 87 345 183 0 0 
41 203 714 66 0 0 0 0 22 106 264 620 12 0 0 0 0 43 63 81 529 308 0 0 
82 306 524 112 0 0 0 0 32 119 382 451 40 0 0 0 7 37 52 166 477 280 5 0 
76 267 611 70 0 0 0 0 59 74 376 502 13 0 0 0 3 60 35 95 520 311 0 0 
0 112 767 144 1 0 0 0 0 2 200 749 73 0 0 0 0 0 0 7 386 618 13 0 
0 55 776 191 2 0 0 0 0 0 107 814 103 0 0 0 0 0 0 0 322 682 20 0 
16 177 576 255 0 0 0 0 1 32 250 601 140 0 0 0 0 0 3 54 374 568 25 0 
29 266 533 196 0 0 0 0 3 60 347 504 110 0 0 0 0 0 9 123 430 448 14 0 
75 337 520 92 0 0 0 0 11 126 452 412 23 0 0 0 0 3 22 200 546 250 3 0 
44 279 612 89 0 0 0 0 10 70 340 570 34 0 0 0 0 1 25 121 465 408 4 0 
74 229 569 152 0 0 0 0 25 91 300 548 60 0 0 0 0 11 31 122 422 435 3 0 
58 172 601 193 0 0 0 0 12 78 264 583 87 0 0 0 0 4 31 105 382 494 8 0 
39 193 587 203 2 0 0 0 4 65 293 575 87 0 0 0 0 0 21 108 415 468 12 0 
9 182 627 198 8 0 0 0 1 33 325 563 102 0 0 0 0 0 6 74 515 410 19 0 
2 76 708 238 0 0 0 0 0 10 208 767 39 0 0 0 0 0 2 27 481 514 0 0 
12 89 738 185 0 0 0 0 2 27 256 733 6 0 0 0 0 0 18 77 548 381 0 0 
66 78 606 274 0 0 0 0 59 37 250 676 2 0 0 0 28 30 24 88 617 237 0 0 
201 103 389 331 0 0 0 0 197 75 139 612 1 0 0 0 178 32 54 83 575 102 0 0 
333 80 267 344 0 0 0 0 338 65 130 490 1 0 0 0 318 34 44 83 494 51 0 0 
229 152 349 267 21 6 0 0 244 183 365 223 9 0 0 0 430 239 124 102 127 2 0 0 
72 109 145 315 224 137 22 0 143 139 255 330 147 10 0 0 459 401 148 16 0 0 0 0 
0 13 57 182 366 294 100 12 5 57 259 402 260 37 4 0 224 430 290 73 7 0 0 0 
0 27 115 310 355 192 25 0 14 139 411 365 93 2 0 0 444 451 122 7 0 0 0 0 
0 0 22 270 375 298 59 0 0 31 314 511 163 5 0 0 255 544 211 14 0 0 0 0 
0 6 107 333 249 177 130 22 0 70 354 327 196 77 0 0 341 368 194 113 8 0 0 0 
0 0 1 127 385 329 166 16 0 21 274 432 243 54 0 0 163 494 292 71 4 0 0 0 
0 0 10 117 461 408 26 0 5 29 333 608 48 0 0 0 253 677 93 0 0 0 0 0 
0 0 0 0 1 94 540 389 0 0 1 38 371 607 7 0 0 46 333 606 39 0 0 0 
0 0 0 0 74 472 358 120 0 0 26 390 453 138 17 0 41 474 337 126 46 0 0 0 
0 0 0 1 20 239 611 153 0 0 7 146 572 297 2 0 24 211 474 300 15 0 0 0 
0 0 30 50 48 118 409 369 3 41 63 61 303 503 50 0 49 96 252 441 175 11 0 0 
0 0 12 25 161 352 346 128 1 21 88 324 370 194 26 0 74 301 341 222 86 0 0 0 
0 0 1 13 67 216 441 286 0 9 40 169 335 433 38 0 26 129 289 433 143 4 0 0 
0 11 45 155 241 269 249 54 15 49 191 303 326 139 1 0 139 326 331 207 21 0 0 0 
294 233 261 119 74 29 14 0 413 198 217 150 41 5 0 0 565 233 95 47 75 9 0 0 
12 196 726 90 0 0 0 0 4 30 340 629 21 0 0 0 0 5 12 113 672 222 0 0 
2 127 794 101 0 0 0 0 0 7 331 671 15 0 0 0 0 0 0 30 716 278 0 0 
12 243 703 66 0 0 0 0 0 45 424 548 7 0 0 0 0 0 8 95 674 247 0 0 
24 246 727 27 0 0 0 0 0 49 382 587 6 0 0 0 0 0 6 81 601 336 0 0 
0 188 819 17 0 0 0 0 0 4 321 695 4 0 0 0 0 0 0 19 629 375 1 0 
20 302 679 23 0 0 0 0 0 45 418 556 5 0 0 0 0 0 7 85 585 347 0 0 
36 419 549 20 0 0 0 0 0 84 520 415 5 0 0 0 0 0 2 163 634 225 0 0 
62 439 485 38 0 0 0 0 1 104 577 336 6 0 0 0 0 0 6 191 635 191 1 0 
124 488 407 5 0 0 0 0 45 140 576 263 0 0 0 0 0 11 63 230 613 107 0 0 
138 524 348 14 0 0 0 0 20 206 561 235 2 0 0 0 0 5 42 326 537 114 0 0 
40 429 518 37 0 0 0 0 4 97 497 416 10 0 0 0 0 0 5 196 534 289 0 0 
83 452 451 38 0 0 0 0 18 175 526 300 5 0 0 0 0 0 40 279 529 176 0 0 
173 437 399 15 0 0 0 0 64 218 494 248 0 0 0 0 0 24 100 348 463 89 0 0 
80 446 462 36 0 0 0 0 20 162 579 263 0 0 0 0 0 0 52 294 560 118 0 0 
23 229 736 36 0 0 0 0 4 70 435 514 1 0 0 0 0 0 19 122 705 178 0 0 
1 253 669 101 0 0 0 0 0 88 530 405 1 0 0 0 0 0 1 228 688 107 0 0 
17 95 607 305 0 0 0 0 7 50 327 640 0 0 0 0 0 0 23 106 809 86 0 0 
0 21 460 543 0 0 0 0 0 7 207 810 0 0 0 0 0 0 0 45 900 79 0 0 
24 44 491 465 0 0 0 0 30 39 336 619 0 0 0 0 6 27 21 87 826 57 0 0 
215 185 304 298 21 1 0 0 291 171 275 285 2 0 0 0 425 208 53 73 265 0 0 0 
3 28 195 427 303 64 4 0 29 143 492 321 36 3 0 0 489 471 61 3 0 0 0 0 
0 0 4 184 533 264 39 0 0 9 279 564 171 1 0 0 183 626 203 12 0 0 0 0 
0 2 18 103 259 459 172 11 0 15 150 396 413 50 0 0 126 371 432 93 2 0 0 0 
0 0 6 89 250 362 286 31 0 12 173 393 366 80 0 0 128 389 376 126 5 0 0 0 
0 0 10 168 410 300 113 23 0 20 276 465 214 46 3 0 196 492 264 64 8 0 0 0 
0 0 3 228 572 209 12 0 0 18 384 547 73 2 0 0 256 640 124 4 0 0 0 0 
0 0 0 69 304 490 160 0 0 13 226 581 202 0 0 0 130 594 293 5 0 0 0 0 
6 105 119 82 99 185 329 99 97 131 117 126 302 245 6 0 216 222 303 261 22 0 0 0 
0 0 0 0 39 299 486 200 0 0 13 165 482 360 4 0 5 147 413 404 55 0 0 0 
0 0 0 0 58 314 561 91 0 0 17 208 592 207 0 0 15 241 539 223 6 0 0 0 
0 0 0 0 9 88 524 403 0 0 3 54 428 499 40 0 1 60 343 499 119 2 0 0 
0 0 0 0 37 107 397 483 0 1 37 69 281 552 84 0 33 83 247 447 214 0 0 0 
0 0 0 9 44 212 560 199 0 6 27 102 468 398 23 0 11 118 415 397 83 0 0 0 
165 71 70 124 119 255 214 6 210 82 141 181 322 88 0 0 316 233 331 144 0 0 0 0 
457 264 282 8 7 6 0 0 490 110 334 79 11 0 0 0 421 102 84 190 219 8 0 0 
0 129 872 23 0 0 0 0 0 1 488 532 3 0 0 0 0 0 0 46 886 92 0 0 
13 326 670 15 0 0 0 0 0 40 601 382 1 0 0 0 0 0 5 134 783 102 0 0 
81 383 513 47 0 0 0 0 8 146 502 358 10 0 0 0 0 0 39 253 570 160 2 0 
86 449 483 6 0 0 0 0 11 148 590 274 1 0 0 0 0 2 47 222 658 95 0 0 
10 545 468 1 0 0 0 0 0 57 701 266 0 0 0 0 0 0 1 160 757 106 0 0 
111 584 328 1 0 0 0 0 4 199 628 193 0 0 0 0 0 0 46 313 598 67 0 0 
228 586 204 6 0 0 0 0 79 330 526 89 0 0 0 0 0 17 146 428 400 33 0 0 
149 493 349 33 0 0 0 0 36 212 549 219 8 0 0 0 0 2 73 312 520 117 0 0 
76 418 483 47 0 0 0 0 26 115 523 348 12 0 0 0 0 0 47 175 587 215 0 0 
99 452 445 28 0 0 0 0 26 185 549 255 9 0 0 0 0 3 44 304 517 155 1 0 
167 553 293 11 0 0 0 0 39 313 508 163 1 0 0 0 0 9 93 423 436 63 0 0 
304 519 200 1 0 0 0 0 122 374 453 75 0 0 0 0 0 42 199 454 315 14 0 0 
189 551 277 7 0 0 0 0 76 302 541 105 0 0 0 0 0 33 98 441 426 26 0 0 
260 523 241 0 0 0 0 0 65 427 464 68 0 0 0 0 0 2 201 502 308 11 0 0 
224 519 271 10 0 0 0 0 107 418 409 90 0 0 0 0 0 57 187 499 272 9 0 0 
30 299 644 51 0 0 0 0 13 179 634 198 0 0 0 0 0 2 68 404 518 32 0 0 
5 229 746 44 0 0 0 0 2 84 728 210 0 0 0 0 0 0 16 316 662 30 0 0 
4 214 731 75 0 0 0 0 0 125 706 193 0 0 0 0 0 0 27 440 554 3 0 0 
2 179 772 71 0 0 0 0 0 85 762 177 0 0 0 0 0 0 16 442 565 1 0 0 
75 142 674 133 0 0 0 0 111 87 685 141 0 0 0 0 95 33 42 420 434 0 0 0 
242 336 307 78 32 21 8 0 383 406 176 34 24 1 0 0 818 140 59 7 0 0 0 0 
2 58 207 308 292 144 13 0 16 222 407 288 87 4 0 0 486 379 150 9 0 0 0 0 
122 111 162 193 222 158 56 0 195 251 273 199 95 11 0 0 615 276 113 20 0 0 0 0 
0 4 70 154 277 318 184 17 9 119 274 333 260 28 1 0 377 325 253 65 4 0 0 0 
0 4 51 139 322 384 108 16 4 82 320 439 150 28 1 0 346 449 191 32 6 0 0 0 
0 3 92 302 448 159 20 0 0 100 447 419 56 2 0 0 376 532 112 4 0 0 0 0 
0 0 10 237 381 370 24 0 0 90 378 490 64 0 0 0 344 560 120 0 0 0 0 0 
0 20 106 88 102 230 400 75 16 117 115 147 407 216 3 0 139 234 387 249 12 0 0 0 
0 0 0 23 116 174 358 352 0 7 99 186 284 430 15 0 75 175 258 413 101 0 0 0 
0 0 8 69 66 193 469 216 0 5 84 175 408 340 10 0 102 176 337 340 66 0 0 0 
0 0 0 38 158 454 362 10 0 2 94 357 481 88 0 0 84 462 407 70 0 0 0 0 
0 0 0 0 1 43 474 504 0 0 0 23 270 638 92 0 0 29 261 513 218 1 0 0 
0 0 0 0 0 74 546 403 0 0 0 37 373 519 93 0 0 34 337 439 211 1 0 0 
0 0 0 10 200 243 359 209 0 0 11 249 416 313 33 0 15 252 357 299 99 0 0 0 
0 49 298 99 311 218 42 3 0 1 279 395 284 64 0 0 8 256 207 253 296 1 0 0 
0 343 666 14 0 0 0 0 0 25 783 215 0 0 0 0 0 0 3 249 756 14 0 0 
10 445 537 30 0 0 0 0 0 65 712 244 1 0 0 0 0 0 6 271 691 55 0 0 
3 448 559 12 0 0 0 0 0 25 697 300 0 0 0 0 0 0 0 154 814 55 0 0 
38 523 433 28 0 0 0 0 5 84 700 227 6 0 0 0 0 0 16 193 733 80 0 0 
207 508 294 14 0 0 0 0 62 267 524 165 3 0 0 0 0 15 147 352 463 46 0 0 
427 496 99 0 0 0 0 0 176 531 261 55 0 0 0 0 0 65 364 424 165 3 0 0 
440 512 71 0 0 0 0 0 180 505 309 28 0 0 0 0 0 72 352 431 167 0 0 0 
209 641 172 0 0 0 0 0 51 349 572 51 0 0 0 0 0 8 113 519 375 6 0 0 
189 486 341 6 0 0 0 0 51 230 559 183 0 0 0 0 0 7 102 350 492 70 0 0 
307 449 253 14 0 0 0 0 140 323 431 128 0 0 0 0 0 44 218 367 353 39 0 0 
340 476 207 0 0 0 0 0 149 405 385 83 0 0 0 0 0 46 232 449 277 17 0 0 
199 556 267 0 0 0 0 0 26 344 576 76 0 0 0 0 0 0 126 416 463 17 0 0 
354 480 184 5 0 0 0 0 190 360 413 58 0 0 0 0 0 65 271 407 268 11 0 0 
303 542 177 0 0 0 0 0 104 480 390 48 0 0 0 0 0 16 282 478 239 6 0 0 
480 456 87 0 0 0 0 0 262 510 232 17 0 0 0 0 1 142 403 382 94 0 0 0 
357 595 71 0 0 0 0 0 193 625 204 0 0 0 0 0 0 72 527 404 19 0 0 0 
258 586 176 2 0 0 0 0 163 537 308 14 0 0 0 0 0 111 414 418 79 0 0 0 
111 542 354 15 0 0 0 0 52 453 491 26 0 0 0 0 0 26 271 614 111 0 0 0 
62 483 467 10 0 0 0 0 49 439 526 8 0 0 0 0 0 29 261 646 87 0 0 0 
40 472 508 2 0 0 0 0 34 299 684 5 0 0 0 0 0 30 104 779 108 0 0 0 
368 450 198 6 0 0 0 0 424 395 202 1 0 0 0 0 309 193 308 189 23 0 0 0 
339 410 195 62 15 0 0 0 437 440 124 21 0 0 0 0 851 124 48 0 0 0 0 0 
328 140 85 49 71 130 151 65 357 162 93 125 153 129 2 0 551 152 166 140 12 0 0 0 
0 3 103 344 264 209 93 3 1 90 389 390 142 10 0 0 439 394 180 8 1 0 0 0 
1 46 101 234 313 230 92 5 35 120 313 373 162 17 0 0 404 407 184 28 0 0 0 0 
0 12 129 405 296 152 26 0 0 74 487 369 89 2 0 0 455 439 120 8 0 0 0 0 
0 0 37 201 372 307 105 0 6 92 296 433 180 13 0 0 269 498 218 37 0 0 0 0 
