1 238 460 287 37 1 0 0 0 165 500 315 43 1 0 0 88 574 339 23 0 0 0 0 
0 103 360 447 101 11 2 0 2 113 380 433 91 5 0 0 58 379 519 66 2 0 0 0 
12 75 157 316 277 156 31 0 8 87 189 320 238 150 31 1 70 276 459 192 27 0 0 0 
0 127 194 338 202 116 41 6 0 101 169 303 220 154 70 7 195 395 289 116 27 2 0 0 
0 149 196 192 222 192 67 6 16 168 186 241 261 133 19 0 147 333 320 189 35 0 0 0 
0 60 201 230 232 191 98 12 0 43 178 235 273 204 85 6 121 334 316 182 65 6 0 0 
0 53 191 215 268 200 84 13 0 98 197 281 277 138 30 3 86 314 343 210 58 13 0 0 
0 12 71 196 333 250 140 22 0 6 92 264 361 244 54 3 77 325 390 179 50 3 0 0 
2 63 931 23 4 1 0 0 0 39 946 33 5 1 0 0 9 155 821 32 6 1 0 0 
70 53 766 85 34 15 1 0 29 76 757 112 33 16 1 0 79 73 722 117 26 5 2 0 
1 6 828 134 38 14 3 0 1 2 784 178 36 19 4 0 1 6 725 227 45 18 2 0 
1 11 850 133 16 13 0 0 1 14 884 96 19 10 0 0 4 29 889 85 16 1 0 0 
5 51 666 297 5 0 0 0 0 61 856 102 5 0 0 0 23 174 742 80 5 0 0 0 
39 139 476 276 72 22 0 0 22 137 508 251 81 25 0 0 77 187 412 230 87 31 0 0 
6 119 676 129 66 27 1 0 5 140 631 148 69 30 1 0 42 176 443 261 74 27 1 0 
5 65 704 173 53 21 3 0 7 77 701 167 55 17 0 0 47 164 500 258 41 14 0 0 
103 157 325 204 103 60 72 0 96 160 334 193 98 68 75 0 241 356 248 90 74 15 0 0 
302 442 236 26 13 4 1 0 194 487 292 30 16 5 0 0 456 340 202 17 6 3 0 0 
171 176 558 95 22 2 0 0 140 198 572 91 22 1 0 0 146 231 551 71 22 3 0 0 
0 165 665 120 53 21 0 0 0 177 661 108 62 16 0 0 0 123 704 111 70 16 0 0 
0 48 689 200 68 19 0 0 0 47 720 169 67 19 2 0 0 38 735 158 66 26 1 0 
0 2 792 228 2 0 0 0 0 0 837 187 0 0 0 0 0 0 846 178 0 0 0 0 
0 17 917 77 8 5 0 0 0 21 949 43 9 2 0 0 0 20 883 109 9 3 0 0 
0 53 906 64 1 0 0 0 0 66 928 30 0 0 0 0 0 61 923 40 0 0 0 0 
160 254 460 109 26 15 0 0 139 272 467 110 28 8 0 0 127 300 428 119 40 10 0 0 
45 284 244 198 109 76 43 25 48 281 257 206 97 66 42 27 84 224 280 198 97 72 40 29 
5 45 220 230 194 150 128 52 5 42 230 227 189 149 119 63 1 24 208 256 191 150 135 59 
13 95 141 157 146 153 138 181 28 82 143 165 143 147 132 184 57 59 118 176 157 148 149 160 
0 121 417 105 55 77 71 178 0 158 399 96 59 70 66 176 0 109 371 167 65 82 88 142 
0 124 807 55 28 10 0 0 0 90 856 42 29 7 0 0 0 122 806 59 28 9 0 0 
0 17 718 218 57 14 0 0 0 31 794 146 43 10 0 0 0 112 710 147 45 10 0 0 
0 195 795 26 8 0 0 0 0 123 868 25 8 0 0 0 0 92 899 23 9 1 0 0 
0 226 641 95 38 18 6 0 0 196 698 78 29 21 2 0 0 70 714 168 40 26 6 0 
7 138 480 240 95 33 21 10 7 113 508 244 86 35 26 5 3 59 464 299 126 51 19 3 
0 1 301 446 185 83 8 0 0 6 350 418 156 85 9 0 0 19 252 445 199 94 15 0 
0 46 272 274 217 121 90 4 0 64 265 274 207 117 93 4 0 71 263 240 228 130 88 4 
0 0 52 259 209 239 182 83 0 0 93 237 204 229 175 86 0 1 129 270 218 180 164 62 
0 5 143 399 268 131 76 2 0 8 191 393 251 121 58 2 0 15 225 362 251 120 49 2 
0 22 239 341 196 160 53 13 0 23 246 346 187 154 55 13 0 11 249 326 217 160 54 7 
0 40 100 153 160 222 230 119 0 14 100 162 155 219 237 137 0 19 84 155 161 262 224 119 
79 189 161 183 185 134 75 18 36 206 161 172 172 163 95 19 27 187 131 184 186 166 130 13 
56 342 248 186 108 31 26 27 43 353 232 201 109 30 28 28 23 339 204 204 160 35 38 21 
65 180 246 353 122 48 10 0 83 144 397 267 91 42 0 0 50 178 309 332 121 33 1 0 
44 527 260 184 8 1 0 0 44 557 329 90 3 1 0 0 3 561 374 81 4 1 0 0 
0 205 235 387 127 60 9 1 0 158 247 237 273 94 13 2 0 66 260 160 286 154 93 5 
0 4 52 224 564 158 22 0 0 2 58 150 465 324 25 0 0 1 77 94 198 527 126 1 
0 1 52 206 315 328 116 6 0 1 54 179 311 341 132 6 0 0 66 179 341 327 104 7 
0 0 45 77 403 402 94 3 0 0 23 75 371 428 120 7 0 0 1 162 356 399 99 7 
93 314 480 114 23 0 0 0 53 211 555 167 34 4 0 0 78 122 462 264 78 17 3 0 
28 321 429 77 79 60 29 1 0 288 469 76 82 63 41 5 0 256 481 86 88 60 44 9 
0 62 368 297 196 79 20 2 0 30 354 289 224 91 31 5 0 8 291 293 250 130 44 8 
0 120 295 366 171 65 7 0 0 114 297 349 183 65 16 0 0 62 248 361 227 101 25 0 
1 188 572 163 70 20 10 0 2 181 573 170 68 20 10 0 0 108 608 177 100 18 12 1 
15 154 180 89 72 114 251 149 15 160 170 92 71 99 234 183 6 140 172 118 79 108 250 151 
0 0 0 20 72 148 312 472 0 0 0 21 66 145 302 490 0 0 0 35 74 188 261 466 
0 0 0 12 186 205 280 341 0 0 0 12 161 218 256 377 0 0 0 26 155 219 389 235 
750 272 2 0 0 0 0 0 595 406 23 0 0 0 0 0 485 424 104 11 0 0 0 0 
343 607 73 1 0 0 0 0 196 651 156 21 0 0 0 0 7 606 295 102 14 0 0 0 
22 442 300 178 69 13 0 0 11 280 420 180 100 33 0 0 0 82 490 234 102 97 19 0 
0 219 321 149 154 145 36 0 0 171 327 178 113 182 53 0 0 123 295 223 101 174 104 4 
0 304 609 93 18 0 0 0 0 264 639 98 23 0 0 0 0 124 759 101 38 2 0 0 
0 280 514 221 9 0 0 0 0 249 601 153 21 0 0 0 0 81 746 103 87 7 0 0 
0 1 357 335 182 90 50 9 0 1 348 333 178 105 51 8 0 2 355 307 189 135 36 0 
0 0 87 155 159 239 175 209 0 0 94 150 163 233 170 214 0 2 117 189 208 198 181 129 
