606 221 161 34 2 0 0 0 519 177 215 103 9 1 0 0 584 194 201 43 2 0 0 0 
676 200 124 24 0 0 0 0 593 188 177 57 9 0 0 0 657 195 144 25 3 0 0 0 
689 180 108 30 12 2 3 0 636 175 118 62 21 6 5 1 706 166 99 33 11 5 3 1 
887 75 37 20 4 1 0 0 863 86 39 25 8 3 0 0 892 79 32 17 4 0 0 0 
998 19 4 2 0 0 1 0 971 43 6 2 0 1 0 1 979 38 4 1 1 0 0 1 
926 87 5 2 4 0 0 0 857 148 13 2 4 0 0 0 899 111 8 2 4 0 0 0 
688 218 62 41 13 2 0 0 536 338 78 47 16 8 1 0 712 209 65 28 9 1 0 0 
383 314 169 101 46 6 4 1 245 349 213 135 58 17 4 3 433 324 161 71 24 6 2 3 
718 214 57 30 3 2 0 0 539 347 86 41 9 2 0 0 736 211 52 21 2 2 0 0 
775 182 33 7 6 6 5 10 572 351 47 17 7 7 5 18 687 242 45 15 6 8 2 19 
541 244 86 48 41 29 13 22 309 415 98 67 52 35 17 31 368 342 99 58 59 40 21 37 
272 291 115 77 61 48 37 123 117 370 174 79 66 49 42 127 100 382 165 82 69 51 48 127 
24 57 54 52 54 45 34 704 3 53 75 52 57 49 26 709 2 51 62 57 58 53 28 713 
0 0 0 0 0 0 0 1024 0 0 0 0 0 0 0 1024 0 0 0 0 0 0 0 1024 
0 0 0 0 0 0 0 1024 0 0 0 0 0 0 0 1024 0 0 0 0 0 0 0 1024 
0 0 0 0 0 0 0 1024 0 0 0 0 0 0 0 1024 0 0 0 0 0 0 0 1024 
0 0 0 0 0 0 0 1024 0 0 0 0 0 0 0 1024 0 0 0 0 0 0 0 1024 
0 0 0 0 0 0 0 1024 0 0 0 0 0 0 0 1024 0 0 0 0 0 0 0 1024 
0 0 0 0 0 0 0 1024 0 0 0 0 0 0 0 1024 0 0 0 0 0 0 0 1024 
0 0 0 0 0 0 80 944 0 0 0 0 0 0 0 1024 0 0 0 0 0 0 0 1024 
0 0 0 0 0 0 756 268 0 0 0 0 0 0 0 1024 0 0 0 0 0 0 0 1024 
0 0 0 0 0 0 1024 0 0 0 0 0 0 0 0 1024 0 0 0 0 0 0 0 1024 
0 0 0 0 0 0 1024 0 0 0 0 0 0 0 0 1024 0 0 0 0 0 0 0 1024 
0 0 0 0 0 0 1024 0 0 0 0 0 0 0 0 1024 0 0 0 0 0 0 0 1024 
0 0 0 0 0 0 1024 0 0 0 0 0 0 0 0 1024 0 0 0 0 0 0 0 1024 
0 0 0 0 0 0 1024 0 0 0 0 0 0 0 0 1024 0 0 0 0 0 0 0 1024 
0 0 0 0 0 0 1024 0 0 0 0 0 0 0 0 1024 0 0 0 0 0 0 0 1024 
0 0 0 0 0 0 1024 0 0 0 0 0 0 0 0 1024 0 0 0 0 0 0 0 1024 
0 0 0 0 0 0 1024 0 0 0 0 0 0 0 0 1024 0 0 0 0 0 0 0 1024 
0 0 0 0 0 9 1015 0 0 0 0 0 0 0 42 982 0 0 0 0 0 0 0 1024 
0 26 26 12 55 201 689 15 0 11 35 12 13 77 512 364 0 0 3 33 20 17 114 837 
0 7 9 28 48 109 817 6 0 0 5 23 33 49 788 126 0 0 0 10 22 37 65 890 
724 224 60 11 3 2 0 0 609 311 78 20 4 2 0 0 716 246 50 9 1 2 0 0 
923 73 21 6 1 0 0 0 884 90 40 8 2 0 0 0 919 74 25 5 1 0 0 0 
831 148 33 12 0 0 0 0 760 192 53 16 3 0 0 0 826 160 34 3 1 0 0 0 
812 151 40 17 4 0 0 0 743 200 54 17 9 1 0 0 823 154 28 16 3 0 0 0 
951 62 7 4 0 0 0 0 924 85 11 3 1 0 0 0 947 66 8 2 1 0 0 0 
814 136 46 18 8 1 0 1 744 186 49 31 9 4 0 1 819 136 45 15 7 1 0 1 
718 171 77 37 16 4 1 0 589 259 88 55 24 8 1 0 728 182 70 32 9 2 1 0 
538 268 123 69 20 4 1 1 388 336 156 92 42 8 0 2 588 254 110 57 12 1 2 0 
665 223 95 31 8 2 0 0 499 331 110 62 16 6 0 0 680 233 78 23 10 0 0 0 
513 328 99 53 17 8 3 3 287 484 132 71 35 6 4 5 475 349 109 54 21 6 3 7 
386 261 85 61 60 65 53 53 207 395 91 74 48 63 58 88 257 326 85 71 53 54 63 115 
134 185 113 87 73 90 119 223 46 175 134 110 71 93 107 288 30 172 117 106 81 83 101 334 
9 32 51 57 44 48 42 741 2 15 44 68 43 48 51 753 2 19 44 56 48 43 56 756 
0 0 0 0 0 0 0 1024 0 0 0 0 0 0 0 1024 0 0 0 0 0 0 0 1024 
0 0 0 0 0 0 0 1024 0 0 0 0 0 0 0 1024 0 0 0 0 0 0 0 1024 
0 0 0 0 0 0 0 1024 0 0 0 0 0 0 0 1024 0 0 0 0 0 0 0 1024 
0 0 0 0 0 0 0 1024 0 0 0 0 0 0 0 1024 0 0 0 0 0 0 0 1024 
0 0 0 0 0 0 0 1024 0 0 0 0 0 0 0 1024 0 0 0 0 0 0 0 1024 
0 0 0 0 0 0 0 1024 0 0 0 0 0 0 0 1024 0 0 0 0 0 0 0 1024 
0 0 0 0 0 0 11 1013 0 0 0 0 0 0 0 1024 0 0 0 0 0 0 0 1024 
0 0 0 0 0 0 247 777 0 0 0 0 0 0 0 1024 0 0 0 0 0 0 0 1024 
0 0 0 0 0 0 937 87 0 0 0 0 0 0 0 1024 0 0 0 0 0 0 0 1024 
0 0 0 0 0 0 1024 0 0 0 0 0 0 0 0 1024 0 0 0 0 0 0 0 1024 
0 0 0 0 0 0 1024 0 0 0 0 0 0 0 0 1024 0 0 0 0 0 0 0 1024 
0 0 0 0 0 0 1024 0 0 0 0 0 0 0 0 1024 0 0 0 0 0 0 0 1024 
0 0 0 0 0 0 1024 0 0 0 0 0 0 0 0 1024 0 0 0 0 0 0 0 1024 
0 0 0 0 0 0 1024 0 0 0 0 0 0 0 0 1024 0 0 0 0 0 0 0 1024 
0 0 0 0 0 0 1024 0 0 0 0 0 0 0 0 1024 0 0 0 0 0 0 0 1024 
0 0 0 0 0 0 1024 0 0 0 0 0 0 0 0 1024 0 0 0 0 0 0 0 1024 
0 0 0 0 2 20 1002 0 0 0 0 0 1 2 67 954 0 0 0 0 0 0 3 1021 
5 25 34 53 94 303 483 27 0 11 48 45 41 120 403 356 0 0 13 38 55 60 176 682 
7 19 65 135 133 243 389 33 0 5 45 117 120 143 304 290 0 1 12 71 121 135 155 529 
762 191 60 11 0 0 0 0 671 223 94 34 2 0 0 0 767 193 56 8 0 0 0 0 
886 109 22 7 0 0 0 0 802 172 38 11 1 0 0 0 872 123 24 5 0 0 0 0 
941 42 24 13 3 1 0 0 914 58 21 20 8 2 1 0 946 41 23 10 3 1 0 0 
950 56 13 4 1 0 0 0 909 86 21 6 2 0 0 0 947 63 11 2 1 0 0 0 
947 55 13 4 3 1 1 0 919 70 23 7 3 1 1 0 949 54 12 4 3 1 1 0 
961 48 12 3 0 0 0 0 931 74 15 4 0 0 0 0 968 45 9 2 0 0 0 0 
679 201 82 39 18 5 0 0 569 268 104 50 22 8 3 0 698 196 81 31 14 4 0 0 
569 259 107 60 25 3 1 0 415 344 139 83 33 9 1 0 604 258 101 47 13 1 0 0 
665 255 51 41 7 3 2 0 504 371 81 45 15 6 2 0 660 274 51 28 8 1 2 0 
672 277 38 15 12 4 3 3 330 579 69 19 15 4 4 4 625 321 38 19 7 6 4 4 
515 235 103 63 34 30 19 25 314 368 120 81 53 30 24 34 400 313 103 63 52 26 24 43 
276 224 162 102 77 45 48 90 122 269 171 145 77 67 53 120 147 283 160 103 71 69 56 135 
52 170 188 120 100 70 85 239 9 70 191 178 107 92 87 290 11 116 187 125 95 87 90 313 
2 12 34 28 38 25 54 831 0 2 17 34 25 37 37 872 0 3 19 22 27 30 37 886 
5 17 22 19 23 30 30 878 0 6 18 17 32 18 35 898 0 6 14 15 28 19 35 907 
0 0 0 0 0 0 0 1024 0 0 0 0 0 0 0 1024 0 0 0 0 0 0 0 1024 
0 0 0 0 0 0 0 1024 0 0 0 0 0 0 0 1024 0 0 0 0 0 0 0 1024 
0 0 0 0 0 0 0 1024 0 0 0 0 0 0 0 1024 0 0 0 0 0 0 0 1024 
0 0 0 0 0 0 2 1022 0 0 0 0 0 0 0 1024 0 0 0 0 0 0 0 1024 
0 0 0 0 0 0 30 994 0 0 0 0 0 0 0 1024 0 0 0 0 0 0 0 1024 
0 0 0 0 0 0 385 639 0 0 0 0 0 0 0 1024 0 0 0 0 0 0 0 1024 
0 0 0 0 0 0 792 232 0 0 0 0 0 0 0 1024 0 0 0 0 0 0 0 1024 
0 0 0 0 0 0 1024 0 0 0 0 0 0 0 0 1024 0 0 0 0 0 0 0 1024 
0 0 0 0 0 0 1024 0 0 0 0 0 0 0 0 1024 0 0 0 0 0 0 0 1024 
0 0 0 0 0 0 1024 0 0 0 0 0 0 0 0 1024 0 0 0 0 0 0 0 1024 
0 0 0 0 0 0 1024 0 0 0 0 0 0 0 0 1024 0 0 0 0 0 0 0 1024 
0 0 0 0 0 0 1024 0 0 0 0 0 0 0 0 1024 0 0 0 0 0 0 0 1024 
0 0 0 0 0 0 1024 0 0 0 0 0 0 0 0 1024 0 0 0 0 0 0 0 1024 
0 0 0 0 0 0 1024 0 0 0 0 0 0 0 0 1024 0 0 0 0 0 0 0 1024 
0 0 2 8 23 74 908 9 0 0 0 4 7 30 132 851 0 0 0 0 8 9 42 965 
2 40 70 113 139 236 382 42 0 2 66 129 87 151 299 290 0 0 20 96 114 100 191 503 
21 100 156 187 174 177 173 36 4 45 130 174 182 177 157 155 0 11 120 153 174 161 171 234 
779 153 72 20 0 0 0 0 698 164 116 43 3 0 0 0 791 159 64 10 0 0 0 0 
920 82 21 1 0 0 0 0 881 110 27 6 0 0 0 0 931 80 13 0 0 0 0 0 
985 23 12 4 0 0 0 0 972 29 17 6 0 0 0 0 987 26 9 2 0 0 0 0 
944 64 10 5 1 0 0 0 913 87 18 3 3 0 0 0 949 60 10 4 1 0 0 0 
955 54 8 3 2 2 0 0 909 97 10 2 4 2 0 0 931 78 8 4 2 1 0 0 
927 95 2 0 0 0 0 0 837 180 6 1 0 0 0 0 878 143 3 0 0 0 0 0 
956 59 8 1 0 0 0 0 908 101 14 1 0 0 0 0 953 62 8 1 0 0 0 0 
650 218 86 52 16 1 1 0 464 326 140 51 36 5 2 0 648 245 82 37 10 2 0 0 
670 253 53 32 13 3 0 0 515 364 73 49 16 5 2 0 704 234 57 18 9 2 0 0 
556 230 114 83 36 4 0 1 320 406 120 102 61 13 1 1 559 274 121 51 16 2 0 1 
707 200 56 39 14 6 2 0 482 388 71 41 27 11 4 0 617 290 69 28 12 5 3 0 
697 222 58 23 14 5 5 0 359 510 87 35 19 8 5 1 511 390 62 34 13 6 7 1 
219 297 269 128 38 28 26 19 65 256 274 233 100 35 31 30 146 322 276 133 58 30 26 33 
82 148 120 106 84 88 86 310 15 99 138 122 109 88 87 366 16 114 123 101 100 91 99 380 
46 79 51 53 51 42 51 651 12 56 70 44 60 54 43 685 7 53 64 43 50 61 46 700 
0 0 0 0 0 0 0 1024 0 0 0 0 0 0 0 1024 0 0 0 0 0 0 0 1024 
1 8 20 22 25 25 29 894 0 1 12 16 27 29 25 914 0 1 7 15 25 25 32 919 
0 0 0 0 0 0 0 1024 0 0 0 0 0 0 0 1024 0 0 0 0 0 0 0 1024 
0 0 0 0 0 0 0 1024 0 0 0 0 0 0 0 1024 0 0 0 0 0 0 0 1024 
0 0 0 0 0 0 144 880 0 0 0 0 0 0 0 1024 0 0 0 0 0 0 0 1024 
0 0 0 0 0 0 211 813 0 0 0 0 0 0 0 1024 0 0 0 0 0 0 0 1024 
0 0 0 0 0 0 383 641 0 0 0 0 0 0 0 1024 0 0 0 0 0 0 0 1024 
0 0 0 0 0 0 335 689 0 0 0 0 0 0 0 1024 0 0 0 0 0 0 0 1024 
0 0 0 0 0 0 864 160 0 0 0 0 0 0 0 1024 0 0 0 0 0 0 0 1024 
0 0 0 0 0 0 1024 0 0 0 0 0 0 0 0 1024 0 0 0 0 0 0 0 1024 
0 0 0 0 0 0 1024 0 0 0 0 0 0 0 0 1024 0 0 0 0 0 0 0 1024 
0 0 0 0 3 6 1007 8 0 0 0 0 0 3 11 1010 0 0 0 0 0 0 5 1019 
0 0 0 0 0 0 1024 0 0 0 0 0 0 0 0 1024 0 0 0 0 0 0 0 1024 
0 0 0 0 0 7 1013 4 0 0 0 0 0 1 11 1012 0 0 0 0 0 0 1 1023 
0 1 13 33 55 163 710 49 0 0 8 18 38 76 209 675 0 0 0 11 26 46 108 833 
9 37 129 146 175 264 238 26 0 22 118 140 123 215 242 164 1 6 93 146 102 146 210 320 
84 223 260 211 125 64 46 11 4 165 283 271 136 74 63 28 6 195 256 240 123 92 61 51 
919 84 12 5 3 1 0 0 876 118 19 6 4 0 1 0 916 88 12 6 1 1 0 0 
688 236 76 20 4 0 0 0 565 300 113 34 10 2 0 0 733 218 53 17 3 0 0 0 
983 35 5 1 0 0 0 0 967 44 12 1 0 0 0 0 991 28 4 1 0 0 0 0 
795 131 72 21 4 0 1 0 735 149 93 37 7 3 0 0 816 138 53 13 3 1 0 0 
806 149 41 19 7 2 0 0 740 178 64 29 8 5 0 0 830 137 37 14 6 0 0 0 
979 42 3 0 0 0 0 0 908 108 8 0 0 0 0 0 965 55 4 0 0 0 0 0 
649 196 95 54 26 3 1 0 528 275 119 69 27 4 2 0 685 209 83 32 13 2 0 0 
551 255 119 72 21 6 0 0 396 366 142 70 39 11 0 0 609 244 100 51 19 1 0 0 
767 182 48 23 3 1 0 0 596 333 55 27 11 2 0 0 769 192 41 18 4 0 0 0 
809 151 44 14 4 1 1 0 622 323 50 20 6 2 1 0 804 167 36 13 3 1 0 0 
669 261 60 22 10 2 0 0 437 434 91 38 19 5 0 0 640 297 58 20 9 0 0 0 
680 212 84 30 10 4 3 1 511 315 102 63 19 8 2 4 640 263 67 28 13 7 2 4 
316 410 218 75 5 0 0 0 91 431 321 151 29 1 0 0 281 478 220 39 5 1 0 0 
286 268 187 116 69 45 26 27 81 315 249 145 93 61 41 39 131 336 198 140 79 57 38 45 
78 87 54 53 43 48 40 621 17 93 74 58 49 37 51 645 15 74 83 54 45 48 51 654 
1 7 19 18 21 19 23 916 0 0 8 19 24 15 22 936 0 0 7 20 21 16 21 939 
31 91 136 116 100 94 78 378 6 32 102 147 110 106 107 414 2 26 100 134 105 103 112 442 
0 0 0 0 0 0 0 1024 0 0 0 0 0 0 0 1024 0 0 0 0 0 0 0 1024 
0 0 0 0 0 0 0 1024 0 0 0 0 0 0 0 1024 0 0 0 0 0 0 0 1024 
0 0 0 0 0 0 0 1024 0 0 0 0 0 0 0 1024 0 0 0 0 0 0 0 1024 
0 0 0 0 0 0 0 1024 0 0 0 0 0 0 0 1024 0 0 0 0 0 0 0 1024 
0 0 0 0 0 0 0 1024 0 0 0 0 0 0 0 1024 0 0 0 0 0 0 0 1024 
0 0 0 0 0 0 0 1024 0 0 0 0 0 0 0 1024 0 0 0 0 0 0 0 1024 
0 0 0 0 0 0 48 976 0 0 0 0 0 0 0 1024 0 0 0 0 0 0 0 1024 
0 0 0 0 0 0 572 452 0 0 0 0 0 0 0 1024 0 0 0 0 0 0 0 1024 
0 0 0 0 0 0 1024 0 0 0 0 0 0 0 0 1024 0 0 0 0 0 0 0 1024 
0 1 3 6 15 16 919 64 0 0 2 4 8 16 43 951 0 0 0 2 6 11 13 992 
0 2 8 2 6 19 962 25 0 0 6 2 7 8 21 980 0 0 0 6 3 9 9 997 
0 0 0 0 0 0 1021 3 0 0 0 0 0 0 13 1011 0 0 0 0 0 0 0 1024 
7 12 25 32 79 240 531 98 0 8 22 23 42 135 275 519 0 0 13 23 26 65 191 706 
23 81 223 189 194 141 144 29 1 81 195 202 153 151 147 94 0 45 161 210 148 150 142 168 
118 301 292 185 78 32 15 3 23 299 282 247 95 43 26 9 29 328 285 202 88 50 29 13 
610 256 113 37 6 2 0 0 483 324 136 65 13 2 1 0 673 242 84 19 5 1 0 0 
868 118 32 6 0 0 0 0 810 147 54 11 2 0 0 0 890 108 24 2 0 0 0 0 
1015 8 1 0 0 0 0 0 1015 8 1 0 0 0 0 0 1015 8 1 0 0 0 0 0 
780 126 72 29 15 2 0 0 733 151 75 42 17 6 0 0 818 127 51 22 6 0 0 0 
879 119 12 9 5 0 0 0 832 151 22 13 5 1 0 0 891 105 15 9 4 0 0 0 
971 46 5 1 1 0 0 0 909 105 7 1 2 0 0 0 959 57 6 1 1 0 0 0 
869 117 21 13 2 1 1 0 730 248 26 16 1 2 1 0 850 142 18 11 1 1 1 0 
440 331 151 72 22 6 2 0 350 367 168 97 27 11 4 0 541 296 117 48 15 5 2 0 
816 141 38 21 8 0 0 0 707 243 33 28 10 3 0 0 820 148 39 12 5 0 0 0 
630 246 80 49 15 4 0 0 446 388 99 59 22 10 0 0 675 235 75 28 10 1 0 0 
775 168 45 18 16 2 0 0 511 409 57 30 15 2 0 0 724 233 43 18 6 0 0 0 
800 192 24 6 1 1 0 0 562 413 36 10 2 1 0 0 730 261 25 6 1 1 0 0 
428 380 140 65 9 2 0 0 227 483 194 92 25 3 0 0 379 448 149 43 4 1 0 0 
364 252 144 88 66 41 29 40 155 345 186 115 84 51 34 54 221 313 168 99 73 52 39 59 
89 107 109 77 82 63 65 432 24 108 108 78 102 69 65 470 16 84 112 87 71 103 66 485 
1 12 53 77 86 78 72 645 0 0 22 61 78 88 88 687 0 2 17 51 74 84 88 708 
76 193 192 125 119 78 79 162 10 106 212 168 131 109 82 206 5 122 202 133 141 102 94 225 
0 0 5 5 17 19 45 933 0 0 0 6 8 20 26 964 0 0 0 1 8 12 22 981 
0 0 0 0 0 0 0 1024 0 0 0 0 0 0 0 1024 0 0 0 0 0 0 0 1024 
0 0 0 0 0 0 0 1024 0 0 0 0 0 0 0 1024 0 0 0 0 0 0 0 1024 
0 0 0 0 0 0 0 1024 0 0 0 0 0 0 0 1024 0 0 0 0 0 0 0 1024 
0 0 0 0 0 0 0 1024 0 0 0 0 0 0 0 1024 0 0 0 0 0 0 0 1024 
0 0 0 0 0 0 0 1024 0 0 0 0 0 0 0 1024 0 0 0 0 0 0 0 1024 
0 0 0 0 0 0 0 1024 0 0 0 0 0 0 0 1024 0 0 0 0 0 0 0 1024 
0 0 0 0 0 0 6 1018 0 0 0 0 0 0 0 1024 0 0 0 0 0 0 0 1024 
0 0 0 0 0 0 409 615 0 0 0 0 0 0 0 1024 0 0 0 0 0 0 0 1024 
0 0 0 0 0 5 931 88 0 0 0 0 0 1 8 1015 0 0 0 0 0 0 3 1021 
5 21 19 16 33 103 681 146 0 9 22 20 18 49 121 785 0 1 11 28 18 24 65 877 
0 0 0 0 0 19 977 28 0 0 0 0 0 4 52 968 0 0 0 0 0 0 9 1015 
1 19 56 89 136 200 419 104 1 19 56 68 97 155 236 392 0 6 34 68 80 115 181 540 
23 89 303 304 134 91 64 16 3 53 279 324 136 108 74 47 4 43 252 321 145 86 103 70 
249 382 224 100 38 21 6 4 69 455 262 139 57 23 11 8 116 459 231 124 50 24 12 8 
692 241 62 21 8 0 0 0 548 346 88 29 10 3 0 0 722 236 47 15 4 0 0 0 
888 83 37 12 2 2 0 0 850 99 49 20 4 2 0 0 904 85 28 4 3 0 0 0 
1011 7 4 2 0 0 0 0 1006 12 4 2 0 0 0 0 1009 10 3 2 0 0 0 0 
962 36 20 2 4 0 0 0 934 57 21 9 3 0 0 0 968 34 18 3 1 0 0 0 
924 71 18 6 2 3 0 0 902 87 24 7 2 2 0 0 931 73 13 2 4 1 0 0 
847 120 41 12 4 0 0 0 818 127 51 21 6 1 0 0 872 108 30 12 2 0 0 0 
934 72 14 4 0 0 0 0 860 135 22 7 0 0 0 0 919 91 10 4 0 0 0 0 
727 202 67 24 1 3 0 0 575 329 80 32 5 2 1 0 723 224 57 17 0 3 0 0 
847 133 18 14 7 4 0 1 772 199 25 14 9 3 1 1 850 132 23 11 4 3 1 0 
938 77 6 3 0 0 0 0 783 226 9 6 0 0 0 0 915 100 6 3 0 0 0 0 
684 229 57 37 13 3 1 0 478 397 75 45 18 9 2 0 695 234 59 23 12 1 0 0 
776 185 43 19 1 0 0 0 581 355 61 23 4 0 0 0 747 220 44 13 0 0 0 0 
610 317 71 20 6 0 0 0 378 481 120 33 10 2 0 0 538 394 74 14 4 0 0 0 
490 316 103 46 21 12 19 17 201 533 134 70 30 16 16 24 343 425 115 58 26 17 16 24 
172 233 166 115 91 99 68 80 47 241 171 159 109 99 89 109 55 239 166 135 111 89 107 122 
6 42 103 101 77 84 92 519 1 12 57 116 90 86 91 571 3 9 62 107 87 79 89 588 
126 327 175 88 94 79 63 72 19 220 288 125 104 80 83 105 19 256 241 131 80 92 81 124 
9 29 35 51 39 57 71 733 2 11 30 36 60 42 65 778 1 9 22 41 44 47 66 794 
0 0 0 0 0 0 0 1024 0 0 0 0 0 0 0 1024 0 0 0 0 0 0 0 1024 
0 0 0 0 0 0 0 1024 0 0 0 0 0 0 0 1024 0 0 0 0 0 0 0 1024 
0 0 0 0 0 0 0 1024 0 0 0 0 0 0 0 1024 0 0 0 0 0 0 0 1024 
0 0 0 0 0 0 0 1024 0 0 0 0 0 0 0 1024 0 0 0 0 0 0 0 1024 
0 0 0 0 0 0 0 1024 0 0 0 0 0 0 0 1024 0 0 0 0 0 0 0 1024 
0 0 0 0 0 0 0 1024 0 0 0 0 0 0 0 1024 0 0 0 0 0 0 0 1024 
0 0 0 0 0 0 0 1024 0 0 0 0 0 0 0 1024 0 0 0 0 0 0 0 1024 
0 2 6 5 3 7 19 982 0 0 2 8 6 5 6 997 0 0 2 6 4 5 7 1000 
1 3 8 18 16 18 124 836 0 1 2 10 15 26 21 949 0 0 2 6 16 24 17 959 
3 14 19 30 52 84 451 371 0 7 13 25 40 59 93 787 0 0 12 19 33 47 83 830 
6 22 70 202 218 133 310 63 0 14 41 120 233 161 122 333 0 1 36 120 205 172 122 368 
6 31 153 272 195 160 151 56 0 18 129 245 209 138 123 162 0 23 129 231 187 133 114 207 
30 212 424 219 64 45 27 3 10 130 379 320 89 49 34 13 23 175 406 232 73 46 41 28 
303 408 235 58 9 6 3 2 152 418 301 126 14 6 4 3 287 474 191 49 11 4 4 4 
821 166 26 6 3 2 0 0 753 217 39 10 2 3 0 0 835 161 22 3 3 0 0 0 
625 204 121 47 24 3 0 0 541 217 150 80 31 5 0 0 707 183 88 39 7 0 0 0 
803 103 73 27 10 6 0 2 771 101 83 41 16 7 4 1 838 113 48 16 3 3 2 1 
915 83 20 5 0 1 0 0 868 117 29 8 1 1 0 0 927 77 16 2 2 0 0 0 
931 71 14 7 1 0 0 0 910 88 17 6 3 0 0 0 939 66 11 7 1 0 0 0 
947 56 15 5 1 0 0 0 932 65 18 6 3 0 0 0 951 57 11 3 2 0 0 0 
905 69 24 19 4 2 1 0 863 109 27 18 5 1 1 0 889 107 20 6 1 1 0 0 
626 226 108 33 22 8 0 1 541 270 121 56 21 12 3 0 682 220 79 23 17 2 1 0 
800 166 43 11 3 1 0 0 706 235 58 17 7 1 0 0 811 167 35 9 1 1 0 0 
716 164 77 41 22 3 1 0 587 246 97 50 28 15 1 0 735 179 64 29 15 2 0 0 
744 177 51 27 18 6 1 0 561 339 61 31 20 11 1 0 733 207 53 22 7 2 0 0 
807 145 43 16 10 3 0 0 639 291 48 23 15 6 2 0 753 214 37 12 7 1 0 0 
555 266 131 57 14 1 0 0 416 351 141 87 25 3 1 0 557 300 123 37 6 1 0 0 
646 281 74 21 2 0 0 0 380 478 121 41 4 0 0 0 535 378 94 16 1 0 0 0 
367 389 158 75 16 9 5 5 125 504 228 106 34 13 7 7 232 511 176 58 21 12 6 8 
52 205 215 169 63 57 49 214 7 115 200 230 110 60 64 238 27 185 225 160 62 59 61 245 
170 482 191 82 47 24 13 15 27 414 324 126 63 31 19 20 39 469 287 103 53 34 16 23 
16 66 108 116 110 100 94 414 3 24 88 111 130 108 106 454 2 26 76 110 113 118 109 470 
0 0 0 0 0 0 0 1024 0 0 0 0 0 0 0 1024 0 0 0 0 0 0 0 1024 
0 0 0 0 0 0 0 1024 0 0 0 0 0 0 0 1024 0 0 0 0 0 0 0 1024 
0 0 0 0 0 0 0 1024 0 0 0 0 0 0 0 1024 0 0 0 0 0 0 0 1024 
0 0 0 0 0 0 0 1024 0 0 0 0 0 0 0 1024 0 0 0 0 0 0 0 1024 
0 0 0 0 0 0 0 1024 0 0 0 0 0 0 0 1024 0 0 0 0 0 0 0 1024 
0 0 0 0 0 4 9 1011 0 0 0 0 0 1 3 1020 0 0 0 0 0 0 4 1020 
1 2 15 32 34 25 25 890 0 2 6 29 27 36 21 903 0 0 8 28 29 29 24 906 
1 45 204 207 94 75 87 311 0 7 126 249 115 90 83 354 0 16 188 184 102 80 73 381 
13 146 294 260 102 69 59 81 0 26 229 330 180 71 65 123 0 68 261 289 128 84 64 130 
7 100 293 235 119 72 96 102 1 24 207 327 138 95 77 155 4 69 288 217 114 68 78 186 
1 43 207 486 251 28 7 1 0 15 136 459 342 61 10 1 0 31 209 454 277 42 10 1 
3 110 408 328 128 40 5 2 1 59 388 380 146 41 7 2 3 108 432 303 133 37 6 2 
61 336 463 145 14 5 0 0 19 264 518 191 27 5 0 0 31 301 512 152 25 3 0 0 
270 346 285 92 27 4 0 0 150 385 266 186 32 5 0 0 294 429 228 50 21 2 0 0 
572 435 17 0 0 0 0 0 300 650 74 0 0 0 0 0 524 482 18 0 0 0 0 0 
649 309 54 7 2 2 1 0 481 400 116 21 2 3 1 0 675 295 45 4 3 1 1 0 
760 140 76 26 16 6 0 0 672 154 118 45 23 7 5 0 791 138 58 21 10 5 1 0 
809 129 55 25 6 0 0 0 747 164 71 31 10 1 0 0 846 119 43 13 3 0 0 0 
831 129 48 12 4 0 0 0 777 157 61 20 9 0 0 0 830 142 41 8 3 0 0 0 
955 50 12 4 2 1 0 0 920 85 12 4 2 1 0 0 952 58 10 2 1 1 0 0 
925 87 10 1 1 0 0 0 892 111 17 3 1 0 0 0 923 89 10 1 1 0 0 0 
810 158 44 10 2 0 0 0 745 211 50 16 2 0 0 0 830 150 36 7 1 0 0 0 
905 85 24 9 1 0 0 0 854 126 28 14 2 0 0 0 919 78 19 7 1 0 0 0 
879 119 16 10 0 0 0 0 758 227 28 9 2 0 0 0 877 125 14 8 0 0 0 0 
891 124 7 2 0 0 0 0 669 342 11 2 0 0 0 0 873 142 9 0 0 0 0 0 
845 146 23 7 3 0 0 0 751 226 32 8 4 3 0 0 827 173 16 5 3 0 0 0 
887 125 10 2 0 0 0 0 757 244 20 2 1 0 0 0 814 195 14 1 0 0 0 0 
864 152 8 0 0 0 0 0 671 337 15 1 0 0 0 0 741 272 10 1 0 0 0 0 
491 391 104 34 3 1 0 0 242 536 178 53 14 1 0 0 383 487 123 29 1 1 0 0 
85 409 401 126 3 0 0 0 16 248 453 269 38 0 0 0 93 483 381 66 1 0 0 0 
339 553 106 22 2 1 1 0 34 725 204 50 8 1 2 0 109 744 140 26 3 0 2 0 
61 223 196 103 83 58 56 244 9 136 221 160 87 82 53 276 17 164 211 142 70 85 58 277 
0 4 4 7 7 9 11 982 0 0 4 6 8 9 11 986 0 0 3 6 8 10 11 986 
0 0 0 0 0 0 0 1024 0 0 0 0 0 0 0 1024 0 0 0 0 0 0 0 1024 
0 0 0 0 0 0 0 1024 0 0 0 0 0 0 0 1024 0 0 0 0 0 0 0 1024 
0 0 0 0 2 4 1 1017 0 0 0 0 1 4 2 1017 0 0 0 0 1 4 2 1017 
0 1 1 26 24 21 15 936 0 1 1 19 22 25 17 939 0 1 1 25 17 24 14 942 
1 50 211 238 95 36 49 344 0 4 113 282 163 50 43 369 0 20 233 212 98 47 37 377 
9 43 360 346 128 55 42 41 0 4 224 451 156 91 38 60 1 8 290 410 134 82 35 64 
7 184 554 219 35 15 5 5 0 59 414 459 51 28 6 7 0 139 583 230 35 25 4 8 
31 457 392 139 5 0 0 0 0 209 534 244 37 0 0 0 9 407 501 104 3 0 0 0 
49 441 381 137 12 2 1 1 5 253 421 294 40 9 1 1 27 457 417 105 12 4 1 1 
16 64 247 404 237 53 3 0 0 55 181 416 295 73 4 0 3 74 240 387 253 64 3 0 
4 230 476 256 51 7 0 0 2 161 482 307 65 7 0 0 4 231 494 248 42 5 0 0 
90 314 370 220 30 0 0 0 63 245 391 279 46 0 0 0 81 316 413 190 24 0 0 0 
210 361 311 122 19 1 0 0 119 315 328 226 35 1 0 0 267 407 264 66 19 1 0 0 
548 426 38 12 0 0 0 0 153 772 78 16 5 0 0 0 550 439 27 8 0 0 0 0 
570 421 26 4 1 0 2 0 316 612 83 8 2 1 1 1 560 433 22 5 1 1 2 0 
915 58 30 11 9 1 0 0 897 50 34 27 12 4 0 0 929 59 22 10 3 1 0 0 
814 136 60 7 4 2 0 1 774 148 59 32 6 3 1 1 836 136 43 2 6 0 0 1 
921 84 15 4 0 0 0 0 897 104 17 6 0 0 0 0 923 82 15 4 0 0 0 0 
976 38 7 3 0 0 0 0 936 75 9 4 0 0 0 0 977 39 4 4 0 0 0 0 
904 71 37 5 5 2 0 0 835 131 40 11 5 2 0 0 888 99 26 7 4 0 0 0 
821 142 31 22 5 3 0 0 761 184 43 25 8 2 1 0 838 128 36 17 2 3 0 0 
895 95 20 8 5 1 0 0 827 147 28 15 5 1 1 0 899 94 20 6 4 1 0 0 
856 117 26 13 8 3 1 0 789 159 45 14 7 9 1 0 873 108 24 13 5 1 0 0 
948 49 16 8 3 0 0 0 865 123 17 12 5 2 0 0 937 65 14 6 2 0 0 0 
999 25 0 0 0 0 0 0 957 67 0 0 0 0 0 0 982 42 0 0 0 0 0 0 
921 98 4 0 1 0 0 0 838 178 6 1 1 0 0 0 883 137 3 0 1 0 0 0 
925 71 23 5 0 0 0 0 840 145 28 10 1 0 0 0 886 112 20 6 0 0 0 0 
803 163 41 13 3 1 0 0 634 309 51 26 3 1 0 0 702 269 44 8 1 0 0 0 
349 441 191 41 2 0 0 0 121 494 285 103 21 0 0 0 276 554 165 28 1 0 0 0 
498 451 64 10 1 0 0 0 135 745 118 25 1 0 0 0 253 683 77 10 1 0 0 0 
212 556 186 43 8 6 4 9 20 563 306 95 15 7 6 12 80 614 245 50 10 6 7 12 
4 47 522 297 39 18 25 72 1 6 168 628 84 29 21 87 4 10 301 521 54 23 21 90 
0 45 447 269 36 14 23 190 0 0 162 504 111 24 24 199 0 5 276 430 66 23 22 202 
0 4 244 415 84 35 35 207 0 0 52 448 214 43 42 225 0 0 117 480 115 48 42 222 
0 11 242 477 55 37 39 163 0 0 65 465 238 32 43 181 0 3 181 482 96 36 44 182 
0 9 173 591 79 19 23 130 0 0 48 536 253 26 19 142 0 2 213 551 72 26 18 142 
11 216 459 305 31 1 1 0 0 77 402 448 90 5 1 1 0 188 543 268 21 2 1 1 
2 149 613 223 24 8 3 2 0 38 535 391 42 12 4 2 0 91 613 269 34 11 4 2 
13 248 589 170 4 0 0 0 0 86 534 382 22 0 0 0 10 293 610 107 4 0 0 0 
26 275 522 195 6 0 0 0 0 130 499 361 34 0 0 0 19 314 551 136 4 0 0 0 
58 283 392 158 98 28 6 1 9 127 396 315 121 48 7 1 60 326 360 132 99 41 5 1 
4 110 272 348 210 64 12 4 4 120 248 329 222 82 16 3 8 138 253 326 214 68 14 3 
48 377 406 163 24 6 0 0 15 312 448 206 37 6 0 0 31 374 423 167 24 5 0 0 
201 403 332 82 6 0 0 0 97 355 356 200 16 0 0 0 259 452 250 58 5 0 0 0 
20 132 314 428 128 2 0 0 9 99 265 439 200 12 0 0 22 140 330 410 120 2 0 0 
471 389 76 40 19 18 6 5 211 590 118 46 30 17 6 6 406 470 74 28 19 16 7 4 
664 349 8 2 1 0 0 0 190 785 45 3 1 0 0 0 600 412 9 2 1 0 0 0 
358 359 158 83 28 19 9 10 197 379 227 120 54 24 10 13 430 345 138 52 27 14 8 10 
553 213 121 73 35 17 7 5 479 196 140 117 44 34 6 8 607 216 105 47 31 7 4 7 
968 42 9 5 0 0 0 0 955 50 13 6 0 0 0 0 972 39 8 5 0 0 0 0 
892 101 22 7 2 0 0 0 831 149 30 12 1 1 0 0 902 93 20 7 2 0 0 0 
823 140 40 14 4 2 0 1 775 171 51 17 6 3 0 1 824 138 39 17 3 2 0 1 
935 72 13 4 0 0 0 0 915 92 12 5 0 0 0 0 938 74 10 2 0 0 0 0 
958 51 10 4 1 0 0 0 933 67 19 4 1 0 0 0 952 60 8 3 1 0 0 0 
826 112 42 27 12 4 1 0 764 149 55 29 15 11 1 0 840 121 31 21 10 1 0 0 
889 93 22 13 4 3 0 0 709 260 28 18 5 4 0 0 873 116 24 5 6 0 0 0 
977 32 13 2 0 0 0 0 947 57 14 6 0 0 0 0 975 34 13 2 0 0 0 0 
841 142 34 4 3 0 0 0 796 159 53 11 5 0 0 0 845 142 29 7 1 0 0 0 
954 50 13 6 1 0 0 0 927 69 17 7 4 0 0 0 948 52 20 3 1 0 0 0 
955 66 3 0 0 0 0 0 841 180 3 0 0 0 0 0 882 139 3 0 0 0 0 0 
561 334 96 28 5 0 0 0 314 485 163 50 11 1 0 0 480 429 88 24 3 0 0 0 
721 287 15 1 0 0 0 0 276 699 44 5 0 0 0 0 413 582 28 1 0 0 0 0 
267 570 155 31 1 0 0 0 29 631 270 89 5 0 0 0 144 679 183 17 1 0 0 0 
20 386 489 129 0 0 0 0 1 136 529 344 14 0 0 0 11 306 563 144 0 0 0 0 
16 301 568 138 1 0 0 0 1 76 503 425 19 0 0 0 2 141 679 200 2 0 0 0 
0 149 496 375 4 0 0 0 0 16 323 612 73 0 0 0 0 56 550 410 8 0 0 0 
0 43 468 486 27 0 0 0 0 14 228 651 130 1 0 0 0 51 574 385 14 0 0 0 
2 133 431 434 24 0 0 0 0 62 277 538 147 0 0 0 4 135 541 326 18 0 0 0 
25 314 454 221 10 0 0 0 0 174 433 400 17 0 0 0 10 310 521 180 3 0 0 0 
38 383 467 133 3 0 0 0 0 268 539 205 11 1 0 0 10 328 522 160 3 1 0 0 
47 400 487 87 3 0 0 0 7 208 516 277 16 0 0 0 27 421 539 37 0 0 0 0 
44 308 422 206 34 9 1 0 3 179 432 319 77 13 1 0 25 349 453 152 32 13 0 0 
71 346 401 167 28 10 1 0 9 218 401 323 56 16 1 0 82 423 352 125 28 13 1 0 
33 279 282 250 127 37 14 2 22 268 282 236 155 44 15 2 31 286 281 235 141 36 12 2 
50 561 360 51 2 0 0 0 12 460 447 99 6 0 0 0 29 537 406 49 3 0 0 0 
314 475 184 45 6 0 0 0 167 549 211 86 11 0 0 0 275 524 179 38 8 0 0 0 
67 212 330 329 86 0 0 0 31 172 324 364 133 0 0 0 60 230 338 305 91 0 0 0 
363 448 103 43 39 18 6 4 147 586 153 59 40 24 10 5 394 428 102 45 32 15 5 3 
668 311 22 9 9 2 3 0 338 620 43 10 5 4 4 0 644 336 23 9 6 4 2 0 
694 254 33 22 9 5 2 5 458 453 67 24 9 5 3 5 662 300 23 24 6 2 4 3 
830 108 50 20 7 6 2 1 795 112 64 29 14 7 1 2 832 105 47 23 8 6 2 1 
1016 5 2 1 0 0 0 0 1016 5 2 1 0 0 0 0 1016 5 2 1 0 0 0 0 
1014 9 1 0 0 0 0 0 1006 17 1 0 0 0 0 0 1010 13 1 0 0 0 0 0 
904 76 28 11 3 2 0 0 854 108 38 13 8 2 1 0 904 86 21 9 3 1 0 0 
778 164 58 16 7 1 0 0 722 201 62 27 9 3 0 0 812 147 50 9 6 0 0 0 
987 34 2 1 0 0 0 0 971 45 7 0 1 0 0 0 985 36 2 1 0 0 0 0 
915 83 14 9 3 0 0 0 818 175 18 8 2 3 0 0 915 85 15 7 2 0 0 0 
910 57 29 20 7 1 0 0 814 138 35 21 11 5 0 0 892 84 37 9 1 1 0 0 
992 25 5 0 1 1 0 0 974 41 6 1 1 1 0 0 986 30 6 0 2 0 0 0 
979 41 3 1 0 0 0 0 964 52 7 1 0 0 0 0 974 45 4 1 0 0 0 0 
982 34 7 1 0 0 0 0 966 45 10 3 0 0 0 0 979 38 6 1 0 0 0 0 
975 40 9 0 0 0 0 0 910 104 9 1 0 0 0 0 946 71 7 0 0 0 0 0 
754 242 24 4 0 0 0 0 555 418 46 5 0 0 0 0 687 311 24 2 0 0 0 0 
847 170 6 1 0 0 0 0 589 426 7 2 0 0 0 0 657 360 6 1 0 0 0 0 
292 528 126 50 22 5 1 0 71 657 192 62 28 12 2 0 216 636 123 41 6 2 0 0 
47 297 139 225 280 35 1 0 16 174 242 133 304 151 4 0 49 288 313 305 65 4 0 0 
12 257 227 236 270 21 1 0 0 131 268 174 325 125 1 0 4 222 423 337 37 1 0 0 
13 255 474 225 42 15 0 0 0 95 429 376 99 24 1 0 10 227 550 213 21 3 0 0 
9 264 501 228 22 0 0 0 0 92 479 387 65 1 0 0 5 219 601 188 11 0 0 0 
21 341 422 217 21 2 0 0 0 231 393 331 66 3 0 0 2 340 521 144 16 1 0 0 
13 425 405 173 8 0 0 0 0 261 443 296 24 0 0 0 5 411 485 119 4 0 0 0 
59 546 317 99 3 0 0 0 4 498 358 145 19 0 0 0 6 567 336 109 6 0 0 0 
24 239 451 263 39 8 0 0 10 110 368 429 89 16 2 0 41 354 496 99 25 9 0 0 
29 210 482 280 23 0 0 0 2 106 388 436 92 0 0 0 57 361 492 112 2 0 0 0 
111 342 328 148 78 12 5 0 33 275 326 249 108 27 5 1 136 404 271 110 78 19 6 0 
51 356 291 203 92 23 6 2 19 338 331 214 89 24 6 3 42 379 306 188 81 20 6 2 
58 377 388 147 39 11 3 1 18 303 431 202 47 17 4 2 64 406 392 116 29 11 4 2 
212 488 235 69 19 1 0 0 127 499 273 93 30 2 0 0 148 515 253 79 26 3 0 0 
173 299 328 180 37 7 0 0 103 297 343 214 57 9 1 0 163 320 326 166 43 6 0 0 
332 405 133 88 30 19 10 7 76 518 186 131 64 22 16 11 350 442 123 57 20 14 14 4 
731 273 13 3 2 2 0 0 308 677 28 7 1 3 0 0 659 345 12 4 2 2 0 0 
674 322 17 6 3 1 1 0 349 614 46 8 3 3 0 1 583 408 21 8 1 2 1 0 
501 379 104 33 6 1 0 0 351 401 184 70 14 4 0 0 545 358 92 21 8 0 0 0 
878 92 30 15 5 2 1 1 833 105 50 18 11 3 2 2 878 99 27 13 2 1 2 2 
944 34 23 16 2 5 0 0 918 59 24 14 4 3 2 0 933 50 27 7 4 3 0 0 
963 43 8 2 5 1 1 1 942 61 8 5 4 2 1 1 959 50 4 3 4 2 1 1 
742 188 50 24 14 5 1 0 708 199 61 32 14 6 4 0 763 190 39 18 11 2 1 0 
700 220 63 23 13 5 0 0 658 234 82 32 9 9 0 0 757 202 38 14 11 2 0 0 
894 105 16 4 4 1 0 0 757 236 18 5 3 5 0 0 851 151 15 2 5 0 0 0 
820 153 35 12 4 0 0 0 643 291 59 25 4 2 0 0 818 167 29 8 2 0 0 0 
895 97 23 9 0 0 0 0 768 197 39 18 2 0 0 0 878 115 24 7 0 0 0 0 
829 125 36 17 11 4 1 1 604 327 44 19 18 7 3 2 748 212 34 17 9 2 1 1 
915 103 6 0 0 0 0 0 783 222 17 2 0 0 0 0 849 165 8 2 0 0 0 0 
547 257 106 63 36 12 3 0 354 305 184 84 60 28 7 2 564 251 125 54 19 9 2 0 
241 243 208 165 113 44 8 2 126 259 183 190 147 84 31 4 299 303 195 131 69 22 4 1 
500 268 111 68 53 14 7 3 286 402 139 85 59 37 11 5 426 396 96 62 27 8 7 2 
162 259 141 229 185 47 1 0 35 277 168 173 222 137 12 0 189 293 228 206 90 18 0 0 
46 155 281 275 231 27 4 5 19 119 178 278 295 118 12 5 97 265 323 262 64 7 2 4 
90 338 323 184 80 7 2 0 17 230 362 240 134 39 2 0 144 398 316 141 20 3 2 0 
19 213 277 252 166 49 24 24 1 91 277 268 268 66 30 23 45 257 317 236 86 39 24 20 
1 154 169 143 120 188 159 90 0 72 202 167 140 190 162 91 0 139 219 135 125 188 148 70 
6 141 215 132 134 155 166 75 2 79 213 170 142 172 164 82 9 163 232 118 139 156 148 59 
7 146 118 200 216 149 131 57 0 93 136 150 259 196 124 66 11 145 163 213 185 139 120 48 
63 329 176 146 142 89 46 33 43 300 196 151 138 108 52 36 48 331 202 163 128 70 49 33 
313 496 91 71 41 10 2 0 179 602 85 81 59 16 2 0 213 606 101 71 24 8 1 0 
27 73 143 315 413 47 3 3 13 42 94 206 418 241 7 3 44 116 241 483 126 8 4 2 
17 56 113 375 428 33 2 0 6 39 74 191 490 215 9 0 34 92 269 501 116 11 1 0 
2 17 87 412 474 32 0 0 1 11 37 212 586 175 2 0 6 44 325 544 104 1 0 0 
17 97 206 343 263 71 27 0 8 72 196 248 318 149 29 4 22 131 276 368 146 61 19 1 
89 378 281 149 81 27 12 7 48 365 280 167 105 38 11 10 76 394 277 150 80 30 8 9 
140 434 277 114 38 8 8 5 68 445 296 142 47 14 6 6 91 448 288 135 39 10 8 5 
332 294 145 128 63 34 19 9 125 394 189 115 111 53 24 13 362 330 152 83 47 33 10 7 
858 164 2 0 0 0 0 0 521 487 14 2 0 0 0 0 752 268 4 0 0 0 0 0 
744 274 5 1 0 0 0 0 362 645 16 1 0 0 0 0 596 421 6 1 0 0 0 0 
675 320 25 2 2 0 0 0 293 649 68 11 2 1 0 0 548 448 23 3 2 0 0 0 
523 233 117 91 36 15 7 2 368 266 172 107 67 30 12 2 563 245 122 53 20 13 6 2 
895 112 14 0 2 1 0 0 806 193 21 1 2 1 0 0 850 158 13 1 1 1 0 0 
697 217 54 36 16 1 2 1 540 326 85 40 22 8 2 1 742 202 54 20 3 1 1 1 
779 160 47 28 8 1 0 1 675 224 67 40 14 3 0 1 803 156 44 16 4 0 0 1 
510 282 117 57 25 13 7 13 357 397 129 68 36 15 8 14 590 264 88 36 21 5 9 11 
817 190 10 6 1 0 0 0 424 567 25 6 2 0 0 0 734 274 14 2 0 0 0 0 
881 139 4 0 0 0 0 0 613 389 22 0 0 0 0 0 779 240 5 0 0 0 0 0 
708 229 42 23 15 4 3 0 401 495 70 22 21 9 6 0 649 308 33 21 9 4 0 0 
506 304 102 51 30 20 9 2 306 439 130 56 51 21 15 6 436 367 108 61 29 13 8 2 
400 428 134 52 9 1 0 0 257 490 191 54 30 2 0 0 311 426 182 53 48 4 0 0 
275 505 167 61 11 2 3 0 149 443 310 81 35 3 3 0 180 375 339 78 38 10 3 1 
148 315 217 161 82 53 31 17 85 291 251 175 109 64 30 19 138 293 233 160 91 61 37 11 
192 307 212 88 71 54 67 33 115 287 276 109 75 59 68 35 127 280 262 134 67 60 65 29 
47 100 108 154 189 184 157 85 30 98 94 143 166 241 169 83 52 108 132 198 164 156 151 63 
30 101 106 71 147 255 164 150 24 89 108 74 132 262 179 156 31 82 113 137 167 195 173 126 
17 174 106 100 156 241 157 73 20 154 124 99 123 244 182 78 34 166 116 101 129 219 192 67 
11 37 65 90 197 360 165 99 8 37 60 91 167 353 210 98 23 42 67 95 155 324 231 87 
7 45 81 125 144 211 220 191 8 49 72 118 123 233 226 195 15 58 93 113 119 243 227 156 
8 48 97 144 165 220 192 150 9 58 102 132 157 208 210 148 15 95 107 114 154 227 188 124 
26 93 204 185 162 129 119 106 28 111 208 169 152 127 126 103 52 128 217 151 150 125 110 91 
61 143 159 182 162 154 104 59 62 161 154 175 162 150 100 60 79 179 153 174 164 134 90 51 
91 131 113 158 282 159 58 32 66 148 106 117 260 224 63 40 87 169 130 244 219 97 51 27 
0 6 65 309 498 108 28 10 0 3 39 188 506 237 34 17 2 27 214 513 195 42 23 8 
3 40 190 337 352 56 26 20 2 28 136 257 394 158 29 20 14 130 297 360 152 27 25 19 
4 46 221 392 257 52 15 37 2 22 158 324 357 106 14 41 23 119 353 365 84 29 11 40 
1 14 101 355 356 98 58 41 0 6 66 202 450 189 63 48 2 55 265 402 151 53 53 43 
4 40 103 307 348 135 38 49 0 15 89 180 396 230 57 57 16 65 247 350 181 79 32 54 
62 64 104 183 290 148 89 84 52 58 88 146 279 205 96 100 70 78 153 245 189 119 77 93 
654 193 51 62 32 12 11 9 514 293 58 70 49 16 8 16 670 197 69 40 22 7 8 11 
636 174 88 73 24 17 8 4 474 285 103 70 52 20 11 9 601 271 70 41 16 12 9 4 
685 196 82 30 20 8 3 0 517 306 97 59 28 11 6 0 634 281 62 26 12 7 2 0 
608 357 45 9 5 0 0 0 393 452 145 28 5 1 0 0 578 390 47 7 2 0 0 0 
405 374 141 56 27 14 7 0 208 427 233 92 30 27 6 1 389 402 128 56 26 17 6 0 
802 218 4 0 0 0 0 0 642 352 29 1 0 0 0 0 691 316 16 1 0 0 0 0 
678 326 16 3 1 0 0 0 529 456 30 8 1 0 0 0 568 427 21 7 1 0 0 0 
656 266 50 22 16 9 3 2 574 331 62 26 17 9 5 0 628 292 55 20 20 5 4 0 
530 263 122 45 26 22 6 10 446 318 138 52 30 22 9 9 484 294 128 49 31 24 7 7 
604 267 83 32 20 11 6 1 553 292 109 32 18 10 9 1 588 262 111 24 23 10 5 1 
632 346 33 3 6 1 3 0 461 456 90 7 5 1 1 3 509 398 99 9 5 1 1 2 
559 355 98 12 0 0 0 0 417 419 135 49 4 0 0 0 427 375 135 80 7 0 0 0 
449 479 80 9 2 3 1 1 298 539 149 30 3 2 2 1 292 479 199 46 3 2 2 1 
299 437 188 47 25 18 10 0 175 409 291 92 33 15 9 0 199 327 303 148 33 9 5 0 
112 397 166 81 81 87 59 41 71 327 260 97 83 90 57 39 68 284 298 124 81 89 47 33 
43 218 224 182 142 104 44 67 25 153 241 220 161 111 44 69 27 135 235 208 190 128 41 60 
21 104 177 273 221 141 63 24 10 70 145 247 301 160 64 27 9 67 137 197 340 197 55 22 
25 59 97 126 333 270 79 35 22 39 92 94 244 370 130 33 17 31 95 85 206 324 243 23 
1 11 31 86 328 445 111 11 1 4 21 48 218 465 231 36 0 2 14 47 160 371 363 67 
1 21 44 131 346 368 98 15 1 8 34 82 279 393 206 21 0 3 29 62 191 411 288 40 
2 8 40 84 232 475 146 37 0 7 30 72 168 398 309 40 1 5 23 70 149 336 375 65 
21 56 40 79 225 350 186 67 7 63 46 57 178 340 267 66 9 58 44 68 181 281 312 71 
32 73 57 57 210 337 185 73 26 80 55 50 145 377 212 79 36 70 58 53 133 371 237 66 
11 38 80 109 277 300 107 102 8 38 87 98 241 314 134 104 14 54 84 108 206 313 146 99 
26 54 59 133 207 246 223 76 19 61 63 123 209 250 212 87 32 61 82 140 220 250 184 55 
13 40 41 72 172 306 275 105 16 39 43 77 184 292 265 108 23 42 47 103 193 322 222 72 
18 60 77 112 160 249 238 110 16 61 78 109 152 256 227 125 34 69 94 140 167 249 187 84 
2 40 102 153 198 250 197 82 3 38 105 148 202 258 184 86 14 55 122 157 213 244 154 65 
17 40 104 179 270 208 131 75 18 44 120 192 234 224 115 77 29 57 137 192 267 177 112 53 
12 44 131 159 197 255 174 52 9 54 128 152 199 251 174 57 23 95 127 170 203 249 118 39 
28 71 240 200 168 146 93 78 26 114 227 177 166 137 101 76 48 157 198 187 154 132 83 65 
28 120 164 144 155 159 116 138 23 117 190 123 147 173 101 150 63 135 153 121 183 135 89 145 
886 115 16 5 1 1 0 0 868 129 20 3 3 1 0 0 903 104 10 5 1 1 0 0 
565 296 77 38 29 11 4 4 464 354 107 48 27 10 9 5 621 265 70 25 25 9 6 3 
297 313 162 120 72 33 24 3 184 334 204 129 94 40 29 10 436 300 123 83 47 21 12 2 
298 515 123 38 24 12 10 4 138 559 210 53 25 20 13 6 400 477 75 34 14 15 6 3 
362 440 147 43 14 8 6 4 257 443 221 65 20 8 4 6 323 427 190 50 18 6 7 3 
533 176 86 82 79 51 15 2 457 232 93 86 80 55 18 3 496 200 99 78 80 52 18 1 
719 222 66 13 4 0 0 0 654 233 103 26 8 0 0 0 662 185 120 43 14 0 0 0 
346 424 188 37 10 11 2 6 262 322 306 95 25 8 0 6 266 273 272 160 43 4 1 5 
451 403 135 23 10 2 0 0 374 356 228 50 14 2 0 0 375 306 237 87 15 4 0 0 
487 392 102 21 15 7 0 0 380 424 162 34 15 8 1 0 377 384 197 41 17 7 1 0 
490 462 62 9 0 1 0 0 370 524 113 16 0 1 0 0 400 482 123 17 1 1 0 0 
349 523 107 20 15 5 5 0 249 494 220 33 18 5 4 1 244 445 264 43 17 6 5 0 
420 401 160 39 3 1 0 0 289 377 248 98 11 1 0 0 297 317 235 141 33 1 0 0 
255 437 235 61 19 10 6 1 152 347 360 121 28 10 5 1 157 277 366 164 39 16 4 1 
227 373 174 114 38 43 45 10 150 345 222 151 66 40 42 8 160 304 230 145 101 59 21 4 
136 170 288 290 100 23 16 1 108 130 166 337 219 43 18 3 111 106 101 262 314 105 19 6 
28 157 265 340 186 27 12 9 5 91 192 296 339 74 16 11 5 62 133 227 381 182 23 11 
38 244 279 177 170 75 31 10 10 128 342 218 163 109 41 13 12 96 320 243 167 122 51 13 
11 32 65 198 340 305 68 5 2 30 36 153 259 370 160 14 0 11 39 93 225 347 267 42 
14 69 110 154 253 332 68 24 8 49 104 133 186 346 170 28 7 44 99 123 174 300 245 32 
22 100 79 88 201 320 157 57 29 85 87 83 157 310 206 67 46 91 73 88 149 276 242 59 
20 32 52 51 133 276 277 183 5 68 40 44 134 278 269 186 22 72 40 47 159 290 261 133 
32 192 216 101 142 154 111 76 27 194 220 106 146 140 110 81 44 233 191 101 154 137 103 61 
14 55 63 116 198 196 249 133 13 48 77 116 208 194 243 125 27 53 86 128 206 209 219 96 
8 45 89 116 169 234 228 135 3 48 111 114 164 249 211 124 12 58 128 125 171 268 170 92 
6 34 57 94 181 334 266 52 7 33 72 91 166 340 262 53 13 39 69 110 190 358 209 36 
31 63 81 183 210 229 144 83 26 67 97 186 208 223 139 78 43 73 122 199 205 214 122 46 
37 84 173 216 207 189 84 34 31 108 172 216 200 169 95 33 73 128 173 217 187 154 74 18 
1 27 79 145 265 209 213 85 8 20 84 164 242 210 205 91 11 44 96 170 246 216 183 58 
19 29 70 172 242 299 142 51 26 31 85 174 227 279 151 51 34 49 89 190 247 265 120 30 
48 65 145 221 227 170 102 46 54 72 160 223 208 166 93 48 70 84 179 232 190 151 77 41 
26 58 67 136 240 259 168 70 16 74 56 143 243 251 163 78 30 63 84 166 254 227 144 56 
604 237 83 40 32 15 8 5 569 237 111 42 36 15 8 6 591 222 113 39 34 12 8 5 
521 286 101 62 21 19 7 7 487 300 116 62 27 19 5 8 601 263 78 45 17 10 6 4 
632 308 41 17 17 7 2 0 598 332 52 18 16 6 2 0 689 278 34 17 4 2 0 0 
411 501 69 31 7 2 2 1 207 632 127 38 12 5 1 2 389 536 69 18 7 2 2 1 
510 438 64 9 3 0 0 0 425 487 97 13 2 0 0 0 450 482 80 12 0 0 0 0 
432 248 152 83 61 29 17 2 436 256 155 77 58 26 15 1 434 268 150 80 55 29 7 1 
800 129 42 21 21 6 4 1 737 159 69 27 20 9 2 1 759 139 66 31 20 7 1 1 
784 179 51 10 0 0 0 0 619 310 65 28 2 0 0 0 653 263 64 36 8 0 0 0 
764 216 42 2 0 0 0 0 637 310 68 9 0 0 0 0 633 313 64 12 2 0 0 0 
481 454 84 5 0 0 0 0 269 573 172 9 1 0 0 0 261 526 204 31 2 0 0 0 
474 421 120 9 0 0 0 0 286 455 246 37 0 0 0 0 275 391 274 79 5 0 0 0 
316 403 235 58 12 0 0 0 189 331 343 129 27 5 0 0 190 254 298 217 55 10 0 0 
182 354 363 109 16 0 0 0 82 267 391 229 52 3 0 0 80 197 292 327 116 12 0 0 
77 223 348 261 76 22 13 4 29 131 292 349 173 31 14 5 18 88 216 346 269 68 13 6 
323 499 145 31 15 7 2 2 199 499 206 85 23 7 3 2 226 429 221 88 39 15 4 2 
123 367 274 152 75 21 9 3 70 246 361 189 105 37 12 4 60 212 326 195 156 56 14 5 
12 82 258 274 239 104 42 13 2 30 235 246 292 152 42 25 2 21 162 258 298 199 61 23 
0 11 61 217 423 273 30 9 0 3 26 144 379 393 66 13 0 0 17 92 338 449 113 15 
78 179 108 109 255 220 64 11 43 161 120 98 221 266 98 17 26 136 129 97 190 292 129 25 
51 72 127 140 240 291 73 30 49 58 103 118 205 294 165 32 52 47 78 123 159 276 255 34 
191 335 113 96 66 104 80 39 171 321 138 105 69 97 83 40 184 299 158 89 86 98 85 25 
58 48 40 92 307 350 109 20 54 52 42 101 315 338 103 19 62 69 61 118 365 271 66 12 
45 159 107 94 200 226 144 49 28 184 115 90 214 206 138 49 60 182 101 112 214 211 110 34 
42 90 97 95 141 243 239 77 34 117 90 100 135 242 232 74 60 118 81 109 164 255 197 40 
13 40 74 80 152 294 280 91 11 59 70 86 153 289 268 88 22 58 80 104 199 302 218 41 
16 62 50 72 177 317 196 134 21 64 47 71 195 290 208 128 31 64 50 80 237 275 192 95 
1 6 25 47 137 318 337 153 0 5 27 48 135 307 336 166 2 10 28 58 162 350 295 119 
8 22 39 78 203 319 277 78 12 25 37 82 201 319 261 87 15 28 43 105 248 312 215 58 
15 58 57 89 175 263 241 126 7 65 61 86 180 269 229 127 20 78 53 111 183 288 210 81 
5 13 58 136 244 299 203 66 1 25 54 148 266 288 182 60 8 23 72 182 293 259 160 27 
30 52 101 95 148 300 224 74 20 87 94 100 135 269 250 69 44 98 87 94 171 266 221 43 
21 48 70 90 186 306 238 65 21 56 63 109 180 300 227 68 35 60 78 105 231 305 163 47 
829 95 41 18 10 13 9 9 812 109 43 19 12 9 11 9 818 105 46 15 12 9 12 7 
674 166 63 48 37 18 14 4 615 204 79 49 37 23 13 4 714 180 53 29 21 22 2 3 
897 125 2 0 0 0 0 0 794 225 5 0 0 0 0 0 832 187 5 0 0 0 0 0 
759 264 1 0 0 0 0 0 644 378 2 0 0 0 0 0 682 335 7 0 0 0 0 0 
773 231 18 2 0 0 0 0 720 287 15 2 0 0 0 0 734 271 17 2 0 0 0 0 
581 217 118 80 27 1 0 0 561 252 117 67 26 1 0 0 575 253 120 56 19 1 0 0 
569 341 52 25 17 8 8 4 506 377 67 33 21 7 9 4 541 333 61 37 24 18 6 4 
547 311 133 31 2 0 0 0 403 379 157 69 15 1 0 0 375 348 159 101 40 1 0 0 
445 408 132 38 1 0 0 0 299 444 216 52 13 0 0 0 330 384 215 75 17 3 0 0 
203 459 265 62 19 9 5 2 112 386 372 107 28 11 6 2 100 365 357 146 35 13 6 2 
164 462 282 90 20 6 0 0 81 307 420 146 56 10 4 0 63 193 418 223 86 34 7 0 
269 313 201 170 67 4 0 0 179 300 185 192 135 33 0 0 181 199 208 151 183 97 5 0 
155 315 279 210 63 1 1 0 134 218 289 252 108 21 2 0 157 170 232 246 165 50 4 0 
76 237 372 242 78 16 3 0 43 141 347 331 129 28 5 0 31 101 297 368 171 51 5 0 
131 401 278 130 65 16 3 0 41 283 390 167 106 29 7 1 44 205 390 207 115 52 10 1 
195 120 143 315 238 13 0 0 147 94 132 193 376 81 1 0 143 68 100 144 331 233 5 0 
77 385 345 159 54 4 0 0 39 207 468 218 86 6 0 0 34 122 458 294 102 14 0 0 
2 66 259 371 246 66 14 0 1 25 191 417 291 81 17 1 1 14 167 421 325 85 10 1 
57 335 315 121 119 64 10 3 25 205 390 185 123 78 15 3 26 159 362 237 130 80 26 4 
153 473 325 70 3 0 0 0 46 414 377 175 11 1 0 0 59 328 348 259 29 1 0 0 
162 335 282 105 25 39 61 15 85 314 247 206 43 44 66 19 106 261 202 259 68 53 66 9 
12 25 28 114 201 369 223 52 11 16 38 101 182 307 311 58 13 23 49 125 172 265 328 49 
38 40 42 96 238 340 195 35 31 46 42 86 223 295 263 38 43 36 51 97 223 281 264 29 
52 77 53 136 224 322 126 34 43 88 64 131 213 251 205 29 60 101 77 149 200 217 196 24 
0 12 45 162 323 314 144 24 2 14 55 167 329 314 118 25 4 25 87 196 352 253 92 15 
8 22 31 119 322 340 150 32 10 24 36 127 336 317 134 40 16 25 58 165 375 251 111 23 
12 48 85 188 308 248 100 35 10 45 88 189 320 236 102 34 19 58 102 227 300 213 84 21 
6 20 71 131 234 277 231 54 2 27 78 150 215 265 233 54 12 46 107 138 217 284 187 33 
6 19 38 59 165 291 324 122 1 18 54 53 183 283 312 120 7 31 49 65 209 297 295 71 
63 90 122 93 106 227 258 65 49 106 124 105 108 206 249 77 88 111 113 92 116 244 212 48 
116 177 180 217 143 116 60 15 98 218 219 179 129 105 62 14 167 239 208 140 118 102 42 8 
3 26 73 145 205 286 214 72 5 36 75 127 213 285 199 84 31 67 80 135 216 278 174 43 
921 100 3 0 0 0 0 0 880 138 6 0 0 0 0 0 888 131 5 0 0 0 0 0 
961 63 0 0 0 0 0 0 916 107 1 0 0 0 0 0 934 89 1 0 0 0 0 0 
884 139 1 0 0 0 0 0 870 153 1 0 0 0 0 0 874 149 1 0 0 0 0 0 
915 109 0 0 0 0 0 0 898 126 0 0 0 0 0 0 903 121 0 0 0 0 0 0 
824 199 1 0 0 0 0 0 778 244 2 0 0 0 0 0 792 231 1 0 0 0 0 0 
754 238 22 8 1 1 0 0 727 264 23 8 1 1 0 0 735 256 23 8 1 1 0 0 
731 273 9 8 1 2 0 0 716 290 8 7 1 2 0 0 729 281 7 4 1 2 0 0 
340 380 195 48 33 18 9 1 234 390 244 79 43 20 12 2 251 315 276 100 46 21 12 3 
102 264 259 145 103 66 51 34 47 212 269 200 114 82 55 45 37 177 253 242 127 75 67 46 
34 207 373 184 115 54 39 18 15 121 370 236 135 72 49 26 10 101 302 305 146 83 48 29 
142 392 323 141 22 3 1 0 44 271 402 242 54 9 2 0 36 171 362 327 106 20 2 0 
159 377 307 106 24 18 13 20 61 241 379 226 66 19 13 19 30 176 342 273 134 37 15 17 
141 354 334 144 27 6 8 10 50 225 368 269 83 9 8 12 40 156 314 319 150 25 13 7 
212 319 248 147 62 22 13 1 166 270 244 201 96 32 13 2 165 255 215 190 131 53 14 1 
76 344 253 129 100 75 23 24 36 230 305 163 134 99 31 26 44 166 292 190 160 99 48 25 
105 289 372 186 62 8 2 0 60 196 368 262 113 22 3 0 65 136 351 261 155 51 5 0 
161 378 326 131 25 3 0 0 99 281 364 201 71 8 0 0 92 222 362 226 106 16 0 0 
62 289 424 209 36 4 0 0 24 205 407 317 62 9 0 0 37 171 345 386 74 11 0 0 
126 444 347 59 22 17 9 0 64 339 462 103 28 19 9 0 71 325 417 161 26 20 4 0 
145 226 84 86 205 195 64 19 92 237 96 98 208 203 65 25 104 216 106 118 236 167 58 19 
2 7 5 7 69 306 492 136 1 2 8 8 71 303 485 146 2 2 7 12 106 357 444 94 
0 0 2 7 70 328 459 158 0 0 2 9 67 327 444 175 0 0 3 9 100 384 418 110 
0 3 33 63 87 306 405 127 0 1 18 64 96 293 408 144 0 1 17 70 113 340 382 101 
3 22 105 116 161 300 231 86 0 17 83 142 166 306 222 88 0 18 84 145 205 317 185 70 
2 12 25 157 358 268 151 51 1 16 32 154 374 236 153 58 8 18 67 282 277 218 110 44 
18 28 48 67 94 224 322 223 15 31 50 72 94 221 310 231 23 39 51 72 116 267 324 132 
3 18 32 48 64 368 357 134 0 14 28 58 73 395 331 125 8 14 30 57 118 463 246 88 
8 25 48 65 131 347 330 70 10 28 50 58 131 354 326 67 13 28 52 70 164 401 264 32 
34 70 81 88 184 292 207 68 28 94 78 75 176 301 200 72 41 97 79 89 202 293 179 44 
7 34 102 167 234 265 142 73 8 47 118 175 216 250 139 71 17 64 148 171 214 232 115 63 
6 31 105 187 249 245 162 39 2 46 133 185 236 227 161 34 41 105 157 172 199 213 116 21 
18 50 91 118 217 242 205 83 13 62 90 129 211 234 194 91 24 68 96 140 239 222 178 57 
913 88 14 2 2 1 2 2 828 164 23 2 1 2 2 2 856 142 18 1 1 3 1 2 
638 100 49 54 51 59 54 19 639 95 70 51 47 57 45 20 634 118 52 60 48 68 28 16 
255 341 186 113 79 41 9 0 221 309 230 111 98 45 9 1 237 313 232 116 81 38 7 0 
211 411 316 73 12 1 0 0 179 335 394 104 10 2 0 0 207 340 384 83 9 1 0 0 
163 336 303 150 57 12 2 1 145 269 326 203 60 18 2 1 160 282 305 203 61 10 2 1 
290 328 356 13 7 0 11 19 248 285 412 42 6 1 12 18 258 246 424 60 5 6 16 9 
232 200 154 114 100 85 82 57 157 235 164 142 87 96 88 55 172 198 185 148 120 92 75 34 
67 180 285 169 137 87 64 35 33 138 281 230 135 97 70 40 29 136 257 260 148 90 70 34 
11 47 156 165 159 173 173 140 12 30 153 174 151 167 178 159 12 25 136 191 152 169 177 162 
1 12 51 121 196 196 200 247 2 8 42 112 184 177 223 276 1 9 49 108 196 180 204 277 
22 96 168 188 176 143 132 99 10 71 163 207 179 150 129 115 10 75 175 209 173 142 131 109 
167 195 105 177 207 97 49 27 144 178 114 211 185 115 43 34 208 109 119 243 192 90 33 30 
316 132 125 163 119 65 45 59 304 161 140 164 85 76 44 50 362 163 153 122 78 66 36 44 
168 69 115 150 115 185 166 56 169 89 112 116 134 195 148 61 183 120 110 106 144 203 124 34 
7 29 38 105 146 301 298 100 10 29 37 95 154 307 289 103 16 30 38 108 193 361 211 67 
15 65 84 79 114 208 295 164 12 57 77 85 138 210 299 146 21 51 74 109 153 259 270 87 
40 126 113 95 330 154 89 77 30 140 96 78 244 271 92 73 36 151 87 73 166 349 113 49 
25 117 104 111 209 255 160 43 19 95 121 118 202 262 161 46 24 112 122 118 211 284 124 29 
56 157 181 221 183 146 54 26 35 158 182 228 184 162 50 25 49 177 171 235 194 135 44 19 
19 62 88 193 288 228 120 26 6 67 105 178 285 230 123 30 19 79 126 219 288 194 77 22 
27 85 107 97 151 310 199 48 39 95 100 95 148 301 196 50 69 91 96 97 181 293 164 33 
3 29 39 50 175 439 242 47 7 36 39 49 181 438 220 54 23 32 36 63 229 410 191 40 
13 63 64 87 224 349 181 43 14 66 67 96 206 349 181 45 27 66 65 113 222 347 148 36 
30 67 97 130 270 306 104 20 31 78 102 117 256 307 112 21 37 88 102 125 285 282 90 15 
193 160 109 103 158 162 108 31 178 187 110 99 149 163 106 32 217 165 112 107 160 158 86 19 
18 27 25 71 249 356 222 56 19 33 18 89 256 342 208 59 26 30 21 143 288 333 150 33 
1 6 16 51 226 472 213 39 3 4 21 65 265 450 182 34 3 11 30 98 387 370 109 16 
4 15 41 142 283 314 166 59 3 22 68 182 265 281 145 58 15 70 124 161 261 243 112 38 
50 42 100 183 305 201 91 52 43 53 108 221 268 191 83 57 61 74 175 228 218 155 75 38 
8 59 139 177 217 249 139 36 6 56 150 172 209 239 143 49 15 94 153 174 221 233 112 22 
20 114 86 108 196 294 158 48 14 131 88 113 188 284 160 46 32 144 99 138 190 271 124 26 
4 13 54 122 289 333 135 74 2 15 56 135 261 340 141 74 3 26 66 138 333 288 122 48 
81 252 218 189 95 58 48 83 57 273 238 160 88 64 47 97 202 281 165 103 73 62 53 85 
192 222 261 220 97 19 8 5 168 282 286 195 67 15 5 6 346 342 226 61 24 15 4 6 
20 253 241 330 166 9 3 2 23 278 312 335 69 2 1 4 199 469 296 46 7 2 2 3 
66 185 201 277 269 17 5 4 69 215 277 328 119 13 0 3 250 365 342 48 9 6 1 3 
153 249 177 258 150 17 7 13 153 269 228 277 68 11 5 13 246 384 310 41 13 13 4 13 
230 263 155 176 74 45 46 35 201 318 177 166 49 43 39 31 286 362 159 72 42 42 36 25 
71 219 257 213 106 84 54 20 68 231 293 206 95 66 46 19 114 307 283 120 89 61 35 15 
189 406 163 112 99 39 12 4 111 439 208 125 86 42 8 5 173 399 238 100 73 30 6 5 
128 313 281 139 55 45 35 28 106 277 341 138 61 35 36 30 146 332 272 120 53 34 38 29 
33 181 267 279 109 73 38 44 20 149 319 270 111 59 51 45 34 241 331 176 95 55 44 48 
0 51 306 450 168 40 7 2 0 39 309 461 156 43 13 3 6 130 377 346 119 35 9 2 
14 120 329 341 129 48 17 26 6 101 305 363 146 46 30 27 26 151 308 316 123 49 28 23 
2 26 145 375 297 100 39 40 2 29 127 347 335 98 47 39 6 43 187 310 313 85 42 38 
1 4 14 48 137 284 383 153 0 5 12 53 152 303 376 123 0 8 23 86 193 392 279 43 
0 0 1 7 34 482 428 72 0 0 1 6 32 499 415 71 0 1 1 11 77 637 263 34 
39 192 90 67 112 197 225 102 33 232 81 74 117 191 213 83 107 190 67 75 160 208 172 45 
6 25 56 93 209 302 262 71 9 29 49 111 213 294 249 70 10 38 51 130 224 311 209 51 
4 32 30 58 171 322 281 126 9 41 24 59 182 325 287 97 10 43 22 75 219 338 246 71 
6 8 7 34 110 340 374 145 6 9 6 34 136 353 366 114 11 4 13 43 177 397 311 68 
4 11 22 46 178 355 322 86 6 13 28 70 205 379 250 73 17 21 36 135 267 353 158 37 
58 120 70 77 219 225 217 38 62 132 72 97 232 226 178 25 136 106 75 176 232 209 78 12 
186 110 81 100 104 211 187 45 210 102 87 98 139 198 163 27 258 107 86 105 206 190 65 7 
135 174 103 59 84 226 212 31 147 171 99 75 108 254 153 17 216 148 94 92 225 214 34 1 
77 71 94 132 188 183 129 150 64 90 99 155 206 163 99 148 108 79 133 181 210 104 90 119 
205 96 65 62 113 209 169 105 178 114 61 81 112 195 172 111 232 94 72 93 134 212 113 74 
4 5 12 27 108 364 343 161 4 8 15 29 112 380 327 149 8 7 18 37 195 394 283 82 
15 76 60 78 206 298 218 73 15 79 58 79 207 309 204 73 40 80 52 108 224 307 163 50 
8 54 83 162 282 263 105 67 23 48 98 178 285 229 93 70 40 73 123 221 273 163 75 56 
27 79 138 151 212 215 111 91 20 96 148 136 204 218 101 101 41 113 141 154 207 184 104 80 
91 200 202 216 150 119 29 17 88 207 217 206 141 112 37 16 109 229 213 206 125 102 25 15 
28 61 87 153 272 281 111 31 29 77 93 179 248 248 120 30 54 92 125 190 264 208 71 20 
41 97 64 111 228 322 138 23 44 97 94 117 219 293 129 31 64 114 93 120 259 260 94 20 
317 110 68 116 110 112 107 84 312 130 87 111 123 87 92 82 342 122 89 118 118 91 72 72 
86 156 198 372 154 32 14 12 96 174 281 340 76 22 22 13 267 409 223 52 26 23 11 13 
22 145 289 446 115 2 4 1 12 168 402 399 36 5 1 1 245 569 188 14 3 2 2 1 
160 151 338 313 61 1 0 0 166 176 419 244 18 1 0 0 389 483 147 4 1 0 0 0 
188 154 247 363 70 1 1 0 161 191 316 331 23 1 1 0 300 546 168 7 2 0 1 0 
6 24 165 583 227 14 2 3 1 29 251 642 91 5 2 3 32 468 467 47 4 3 1 2 
7 73 243 533 154 6 4 4 2 82 328 499 100 3 5 5 77 434 391 102 9 5 4 2 
7 133 372 423 78 6 4 1 4 147 526 300 39 5 1 2 164 479 291 77 7 2 3 1 
9 207 439 282 44 19 12 12 10 200 451 286 35 19 12 11 150 461 271 72 29 17 12 12 
12 200 392 327 52 22 10 9 4 173 466 300 37 20 15 9 136 509 249 61 34 15 12 8 
13 176 507 251 60 10 3 4 5 177 497 273 51 12 4 5 67 434 358 113 33 11 4 4 
26 60 180 384 286 70 13 5 8 52 199 419 276 54 10 6 12 104 293 357 198 45 10 5 
2 34 152 337 365 105 23 6 0 24 140 369 369 101 14 7 4 53 187 381 316 66 10 7 
2 5 15 71 381 476 55 19 2 4 21 63 388 465 62 19 2 8 23 107 446 367 55 16 
0 7 11 91 492 276 74 73 0 10 23 62 457 319 68 85 2 8 24 70 484 293 64 79 
31 93 89 160 264 236 110 41 30 99 87 163 255 243 106 41 62 87 98 178 259 227 79 34 
43 99 161 230 235 167 71 18 54 122 165 217 227 147 75 17 81 119 196 228 209 130 50 11 
96 170 91 152 242 179 82 12 130 173 100 165 210 179 59 8 195 131 127 165 214 154 33 5 
197 527 67 70 60 62 38 3 212 538 77 60 55 60 19 3 368 398 65 65 55 55 17 1 
245 384 115 96 97 55 24 8 234 420 109 110 78 48 21 4 292 365 111 112 74 50 17 3 
26 111 180 197 235 184 75 16 32 128 180 205 238 158 71 12 34 142 193 218 229 145 54 9 
8 45 69 153 231 302 166 50 11 64 83 142 261 285 148 30 19 65 95 165 349 220 93 18 
0 3 20 111 312 414 122 42 0 5 28 126 337 380 104 44 0 11 46 192 374 284 83 34 
0 3 10 104 311 402 138 56 0 3 15 51 370 418 114 53 2 4 20 88 357 442 77 34 
5 37 32 50 267 463 117 53 5 47 29 39 249 517 88 50 27 42 28 65 288 480 60 34 
1 3 12 36 191 416 273 92 1 6 11 49 207 411 252 87 1 10 12 84 296 389 187 45 
1 3 32 133 324 398 112 21 0 7 33 145 336 380 103 20 1 7 60 177 404 305 61 9 
18 64 117 205 269 226 85 40 15 68 132 196 271 219 79 44 31 90 143 223 266 179 64 28 
20 39 58 79 173 303 220 132 24 52 49 85 184 294 197 139 38 53 59 113 231 271 161 98 
102 114 128 133 127 165 148 107 91 144 130 126 130 154 133 116 141 135 139 150 143 120 129 67 
61 40 55 93 217 190 162 206 45 51 73 118 220 158 190 169 82 61 108 166 153 147 216 91 
2 39 112 123 255 208 220 65 6 57 120 142 238 184 224 53 19 97 124 176 231 178 180 19 
100 395 319 114 66 27 2 1 97 422 312 118 49 20 4 2 246 464 184 68 43 17 1 1 
63 348 228 222 157 6 0 0 52 399 267 230 75 1 0 0 359 431 206 27 1 0 0 0 
184 254 132 329 61 18 1 45 160 295 218 264 27 15 0 45 408 420 124 12 14 1 0 45 
0 18 137 501 185 36 47 100 0 26 258 466 95 34 46 99 80 483 240 38 28 25 39 91 
14 199 257 339 40 32 47 96 4 210 371 232 34 35 43 95 172 538 96 30 27 27 40 94 
22 249 406 170 28 14 35 100 11 274 437 131 21 16 35 99 221 504 116 21 21 12 30 99 
23 108 170 424 138 14 39 108 15 101 213 453 79 15 40 108 75 299 412 57 22 15 38 106 
14 170 218 357 92 18 58 97 3 160 244 370 75 16 59 97 106 333 334 65 18 18 58 92 
11 126 291 394 85 30 38 49 5 117 310 385 83 43 28 53 69 299 352 148 47 30 28 51 
6 191 349 333 113 14 11 7 3 142 372 374 98 16 12 7 59 350 408 143 33 13 11 7 
27 106 210 417 242 20 1 1 9 99 215 482 202 15 1 1 25 235 470 227 60 6 0 1 
0 5 35 294 554 119 16 1 0 4 44 323 533 105 13 2 0 22 179 481 279 51 10 2 
3 11 83 291 401 187 33 15 3 13 95 270 395 199 40 9 7 27 150 299 365 138 34 4 
0 0 4 52 220 361 259 128 0 0 12 45 234 374 254 105 0 1 20 68 291 401 199 44 
0 0 5 14 176 521 247 61 0 0 5 17 173 524 245 60 0 0 8 36 251 504 190 35 
47 65 56 90 208 391 155 12 42 77 53 99 202 416 123 12 73 64 74 102 286 357 62 6 
185 139 141 165 185 146 51 12 190 158 139 162 181 143 38 13 227 166 153 151 178 115 28 6 
357 274 37 45 166 96 34 15 330 298 37 52 166 93 36 12 510 128 38 68 171 75 23 11 
500 481 26 14 2 0 1 0 453 508 38 19 5 0 1 0 574 392 35 18 4 1 0 0 
200 287 97 149 186 78 19 8 179 301 111 165 167 78 16 7 223 271 141 172 152 51 8 6 
62 130 137 214 201 149 97 34 43 143 136 198 212 159 94 39 51 156 148 213 195 152 77 32 
30 136 193 231 230 129 51 24 24 144 203 204 250 114 52 33 35 151 200 210 247 101 54 26 
2 32 100 202 284 230 125 49 0 30 113 205 269 211 136 60 2 47 117 220 266 197 128 47 
0 3 23 79 187 299 309 124 0 1 27 81 189 273 319 134 0 6 29 114 198 307 269 101 
0 0 4 40 289 451 194 46 0 0 6 39 312 447 180 40 0 0 9 84 372 391 145 23 
24 49 71 123 292 319 115 31 26 61 69 129 297 309 98 35 42 53 76 168 324 261 80 20 
96 183 126 137 203 204 69 6 87 220 139 131 184 182 69 12 125 212 124 149 203 151 56 4 
86 65 27 77 280 369 99 21 64 89 31 73 286 350 101 30 114 49 40 91 392 267 56 15 
0 0 2 11 85 294 358 274 0 2 2 13 90 274 395 248 0 2 2 29 129 319 381 162 
0 0 0 10 76 261 456 221 0 0 0 15 78 286 442 203 0 0 0 27 120 359 394 124 
0 0 0 3 27 155 553 286 0 0 1 3 37 157 575 251 0 0 1 4 51 242 589 137 
0 0 0 0 27 293 615 89 0 0 0 0 38 343 578 65 0 0 0 0 61 517 431 15 
32 141 135 212 162 143 120 79 12 166 182 225 129 118 123 69 99 212 185 150 88 139 98 53 
509 419 85 11 0 0 0 0 208 710 99 7 0 0 0 0 624 391 9 0 0 0 0 0 
192 232 434 166 0 0 0 0 139 265 507 113 0 0 0 0 351 624 49 0 0 0 0 0 
5 39 571 332 23 17 1 36 3 46 668 243 14 14 2 34 89 724 142 14 10 8 4 33 
2 41 389 420 32 36 29 75 0 37 497 324 32 28 33 73 85 556 204 29 27 22 32 69 
6 54 310 480 51 26 21 76 1 48 384 433 41 24 14 79 56 584 210 39 25 20 15 75 
24 125 275 436 51 10 20 83 5 133 341 382 49 17 12 85 99 441 286 79 8 14 12 85 
16 132 471 300 32 19 11 43 6 117 482 305 42 16 12 44 90 427 329 87 24 17 6 44 
9 54 364 465 86 23 13 10 3 44 404 478 46 25 15 9 47 438 393 76 30 21 11 8 
0 6 57 437 389 66 35 34 0 2 47 553 295 58 40 29 1 70 424 331 89 50 37 22 
1 9 43 497 358 59 27 30 1 3 32 606 287 44 14 37 2 85 441 318 103 28 14 33 
5 23 113 432 391 58 2 0 1 22 121 428 380 69 3 0 7 58 260 423 231 45 0 0 
19 51 111 263 360 145 57 18 26 54 142 286 328 130 40 18 43 78 188 307 272 103 21 12 
22 44 59 147 224 247 234 47 35 56 88 182 207 257 166 33 58 79 112 198 205 270 90 12 
6 11 24 65 248 410 206 54 9 21 31 77 297 374 173 42 16 16 38 122 339 343 123 27 
6 26 60 115 292 375 129 21 12 39 71 125 310 339 111 17 14 44 82 162 365 274 71 12 
40 81 182 239 231 169 62 20 43 93 175 260 227 152 56 18 73 108 164 293 216 111 48 11 
54 44 59 106 282 237 172 70 73 44 74 127 255 233 149 69 83 53 86 163 281 196 123 39 
282 197 103 121 111 97 59 54 271 222 113 118 91 94 61 54 340 231 104 87 80 91 52 39 
46 93 153 199 194 194 99 46 52 110 167 196 191 168 95 45 78 138 187 190 182 154 59 36 
51 91 178 243 185 146 85 45 73 126 192 211 168 128 79 47 143 168 190 188 159 80 57 39 
40 112 138 74 136 148 161 215 44 122 152 89 127 137 134 219 106 161 95 104 125 119 129 185 
1 2 8 35 125 311 364 178 0 3 9 39 124 314 342 193 2 5 16 44 163 337 310 147 
0 4 31 61 196 371 267 94 0 15 35 72 204 363 243 92 1 18 36 88 241 365 210 65 
2 14 159 210 286 235 100 18 1 32 170 209 290 223 82 17 2 41 196 225 302 183 64 11 
3 12 37 100 197 312 292 71 3 15 50 110 217 294 267 68 5 25 61 147 260 295 205 26 
49 180 227 173 173 132 62 28 45 192 216 203 167 115 57 29 74 228 198 207 166 92 40 19 
16 23 38 71 129 238 310 199 11 33 46 76 147 241 285 185 28 35 63 92 170 276 239 121 
3 7 24 56 166 303 310 155 3 10 26 71 158 309 290 157 5 12 39 78 231 304 251 104 
0 0 0 31 113 272 358 250 0 0 4 36 126 277 329 252 0 0 4 61 169 331 293 166 
0 0 1 32 101 208 350 332 0 2 4 38 115 192 360 313 0 2 9 52 138 252 340 231 
0 0 1 7 32 259 465 260 0 0 0 8 43 312 447 214 0 0 1 18 79 438 339 149 
