229 795 0 0 0 0 0 0 363 661 0 0 0 0 0 0 585 439 0 0 0 0 0 0 
1 1021 2 0 0 0 0 0 88 936 0 0 0 0 0 0 320 704 0 0 0 0 0 0 
0 1024 0 0 0 0 0 0 9 1015 0 0 0 0 0 0 102 922 0 0 0 0 0 0 
1 1011 12 0 0 0 0 0 6 1000 18 0 0 0 0 0 289 735 0 0 0 0 0 0 
51 860 113 0 0 0 0 0 93 857 74 0 0 0 0 0 263 738 23 0 0 0 0 0 
40 920 64 0 0 0 0 0 54 911 59 0 0 0 0 0 108 895 21 0 0 0 0 0 
111 899 9 5 0 0 0 0 97 913 11 3 0 0 0 0 125 888 9 2 0 0 0 0 
69 507 76 64 56 66 66 120 68 541 59 59 49 51 65 132 88 522 59 48 53 54 62 138 
31 213 251 194 156 80 64 35 52 178 249 181 136 89 69 70 73 221 235 160 115 72 65 83 
29 337 358 161 85 32 20 2 25 348 352 157 83 35 20 4 48 401 309 134 81 30 17 4 
22 426 308 138 68 45 14 3 21 420 309 144 65 46 16 3 61 487 254 113 58 38 12 1 
25 215 342 219 133 62 20 8 23 225 353 213 120 63 20 7 50 278 324 193 106 50 17 6 
23 209 368 219 127 58 18 2 26 225 374 205 121 55 16 2 41 272 353 192 103 49 12 2 
25 163 319 254 153 72 30 8 24 171 319 248 153 72 28 9 36 197 308 236 149 67 23 8 
11 44 161 264 262 169 86 27 9 54 164 259 239 181 88 30 10 56 148 263 241 182 86 38 
8 71 220 276 198 160 63 28 10 78 223 273 189 159 65 27 9 74 239 268 192 150 66 26 
3 18 121 377 333 135 36 1 5 25 149 377 320 118 29 1 5 26 169 397 298 100 28 1 
0 7 90 406 350 124 33 14 0 11 174 407 307 91 24 10 0 9 172 404 308 95 24 12 
0 5 22 334 475 148 32 8 0 6 67 465 377 86 19 4 0 6 88 508 331 70 17 4 
0 1 20 210 512 222 55 4 0 1 31 338 446 170 36 2 0 1 42 368 421 162 28 2 
0 0 3 115 556 298 47 5 0 0 6 182 573 227 35 1 0 0 12 247 537 194 33 1 
0 0 6 168 563 256 31 0 0 0 21 282 566 140 15 0 0 0 26 326 536 122 14 0 
0 0 1 167 690 159 7 0 0 0 18 443 501 58 4 0 0 0 96 630 261 36 1 0 
0 0 0 76 515 367 66 0 0 0 4 210 491 283 36 0 0 0 64 307 387 236 30 0 
0 0 2 187 554 216 62 3 0 0 17 307 514 153 31 2 0 0 50 386 443 117 28 0 
0 0 3 301 547 164 8 1 0 0 17 419 477 104 7 0 0 0 24 440 469 86 5 0 
0 0 0 255 608 133 26 2 0 0 13 444 473 72 20 2 0 0 8 435 475 84 20 2 
0 1 55 249 231 273 159 56 0 1 98 231 227 259 159 49 0 0 118 206 229 254 160 57 
0 0 120 305 302 194 84 19 0 2 155 305 299 170 77 16 0 6 177 290 286 171 75 19 
0 1 111 371 310 175 47 9 0 1 141 379 297 159 39 8 0 1 143 377 289 164 42 8 
0 19 122 227 252 241 114 49 0 26 129 232 248 228 114 47 0 17 118 236 237 235 123 58 
2 6 163 193 174 187 194 105 0 11 195 169 177 184 181 107 0 18 202 171 172 173 181 107 
0 14 96 146 173 198 170 227 0 19 103 157 174 189 166 216 0 18 98 166 171 189 166 216 
0 0 34 157 274 283 181 95 0 0 41 171 286 260 179 87 0 0 42 162 286 261 183 90 
0 0 2 66 296 348 243 69 0 0 4 96 306 347 214 57 0 0 3 88 303 354 216 60 
0 0 2 43 108 186 194 491 0 0 1 45 107 189 198 484 0 0 1 39 103 186 200 495 
0 0 10 35 67 169 250 493 0 0 10 29 73 165 248 499 0 0 10 28 71 169 253 493 
0 0 28 55 113 190 232 406 0 0 28 49 114 189 237 407 0 0 26 49 121 185 244 399 
0 0 11 49 193 232 285 254 0 0 5 66 191 228 274 260 0 0 6 57 186 236 268 271 
0 0 1 37 155 210 236 385 0 0 0 39 155 203 238 389 0 0 0 43 151 197 240 393 
18 1006 0 0 0 0 0 0 138 886 0 0 0 0 0 0 238 786 0 0 0 0 0 0 
0 1024 0 0 0 0 0 0 0 1024 0 0 0 0 0 0 20 1004 0 0 0 0 0 0 
35 987 2 0 0 0 0 0 73 951 0 0 0 0 0 0 502 522 0 0 0 0 0 0 
0 970 54 0 0 0 0 0 0 986 38 0 0 0 0 0 471 553 0 0 0 0 0 0 
137 871 16 0 0 0 0 0 120 872 32 0 0 0 0 0 276 748 0 0 0 0 0 0 
270 629 34 11 12 10 10 48 403 506 36 9 12 8 8 42 538 396 11 11 10 8 11 39 
105 170 94 130 145 90 70 220 136 181 72 89 137 107 68 234 184 137 60 89 130 108 82 234 
1 25 54 297 400 176 40 31 2 28 41 235 364 193 113 48 2 20 49 158 398 210 121 66 
36 158 360 221 152 75 20 2 29 160 324 233 159 87 29 3 46 197 326 211 144 74 24 2 
4 133 340 289 157 70 23 8 5 131 336 284 166 67 25 10 11 188 329 269 135 69 15 8 
11 191 376 251 118 61 12 4 15 216 379 225 116 57 12 4 48 293 331 198 95 45 10 4 
12 212 399 228 116 43 11 3 15 229 396 219 111 40 13 1 34 311 345 200 89 35 10 0 
14 197 408 241 99 44 15 6 22 228 402 228 88 38 11 7 32 272 385 206 79 38 8 4 
17 167 372 265 133 50 15 5 26 198 357 257 126 42 14 4 35 237 337 250 108 41 14 2 
18 120 243 285 184 107 47 20 23 125 251 283 175 99 48 20 29 128 258 279 164 101 45 20 
3 40 218 415 226 85 32 5 4 42 257 405 206 75 30 5 3 44 270 393 204 77 29 4 
4 36 239 386 230 97 30 2 5 42 270 378 220 84 23 2 5 49 294 368 205 81 21 1 
0 10 261 379 247 100 24 3 0 23 324 354 214 86 21 2 0 27 322 358 211 82 21 3 
0 6 106 447 313 114 33 5 0 9 213 450 243 83 24 2 0 9 219 444 244 83 23 2 
0 4 73 372 367 167 32 9 0 8 127 392 333 133 24 7 0 6 109 406 331 141 24 7 
0 0 7 235 537 219 24 2 0 0 21 323 474 187 18 1 0 1 22 286 497 193 24 1 
0 0 18 395 497 109 4 1 0 0 83 491 379 68 2 1 0 0 118 477 354 70 2 3 
0 0 11 571 402 39 1 0 0 0 162 658 198 6 0 0 0 0 233 642 145 4 0 0 
0 0 5 291 507 204 17 0 0 0 57 400 411 143 13 0 0 0 86 402 379 142 15 0 
0 0 20 347 533 122 2 0 0 0 60 480 432 51 1 0 0 1 87 499 394 42 1 0 
0 0 55 529 390 49 1 0 0 1 131 570 301 20 1 0 0 1 141 583 281 18 0 0 
0 0 90 672 248 14 0 0 0 0 207 634 175 8 0 0 0 0 172 650 192 10 0 0 
0 0 76 515 370 63 0 0 0 0 147 503 339 35 0 0 0 0 145 497 345 37 0 0 
0 8 185 423 298 92 16 2 0 10 242 413 268 79 11 1 0 24 298 391 251 54 5 1 
0 3 149 458 325 78 9 2 0 6 210 454 287 57 8 2 0 8 246 436 274 51 7 2 
0 6 136 378 396 91 14 3 0 15 177 423 324 72 10 3 0 27 211 431 293 51 10 1 
0 39 243 298 255 161 25 3 0 43 283 305 247 122 21 3 0 83 313 286 207 114 18 3 
0 3 22 52 85 209 342 311 0 3 21 50 84 202 345 319 0 2 18 50 73 189 338 354 
0 0 1 17 65 173 357 411 0 0 0 16 66 157 358 427 0 0 0 10 57 141 318 498 
0 0 0 2 30 131 241 620 0 0 0 2 30 130 242 620 0 0 0 0 26 116 224 658 
0 0 2 15 45 115 206 641 0 0 3 17 53 115 199 637 0 0 2 17 48 108 198 651 
0 0 1 36 114 219 258 396 0 0 1 27 127 227 254 388 0 0 1 24 103 225 269 402 
0 1 13 99 234 272 192 213 0 0 9 103 245 238 210 219 0 0 11 103 233 229 224 224 
0 0 27 170 292 313 179 43 0 0 13 178 276 302 172 83 0 0 18 178 265 295 180 88 
0 0 3 79 300 273 284 85 0 0 3 94 296 267 281 83 0 0 3 96 287 257 272 109 
1 1023 0 0 0 0 0 0 8 1016 0 0 0 0 0 0 296 728 0 0 0 0 0 0 
8 1016 0 0 0 0 0 0 88 936 0 0 0 0 0 0 817 207 0 0 0 0 0 0 
127 890 7 0 0 0 0 0 143 878 3 0 0 0 0 0 639 385 0 0 0 0 0 0 
724 300 0 0 0 0 0 0 718 306 0 0 0 0 0 0 793 231 0 0 0 0 0 0 
636 67 32 32 80 58 53 66 696 27 29 29 52 57 53 81 697 29 25 33 42 53 58 87 
48 43 35 144 276 171 113 194 89 18 32 112 232 207 120 214 93 17 28 77 213 228 136 232 
3 15 50 146 235 250 89 236 2 18 58 157 208 214 138 229 2 19 59 151 183 227 160 223 
1 13 72 207 377 150 54 150 1 10 60 171 392 168 56 166 1 9 55 154 365 209 59 172 
5 57 205 289 292 137 32 7 2 44 179 292 284 167 42 14 6 36 172 274 295 183 43 15 
11 126 284 282 170 120 25 6 6 122 273 288 175 121 32 7 12 156 273 269 166 115 28 5 
14 152 315 303 149 62 20 9 12 172 315 269 156 71 20 9 38 203 302 239 145 69 19 9 
5 161 383 257 151 59 8 0 11 174 377 253 139 63 7 0 20 248 338 228 132 51 7 0 
9 228 406 208 106 48 15 4 12 256 399 199 99 42 14 3 25 320 363 168 96 39 11 2 
25 215 339 238 128 57 18 4 30 236 336 229 120 51 17 5 35 262 313 223 117 53 17 4 
8 191 377 215 119 79 27 8 9 199 380 205 120 75 28 8 18 232 370 197 104 74 23 6 
13 75 269 339 194 98 27 9 13 72 275 338 191 96 30 9 14 78 280 329 189 93 33 8 
0 61 382 360 152 57 12 0 0 76 403 339 141 53 12 0 0 82 418 318 143 51 12 0 
0 12 181 397 288 117 26 3 1 18 217 392 273 100 20 3 0 17 211 391 280 101 21 3 
0 17 150 393 313 128 21 2 0 21 208 383 286 105 20 1 0 20 191 385 297 109 20 2 
0 19 94 314 358 180 51 8 0 23 120 322 362 150 42 5 1 23 115 314 354 167 46 4 
0 2 52 294 390 209 71 6 0 2 63 310 388 193 61 7 0 0 52 264 397 220 77 14 
0 0 93 484 300 129 17 1 0 0 215 437 247 103 22 0 0 1 195 437 255 103 33 0 
0 0 96 568 296 61 3 0 0 2 260 564 176 21 1 0 0 3 262 566 171 22 0 0 
0 0 44 506 410 61 3 0 0 1 146 559 285 31 2 0 0 1 151 558 279 32 3 0 
0 0 14 293 571 140 6 0 0 0 54 461 446 61 2 0 0 0 59 459 446 58 2 0 
0 0 63 549 367 45 0 0 0 0 161 617 224 22 0 0 0 0 189 630 190 15 0 0 
0 0 363 558 93 10 0 0 0 0 564 402 55 3 0 0 0 2 578 390 51 3 0 0 
0 0 95 345 500 80 4 0 0 9 128 439 392 52 4 0 0 20 137 442 368 53 4 0 
0 7 185 417 326 83 6 0 0 21 210 421 307 60 5 0 0 27 226 437 283 48 3 0 
0 4 249 476 244 48 3 0 0 7 291 477 209 38 2 0 0 11 306 469 200 36 2 0 
0 7 285 510 182 36 4 0 0 17 378 446 151 29 3 0 0 22 402 430 140 27 3 0 
0 13 328 516 138 20 8 1 0 29 415 448 108 16 8 0 0 55 427 421 97 18 5 1 
0 0 68 228 216 222 205 85 0 0 81 239 200 224 200 80 0 0 66 234 198 207 211 108 
0 0 20 57 131 241 255 320 0 0 17 56 128 241 255 327 0 0 15 51 122 228 256 352 
0 0 2 1 18 63 169 771 0 0 2 1 19 64 171 767 0 0 2 1 17 59 157 788 
0 0 1 2 23 30 64 904 0 0 1 2 23 30 64 904 0 0 1 2 23 30 64 904 
0 0 1 0 13 29 82 899 0 0 1 0 13 29 83 898 0 0 1 0 13 29 82 899 
0 0 0 0 4 42 134 844 0 0 0 0 4 48 135 837 0 0 0 0 4 43 123 854 
0 0 1 30 97 110 214 572 0 0 3 53 97 96 199 576 0 0 4 85 72 95 179 589 
0 0 4 263 339 242 116 60 0 0 22 306 307 218 117 54 0 0 19 305 302 211 130 57 
11 962 51 0 0 0 0 0 85 910 29 0 0 0 0 0 251 773 0 0 0 0 0 0 
352 667 5 0 0 0 0 0 320 699 5 0 0 0 0 0 569 455 0 0 0 0 0 0 
772 84 36 41 43 33 15 0 774 90 45 22 36 32 15 10 842 49 25 18 30 41 12 7 
241 124 127 123 192 87 67 63 287 92 131 109 118 126 75 86 293 98 137 97 81 148 85 85 
1 40 193 324 306 130 30 0 1 38 183 302 255 194 41 10 1 37 185 276 235 225 51 14 
0 10 67 183 425 263 75 1 0 11 66 148 281 392 122 4 0 6 51 140 257 410 158 2 
0 2 35 253 333 160 63 178 0 2 56 294 273 156 69 174 0 4 51 262 249 197 109 152 
0 2 73 106 295 231 122 195 0 2 64 112 290 275 100 181 0 2 54 101 257 315 107 188 
7 48 203 315 271 132 44 4 7 55 203 299 269 141 46 4 7 41 194 297 267 158 55 5 
2 54 161 303 316 139 39 10 1 56 158 293 312 152 41 11 0 55 165 289 306 157 42 10 
3 180 326 248 188 61 17 1 4 204 298 240 194 66 17 1 20 248 264 234 180 60 17 1 
10 146 285 280 193 86 22 2 10 149 282 278 192 88 23 2 13 152 270 253 215 90 31 0 
15 202 378 238 122 56 9 4 23 220 364 234 115 56 9 3 35 229 357 235 104 53 8 3 
29 201 359 241 127 44 15 8 36 220 373 220 111 42 17 5 44 254 344 214 109 38 16 5 
14 169 371 241 144 57 21 7 14 178 369 237 144 54 21 7 15 196 364 236 131 56 20 6 
9 93 419 292 103 65 30 13 11 120 418 273 98 64 28 12 11 136 421 260 92 60 31 13 
3 100 277 347 186 77 24 10 7 119 303 325 173 68 21 8 8 124 311 327 161 65 21 7 
0 10 162 410 290 115 33 4 0 16 208 421 259 91 27 2 0 14 197 421 268 91 31 2 
0 7 177 405 290 116 26 3 0 10 217 401 273 105 15 3 0 9 205 412 274 105 16 3 
0 13 133 309 372 166 29 2 0 17 144 311 367 157 26 2 0 17 113 298 363 197 31 5 
0 2 33 283 472 187 44 3 0 1 32 269 460 208 51 3 0 1 23 217 463 253 62 5 
0 0 68 448 433 73 2 0 0 0 87 480 407 50 0 0 0 0 83 454 419 67 1 0 
0 1 97 632 261 33 0 0 0 2 232 602 170 18 0 0 0 3 230 591 180 20 0 0 
0 1 118 565 308 31 1 0 0 5 187 618 203 11 0 0 0 4 171 602 231 16 0 0 
0 0 36 372 512 98 6 0 0 0 71 438 442 68 5 0 0 0 63 427 454 75 5 0 
0 0 16 222 501 271 14 0 0 0 45 240 484 246 9 0 0 0 34 236 480 260 14 0 
0 6 84 361 425 140 8 0 0 10 132 388 382 107 5 0 0 10 133 381 379 114 7 0 
0 4 88 380 372 167 13 0 0 6 160 400 319 135 4 0 0 8 198 408 280 126 4 0 
0 17 286 344 269 100 8 0 0 48 347 305 248 72 4 0 0 107 337 288 221 68 3 0 
0 8 121 374 373 135 11 2 0 11 165 407 333 99 8 1 0 11 176 396 344 89 7 1 
0 30 439 396 139 20 0 0 0 44 495 354 113 18 0 0 0 66 484 351 105 18 0 0 
0 21 420 443 122 16 2 0 0 48 475 399 87 15 0 0 0 95 461 381 75 12 0 0 
0 5 187 484 266 70 12 0 0 6 228 482 229 67 12 0 0 6 218 486 235 67 12 0 
0 0 33 194 312 292 148 45 0 0 32 195 300 293 152 52 0 0 28 179 294 283 177 63 
0 0 13 55 116 170 261 409 0 0 9 51 106 166 265 427 0 0 7 50 85 162 254 466 
0 0 1 8 16 39 92 868 0 0 1 8 14 41 91 869 0 0 1 6 13 41 87 876 
0 0 0 4 32 85 181 722 0 0 0 6 31 89 184 714 0 0 0 3 25 83 171 742 
0 0 0 14 91 199 290 430 0 0 1 15 94 199 301 414 0 0 0 13 74 183 290 464 
0 0 7 90 240 329 247 111 0 0 11 96 234 335 242 106 0 0 8 89 218 319 255 135 
0 0 55 370 340 184 63 12 0 0 70 386 315 174 67 12 0 0 68 378 324 174 69 11 
211 742 70 1 0 0 0 0 198 745 78 3 0 0 0 0 301 703 20 0 0 0 0 0 
327 489 142 41 20 3 2 0 338 476 133 48 21 5 3 0 423 429 99 42 23 5 3 0 
16 461 251 100 69 72 55 0 22 533 189 76 73 70 52 9 156 526 78 70 81 72 36 5 
1 85 307 299 124 163 41 4 0 92 304 295 140 96 85 12 2 110 325 275 132 96 71 13 
1 103 354 306 173 63 24 0 6 119 330 298 146 92 30 3 8 139 328 288 127 87 41 6 
0 17 134 281 297 161 96 38 0 17 111 265 245 226 110 50 0 12 103 270 250 213 140 36 
1 17 129 262 246 139 67 163 0 22 138 283 204 142 84 151 0 27 155 264 192 121 112 153 
0 17 139 133 245 271 60 159 0 20 119 185 213 297 45 145 0 18 114 187 179 323 86 117 
11 138 316 296 175 72 15 1 9 137 310 289 180 79 19 1 14 149 315 274 178 75 18 1 
12 165 256 234 220 116 18 3 14 175 245 236 214 114 23 3 26 201 235 235 210 93 21 3 
11 135 262 293 212 91 19 1 12 133 266 286 210 91 25 1 19 183 258 273 187 87 16 1 
8 123 327 307 158 75 17 9 12 134 314 305 158 75 17 9 16 144 295 299 163 78 21 8 
7 102 388 301 148 55 19 4 7 115 392 293 146 48 19 4 5 129 393 288 137 50 18 4 
15 141 342 312 154 39 21 0 22 158 365 293 133 36 17 0 25 176 377 271 126 33 16 0 
5 106 388 304 151 44 17 9 8 118 402 294 139 42 12 9 14 142 403 285 123 37 14 6 
15 154 357 292 133 53 15 5 21 170 362 275 124 56 12 4 24 185 357 266 122 55 13 2 
1 62 388 383 130 44 14 2 1 97 406 346 123 38 11 2 0 111 403 340 119 38 11 2 
3 36 262 394 243 74 9 3 3 44 282 399 220 64 10 2 3 42 288 389 226 64 10 2 
1 21 260 446 211 68 16 1 1 38 303 419 199 50 13 1 1 38 298 422 201 49 14 1 
0 22 170 367 320 110 28 7 0 22 179 369 314 105 28 7 0 17 155 355 330 126 34 7 
0 41 153 300 379 123 21 7 1 48 169 280 375 124 21 6 1 47 150 265 358 167 29 7 
0 7 207 536 252 21 1 0 0 8 223 537 231 24 1 0 0 7 194 509 276 37 1 0 
0 5 153 607 215 36 8 0 0 8 230 602 159 19 6 0 0 10 216 612 161 20 5 0 
0 0 110 483 381 46 4 0 0 2 142 506 342 31 1 0 0 0 123 482 372 43 4 0 
0 0 6 175 648 191 4 0 0 0 7 179 651 183 4 0 0 0 5 143 627 240 9 0 
0 0 0 17 350 631 26 0 0 0 0 18 381 601 24 0 0 0 0 13 257 694 60 0 
0 0 1 54 418 530 21 0 0 0 1 54 465 484 20 0 0 0 0 38 377 579 30 0 
0 16 109 348 353 172 26 0 2 21 130 387 318 148 18 0 1 23 124 381 324 153 18 0 
0 57 351 276 206 100 30 4 1 81 369 270 194 80 27 2 4 158 352 237 181 66 24 2 
0 5 472 417 103 20 7 0 0 20 564 339 82 15 4 0 0 23 577 329 77 15 3 0 
0 16 513 340 128 22 5 0 0 29 549 328 98 17 3 0 0 51 555 304 95 16 3 0 
1 119 312 270 261 57 4 0 1 114 341 265 242 57 4 0 2 208 253 259 244 55 3 0 
0 8 187 351 374 104 0 0 0 7 215 352 354 96 0 0 0 11 214 348 357 94 0 0 
0 14 238 426 241 72 25 8 0 14 263 411 233 74 21 8 0 14 254 417 236 72 22 9 
0 54 239 240 174 159 106 52 0 55 229 235 180 155 106 64 0 54 239 231 175 153 109 63 
0 0 1 103 78 105 149 588 0 0 2 114 77 104 138 589 0 0 47 92 68 94 139 584 
0 0 1 68 78 84 148 645 0 0 2 83 63 85 142 649 0 0 25 70 53 74 142 660 
0 0 5 69 256 285 226 183 0 0 5 68 241 279 232 199 0 0 3 59 225 282 225 230 
0 24 70 169 268 287 160 46 0 21 68 152 270 279 169 65 1 24 63 141 256 280 182 77 
0 27 276 336 234 112 34 5 0 25 264 329 245 117 38 6 0 57 264 321 231 110 38 3 
156 327 270 160 91 18 2 0 193 275 262 160 83 43 8 0 197 267 265 159 77 51 8 0 
99 638 172 84 26 5 0 0 84 627 184 87 33 8 1 0 360 403 145 78 29 9 0 0 
2 372 464 136 40 8 2 0 3 429 428 119 34 7 4 0 87 565 258 89 17 5 3 0 
0 178 415 264 106 58 3 0 0 188 406 260 109 40 21 0 2 251 407 212 105 38 9 0 
1 70 378 343 172 50 10 0 1 87 399 312 145 49 31 0 2 92 409 303 130 47 39 2 
2 73 260 225 174 112 84 94 1 70 275 206 163 119 86 104 1 87 267 201 142 128 127 71 
2 37 253 267 191 87 50 137 5 54 290 276 146 75 54 124 6 78 301 268 111 86 82 92 
1 44 130 153 347 175 75 99 0 40 134 163 277 222 96 92 4 52 133 151 217 255 128 84 
11 200 411 251 111 35 5 0 13 206 421 240 106 35 3 0 24 282 395 208 92 20 3 0 
16 163 328 276 138 74 29 0 18 175 357 240 135 73 26 0 35 214 367 205 122 62 19 0 
17 226 339 251 120 49 19 3 17 241 329 239 123 54 18 3 31 287 327 206 107 46 18 2 
24 156 329 260 151 81 17 6 27 166 332 244 147 85 18 5 35 193 319 239 137 80 15 6 
15 154 444 251 115 35 9 1 17 163 444 237 117 36 9 1 20 190 424 238 112 30 9 1 
16 144 375 279 146 40 20 4 22 158 389 260 134 39 18 4 25 173 392 245 131 37 17 4 
15 165 367 261 173 38 5 0 15 170 355 261 180 38 4 1 22 187 351 253 166 42 2 1 
4 104 444 314 128 26 3 1 4 107 456 306 121 26 3 1 6 167 425 284 113 24 5 0 
15 100 339 313 172 58 24 3 16 105 350 306 174 47 24 2 22 130 352 297 153 50 18 2 
5 51 209 324 249 134 43 9 6 54 215 317 250 134 39 9 6 50 223 315 246 136 37 11 
2 59 203 328 288 100 37 7 2 59 211 326 285 97 37 7 2 64 204 342 273 96 36 7 
2 20 213 417 293 65 11 3 2 26 232 416 277 60 8 3 2 25 222 425 273 65 10 2 
0 23 194 380 312 92 22 1 0 24 212 387 300 82 18 1 0 14 185 388 317 98 20 2 
1 20 306 473 188 28 8 0 1 23 355 454 160 23 8 0 0 15 323 457 188 33 8 0 
0 13 280 468 212 49 2 0 0 21 332 449 177 45 0 0 0 19 321 460 182 41 1 0 
0 6 110 456 389 57 6 0 0 7 132 465 366 48 6 0 0 7 124 455 382 50 6 0 
0 0 6 139 599 264 14 2 0 0 7 156 599 247 13 2 0 0 4 101 566 332 18 3 
0 0 0 23 490 502 9 0 0 0 0 24 524 468 8 0 0 0 0 11 395 598 20 0 
0 0 1 14 214 734 61 0 0 0 1 14 235 724 50 0 0 0 1 11 152 752 108 0 
1 13 55 102 244 409 198 2 1 13 55 104 245 410 194 2 1 13 52 92 232 389 242 3 
0 44 155 254 280 181 97 13 0 57 160 276 252 181 85 13 2 83 194 281 214 156 80 14 
0 29 235 359 257 118 22 4 1 33 248 362 243 112 22 3 1 40 264 356 230 101 28 4 
0 29 111 252 288 249 85 10 0 19 130 245 270 250 94 16 0 20 131 246 265 233 111 18 
4 233 229 159 165 113 98 23 1 214 230 156 166 112 85 60 7 233 187 159 159 114 89 76 
0 24 231 252 215 167 108 27 0 23 180 263 217 169 115 57 0 24 159 267 211 166 122 75 
1 24 138 231 232 181 137 80 3 53 134 221 204 173 147 89 4 47 135 206 205 175 143 109 
1 15 134 151 163 202 193 165 2 20 161 132 166 175 199 169 2 14 141 139 162 167 198 201 
3 51 233 210 166 134 83 144 10 138 239 165 148 115 76 133 11 146 238 164 149 111 71 134 
1 56 163 135 181 143 171 174 3 86 167 155 153 131 158 171 6 93 179 149 138 124 150 185 
12 36 69 145 136 178 221 227 9 36 76 147 139 169 215 233 6 40 88 142 118 180 183 267 
11 66 235 189 184 190 121 28 9 63 240 183 190 180 127 32 10 85 269 145 173 178 131 33 
1 85 497 215 119 70 27 10 0 114 487 202 121 63 27 10 0 189 448 180 116 57 26 8 
10 394 299 154 80 57 26 4 13 404 278 160 71 51 40 7 20 420 260 155 67 49 40 13 
43 553 229 134 44 18 3 0 12 581 225 119 56 26 5 0 218 439 179 113 50 21 4 0 
42 593 201 100 52 24 6 6 28 606 192 100 58 28 7 5 345 388 128 82 52 19 5 5 
11 297 271 166 150 99 29 1 5 298 263 164 116 116 55 7 74 280 225 153 123 100 62 7 
23 322 294 204 103 66 10 2 31 313 288 189 106 73 20 4 58 337 270 174 99 72 11 3 
18 175 232 183 158 150 83 25 18 168 245 167 142 141 103 40 23 206 214 165 129 150 111 26 
2 178 310 220 104 47 44 119 0 221 317 195 92 54 36 109 9 241 306 179 92 61 34 102 
5 62 142 181 250 186 65 133 8 70 174 152 197 197 96 130 11 83 172 151 164 210 135 98 
15 130 333 308 145 59 28 6 16 167 343 275 131 59 27 6 21 188 350 260 125 47 26 7 
18 133 339 282 156 75 18 3 15 123 322 306 154 82 18 4 17 123 336 304 141 81 17 5 
15 301 386 168 89 33 20 12 16 296 378 182 86 33 20 13 33 359 328 163 83 26 21 11 
19 225 336 215 119 77 22 11 21 228 324 220 121 73 26 11 25 254 305 218 116 70 24 12 
25 248 387 206 101 41 11 5 28 263 367 202 108 40 11 5 30 293 351 191 105 38 12 4 
17 220 410 204 116 51 5 1 24 236 393 205 111 48 6 1 47 295 351 185 96 45 4 1 
4 140 517 257 82 23 1 0 8 158 521 237 79 20 1 0 12 204 512 209 70 16 1 0 
4 157 444 260 118 31 4 6 5 165 453 251 109 31 4 6 15 209 444 235 89 22 7 3 
25 153 339 247 162 67 26 5 25 150 336 246 166 65 31 5 33 197 335 223 146 64 22 4 
15 79 246 323 201 111 41 8 17 76 249 316 207 105 43 11 17 76 253 315 203 107 43 10 
7 74 306 340 186 82 25 4 8 83 314 340 175 76 24 4 9 98 319 326 172 74 23 3 
4 63 239 378 211 93 30 6 2 70 241 380 205 92 28 6 2 65 241 374 214 93 30 5 
14 88 313 319 176 76 30 8 14 96 331 313 161 72 31 6 14 93 328 312 165 74 31 7 
1 48 311 398 193 60 11 2 1 57 332 387 180 56 10 1 1 46 320 389 193 63 11 1 
2 30 271 455 224 36 5 1 4 40 290 449 204 32 5 0 4 44 284 448 208 30 6 0 
0 9 147 403 347 106 11 1 0 12 171 394 339 96 11 1 0 15 180 401 327 92 8 1 
0 0 24 183 589 212 15 1 0 0 27 172 600 212 12 1 0 0 27 172 577 234 13 1 
0 2 22 196 490 294 20 0 0 2 22 203 495 283 19 0 0 2 19 179 484 318 22 0 
0 1 1 3 81 702 235 1 0 2 0 3 92 711 215 1 0 0 2 3 47 645 324 3 
0 1 13 25 111 503 332 39 0 2 12 24 108 502 328 48 0 1 10 22 86 427 403 75 
4 123 234 153 130 197 150 33 3 131 241 143 137 196 141 32 14 191 192 131 113 179 152 52 
2 60 225 233 172 186 118 28 1 57 228 213 172 159 147 47 0 42 224 216 168 144 151 79 
1 41 87 129 171 288 268 39 0 22 81 105 147 234 300 135 0 9 69 89 123 179 279 276 
8 144 232 189 141 130 105 75 6 146 240 167 119 128 114 104 15 189 186 138 119 130 106 141 
8 115 201 165 130 119 131 155 22 148 190 139 127 114 126 158 16 152 184 139 131 109 118 175 
5 46 128 147 134 158 161 245 11 58 137 130 134 146 149 259 9 50 137 133 129 149 150 267 
0 20 96 151 140 151 149 317 1 37 121 139 113 149 151 313 1 26 123 139 123 136 148 328 
2 58 198 183 156 151 131 145 6 117 197 178 139 122 119 146 4 118 198 174 137 129 121 143 
3 73 232 178 126 139 138 135 6 151 211 144 118 126 141 127 7 145 219 144 121 125 138 125 
16 161 271 278 132 94 53 19 10 193 285 256 118 89 54 19 18 236 302 218 115 81 38 16 
27 379 255 152 105 67 33 6 15 365 258 152 109 70 41 14 42 395 221 143 102 68 42 11 
4 331 412 130 77 48 20 2 1 302 435 130 79 50 24 3 2 424 340 115 80 43 18 2 
72 211 331 230 116 53 11 0 57 250 299 212 129 51 20 6 53 273 270 211 136 55 21 5 
135 416 201 140 73 46 13 0 44 481 208 116 109 40 22 4 244 296 184 122 106 45 23 4 
155 617 117 61 49 23 2 0 128 647 113 58 49 27 2 0 620 192 87 52 47 22 3 1 
48 249 262 199 163 74 25 4 47 252 251 192 155 82 34 11 69 240 253 180 152 88 29 13 
17 150 312 222 199 88 31 5 11 200 261 207 185 107 41 12 12 202 244 212 189 108 42 15 
8 176 273 171 166 126 71 33 16 223 233 157 141 132 80 42 14 242 211 166 147 121 96 27 
10 179 343 215 116 75 43 43 12 226 329 190 112 83 36 36 14 243 317 184 123 83 49 11 
4 67 137 206 224 148 110 128 7 115 145 151 202 154 130 120 13 119 153 132 177 219 152 59 
19 60 114 182 228 235 159 27 21 69 108 157 212 188 193 76 17 60 95 144 189 215 164 140 
11 49 149 188 200 199 177 51 16 59 154 168 183 182 170 92 12 55 159 159 181 171 142 145 
13 116 296 285 161 70 56 27 11 107 295 292 158 73 48 40 16 141 305 275 119 66 52 50 
13 230 322 210 131 76 31 11 15 223 313 209 138 76 35 15 26 240 286 211 131 82 32 16 
21 261 433 202 69 25 11 2 17 261 427 208 73 25 8 5 26 288 409 196 70 22 12 1 
7 83 327 323 181 71 25 7 7 90 324 316 184 69 27 7 11 126 339 291 168 58 24 7 
12 201 311 210 168 96 24 2 17 199 321 202 166 93 24 2 45 235 256 192 171 98 25 2 
3 149 393 296 129 41 13 0 5 163 392 280 129 41 14 0 11 226 382 254 103 39 9 0 
6 128 412 272 147 48 10 1 7 139 416 270 137 45 9 1 19 255 375 218 115 34 8 0 
16 144 336 262 182 71 13 0 16 143 333 264 182 72 14 0 18 170 330 258 171 68 9 0 
11 151 365 274 151 57 13 2 17 158 371 268 142 54 12 2 21 177 376 267 122 51 8 2 
2 96 420 317 137 42 9 1 4 120 437 294 122 39 7 1 7 156 441 268 116 31 4 1 
5 75 296 349 199 75 23 2 9 96 325 339 168 70 15 2 9 98 329 335 168 69 14 2 
5 36 132 338 292 167 44 10 6 36 152 338 279 157 45 11 5 36 147 340 279 162 45 10 
2 75 234 321 259 113 17 3 1 86 239 316 252 113 13 4 2 110 242 296 261 98 13 2 
7 70 158 232 291 192 67 7 8 69 165 247 272 187 62 14 10 97 167 255 277 154 56 8 
8 39 86 153 263 324 123 28 9 38 94 151 266 313 124 29 10 41 95 154 273 297 125 29 
3 10 74 183 227 199 224 104 1 14 83 186 211 186 225 118 1 14 83 186 212 172 225 131 
1 11 19 80 188 291 323 111 0 12 19 80 195 286 306 126 0 10 19 75 182 276 282 180 
0 1 5 11 50 157 427 373 0 1 3 11 47 136 331 495 0 1 2 10 33 106 230 642 
7 98 124 101 101 179 333 81 5 94 131 93 77 123 317 184 7 131 112 74 56 91 216 337 
18 123 162 200 213 169 98 41 12 110 142 173 215 195 120 57 18 100 128 150 202 202 142 82 
9 81 118 140 200 231 173 72 7 74 113 115 160 225 219 111 10 85 83 92 142 208 209 195 
8 130 132 115 106 111 193 229 6 129 130 114 95 103 153 294 19 139 125 94 87 104 149 307 
1 6 22 55 65 163 254 458 1 7 20 51 59 143 223 520 1 5 18 49 51 134 202 564 
6 37 50 43 44 79 137 628 7 39 50 44 39 75 126 644 4 31 48 52 40 60 119 670 
9 36 42 53 87 99 109 589 7 37 43 53 88 87 102 607 4 33 44 52 84 84 98 625 
2 37 101 100 99 92 143 450 6 63 97 81 101 96 118 462 4 65 91 84 97 95 115 473 
2 96 163 189 162 149 108 155 19 133 174 168 144 136 98 152 18 128 175 173 141 139 99 151 
1 49 154 163 162 155 169 171 5 76 153 149 154 150 155 182 4 81 152 147 164 131 157 188 
0 158 258 256 154 129 61 8 0 179 288 221 157 123 46 10 11 255 283 193 141 106 29 6 
4 469 234 161 91 46 19 0 6 485 217 161 97 42 16 0 44 544 207 122 71 29 7 0 
22 229 333 237 136 52 15 0 13 185 318 244 155 76 30 3 10 180 295 244 170 90 30 5 
61 334 230 188 125 72 14 0 18 343 197 188 152 88 33 5 120 213 196 196 150 99 42 8 
0 647 135 90 93 41 16 2 2 672 118 86 86 41 15 4 453 261 99 79 79 35 14 4 
17 215 266 184 142 107 81 12 36 274 214 154 132 89 77 48 51 271 210 162 121 80 72 57 
19 206 347 196 131 92 28 5 46 315 245 162 125 78 45 8 90 296 218 162 124 66 55 13 
17 186 363 171 116 100 51 20 38 347 235 125 101 92 60 26 48 388 193 124 103 94 51 23 
26 209 311 180 137 91 49 21 23 303 240 165 122 94 54 23 49 308 234 157 116 89 46 25 
4 136 243 188 138 137 91 87 11 220 218 144 110 132 96 93 33 216 197 156 108 135 133 46 
6 192 227 162 129 142 160 6 15 250 193 137 106 108 163 52 84 216 176 124 92 105 123 104 
23 40 42 61 77 207 537 37 20 37 39 49 65 114 470 230 12 41 35 43 59 86 245 503 
32 62 94 224 173 134 279 26 21 60 95 198 175 104 231 140 23 63 140 160 146 93 129 270 
50 257 225 149 108 115 86 34 45 261 207 143 107 99 91 71 73 263 174 132 114 100 79 89 
29 281 289 170 110 82 51 12 21 276 287 169 100 76 62 33 35 295 265 149 105 73 66 36 
11 173 330 195 141 96 52 26 11 212 311 181 134 89 60 26 19 247 284 176 124 83 62 29 
20 135 259 241 172 112 66 19 18 141 259 237 167 109 67 26 19 186 222 236 169 98 69 25 
14 207 411 226 102 43 16 5 16 231 408 209 96 45 14 5 28 326 342 180 91 43 10 4 
13 301 412 191 69 24 13 1 16 315 408 183 65 23 13 1 63 452 298 142 44 14 10 1 
6 111 381 323 146 48 8 1 8 131 395 303 138 41 7 1 21 165 418 261 126 27 5 1 
11 215 361 227 135 59 15 1 14 229 355 218 134 61 11 2 32 284 345 193 116 47 7 0 
12 115 383 268 142 64 31 9 15 142 380 258 129 58 32 10 19 173 368 245 125 53 32 9 
4 46 260 326 222 97 50 19 6 67 287 304 213 86 44 17 7 81 288 297 206 84 44 17 
1 43 98 194 259 254 133 42 1 46 107 203 248 246 133 40 1 42 114 200 240 240 134 53 
0 33 156 216 223 239 123 34 0 38 162 186 213 235 146 44 0 38 154 183 202 204 180 63 
6 32 129 164 154 186 226 127 7 70 126 145 145 180 222 129 5 89 124 132 147 167 207 153 
8 42 105 106 100 160 254 249 12 56 103 99 90 147 215 302 11 56 105 98 85 135 197 337 
13 41 165 209 146 158 174 118 16 76 188 166 133 142 143 160 19 93 201 148 128 124 124 187 
2 71 307 198 87 96 188 75 11 198 263 139 57 70 117 169 25 256 245 92 47 66 84 209 
0 50 322 249 136 124 117 26 7 177 302 172 98 94 113 61 25 281 231 140 87 80 92 88 
3 94 397 202 128 98 61 41 12 246 301 162 108 83 70 42 27 353 220 138 87 81 67 51 
18 137 196 161 152 126 118 116 18 167 197 139 133 126 106 138 32 183 186 126 129 126 107 135 
22 247 224 120 95 106 110 100 30 265 204 115 85 94 106 125 49 280 174 115 84 94 99 129 
8 181 219 132 125 112 115 132 16 231 189 132 107 101 108 140 53 238 160 116 105 113 105 134 
9 104 150 131 126 156 166 182 27 141 108 132 121 153 164 178 24 148 100 125 124 152 158 193 
11 64 148 147 151 146 138 219 14 96 142 131 152 136 128 225 17 87 148 122 155 131 132 232 
10 66 110 105 107 118 160 348 14 74 107 98 98 122 143 368 12 72 107 96 93 122 144 378 
4 35 146 101 86 93 131 428 4 37 143 101 80 90 120 449 1 37 137 99 84 86 117 463 
1 17 64 72 61 88 133 588 3 36 55 63 54 79 129 605 2 18 63 63 53 72 122 631 
7 104 218 134 127 132 128 174 11 157 181 123 111 125 125 191 7 150 184 123 113 126 122 199 
6 106 182 181 172 129 128 120 10 134 182 159 164 128 110 137 12 122 197 156 160 123 115 139 
2 56 217 212 178 132 130 97 7 78 219 194 168 114 115 129 6 90 229 185 154 113 111 136 
26 231 250 241 167 89 19 1 24 218 232 218 168 106 52 6 23 213 220 207 151 133 64 13 
14 218 226 228 166 109 50 13 9 146 276 213 164 123 58 35 11 205 203 207 161 130 63 44 
5 436 315 105 68 65 28 2 3 344 428 84 70 59 34 2 44 675 82 67 59 64 30 3 
6 87 174 146 200 217 164 30 7 150 128 108 155 189 197 90 10 147 108 103 123 177 184 172 
17 128 121 107 153 205 226 67 37 136 91 84 135 157 221 163 50 116 80 79 127 145 186 241 
13 288 285 117 80 80 127 34 23 409 156 100 70 66 94 106 100 356 136 89 69 47 68 159 
19 181 286 166 158 111 87 16 33 270 197 149 151 93 76 55 67 263 182 149 134 89 75 65 
3 138 288 185 140 110 95 65 14 270 236 126 116 110 80 72 51 285 214 120 113 118 81 42 
25 261 491 134 66 36 10 1 36 523 257 109 59 31 8 1 68 591 201 79 50 30 4 1 
64 224 224 120 111 151 126 4 69 240 169 113 108 125 173 27 121 242 149 108 88 124 133 59 
47 208 145 197 145 147 120 15 46 199 145 180 135 94 170 55 95 183 163 155 118 69 137 104 
160 206 221 142 104 95 80 16 203 203 215 98 94 80 92 39 213 231 192 86 89 67 95 51 
98 440 146 99 73 62 73 33 129 411 147 82 79 58 64 54 229 339 133 77 74 54 58 60 
26 88 69 97 111 168 347 118 28 80 66 84 98 137 261 270 37 68 63 80 92 121 189 374 
25 166 222 127 130 142 140 72 18 159 213 126 128 132 132 116 33 211 144 111 128 127 121 149 
12 425 316 135 52 45 27 12 16 446 307 114 58 45 24 14 140 404 248 96 61 39 25 11 
27 346 337 99 87 67 36 25 25 366 311 105 85 55 44 33 88 457 195 85 72 44 48 35 
11 212 447 149 98 51 44 12 12 219 438 146 91 56 45 17 18 357 317 133 85 52 47 15 
15 225 410 167 103 51 29 24 23 294 369 145 95 49 26 23 39 362 313 142 77 45 26 20 
7 64 163 139 179 173 171 128 8 87 160 132 169 152 157 159 9 90 158 129 152 163 147 176 
4 123 239 158 166 144 113 77 16 160 218 146 159 129 111 85 13 169 205 152 148 136 106 95 
6 92 196 181 165 148 137 99 20 153 168 165 158 151 119 90 20 152 166 160 155 153 122 96 
63 266 196 100 101 90 83 125 138 291 130 87 90 91 73 124 138 292 129 92 83 93 74 123 
9 323 231 130 84 78 66 103 76 409 150 85 78 60 58 108 136 357 137 86 74 62 64 108 
10 101 180 151 134 139 155 154 28 167 140 133 131 128 132 165 32 170 124 135 130 120 128 185 
21 426 222 88 61 61 68 77 154 438 121 63 51 71 52 74 216 389 101 69 49 70 57 73 
13 381 274 106 79 73 57 41 108 457 148 94 68 68 52 29 186 412 135 86 64 68 51 22 
8 217 275 150 154 101 79 40 41 307 213 163 124 97 53 26 80 306 193 168 116 90 51 20 
12 278 283 129 100 97 63 62 68 388 175 105 95 93 54 46 86 386 170 99 94 93 56 40 
28 302 301 105 78 82 60 68 61 419 180 95 71 66 65 67 107 410 157 83 71 69 59 68 
18 232 274 169 147 78 65 41 35 321 230 163 115 82 42 36 71 340 200 156 110 76 43 28 
9 129 365 184 127 81 67 62 34 247 307 139 122 72 47 56 50 303 267 136 99 73 38 58 
13 189 274 172 137 110 73 56 38 275 220 150 125 113 53 50 61 288 210 149 122 105 45 44 
9 130 307 193 135 95 90 65 26 242 269 140 121 90 81 55 37 278 237 139 113 86 77 57 
10 133 252 163 146 121 106 93 26 187 223 144 139 104 102 99 24 202 212 146 137 95 103 105 
14 137 201 166 157 130 115 104 29 171 172 164 145 122 117 104 33 172 165 163 145 122 112 112 
20 97 134 147 156 184 166 120 22 118 116 132 153 180 163 140 17 113 112 123 162 174 155 168 
6 111 148 141 177 148 177 116 8 131 137 129 161 152 162 144 5 116 143 133 153 156 152 166 
15 114 178 148 152 156 137 124 19 143 159 140 146 157 125 135 14 125 171 138 147 142 136 151 
7 133 229 196 145 135 111 68 13 187 183 182 135 129 113 82 9 171 211 161 134 134 109 95 
5 165 278 239 202 90 41 4 41 228 198 202 187 103 49 16 73 218 170 191 190 102 46 34 
15 171 257 176 148 117 111 29 11 176 248 159 133 116 92 89 32 205 194 148 129 107 91 118 
1 110 520 132 75 83 75 28 0 133 536 97 51 81 61 65 2 587 108 65 61 64 64 73 
4 60 148 174 225 225 166 22 7 81 132 140 177 195 200 92 9 65 127 122 156 198 194 153 
3 44 96 141 185 252 230 73 9 53 85 117 173 203 218 166 8 55 64 118 151 182 206 240 
8 44 190 264 171 151 146 50 9 111 223 191 141 122 138 89 9 165 188 164 138 105 140 115 
23 215 160 148 145 150 147 36 56 211 125 144 133 110 139 106 99 158 110 136 136 119 115 151 
30 253 325 141 87 69 85 34 91 380 199 97 73 61 70 53 129 374 160 104 72 58 71 56 
30 186 381 149 83 90 82 23 60 364 223 100 80 75 72 50 76 395 174 92 80 74 73 60 
30 259 445 160 77 41 11 1 45 403 329 134 60 42 10 1 137 481 202 98 56 41 8 1 
85 542 182 91 88 32 4 0 156 509 147 89 88 30 5 0 392 324 124 96 72 11 5 0 
62 293 253 130 103 104 62 17 83 372 174 115 87 83 80 30 146 326 159 125 73 83 80 32 
67 220 113 87 115 151 226 45 72 230 90 85 102 129 228 88 143 157 92 83 96 126 178 149 
70 223 124 88 98 153 233 35 83 233 93 86 89 118 225 97 112 183 98 87 85 99 157 203 
56 294 309 113 73 86 70 23 60 295 293 101 69 81 85 40 106 383 165 92 69 85 83 41 
48 486 264 51 35 41 62 37 50 515 224 56 32 40 34 73 257 470 73 48 32 34 29 81 
31 430 200 129 85 66 48 35 39 460 176 118 81 65 45 40 154 385 158 103 90 53 45 36 
32 445 311 101 59 38 16 22 31 437 312 105 60 38 15 26 163 415 224 95 53 33 16 25 
22 257 317 215 102 56 39 16 39 294 287 200 94 54 37 19 86 311 263 174 88 50 36 16 
25 190 296 203 143 95 43 29 36 251 253 199 128 91 44 22 46 266 245 188 131 84 43 21 
25 151 260 172 118 94 109 95 35 178 256 162 99 84 100 110 35 181 251 157 104 83 101 112 
10 83 235 198 158 133 103 104 22 120 214 188 165 119 96 100 22 120 215 191 156 124 95 101 
7 112 202 168 178 156 119 82 25 189 136 159 169 147 110 89 34 178 133 159 171 147 105 97 
28 222 301 157 96 80 75 65 69 319 229 120 89 64 69 65 87 332 207 114 93 62 61 68 
25 322 257 96 84 81 71 88 63 420 145 89 76 72 65 94 95 417 123 86 76 69 71 87 
36 186 194 153 109 100 112 134 83 197 189 122 107 88 103 135 89 215 180 114 99 94 105 128 
30 381 255 71 64 77 56 90 78 452 150 65 64 65 55 95 134 440 112 69 65 57 51 96 
28 267 235 154 108 103 70 59 94 289 199 130 109 89 65 49 147 275 186 112 114 95 55 40 
21 228 157 119 135 133 131 100 71 239 127 117 134 123 128 85 87 225 128 118 136 120 124 86 
30 153 174 143 111 102 137 174 39 175 170 135 107 87 115 196 53 184 162 125 102 93 107 198 
21 570 227 43 48 31 35 49 43 639 144 36 42 28 35 57 308 470 57 35 36 36 33 49 
92 538 139 42 46 44 47 76 144 554 78 38 52 37 47 74 336 390 49 39 47 41 44 78 
67 198 197 117 114 106 101 124 81 234 173 107 115 94 88 132 146 214 146 105 100 96 89 128 
31 223 210 125 114 91 99 131 52 272 174 105 111 84 95 131 82 278 152 107 107 83 88 127 
5 147 270 153 103 124 105 117 20 243 197 125 105 118 97 119 33 280 163 115 112 111 103 107 
21 207 274 131 113 95 110 73 28 305 195 123 93 101 92 87 51 304 186 119 93 102 87 82 
11 235 302 143 115 87 70 61 32 342 220 127 85 94 64 60 32 336 226 122 101 82 66 59 
3 180 422 177 111 69 43 19 9 345 322 135 100 61 30 22 26 412 263 130 88 57 31 17 
12 132 195 171 172 148 139 55 9 149 183 154 163 132 120 114 5 157 177 158 162 129 111 125 
12 118 181 106 108 155 286 58 4 75 204 90 84 120 169 278 1 71 200 84 79 105 134 350 
3 488 290 130 67 38 8 0 102 519 206 104 46 35 11 1 189 461 198 90 43 33 10 0 
4 265 314 174 105 72 74 16 57 323 240 133 89 65 74 43 88 297 228 133 83 64 66 65 
11 184 219 128 104 146 182 50 27 273 144 92 90 123 149 126 74 249 132 77 92 101 145 154 
5 41 87 143 159 201 256 132 12 45 82 134 145 160 194 252 6 33 74 116 145 157 174 319 
2 36 148 130 196 218 243 51 2 93 100 114 172 196 189 158 5 87 95 98 160 182 196 201 
2 134 463 177 78 64 83 23 39 415 261 81 64 40 75 49 73 490 153 80 59 35 57 77 
7 101 450 142 92 89 87 56 11 399 216 89 83 80 68 78 43 470 137 68 76 81 67 82 
43 185 206 129 105 117 161 78 81 264 130 101 93 86 118 151 106 248 132 90 87 94 100 167 
22 141 314 158 102 110 104 73 33 287 215 118 94 81 93 103 26 343 168 117 85 82 79 124 
13 145 231 168 156 158 113 40 42 185 182 149 143 134 117 72 62 181 172 148 135 116 114 96 
5 161 490 206 107 34 17 4 28 399 334 148 68 27 18 2 54 470 284 119 61 23 13 0 
38 178 366 172 125 86 51 8 40 330 265 128 107 92 52 10 71 366 221 121 107 78 46 14 
58 110 114 142 101 197 264 38 93 102 116 108 105 138 293 69 84 120 122 97 101 117 221 162 
20 66 132 94 95 193 404 20 18 126 99 78 61 114 436 92 19 136 89 74 51 91 214 350 
36 230 395 133 71 73 71 15 42 317 348 84 60 48 82 43 95 469 171 72 43 43 66 65 
80 397 287 57 53 66 72 12 80 470 230 48 44 58 70 24 264 435 94 46 41 51 57 36 
92 462 137 78 67 69 82 37 130 456 104 81 55 66 85 47 342 282 90 64 54 67 80 45 
28 205 157 94 81 133 165 161 50 226 127 79 81 116 114 231 61 224 109 83 76 101 114 256 
10 97 208 162 150 163 137 97 19 131 162 170 146 146 142 108 21 139 142 168 135 159 132 128 
21 133 191 146 154 146 131 102 52 171 160 136 142 134 121 108 49 169 155 136 138 129 124 124 
24 123 151 130 137 112 157 190 52 155 128 118 127 103 133 208 47 167 121 126 120 88 141 214 
36 156 177 141 125 122 135 132 69 174 162 121 122 111 122 143 58 170 164 126 117 106 126 157 
41 193 129 95 96 110 147 213 85 181 113 80 92 110 115 248 64 185 116 80 92 112 99 276 
34 211 186 135 124 123 90 121 64 240 162 118 119 106 91 124 61 237 166 124 117 102 83 134 
32 179 185 118 110 119 117 164 60 214 152 103 95 116 111 173 61 207 147 109 102 105 116 177 
52 201 182 116 78 104 122 169 85 258 114 98 77 102 93 197 84 266 103 101 79 101 90 200 
30 241 195 129 119 116 107 87 70 282 141 116 111 111 100 93 87 267 141 118 102 117 95 97 
45 320 218 93 91 79 82 96 101 348 152 84 81 69 82 107 137 331 142 83 74 77 83 97 
35 211 188 123 107 110 124 126 55 222 181 110 100 103 116 137 95 249 124 110 96 102 126 122 
27 165 170 103 95 120 148 196 44 233 104 96 93 98 133 223 61 221 100 94 89 99 125 235 
12 79 103 92 117 136 153 332 16 81 108 88 109 126 131 365 23 72 104 84 111 123 121 386 
62 269 214 110 99 78 80 112 79 319 175 96 89 74 70 122 154 274 143 88 87 74 70 134 
74 300 230 131 88 79 59 63 78 363 184 115 87 76 56 65 156 337 141 112 82 67 63 66 
14 152 191 148 133 114 138 134 16 181 183 129 126 117 113 159 21 218 160 116 124 115 112 158 
11 93 151 129 129 123 182 206 14 134 152 92 125 98 124 285 19 124 145 94 117 95 119 311 
6 89 237 163 113 125 101 190 10 144 234 119 110 97 95 215 7 162 226 114 112 91 84 228 
7 86 245 189 127 128 155 87 4 128 237 148 123 111 113 160 9 147 225 130 126 102 97 188 
15 242 268 181 119 91 78 30 7 219 300 162 124 79 76 57 15 294 256 143 107 73 64 72 
77 614 128 66 57 47 33 2 10 653 127 58 63 52 36 25 42 666 89 58 62 43 38 26 
114 522 185 47 40 42 67 7 2 512 278 54 34 40 39 65 20 604 175 47 35 34 36 73 
15 273 208 159 146 152 70 1 58 260 177 145 112 141 103 28 46 226 179 147 105 115 136 70 
40 270 113 130 143 201 125 2 171 163 78 126 109 133 182 62 189 130 70 97 118 107 165 148 
3 150 235 186 173 160 106 11 55 183 206 140 120 137 125 58 92 156 186 142 106 128 120 94 
7 58 176 218 199 199 158 9 8 83 178 177 161 168 182 67 4 84 146 167 167 145 181 130 
4 65 265 209 177 140 149 15 3 150 222 170 162 109 140 68 3 151 204 165 151 122 116 112 
10 472 329 100 52 46 14 1 59 600 183 66 41 43 23 9 189 497 162 57 42 41 21 15 
6 262 241 112 101 120 139 43 46 360 139 89 83 100 95 112 139 299 112 87 73 92 84 138 
2 97 268 195 132 132 110 88 16 243 190 137 116 90 109 123 13 284 164 129 109 100 87 138 
1 39 92 121 126 159 255 231 8 56 100 105 100 134 208 313 11 62 88 107 85 117 181 373 
10 92 113 136 138 179 226 130 13 124 94 121 115 141 189 227 5 115 94 99 122 118 185 286 
31 212 289 120 88 108 105 71 61 323 170 97 68 87 106 112 37 346 171 92 63 68 94 153 
45 235 269 173 119 85 70 28 59 286 238 150 107 76 56 52 48 288 230 162 109 71 54 62 
96 401 319 81 42 38 22 25 238 432 180 61 37 30 24 22 287 469 104 53 38 26 24 23 
58 261 210 127 79 99 114 76 151 262 175 76 70 67 110 113 143 280 161 76 67 69 98 130 
20 250 422 123 72 47 43 47 67 515 165 74 67 38 39 59 148 486 111 69 70 40 31 69 
8 193 445 210 82 35 31 20 38 375 353 140 41 31 24 22 91 468 250 105 34 32 21 23 
7 355 455 111 46 24 20 6 95 529 256 61 43 24 12 4 194 545 170 52 30 19 11 3 
14 188 349 184 93 99 62 35 39 318 274 119 76 85 81 32 94 361 190 112 82 76 77 32 
17 190 311 197 123 104 68 14 46 283 260 145 109 67 77 37 95 305 207 131 106 61 52 67 
7 125 201 226 185 116 92 72 35 164 202 212 157 114 68 72 61 164 210 210 138 107 61 73 
7 71 156 222 171 138 147 112 22 91 197 204 127 135 113 135 23 109 193 190 138 123 113 135 
21 81 192 190 170 156 119 95 41 106 178 185 157 145 113 99 38 101 191 178 156 141 107 112 
12 114 235 200 174 133 99 57 10 144 236 172 169 119 104 70 13 178 221 168 157 118 103 66 
20 142 284 186 124 107 84 77 41 196 252 163 110 98 80 84 50 253 215 153 105 92 73 83 
16 64 202 152 145 168 146 131 20 83 198 138 133 130 148 174 15 113 183 129 119 130 133 202 
20 120 228 127 110 114 134 171 24 184 179 114 98 104 102 219 36 218 150 91 101 113 93 222 
14 144 240 108 117 101 132 168 16 189 197 107 99 104 90 222 27 222 155 104 97 101 86 232 
38 124 164 116 113 133 178 158 37 140 139 109 100 127 157 215 49 155 118 101 100 119 148 234 
22 341 318 84 56 63 78 62 37 425 218 77 60 49 64 94 127 462 126 63 51 52 57 86 
176 381 154 63 41 52 73 84 186 395 131 61 38 39 48 126 324 311 97 47 41 32 41 131 
17 599 243 60 40 37 16 12 53 657 163 53 35 29 22 12 266 519 102 45 36 26 20 10 
127 399 151 63 52 63 86 83 123 432 121 46 57 48 70 127 232 361 82 47 52 48 69 133 
40 337 166 78 63 84 165 91 20 332 168 71 70 60 100 203 62 360 105 70 57 64 69 237 
72 473 282 62 36 44 37 18 22 540 254 58 36 44 31 39 60 650 118 51 35 48 24 38 
97 420 122 90 65 74 126 30 55 406 143 70 81 64 85 120 21 455 128 62 80 68 68 142 
25 460 217 107 59 49 69 38 5 273 365 109 88 51 55 78 8 415 222 94 88 57 58 82 
12 611 198 56 54 55 35 3 0 288 501 59 34 47 56 39 1 572 215 53 35 43 41 64 
8 260 402 131 113 77 31 2 1 89 478 149 113 90 71 33 2 275 329 124 90 88 76 40 
70 216 208 168 205 130 27 0 11 177 203 128 174 178 125 28 23 186 165 120 158 169 147 56 
26 87 91 170 269 256 122 3 5 69 74 75 179 250 243 129 4 59 63 68 127 205 250 248 
1 74 119 113 150 289 275 3 6 125 83 83 113 184 310 120 4 98 91 69 96 127 200 339 
14 46 96 200 176 185 305 2 26 49 113 179 114 146 242 155 6 58 111 158 104 123 144 320 
36 307 356 124 127 65 8 1 44 421 238 107 78 94 34 8 69 431 196 99 79 88 40 22 
39 166 196 127 137 188 159 12 59 230 149 94 116 137 180 59 53 241 141 88 99 101 174 127 
6 137 243 163 160 184 121 10 14 174 198 129 136 128 158 87 7 153 191 128 116 119 143 167 
16 143 176 119 118 180 239 33 33 158 154 97 108 77 229 168 25 150 148 100 92 88 75 346 
2 100 266 173 141 155 170 17 5 191 184 146 121 113 149 115 14 179 161 144 107 104 124 191 
3 38 144 153 155 225 237 69 4 83 109 156 150 178 184 160 6 73 105 155 153 154 168 210 
5 71 203 201 142 151 189 62 10 155 178 167 114 121 155 124 5 161 170 166 113 110 152 147 
9 82 245 228 194 125 98 43 15 180 235 198 156 102 74 64 13 208 214 203 150 98 71 67 
9 195 155 130 142 110 182 101 31 230 126 106 121 97 136 177 50 208 126 101 111 111 101 216 
13 249 264 172 111 107 81 27 51 345 179 138 97 93 80 41 102 311 157 130 110 81 83 50 
2 63 155 149 152 140 186 177 13 116 123 125 138 131 130 248 17 113 111 127 133 134 111 278 
21 87 144 125 100 103 223 221 22 150 113 108 75 101 130 325 27 136 118 101 77 92 106 367 
13 117 146 92 93 104 267 192 37 172 102 66 71 77 151 348 60 167 85 57 59 70 115 411 
15 173 231 78 71 80 177 199 21 274 137 63 63 65 101 300 40 282 96 63 68 58 82 335 
39 99 111 76 65 93 168 373 58 125 86 65 51 82 119 438 45 133 80 71 49 76 106 464 
21 113 111 92 97 152 255 183 35 128 78 74 75 121 194 319 24 126 72 78 70 85 152 417 
9 123 180 106 121 177 214 94 12 175 125 91 103 140 205 173 13 176 116 85 91 120 178 245 
12 104 162 127 99 190 214 116 21 133 141 100 82 120 208 219 15 131 143 95 74 98 142 326 
32 189 205 132 162 161 108 35 52 256 141 121 129 148 126 51 73 250 135 113 122 152 131 48 
9 74 146 144 182 194 181 94 15 97 126 132 150 186 166 152 19 98 121 121 127 167 175 196 
1 36 221 293 209 151 87 26 3 52 238 270 197 144 89 31 2 93 244 257 185 126 86 31 
8 95 213 164 163 161 133 87 15 139 182 150 141 152 134 111 25 152 171 142 140 149 137 108 
16 126 282 123 106 123 145 103 13 98 298 105 91 112 128 179 21 294 113 83 79 105 127 202 
30 609 271 44 28 16 16 10 15 610 276 45 35 16 16 11 146 676 109 26 29 15 16 7 
34 414 311 90 98 44 21 12 22 421 304 83 76 76 24 18 108 486 184 55 79 68 26 18 
15 263 297 131 215 45 37 21 9 213 334 117 134 154 38 25 46 370 204 65 68 204 41 26 
26 414 155 142 271 16 0 0 23 404 160 75 230 130 2 0 94 405 111 38 108 253 15 0 
123 311 98 251 236 3 2 0 82 324 104 81 389 41 1 2 178 277 61 66 247 193 2 0 
77 238 170 310 229 0 0 0 52 227 144 132 442 27 0 0 120 209 63 101 363 168 0 0 
100 317 128 144 335 0 0 0 66 312 137 83 367 59 0 0 86 293 118 70 171 286 0 0 
31 127 47 210 534 73 2 0 17 121 29 84 333 413 27 0 26 94 38 51 160 544 110 1 
4 17 55 163 377 394 14 0 0 13 33 71 195 491 219 2 0 12 22 43 130 287 493 37 
0 19 54 138 257 412 141 3 0 0 30 69 172 292 406 55 0 0 8 49 114 241 404 208 
0 50 111 154 214 311 170 14 0 4 110 90 205 233 290 92 0 10 93 75 146 205 286 209 
8 516 160 68 75 86 94 17 0 258 389 66 48 82 93 88 1 369 275 62 47 66 66 138 
11 379 384 66 54 59 71 0 0 63 652 81 57 53 61 57 0 231 489 80 44 53 40 87 
8 406 248 76 79 135 68 4 0 45 517 124 62 79 117 80 0 134 435 105 68 61 93 128 
2 292 294 114 108 131 81 2 0 39 443 153 99 85 129 76 0 97 379 140 88 90 97 133 
212 394 272 75 44 24 3 0 370 372 172 57 35 17 1 0 396 355 162 58 37 16 0 0 
38 168 168 141 118 138 245 8 93 194 162 89 98 120 190 78 117 179 152 87 83 103 154 149 
28 87 102 142 106 263 276 20 17 130 85 123 89 169 253 158 4 127 81 107 99 103 207 296 
14 115 142 133 148 241 231 0 13 165 116 112 122 114 268 114 12 149 94 115 112 112 120 310 
3 88 62 93 153 259 310 56 22 66 54 64 108 167 357 186 14 53 53 60 91 95 283 375 
53 369 88 72 89 139 162 52 128 297 70 59 50 81 207 132 104 293 80 55 48 58 112 274 
192 375 227 76 67 61 24 2 341 332 127 68 56 59 38 3 331 355 108 68 52 50 55 5 
97 347 223 110 96 84 62 5 144 390 166 84 68 79 68 25 128 393 179 81 72 71 71 29 
4 77 84 91 99 138 413 118 18 95 85 73 85 125 235 308 21 93 66 70 76 114 177 407 
0 0 42 114 121 187 399 161 0 5 41 121 107 150 221 379 0 2 31 100 115 131 143 502 
7 35 64 71 127 170 340 210 10 43 61 79 111 129 207 384 3 41 62 70 103 110 161 474 
1 30 36 30 28 67 548 284 7 25 30 31 31 39 126 735 4 24 30 22 31 32 68 813 
62 223 141 96 74 97 214 117 122 215 117 60 69 66 118 257 80 241 108 67 61 62 87 318 
1 79 248 148 129 123 154 142 17 207 157 133 100 110 103 197 32 211 143 129 95 105 91 218 
4 123 276 155 112 116 119 119 24 250 183 117 124 87 85 154 50 271 154 126 104 81 73 165 
9 24 40 52 57 84 389 369 7 30 35 41 52 71 183 605 3 26 36 38 49 62 94 716 
6 60 123 71 88 99 338 239 22 102 81 63 55 96 195 410 18 86 89 63 50 81 122 515 
9 49 40 62 67 80 184 533 22 44 38 52 56 69 105 638 23 44 33 37 52 65 89 681 
32 31 34 72 72 109 217 457 17 40 31 54 70 82 136 594 10 43 22 49 69 71 106 654 
4 55 67 42 67 83 259 447 10 66 57 36 59 63 119 614 5 62 58 32 54 47 77 689 
25 57 60 90 114 131 220 327 35 50 58 86 102 101 169 423 24 57 48 69 104 91 146 485 
25 73 59 71 69 117 310 300 31 72 56 63 54 89 182 477 13 79 50 67 52 79 135 549 
28 132 197 134 105 112 179 137 64 176 149 114 85 94 138 204 50 195 139 108 72 87 130 243 
9 153 276 164 113 87 119 103 32 251 204 132 95 79 96 135 51 281 177 117 90 76 90 142 
7 115 295 211 131 105 93 67 12 148 286 175 126 94 84 99 20 218 244 157 116 80 85 104 
36 257 214 140 183 152 35 7 7 228 224 124 130 201 85 25 68 256 137 110 106 185 119 43 
4 10 76 127 337 456 14 0 0 4 23 90 196 499 209 3 0 1 9 63 122 333 450 46 
9 37 64 127 514 248 25 0 0 13 59 80 182 541 134 15 0 2 27 62 113 495 277 48 
4 22 98 237 536 122 5 0 0 10 38 139 321 467 47 2 0 1 14 75 186 502 231 15 
1 13 96 299 519 94 2 0 0 3 24 134 427 405 31 0 0 1 5 55 250 505 205 3 
12 49 137 214 486 109 16 1 5 23 58 159 392 329 54 4 1 9 34 98 230 500 129 23 
10 54 100 270 471 116 3 0 1 21 73 109 386 376 58 0 0 3 43 92 231 479 164 12 
6 49 159 278 408 123 1 0 1 8 77 191 297 399 51 0 0 3 24 130 246 393 220 8 
2 25 102 274 384 222 13 2 0 3 48 130 294 396 144 9 0 0 17 82 219 328 328 50 
2 26 79 218 326 296 76 1 1 3 42 98 271 328 241 40 0 2 14 60 166 297 345 140 
0 1 87 223 331 255 118 9 0 0 7 125 273 318 208 93 0 0 1 39 196 317 285 186 
0 1 55 86 229 304 306 43 0 0 15 63 110 259 317 260 0 0 0 40 63 179 314 428 
0 22 84 205 352 247 108 6 0 0 34 118 213 354 235 70 0 0 13 69 174 259 318 191 
0 206 191 190 314 113 10 0 0 1 297 152 187 313 68 6 0 3 207 162 175 253 190 34 
30 263 230 117 98 157 125 4 2 134 308 107 98 87 150 138 2 198 230 95 84 89 84 242 
219 425 176 29 19 55 100 1 376 380 60 29 12 27 73 67 421 338 52 23 19 10 32 129 
118 253 151 109 153 219 21 0 272 172 109 89 101 190 91 0 272 172 114 72 77 157 147 13 
94 287 163 107 166 188 19 0 93 263 142 109 89 177 149 2 56 259 128 118 99 113 162 89 
9 287 212 119 134 173 89 1 82 271 161 98 86 118 163 45 81 268 145 81 81 92 107 169 
0 113 161 275 182 158 125 10 12 128 222 217 160 115 149 21 12 121 219 200 168 107 126 71 
51 156 92 94 80 117 376 58 90 149 79 71 72 101 203 259 59 170 76 77 68 84 141 349 
16 124 201 161 112 160 240 10 31 154 179 141 93 104 198 124 39 150 160 134 91 87 143 220 
13 25 62 132 95 166 419 112 19 39 89 86 82 106 261 342 11 44 78 70 83 92 174 472 
1 15 134 224 171 166 294 19 2 41 170 199 144 109 227 132 0 35 159 189 151 104 134 252 
16 100 109 83 123 246 258 89 26 112 81 73 83 143 279 227 8 110 80 64 88 92 199 383 
1 60 173 141 102 122 300 125 4 120 136 119 91 97 179 278 9 123 124 102 92 86 110 378 
12 136 88 68 63 100 312 245 38 147 62 56 56 72 157 436 12 159 57 61 56 60 102 517 
14 155 149 67 80 150 304 105 44 187 90 67 63 98 211 264 51 157 93 55 64 78 136 390 
10 144 201 116 116 129 228 80 52 212 124 85 107 100 163 181 57 211 105 78 86 111 137 239 
6 83 261 261 111 81 149 72 21 191 287 149 79 76 116 105 38 241 262 118 61 75 95 134 
2 32 254 232 138 113 166 87 2 133 282 136 123 83 125 140 3 199 240 107 117 78 93 187 
5 69 139 122 104 154 297 134 11 129 115 96 90 110 206 267 10 124 111 99 78 110 135 357 
11 69 194 154 127 145 160 164 8 136 159 137 108 133 119 224 17 130 148 132 108 115 120 254 
0 40 164 168 107 107 140 298 5 100 188 118 72 74 118 349 1 115 176 107 76 67 88 394 
7 80 164 142 136 170 217 108 6 131 150 129 98 127 179 204 19 141 126 116 86 114 136 286 
3 53 132 179 174 226 171 86 2 51 123 151 151 197 199 150 1 60 113 142 129 147 202 230 
2 49 101 118 195 264 247 48 3 65 94 99 124 228 248 163 10 70 91 88 103 163 242 257 
19 265 279 98 45 72 154 92 29 341 239 52 36 48 73 206 146 316 149 46 41 32 58 236 
34 567 206 56 38 49 57 17 94 620 101 43 44 28 56 38 302 440 74 47 41 26 52 42 
19 659 253 51 11 21 5 5 27 781 130 43 11 16 10 6 500 400 62 19 16 14 8 5 
9 108 266 243 265 104 25 4 0 97 240 134 243 219 79 12 40 208 73 76 198 249 145 35 
2 24 153 396 310 127 12 0 0 6 39 236 427 237 78 1 0 0 19 76 334 374 193 28 
15 53 180 378 256 131 11 0 2 19 78 253 367 223 81 1 0 5 40 146 347 284 179 23 
69 167 256 284 205 41 2 0 16 113 194 264 254 166 15 2 0 58 138 219 285 246 76 2 
47 195 236 320 216 10 0 0 4 106 196 242 340 132 4 0 0 55 170 207 293 273 26 0 
52 168 234 327 198 45 0 0 6 104 152 272 299 156 35 0 0 63 124 178 301 268 84 6 
25 118 229 375 200 75 2 0 2 56 133 270 344 178 41 0 0 20 96 185 345 265 107 6 
12 122 198 362 255 69 6 0 1 37 156 225 370 198 35 2 0 10 95 185 323 312 87 12 
6 73 219 364 268 80 14 0 0 16 121 241 378 202 64 2 0 0 65 180 303 344 104 28 
0 23 188 349 375 84 5 0 0 1 63 221 397 287 54 1 0 0 10 108 257 454 160 35 
0 1 267 374 313 69 0 0 0 0 28 319 370 262 45 0 0 0 0 126 349 369 165 15 
0 19 129 269 428 168 11 0 0 0 46 130 319 388 136 5 0 0 16 72 166 404 330 36 
0 3 135 255 321 249 61 0 0 0 6 176 268 298 240 36 0 0 0 52 201 310 295 166 
2 106 257 405 239 14 1 0 0 44 119 253 399 201 8 0 0 12 67 156 305 401 82 1 
71 802 94 36 15 6 0 0 0 661 246 67 29 11 9 1 0 642 226 86 44 15 10 1 
0 0 1 8 47 206 742 20 0 0 0 3 30 91 496 404 0 0 0 0 7 48 147 822 
76 51 24 34 90 88 658 3 87 42 20 24 51 94 222 484 55 59 30 17 38 62 80 683 
128 210 42 59 81 149 343 12 186 162 21 46 69 90 202 248 167 159 26 29 52 80 122 389 
283 453 35 29 20 59 101 44 348 391 30 23 18 19 58 137 407 320 31 18 28 16 22 182 
159 339 153 140 166 64 3 0 228 290 163 102 115 113 11 2 154 375 140 97 93 125 35 5 
0 2 39 77 87 107 460 252 0 13 52 79 78 90 221 491 0 14 45 72 74 67 148 604 
1 14 89 80 35 25 603 177 0 49 69 76 20 15 43 752 0 26 82 72 25 12 20 787 
0 0 5 11 25 79 745 159 0 0 4 8 33 45 169 765 0 1 2 5 21 39 73 883 
0 17 98 35 57 78 589 150 0 58 66 30 41 44 155 630 0 50 70 27 33 36 63 745 
6 23 140 181 162 202 268 42 10 36 153 130 116 133 222 224 0 43 112 135 106 106 130 392 
1 166 361 197 107 78 101 13 11 340 236 149 89 70 86 43 29 334 205 151 88 66 75 76 
0 17 67 60 67 167 327 319 0 46 68 60 39 70 294 447 1 54 63 49 45 48 107 657 
3 86 145 127 126 125 315 97 5 133 101 95 122 104 140 324 14 86 100 88 96 126 99 415 
3 84 108 91 92 82 217 347 23 114 98 77 66 80 127 439 29 109 94 68 72 73 89 490 
2 84 283 222 158 134 109 32 2 181 245 164 126 119 109 78 10 216 191 136 132 123 99 117 
1 346 453 104 52 35 29 4 71 613 173 65 44 25 28 5 208 543 117 54 40 27 27 8 
1 97 369 263 116 98 45 35 11 294 315 151 92 76 47 38 52 382 227 125 85 72 43 38 
3 46 245 321 203 112 66 28 2 137 293 256 150 98 54 34 5 186 315 205 140 83 50 40 
8 77 249 138 109 101 149 193 18 194 175 107 96 90 123 221 36 202 161 93 91 94 109 238 
4 219 360 184 110 83 42 22 21 374 239 138 89 79 53 31 51 382 204 130 84 88 53 32 
1 121 450 239 89 69 37 18 11 326 351 141 79 56 42 18 26 411 281 113 73 56 41 23 
10 164 319 161 161 98 80 31 19 218 276 142 122 116 72 59 30 289 216 125 107 106 70 81 
13 40 60 87 135 227 380 82 9 41 64 75 97 131 305 302 9 44 49 77 89 101 188 467 
15 228 78 39 48 96 325 195 30 235 60 35 37 66 147 414 78 207 38 31 32 62 108 468 
21 353 222 46 39 89 174 80 20 395 186 30 34 60 103 196 143 379 88 20 27 40 90 237 
199 399 256 94 40 31 5 0 155 437 249 73 55 28 25 2 273 432 122 64 57 43 26 7 
273 326 168 144 87 25 1 0 65 416 196 146 122 66 13 0 11 368 247 135 141 92 29 1 
356 212 166 169 98 20 3 0 102 394 157 137 162 65 7 0 13 420 165 144 143 110 29 0 
272 370 180 111 71 15 5 0 67 457 186 168 91 44 10 1 9 343 300 169 122 62 14 5 
45 214 241 252 204 56 12 0 6 140 219 206 240 173 36 4 0 68 227 204 204 232 81 8 
103 246 257 239 157 22 0 0 20 158 269 204 229 131 13 0 3 97 233 232 221 189 49 0 
271 303 231 132 72 15 0 0 154 224 262 198 115 55 16 0 23 245 238 242 149 87 35 5 
150 251 252 254 97 20 0 0 28 234 201 240 238 71 12 0 0 175 171 235 265 147 29 2 
0 45 154 413 357 54 1 0 0 2 80 243 448 227 24 0 0 0 58 169 392 336 67 2 
1 36 116 258 444 159 10 0 0 4 67 138 345 369 98 3 0 0 29 135 272 399 170 19 
0 31 247 274 331 137 4 0 0 0 75 294 306 284 65 0 0 0 30 207 320 329 135 3 
0 28 428 349 172 46 1 0 0 0 100 503 267 128 26 0 0 0 11 368 419 165 57 4 
0 72 692 221 37 2 0 0 0 0 282 555 165 21 1 0 0 0 6 635 293 84 6 0 
0 9 122 397 473 23 0 0 0 0 22 171 557 265 9 0 0 0 3 88 449 379 103 2 
0 53 252 489 201 27 2 0 0 0 126 371 400 104 23 0 0 0 51 361 319 230 58 5 
0 10 23 32 68 173 713 5 0 5 27 32 52 85 309 514 0 0 20 34 39 42 101 788 
0 0 0 0 5 93 926 0 0 0 0 0 0 16 376 632 0 0 0 0 0 1 44 979 
0 66 47 52 65 69 717 8 0 69 38 31 55 62 140 629 0 44 54 30 32 51 77 736 
0 0 0 0 0 2 872 150 0 0 0 0 0 0 97 927 0 0 0 0 0 0 0 1024 
21 18 29 7 11 38 832 68 19 23 20 9 10 7 108 828 6 33 23 8 5 8 19 922 
0 1 4 6 7 28 738 240 0 3 5 5 6 13 58 934 0 3 4 2 6 9 24 976 
0 0 0 0 0 0 955 69 0 0 0 0 0 0 179 845 0 0 0 0 0 0 0 1024 
0 0 0 0 0 113 907 4 0 0 0 0 0 3 449 572 0 0 0 0 0 0 31 993 
0 0 0 0 0 77 732 215 0 0 0 0 0 11 302 711 0 0 0 0 0 0 46 978 
0 1 2 1 2 7 484 527 0 1 0 2 1 2 40 978 0 0 1 1 2 2 5 1013 
21 208 112 46 35 60 466 76 16 252 67 39 34 20 146 450 6 220 88 49 30 26 25 580 
1 64 351 149 102 85 190 82 1 196 251 94 83 94 52 253 5 207 212 89 85 66 76 284 
0 1 9 22 30 78 462 422 0 3 18 18 28 40 234 683 2 4 20 15 25 32 93 833 
4 46 56 110 141 168 343 156 6 50 70 98 120 104 241 335 5 32 82 77 104 93 129 502 
6 121 198 97 89 110 297 106 11 189 135 93 72 71 143 310 11 197 123 85 71 54 93 390 
9 237 276 73 24 38 203 164 43 366 159 29 17 25 75 310 102 370 95 25 14 22 37 359 
0 53 388 326 136 55 44 22 0 298 338 207 77 38 30 36 41 406 310 111 57 31 27 41 
6 82 162 135 111 111 299 118 16 132 128 109 101 98 131 309 30 143 114 101 96 89 90 361 
52 503 244 50 19 32 85 39 82 588 139 38 16 17 43 101 346 416 59 24 15 17 31 116 
25 155 210 118 118 246 130 22 23 165 200 106 85 131 224 90 98 226 124 64 60 82 139 231 
27 139 89 84 91 188 304 102 32 141 87 68 79 118 220 279 56 130 82 54 59 85 149 409 
14 49 24 30 38 108 409 352 14 52 21 27 28 65 188 629 17 52 18 20 23 41 114 739 
20 234 112 86 88 114 245 125 16 220 111 85 76 93 152 271 55 199 113 59 72 80 122 324 
38 525 185 67 47 63 55 44 44 505 196 61 41 59 48 70 223 430 96 57 40 55 46 77 
16 583 292 51 30 23 22 7 44 526 318 48 30 17 26 15 383 468 66 24 21 26 20 16 
179 319 277 89 82 64 14 0 115 370 272 65 97 59 43 3 138 502 112 58 71 72 68 3 
41 310 216 179 165 85 28 0 15 176 261 205 173 126 61 7 6 119 259 197 193 146 89 15 
11 257 230 162 198 147 19 0 1 161 210 222 121 207 97 5 10 115 195 140 201 169 184 10 
11 166 137 183 289 231 7 0 0 70 154 131 229 351 87 2 0 11 142 128 153 309 272 9 
2 33 126 300 366 194 3 0 0 15 42 166 317 383 101 0 0 1 29 75 255 393 267 4 
18 113 97 317 332 139 8 0 7 79 62 107 377 307 85 0 0 57 65 79 140 451 224 8 
25 87 193 382 256 75 6 0 4 57 83 210 380 238 50 2 0 30 59 122 290 358 144 21 
15 96 228 324 278 80 3 0 1 33 117 232 345 235 58 3 0 8 65 182 256 323 170 20 
2 24 130 301 377 175 15 0 0 6 34 163 338 333 142 8 0 1 12 99 271 353 219 69 
0 4 64 313 510 126 7 0 0 0 10 121 399 399 92 3 0 0 4 53 261 505 179 22 
0 0 5 90 323 599 7 0 0 0 1 25 146 436 413 3 0 0 0 21 97 296 599 11 
0 0 18 85 194 707 20 0 0 0 1 45 153 312 511 2 0 0 0 36 160 242 566 20 
0 0 17 79 360 555 13 0 0 0 1 31 139 455 397 1 0 0 0 11 107 315 527 64 
0 1 48 345 340 289 1 0 0 0 9 134 459 182 240 0 0 0 5 104 395 191 185 144 
0 20 179 392 175 251 7 0 0 0 46 334 261 142 241 0 0 0 36 300 258 121 140 169 
11 58 45 55 51 327 477 0 9 64 39 38 35 35 624 180 0 37 55 36 33 33 27 803 
0 2 11 46 206 524 235 0 0 2 8 23 83 291 578 39 0 0 3 10 32 106 363 510 
0 0 0 0 18 318 688 0 0 0 0 0 0 33 733 258 0 0 0 0 0 2 65 957 
0 0 0 0 98 502 424 0 0 0 0 0 12 258 519 235 0 0 0 0 0 47 375 602 
0 0 0 0 76 277 671 0 0 0 0 0 19 151 522 332 0 0 0 0 0 55 253 716 
0 0 0 0 0 70 953 1 0 0 0 0 0 0 376 648 0 0 0 0 0 0 1 1023 
0 0 0 0 0 55 969 0 0 0 0 0 0 0 474 550 0 0 0 0 0 0 5 1019 
0 0 0 0 0 56 968 0 0 0 0 0 0 0 350 674 0 0 0 0 0 0 5 1019 
0 1 10 6 10 46 905 46 0 0 5 8 6 12 302 691 0 0 0 3 9 6 11 995 
4 138 72 61 53 145 540 11 13 135 69 43 51 65 268 380 10 117 79 37 46 52 78 605 
0 0 0 3 6 48 507 460 0 0 0 4 6 21 161 832 0 0 0 1 6 7 55 955 
0 0 0 0 0 0 804 220 0 0 0 0 0 0 53 971 0 0 0 0 0 0 0 1024 
0 0 0 0 0 2 848 174 0 0 0 0 0 0 93 931 0 0 0 0 0 0 0 1024 
1 46 117 121 55 101 267 316 7 71 121 72 52 47 135 519 6 65 96 82 49 51 47 628 
0 85 142 85 100 132 332 148 8 150 107 61 79 117 233 269 14 153 91 56 72 98 142 398 
3 14 12 24 20 51 345 555 0 14 19 25 13 33 127 793 0 14 19 20 14 14 68 875 
7 155 183 253 71 49 177 129 33 220 270 99 53 36 74 239 65 279 219 68 38 34 50 271 
2 53 141 143 105 120 362 98 5 72 170 117 84 86 217 273 20 92 145 94 82 70 119 402 
12 234 342 131 95 56 74 80 38 370 234 124 62 50 45 101 91 423 154 105 58 43 39 111 
20 87 143 127 231 238 146 32 6 65 139 103 135 258 208 110 19 106 83 98 92 201 250 175 
273 360 165 95 56 39 34 2 115 437 171 126 75 42 36 22 178 349 180 126 70 52 36 33 
113 506 98 59 54 78 95 21 49 532 111 60 57 55 82 78 402 222 75 62 45 54 64 100 
14 664 189 46 38 15 34 24 5 572 274 52 37 23 23 38 395 439 52 37 27 19 18 37 
151 494 60 77 76 88 66 12 131 434 126 43 68 96 80 46 328 322 50 32 59 92 77 64 
253 255 118 193 143 50 12 0 219 218 133 102 189 113 42 8 281 124 112 114 149 166 60 18 
76 187 134 221 270 136 0 0 71 151 73 149 219 310 51 0 64 135 58 92 194 282 196 3 
88 69 111 94 330 327 5 0 45 87 59 94 126 497 115 1 13 101 36 96 76 267 420 15 
14 115 90 96 449 260 0 0 3 98 61 83 100 581 98 0 0 56 75 73 77 241 500 2 
2 9 29 117 556 311 0 0 0 6 8 45 221 658 86 0 0 0 10 11 79 443 475 6 
3 30 59 125 604 203 0 0 0 13 37 74 169 674 57 0 0 3 23 46 108 502 341 1 
4 59 105 150 424 275 7 0 0 9 93 99 203 472 145 3 0 1 38 94 136 346 397 12 
1 14 60 180 447 305 17 0 0 4 24 83 240 441 221 11 0 1 8 38 133 364 415 65 
0 0 21 133 413 437 20 0 0 0 4 44 184 536 246 10 0 0 0 14 96 285 542 87 
0 4 64 260 326 327 43 0 0 0 11 120 288 351 240 14 0 0 2 50 210 294 352 116 
0 3 113 281 446 172 9 0 0 0 16 153 318 394 133 10 0 0 0 61 238 380 306 39 
0 29 88 269 441 193 4 0 0 8 37 125 335 393 125 1 0 0 17 77 209 408 280 33 
0 50 116 359 413 84 2 0 0 12 88 175 438 268 43 0 0 0 48 139 407 269 159 2 
0 76 188 393 256 110 1 0 0 7 132 323 282 185 95 0 0 0 63 302 276 220 132 31 
0 61 235 315 299 111 3 0 0 10 98 294 289 232 94 7 0 0 41 260 241 277 157 48 
3 320 125 256 201 101 18 0 0 160 201 141 282 118 101 21 0 145 194 82 206 229 112 56 
35 48 46 50 130 506 209 0 24 50 44 38 58 256 507 47 9 60 38 34 36 71 258 518 
3 32 43 74 216 434 222 0 9 28 36 47 130 233 489 52 7 21 30 49 58 161 270 428 
10 86 37 33 84 583 191 0 0 87 30 26 42 217 615 7 14 62 38 20 21 58 328 483 
12 278 119 147 244 220 4 0 7 274 101 98 198 192 154 0 67 199 102 87 123 167 188 91 
0 20 65 193 355 304 87 0 0 13 45 102 247 410 165 42 0 6 32 71 139 305 358 113 
0 0 0 0 2 253 766 3 0 0 0 0 0 64 709 251 0 0 0 0 0 1 155 868 
0 0 0 0 7 426 591 0 0 0 0 0 0 30 960 34 0 0 0 0 0 0 81 943 
0 0 0 0 26 651 347 0 0 0 0 0 0 51 923 50 0 0 0 0 0 0 104 920 
0 0 0 0 0 486 538 0 0 0 0 0 0 15 869 140 0 0 0 0 0 0 10 1014 
0 0 0 0 0 281 743 0 0 0 0 0 0 12 735 277 0 0 0 0 0 0 41 983 
0 0 0 0 0 37 977 10 0 0 0 0 0 0 368 656 0 0 0 0 0 0 19 1005 
0 0 0 0 0 35 951 38 0 0 0 0 0 0 427 597 0 0 0 0 0 0 9 1015 
0 18 52 58 93 221 582 0 0 13 41 48 53 83 367 419 0 6 35 46 40 47 89 761 
8 228 119 121 133 205 210 0 20 204 104 90 110 128 224 144 64 153 87 81 91 90 145 313 
26 444 143 79 83 135 113 1 108 387 122 71 64 109 95 68 276 271 86 57 57 87 86 104 
0 2 94 77 63 153 401 234 0 24 95 63 53 82 245 462 0 42 75 67 40 54 138 608 
1 46 49 46 62 95 544 181 3 48 46 45 52 67 152 611 12 38 39 49 44 60 99 683 
0 28 44 66 55 100 408 323 0 29 53 57 48 73 195 569 5 32 44 54 47 60 95 687 
2 28 226 147 126 89 322 84 2 77 206 129 115 71 109 315 7 176 155 114 95 61 58 358 
9 51 178 230 138 157 221 40 1 51 192 207 124 118 176 155 11 126 199 151 99 84 131 223 
448 337 69 42 34 27 63 4 253 484 86 50 34 30 33 54 580 181 58 48 34 31 22 70 
276 464 90 94 73 27 0 0 190 522 65 89 76 62 20 0 537 185 42 72 82 66 40 0 
95 384 55 117 231 129 13 0 55 405 42 58 164 199 98 3 255 205 37 48 103 211 148 17 
7 63 82 141 387 329 15 0 1 46 51 103 186 461 174 2 17 21 34 81 150 378 326 17 
0 2 68 195 387 350 22 0 0 0 17 118 290 408 190 1 0 0 2 66 197 378 365 16 
2 22 42 174 402 356 26 0 0 5 37 67 264 482 167 2 0 2 14 46 174 383 372 33 
0 0 11 97 361 510 45 0 0 0 0 55 123 512 326 8 0 0 0 11 101 310 531 71 
0 6 23 60 358 544 33 0 0 0 13 36 98 586 286 5 0 0 2 15 53 283 609 62 
0 12 72 165 421 346 8 0 0 3 40 86 200 510 185 0 0 0 6 50 124 367 445 32 
0 18 86 220 523 177 0 0 0 4 36 108 290 526 60 0 0 0 9 68 156 434 346 11 
8 70 202 254 365 125 0 0 0 24 117 193 283 362 45 0 0 0 49 139 255 339 239 3 
0 20 119 236 430 215 4 0 0 3 57 135 284 443 102 0 0 0 9 92 163 340 380 40 
20 116 204 266 332 85 1 0 3 57 165 196 277 277 48 1 0 17 99 184 210 311 194 9 
4 238 223 277 205 73 4 0 0 128 210 225 230 179 48 4 0 12 224 185 252 218 122 11 
18 102 166 257 354 124 3 0 1 37 127 169 278 307 103 2 0 9 74 148 205 314 251 23 
1 38 147 309 304 221 4 0 0 6 66 156 325 291 178 2 0 0 19 87 210 345 299 64 
0 5 101 172 294 413 39 0 0 0 11 127 203 299 357 27 0 0 2 36 172 232 376 206 
7 182 111 149 246 275 53 1 0 138 87 105 180 225 245 44 9 137 68 79 124 218 249 140 
39 170 180 133 169 227 106 0 7 174 138 135 132 136 211 91 34 166 115 119 134 128 177 151 
41 420 116 68 131 163 82 3 17 396 127 62 69 112 158 83 56 407 76 46 62 93 120 164 
113 266 85 63 83 81 333 0 83 281 77 56 56 61 131 279 93 254 76 49 47 58 37 410 
74 176 136 198 173 207 60 0 69 185 101 130 169 120 245 5 97 145 79 119 145 141 53 245 
0 6 14 29 131 623 221 0 2 8 10 22 66 141 775 0 0 8 10 17 33 68 133 755 
0 0 0 5 8 749 262 0 0 0 0 0 7 65 901 51 0 0 0 0 1 7 109 907 
0 0 0 18 38 629 339 0 0 0 0 1 23 66 859 75 0 0 0 0 4 24 132 864 
0 0 0 28 164 555 277 0 0 0 0 3 47 230 743 1 0 0 0 0 7 60 321 636 
0 0 0 0 0 729 295 0 0 0 0 0 0 0 1024 0 0 0 0 0 0 0 0 1024 
0 0 0 2 23 937 62 0 0 0 0 0 5 31 988 0 0 0 0 0 0 5 31 988 
0 0 0 0 18 560 446 0 0 0 0 0 2 38 983 1 0 0 0 0 0 3 62 959 
0 0 0 0 65 743 216 0 0 0 0 0 3 105 916 0 0 0 0 0 0 8 140 876 
0 0 1 5 62 493 463 0 0 0 0 3 7 109 847 58 0 0 0 0 4 6 155 859 
0 0 0 0 0 377 647 0 0 0 0 0 0 0 863 161 0 0 0 0 0 0 31 993 
2 15 16 20 146 417 408 0 2 10 17 17 46 182 642 108 2 6 13 16 23 65 221 678 
106 116 32 36 70 250 414 0 47 159 30 35 40 116 447 150 103 88 38 29 35 68 138 525 
372 504 85 19 17 27 0 0 307 592 66 15 14 27 3 0 843 112 20 11 15 20 3 0 
1 55 31 44 90 194 583 26 1 58 29 43 73 116 431 273 54 23 32 37 53 72 183 570 
3 26 17 30 34 252 604 58 2 27 22 24 29 83 551 286 8 19 22 22 24 37 150 742 
0 5 18 12 15 84 580 310 1 14 10 11 12 39 324 613 1 12 9 12 10 15 115 850 
1 55 88 78 102 230 367 103 3 68 94 62 85 113 323 276 12 75 77 59 65 78 156 502 
0 30 103 84 144 274 341 48 2 51 91 81 116 151 336 196 16 64 62 77 105 123 262 315 
1 14 56 74 69 182 564 64 0 4 46 67 66 85 287 469 0 1 36 60 65 73 149 640 
1 17 78 137 211 201 307 72 1 3 53 82 176 221 203 285 0 2 29 71 134 203 194 391 
16 119 82 117 201 280 196 13 2 109 67 89 119 307 216 115 0 47 92 72 98 205 327 183 
12 63 87 195 352 272 43 0 4 35 68 114 211 386 193 13 0 14 65 81 153 326 335 50 
1 29 89 168 413 306 18 0 0 3 62 107 251 427 170 4 0 1 26 83 142 368 371 33 
20 92 204 339 301 66 2 0 1 55 131 241 359 198 39 0 0 12 78 177 287 342 120 8 
7 63 208 318 286 132 10 0 2 19 105 256 312 245 85 0 0 5 35 180 296 306 185 17 
6 91 201 223 282 215 6 0 0 35 128 213 226 285 137 0 0 3 70 171 229 260 263 28 
38 245 231 163 180 164 3 0 4 139 241 194 139 188 119 0 0 17 189 257 174 154 213 20 
24 162 250 221 265 95 7 0 8 59 212 215 226 245 54 5 0 20 101 242 220 232 193 16 
9 99 146 278 334 154 4 0 1 30 134 161 281 325 89 3 0 3 56 134 197 328 274 32 
12 156 250 219 282 104 1 0 1 73 202 193 215 281 58 1 0 19 102 226 201 260 206 10 
14 123 198 214 243 227 5 0 3 52 158 163 210 254 183 1 0 12 77 177 177 232 322 27 
0 14 49 158 351 423 29 0 0 4 29 54 198 393 337 9 0 3 6 35 93 285 510 92 
1 4 28 102 232 606 51 0 0 2 7 40 118 297 551 9 0 2 3 13 69 153 520 264 
0 6 43 73 224 606 72 0 0 1 15 52 97 267 556 36 0 0 6 28 56 155 562 217 
8 278 154 119 135 281 49 0 4 243 157 94 113 148 257 8 51 284 70 67 91 136 218 107 
133 824 31 17 13 6 0 0 40 883 61 10 17 7 3 3 476 490 19 11 16 6 3 3 
278 416 93 80 84 69 4 0 131 528 84 65 57 73 74 12 420 262 59 49 58 65 61 50 
535 244 26 26 38 61 94 0 278 475 37 28 24 25 93 64 630 137 26 21 22 27 29 132 
80 109 52 52 107 271 353 0 136 66 43 48 72 164 452 43 137 63 40 44 47 85 170 438 
0 0 6 14 86 450 468 0 0 0 3 11 18 113 790 89 0 0 0 3 11 26 151 833 
27 58 41 86 209 517 86 0 23 57 34 50 103 214 543 0 30 41 31 34 56 127 217 488 
0 0 1 20 74 653 276 0 0 0 0 9 37 160 793 25 0 0 0 0 14 44 232 734 
0 0 0 1 51 812 160 0 0 0 0 0 20 162 827 15 0 0 0 0 1 26 212 785 
0 0 0 0 0 767 257 0 0 0 0 0 0 26 998 0 0 0 0 0 0 0 59 965 
0 0 0 0 32 952 40 0 0 0 0 0 0 77 947 0 0 0 0 0 0 0 74 950 
0 0 0 5 173 842 4 0 0 0 0 1 6 255 762 0 0 0 0 0 2 5 288 729 
5 11 12 52 248 585 111 0 1 6 12 14 78 260 649 4 0 2 6 12 15 88 303 598 
28 61 54 78 288 384 131 0 34 52 33 58 86 322 436 3 16 57 33 44 50 90 299 435 
151 347 60 74 178 205 9 0 186 312 51 40 83 174 178 0 328 170 42 36 50 77 167 154 
115 392 76 54 123 205 59 0 144 370 64 58 85 149 150 4 327 210 52 50 69 108 143 65 
2 13 33 38 161 544 233 0 1 8 26 28 73 241 595 52 1 4 11 25 40 90 310 543 
5 21 56 58 162 374 348 0 0 37 44 47 80 212 476 128 0 12 46 51 46 121 250 498 
383 227 15 30 24 87 258 0 390 208 15 19 30 34 194 134 506 76 24 11 18 28 49 312 
91 355 68 53 41 128 288 0 96 347 64 43 47 36 161 230 298 168 46 43 38 31 30 370 
71 233 128 55 36 199 301 1 89 258 87 41 31 84 224 210 146 194 91 37 24 32 119 381 
2 43 95 59 64 102 587 72 5 76 71 44 61 65 306 396 4 68 69 44 55 57 133 594 
35 211 77 54 97 187 337 26 119 136 74 47 80 108 239 221 119 122 73 46 56 79 132 397 
0 141 153 70 115 209 326 10 0 149 146 61 72 154 274 168 84 175 49 44 48 99 178 347 
2 31 165 194 173 231 222 6 5 28 167 166 172 125 269 92 8 105 133 152 136 127 97 266 
4 12 38 103 212 322 314 19 1 10 13 54 128 222 462 134 0 4 11 28 80 157 272 472 
29 149 129 117 128 220 233 19 25 133 133 107 98 146 218 164 68 152 90 92 77 115 132 298 
0 3 31 68 292 511 118 1 0 2 26 41 125 447 328 55 0 0 13 29 62 265 517 138 
0 0 15 69 288 560 92 0 0 0 2 27 122 470 393 10 0 0 0 8 53 272 578 113 
0 0 3 59 361 558 43 0 0 0 0 11 140 474 399 0 0 0 0 2 44 306 609 63 
0 33 116 186 408 278 3 0 0 3 67 120 249 415 170 0 0 0 20 102 141 376 355 30 
13 34 85 166 390 324 12 0 3 28 47 84 217 421 224 0 0 10 31 72 119 338 416 38 
0 8 27 161 491 333 4 0 0 3 14 57 231 505 214 0 0 0 6 19 106 382 451 60 
0 14 79 165 446 317 3 0 0 3 46 78 179 508 210 0 0 0 6 59 113 292 518 36 
1 10 21 88 410 484 10 0 1 2 11 30 137 561 280 2 0 1 4 19 52 285 618 45 
0 3 62 145 391 420 3 0 0 0 17 59 168 473 307 0 0 0 0 26 97 257 590 54 
0 13 59 208 313 409 22 0 0 4 14 100 231 326 347 2 0 0 4 29 141 285 470 95 
0 23 50 93 311 532 15 0 0 15 19 69 113 401 406 1 0 0 17 23 93 180 605 106 
2 12 12 70 308 515 105 0 0 5 10 19 89 488 388 25 0 0 8 11 32 150 645 178 
1 21 77 263 374 250 38 0 0 11 27 117 291 352 215 11 0 4 19 45 188 331 322 115 
158 316 163 213 145 29 0 0 133 263 157 112 193 137 29 0 139 248 91 114 153 169 104 6 
503 230 148 118 25 0 0 0 454 215 113 122 99 21 0 0 505 161 83 80 124 68 3 0 
385 450 117 30 30 12 0 0 212 541 162 41 28 23 14 3 589 256 100 23 17 19 16 4 
282 423 65 75 101 68 10 0 31 620 93 46 60 69 81 24 441 241 66 33 45 61 84 53 
708 207 33 24 46 6 0 0 707 220 27 20 29 21 0 0 822 107 24 15 26 27 3 0 
168 227 53 49 158 349 20 0 195 204 46 49 62 236 232 0 304 97 41 45 42 113 200 182 
549 236 80 89 50 20 0 0 543 230 65 62 66 43 15 0 633 129 54 61 64 37 36 10 
538 81 64 79 206 56 0 0 529 83 54 59 126 166 7 0 535 68 47 48 70 140 116 0 
487 74 66 107 252 38 0 0 480 72 63 67 126 215 1 0 487 61 53 57 77 131 158 0 
41 26 72 220 531 134 0 0 39 27 44 99 232 488 95 0 36 25 27 63 99 223 431 120 
2 8 11 68 388 547 0 0 1 9 9 10 104 449 442 0 0 5 7 10 28 110 297 567 
0 0 9 56 324 613 22 0 0 0 3 18 76 338 589 0 0 0 0 11 37 110 296 570 
75 60 53 90 242 490 14 0 73 58 40 44 100 270 439 0 59 55 37 33 50 124 242 424 
247 192 70 116 346 53 0 0 266 164 45 80 128 298 43 0 312 106 48 46 78 140 265 29 
798 226 0 0 0 0 0 0 871 153 0 0 0 0 0 0 1017 7 0 0 0 0 0 0 
918 71 11 18 6 0 0 0 882 108 10 14 8 2 0 0 980 11 9 13 9 2 0 0 
548 132 64 74 148 58 0 0 529 144 51 67 78 143 12 0 612 60 43 60 61 96 88 4 
207 188 60 66 170 304 29 0 252 140 50 47 101 176 257 1 313 81 43 31 53 109 163 231 
169 87 58 75 159 318 158 0 179 73 52 63 79 210 348 20 203 54 47 51 56 85 202 326 
414 256 59 64 131 100 0 0 432 232 50 49 80 129 52 0 603 70 39 47 50 87 90 38 
104 641 71 47 80 81 0 0 204 542 62 38 64 94 20 0 640 152 30 33 43 61 65 0 
15 253 133 81 94 156 254 38 40 257 114 70 75 141 175 152 180 178 76 49 62 85 130 264 
22 149 31 28 30 145 589 30 82 91 28 17 27 40 389 350 74 88 31 18 22 42 41 708 
48 216 62 58 63 152 410 15 64 203 58 48 51 105 263 232 176 105 38 50 39 66 124 426 
2 185 225 129 168 203 111 1 2 234 183 119 141 159 155 31 119 217 125 105 148 131 118 61 
441 123 118 94 77 91 76 4 421 142 102 90 69 72 102 26 463 114 93 86 59 65 87 57 
692 177 43 26 26 52 8 0 642 205 57 26 19 28 40 7 756 111 42 21 17 15 39 23 
178 283 126 66 107 196 67 1 141 283 141 68 82 105 150 54 186 243 130 65 65 98 110 127 
7 77 92 179 242 318 107 2 4 70 61 120 184 284 256 45 15 57 48 83 173 224 283 141 
1 47 149 212 284 265 65 1 0 23 78 190 207 267 221 38 0 2 44 110 222 260 251 135 
1 195 193 167 216 247 5 0 0 92 167 176 171 260 158 0 0 5 135 180 179 185 320 20 
19 99 120 138 226 416 6 0 11 59 98 116 144 348 248 0 1 33 85 106 137 165 429 68 
38 139 122 132 223 366 4 0 4 111 125 114 112 304 254 0 0 43 117 120 116 166 427 35 
61 78 86 95 269 421 12 2 26 102 52 78 111 459 191 5 0 98 49 74 85 199 494 25 
0 11 54 109 291 556 3 0 0 0 21 77 117 421 388 0 0 0 6 44 99 187 650 38 
0 0 12 74 397 536 5 0 0 0 2 24 101 599 298 0 0 0 0 3 43 258 683 37 
0 85 154 202 204 364 15 0 0 42 94 157 188 289 254 0 0 1 56 130 153 244 393 47 
3 22 56 147 341 427 28 0 0 13 28 67 177 440 296 3 0 0 19 43 98 232 547 85 
0 7 15 30 414 538 20 0 0 4 10 15 70 536 387 2 0 0 5 13 16 197 681 112 
6 39 93 200 229 418 39 0 0 24 54 99 196 253 393 5 0 1 33 62 135 228 400 165 
0 13 53 139 467 347 5 0 0 2 17 54 148 497 305 1 0 0 3 29 66 273 561 92 
117 108 154 216 282 147 0 0 86 88 100 142 212 254 142 0 39 93 73 115 152 284 212 56 
420 410 127 47 17 3 0 0 312 395 175 86 35 18 3 0 468 277 121 96 37 19 5 1 
345 396 64 57 62 100 0 0 87 593 88 47 49 48 79 33 357 359 52 42 47 42 45 80 
1019 5 0 0 0 0 0 0 1012 12 0 0 0 0 0 0 1024 0 0 0 0 0 0 0 
1024 0 0 0 0 0 0 0 1024 0 0 0 0 0 0 0 1024 0 0 0 0 0 0 0 
968 56 0 0 0 0 0 0 981 43 0 0 0 0 0 0 1005 19 0 0 0 0 0 0 
841 183 0 0 0 0 0 0 827 197 0 0 0 0 0 0 996 28 0 0 0 0 0 0 
937 74 13 0 0 0 0 0 915 93 15 1 0 0 0 0 988 20 13 3 0 0 0 0 
915 73 33 3 0 0 0 0 903 80 37 4 0 0 0 0 914 57 40 13 0 0 0 0 
770 149 59 44 2 0 0 0 747 162 47 44 24 0 0 0 816 88 46 40 31 3 0 0 
455 349 103 53 64 0 0 0 442 345 94 57 48 38 0 0 647 150 74 51 35 59 8 0 
432 165 56 58 181 132 0 0 470 136 50 42 87 200 39 0 499 115 41 37 56 85 169 22 
609 322 34 22 33 4 0 0 651 269 33 23 12 28 8 0 786 120 38 19 17 14 22 8 
1024 0 0 0 0 0 0 0 1024 0 0 0 0 0 0 0 1024 0 0 0 0 0 0 0 
1010 14 0 0 0 0 0 0 998 26 0 0 0 0 0 0 1023 1 0 0 0 0 0 0 
1017 7 0 0 0 0 0 0 1010 14 0 0 0 0 0 0 1024 0 0 0 0 0 0 0 
845 179 0 0 0 0 0 0 951 73 0 0 0 0 0 0 1015 9 0 0 0 0 0 0 
966 41 15 2 0 0 0 0 980 27 15 2 0 0 0 0 988 23 13 0 0 0 0 0 
1023 1 0 0 0 0 0 0 1023 1 0 0 0 0 0 0 1024 0 0 0 0 0 0 0 
727 297 0 0 0 0 0 0 773 251 0 0 0 0 0 0 1019 5 0 0 0 0 0 0 
402 590 32 0 0 0 0 0 540 469 15 0 0 0 0 0 940 82 2 0 0 0 0 0 
44 362 85 76 78 202 177 0 109 325 69 63 71 123 221 43 374 91 60 53 62 79 119 186 
43 443 107 79 89 128 135 0 23 479 98 65 78 96 140 45 401 136 78 55 63 76 89 126 
4 119 214 124 169 226 168 0 0 151 206 114 142 136 209 66 56 204 130 109 118 122 175 110 
55 303 180 119 138 154 75 0 94 316 134 114 123 108 105 30 268 216 116 81 108 87 67 81 
494 196 51 49 62 110 61 1 495 188 48 41 51 64 103 34 554 131 50 42 49 45 74 79 
959 57 6 2 0 0 0 0 952 64 6 2 0 0 0 0 992 24 8 0 0 0 0 0 
358 220 147 115 101 62 17 4 342 232 118 112 99 72 40 9 422 179 106 108 80 63 47 19 
0 36 58 108 176 194 412 40 0 25 49 58 111 182 230 369 0 19 47 40 63 147 189 519 
22 127 185 138 117 175 247 13 7 92 163 158 103 133 164 204 5 89 147 158 101 111 132 281 
92 240 321 242 106 19 4 0 28 212 286 224 204 61 9 0 2 188 233 229 209 138 23 2 
173 329 302 162 55 3 0 0 72 287 263 263 93 44 2 0 5 194 256 294 181 77 17 0 
169 507 210 84 42 11 1 0 11 468 292 141 72 37 3 0 0 178 478 178 127 42 21 0 
29 267 396 148 123 61 0 0 3 88 372 289 114 118 40 0 0 36 171 397 218 121 78 3 
13 219 116 95 266 273 42 0 0 83 216 79 131 294 196 25 0 0 138 190 96 238 277 85 
0 15 56 124 231 573 25 0 0 2 26 82 134 328 444 8 0 0 11 32 120 152 607 102 
0 0 0 41 212 754 17 0 0 0 0 3 54 442 523 2 0 0 0 0 5 128 765 126 
0 39 78 229 458 218 2 0 0 6 61 87 251 471 148 0 0 0 19 65 105 383 428 24 
8 238 198 187 186 206 1 0 0 63 231 193 185 204 148 0 0 0 136 211 175 197 282 23 
75 356 212 155 83 139 4 0 0 232 261 219 107 98 107 0 0 3 332 237 194 84 140 34 
88 353 250 193 122 18 0 0 1 221 308 213 165 105 11 0 0 36 319 264 180 172 51 2 
433 409 100 60 19 3 0 0 285 508 100 67 44 17 3 0 328 448 101 68 56 18 5 0 
551 465 8 0 0 0 0 0 360 653 11 0 0 0 0 0 848 176 0 0 0 0 0 0 
1024 0 0 0 0 0 0 0 1024 0 0 0 0 0 0 0 1024 0 0 0 0 0 0 0 
1024 0 0 0 0 0 0 0 1024 0 0 0 0 0 0 0 1024 0 0 0 0 0 0 0 
1020 4 0 0 0 0 0 0 1018 6 0 0 0 0 0 0 1024 0 0 0 0 0 0 0 
981 43 0 0 0 0 0 0 970 54 0 0 0 0 0 0 1024 0 0 0 0 0 0 0 
1010 14 0 0 0 0 0 0 1024 0 0 0 0 0 0 0 1024 0 0 0 0 0 0 0 
984 40 0 0 0 0 0 0 994 30 0 0 0 0 0 0 1019 5 0 0 0 0 0 0 
1011 13 0 0 0 0 0 0 1010 14 0 0 0 0 0 0 1016 8 0 0 0 0 0 0 
702 322 0 0 0 0 0 0 785 239 0 0 0 0 0 0 998 26 0 0 0 0 0 0 
998 26 0 0 0 0 0 0 1009 15 0 0 0 0 0 0 1024 0 0 0 0 0 0 0 
1013 11 0 0 0 0 0 0 1000 24 0 0 0 0 0 0 1024 0 0 0 0 0 0 0 
1024 0 0 0 0 0 0 0 1024 0 0 0 0 0 0 0 1024 0 0 0 0 0 0 0 
1024 0 0 0 0 0 0 0 1024 0 0 0 0 0 0 0 1024 0 0 0 0 0 0 0 
1024 0 0 0 0 0 0 0 1024 0 0 0 0 0 0 0 1024 0 0 0 0 0 0 0 
1024 0 0 0 0 0 0 0 1024 0 0 0 0 0 0 0 1024 0 0 0 0 0 0 0 
1024 0 0 0 0 0 0 0 1024 0 0 0 0 0 0 0 1024 0 0 0 0 0 0 0 
1024 0 0 0 0 0 0 0 1024 0 0 0 0 0 0 0 1024 0 0 0 0 0 0 0 
942 82 0 0 0 0 0 0 982 42 0 0 0 0 0 0 1010 14 0 0 0 0 0 0 
799 225 0 0 0 0 0 0 854 170 0 0 0 0 0 0 973 51 0 0 0 0 0 0 
448 453 110 12 1 0 0 0 497 406 104 15 2 0 0 0 710 261 44 8 1 0 0 0 
201 747 53 21 2 0 0 0 218 717 50 29 10 0 0 0 870 81 46 24 3 0 0 0 
182 627 167 29 9 10 0 0 276 562 139 29 9 9 0 0 652 299 47 10 8 7 1 0 
84 264 220 176 151 116 11 2 149 239 197 174 99 111 55 0 235 224 173 145 85 93 67 2 
12 140 356 228 144 97 46 1 16 150 337 202 143 85 66 25 116 223 242 152 127 71 42 51 
440 137 37 44 148 168 49 1 413 151 37 38 83 166 117 19 490 68 41 28 67 149 136 45 
741 262 21 0 0 0 0 0 788 190 46 0 0 0 0 0 901 104 19 0 0 0 0 0 
129 633 143 64 36 19 0 0 123 605 163 68 31 29 5 0 433 338 116 72 29 21 15 0 
107 566 140 74 44 78 15 0 125 566 120 69 41 50 45 8 553 220 58 53 42 38 35 25 
4 66 331 349 194 63 16 1 2 70 307 265 213 133 23 11 25 164 233 186 154 187 60 15 
11 185 253 268 250 46 11 0 3 113 171 213 250 228 35 11 0 39 141 212 212 279 108 33 
225 471 226 92 10 0 0 0 77 452 269 161 59 6 0 0 14 285 402 180 124 17 2 0 
228 407 117 128 86 51 7 0 74 359 261 109 96 81 43 1 3 276 335 158 101 94 52 5 
25 180 396 264 123 26 8 2 5 97 256 303 231 103 22 7 0 27 158 327 256 206 40 10 
13 102 306 376 177 48 1 1 9 50 152 339 298 144 31 1 4 36 54 215 369 267 77 2 
12 87 203 299 269 150 4 0 9 57 141 246 266 201 104 0 3 47 150 229 182 240 165 8 
2 51 234 261 344 132 0 0 0 33 178 206 249 340 18 0 0 33 169 206 132 252 232 0 
11 67 173 339 347 85 2 0 0 32 107 208 376 242 58 1 0 8 54 136 280 348 189 9 
20 153 222 239 311 79 0 0 6 72 154 209 237 295 51 0 0 19 106 149 230 244 264 12 
112 343 290 221 54 4 0 0 2 245 293 248 184 50 2 0 0 78 295 292 226 114 19 0 
435 345 183 55 6 0 0 0 258 299 268 141 50 8 0 0 204 218 261 230 87 24 0 0 
724 177 100 21 2 0 0 0 657 139 133 78 17 0 0 0 626 98 139 100 58 3 0 0 
