627 99 41 49 93 66 42 7 489 171 72 28 33 49 99 83 569 122 48 41 33 91 83 37 
71 128 27 35 107 145 158 353 35 128 41 24 22 31 198 545 84 90 41 19 28 107 221 434 
220 169 161 62 39 72 224 77 90 158 117 156 79 42 116 266 173 127 151 112 58 42 164 197 
9 10 423 308 70 23 140 41 3 3 6 82 487 180 82 181 5 4 11 413 293 95 67 136 
3 17 136 128 160 274 306 0 0 3 5 67 104 103 303 439 1 4 17 130 116 186 451 119 
138 109 143 155 136 187 155 1 37 107 63 100 113 127 214 263 86 90 97 114 134 173 274 56 
818 127 39 21 19 0 0 0 459 389 89 38 20 12 17 0 660 234 62 30 18 19 1 0 
804 123 64 24 9 0 0 0 376 346 153 69 48 18 10 4 764 159 61 25 14 1 0 0 
442 58 53 54 61 152 188 16 360 100 30 54 52 28 151 249 412 58 42 49 43 61 227 132 
87 227 54 48 61 97 250 200 28 232 78 28 36 61 148 413 85 202 60 37 42 62 213 323 
238 353 213 96 57 52 6 9 112 338 145 119 140 61 63 46 156 359 113 169 97 55 68 7 
34 134 85 97 171 241 241 21 9 41 91 71 57 64 301 390 23 47 122 59 76 195 397 105 
251 198 71 55 58 93 240 58 138 145 145 69 38 51 124 314 179 163 141 49 46 64 231 151 
192 172 147 83 60 96 266 8 13 188 145 70 94 71 106 337 62 225 101 126 79 71 243 117 
235 206 230 189 109 55 0 0 45 161 85 157 142 170 194 70 193 147 192 178 148 128 38 0 
531 240 149 69 31 4 0 0 82 209 186 205 137 109 62 34 608 231 123 43 17 2 0 0 
680 140 83 71 29 18 3 0 473 225 109 63 58 56 27 13 549 181 103 68 71 30 20 2 
257 82 106 99 67 135 257 21 198 58 50 81 74 85 164 314 233 46 87 79 93 74 274 138 
2 139 66 45 81 105 312 274 0 4 117 64 45 47 131 616 0 50 105 64 39 92 258 416 
198 166 61 51 55 154 265 74 62 215 98 59 41 35 137 377 107 212 77 51 46 52 300 179 
709 135 40 19 25 34 47 15 578 169 90 36 26 12 33 80 629 145 79 37 12 33 56 33 
898 119 2 3 2 0 0 0 422 527 62 7 2 2 2 0 436 543 38 2 3 2 0 0 
227 205 201 228 117 46 0 0 5 143 154 134 132 196 199 61 129 224 200 141 184 105 41 0 
354 198 220 176 67 8 1 0 113 128 92 110 128 181 191 81 368 201 272 132 39 7 5 0 
443 322 197 50 11 1 0 0 300 164 146 288 81 30 15 0 354 166 278 166 40 19 1 0 
507 248 220 38 6 4 1 0 332 181 133 229 118 27 3 1 448 116 242 175 38 2 3 0 
70 108 111 133 119 202 266 15 16 53 73 82 87 117 206 390 63 37 86 98 122 122 360 136 
18 25 40 60 62 93 311 415 2 33 12 5 33 67 121 751 24 20 7 24 72 66 255 556 
104 31 45 83 82 79 194 406 64 42 16 27 39 57 131 648 96 25 27 68 65 74 179 490 
80 99 145 194 189 191 122 4 21 36 43 67 108 143 282 324 47 88 127 180 162 173 234 13 
76 124 135 207 231 179 71 1 2 33 86 88 108 137 314 256 71 101 126 202 194 194 125 11 
118 144 234 206 150 107 59 6 1 19 64 80 142 209 276 233 144 142 221 165 125 118 95 14 
614 148 143 90 26 3 0 0 468 128 125 102 105 72 23 1 494 152 126 118 87 42 5 0 
660 266 78 17 3 0 0 0 541 141 194 102 31 12 3 0 576 171 189 64 19 5 0 0 
962 18 8 8 7 20 1 0 877 94 9 6 7 8 11 12 946 30 7 8 9 12 12 0 
487 378 107 20 6 11 15 0 312 228 237 190 24 7 7 19 393 225 268 96 13 5 22 2 
27 88 212 134 154 209 187 13 4 24 37 105 101 115 268 370 9 35 66 200 134 196 320 64 
12 82 313 365 177 74 1 0 0 1 3 25 118 283 492 102 13 61 220 223 221 219 67 0 
112 277 254 190 90 87 14 0 0 1 99 179 186 171 237 151 94 272 280 171 76 61 69 1 
161 210 279 187 99 60 28 0 0 39 101 110 155 207 260 152 185 270 248 133 73 64 51 0 
736 184 61 19 13 10 1 0 565 142 182 81 22 14 12 6 598 163 171 56 15 12 9 0 
902 102 15 4 1 0 0 0 590 325 85 18 4 2 0 0 829 161 23 9 1 1 0 0 
773 230 20 1 0 0 0 0 449 351 196 27 1 0 0 0 623 323 73 5 0 0 0 0 
402 565 48 9 0 0 0 0 88 208 525 182 19 2 0 0 226 335 422 35 6 0 0 0 
127 255 383 239 20 0 0 0 13 40 80 211 244 165 171 100 113 139 408 314 48 2 0 0 
59 632 261 71 1 0 0 0 0 1 257 357 168 121 103 17 52 198 603 131 33 7 0 0 
214 543 193 66 8 0 0 0 0 0 274 329 215 134 59 13 85 412 417 92 18 0 0 0 
591 409 16 8 0 0 0 0 0 485 484 30 12 6 7 0 81 850 86 6 1 0 0 0 
368 652 4 0 0 0 0 0 58 210 682 74 0 0 0 0 46 447 529 2 0 0 0 0 
813 198 13 0 0 0 0 0 398 448 160 18 0 0 0 0 393 497 129 5 0 0 0 0 
913 107 4 0 0 0 0 0 818 116 75 15 0 0 0 0 797 143 81 3 0 0 0 0 
839 100 63 22 0 0 0 0 683 148 75 65 33 20 0 0 683 162 80 67 26 6 0 0 
653 283 54 25 6 3 0 0 316 340 249 70 29 16 4 0 368 425 146 50 26 7 2 0 
112 381 115 140 234 42 0 0 32 26 282 164 84 100 272 64 56 92 354 85 114 267 56 0 
172 346 285 129 87 5 0 0 3 87 158 138 244 201 173 20 51 314 288 163 99 93 16 0 
183 521 205 53 50 12 0 0 0 60 553 141 131 69 52 18 3 320 399 171 65 54 12 0 
225 539 232 28 0 0 0 0 0 73 546 196 157 51 1 0 0 193 524 222 84 1 0 0 
594 398 32 0 0 0 0 0 0 467 455 91 11 0 0 0 158 549 261 54 2 0 0 0 
791 233 0 0 0 0 0 0 8 852 164 0 0 0 0 0 21 957 46 0 0 0 0 0 
967 57 0 0 0 0 0 0 126 873 25 0 0 0 0 0 512 512 0 0 0 0 0 0 
554 375 78 17 0 0 0 0 1 490 307 162 41 15 8 0 228 428 266 74 20 8 0 0 
103 348 363 149 52 9 0 0 0 51 234 211 204 187 118 19 0 123 309 272 231 78 11 0 
532 439 51 1 1 0 0 0 17 302 490 127 77 11 0 0 34 765 210 13 1 1 0 0 
248 499 248 22 4 2 1 0 19 111 252 251 285 98 7 1 109 366 365 145 32 4 2 1 
