6 188 465 306 52 7 0 0 0 14 288 483 195 41 3 0 9 231 506 225 46 7 0 0 
17 217 412 299 75 4 0 0 2 82 307 382 213 38 0 0 21 242 504 199 56 2 0 0 
18 98 275 313 276 40 4 0 7 43 151 445 356 20 2 0 19 124 386 349 134 10 2 0 
5 102 301 207 350 53 6 0 2 36 200 357 371 50 8 0 13 158 341 326 137 36 13 0 
12 66 413 382 129 22 0 0 3 28 153 571 242 25 2 0 17 133 574 250 29 20 1 0 
0 35 181 511 290 7 0 0 0 2 101 536 380 5 0 0 1 70 359 512 80 2 0 0 
0 9 121 333 480 75 6 0 0 2 51 450 479 42 0 0 1 19 301 510 191 2 0 0 
8 41 103 259 473 140 0 0 0 17 75 325 570 37 0 0 4 53 199 515 253 0 0 0 
0 4 125 312 408 175 0 0 0 1 59 387 559 18 0 0 0 33 226 595 170 0 0 0 
0 24 71 208 672 49 0 0 0 10 74 284 652 4 0 0 0 48 190 726 60 0 0 0 
9 178 485 326 26 0 0 0 0 12 264 584 159 5 0 0 24 323 513 160 4 0 0 0 
7 119 331 371 90 94 12 0 0 17 188 481 222 97 19 0 8 177 500 151 45 89 54 0 
0 22 182 200 166 362 91 1 0 6 54 278 202 347 132 5 0 24 209 140 136 263 233 19 
13 97 228 248 124 296 18 0 1 37 134 252 257 301 42 0 16 153 288 112 88 240 127 0 
16 97 303 528 35 42 3 0 4 45 105 452 371 37 10 0 28 131 640 167 12 29 17 0 
2 67 327 566 62 0 0 0 0 21 104 505 392 2 0 0 16 129 649 230 0 0 0 0 
0 7 210 705 102 0 0 0 0 0 43 558 423 0 0 0 0 70 569 382 3 0 0 0 
0 1 113 567 343 0 0 0 0 0 6 441 577 0 0 0 0 19 467 533 5 0 0 0 
0 4 170 545 304 1 0 0 0 0 15 598 410 1 0 0 0 46 509 466 3 0 0 0 
0 21 157 615 230 1 0 0 0 2 72 713 236 1 0 0 0 68 571 384 1 0 0 0 
9 97 566 316 35 1 0 0 0 11 197 592 208 15 1 0 14 233 629 138 9 1 0 0 
70 149 322 429 54 0 0 0 2 69 180 515 254 4 0 0 69 225 578 150 2 0 0 0 
15 161 526 299 22 1 0 0 0 43 244 614 117 6 0 0 29 251 626 110 6 2 0 0 
6 81 383 263 118 133 37 3 0 15 185 448 169 149 53 5 5 149 423 150 97 119 73 8 
0 6 37 120 377 413 69 2 0 4 29 105 354 435 91 6 0 3 41 84 252 485 143 16 
2 52 79 201 436 203 48 3 0 52 81 171 433 224 58 5 6 58 85 149 336 295 83 12 
9 131 161 246 356 108 13 0 3 69 208 301 358 76 9 0 40 169 130 270 340 65 10 0 
73 232 331 258 111 14 5 0 16 143 264 452 130 19 0 0 82 317 343 181 88 13 0 0 
45 274 565 115 24 1 0 0 17 81 421 436 54 15 0 0 49 432 464 60 19 0 0 0 
27 337 569 84 7 0 0 0 1 90 495 408 29 1 0 0 42 495 447 37 3 0 0 0 
27 273 544 148 26 6 0 0 0 37 273 570 120 19 5 0 28 311 474 179 30 2 0 0 
8 218 489 233 76 0 0 0 0 13 366 534 102 8 1 0 28 423 437 126 10 0 0 0 
68 131 329 363 130 3 0 0 14 102 479 382 45 2 0 0 63 251 494 203 13 0 0 0 
38 177 425 319 61 3 1 0 6 64 357 504 88 4 1 0 58 293 504 160 8 1 0 0 
4 61 409 417 103 21 9 0 0 8 169 522 274 37 12 2 5 154 581 198 67 17 2 0 
0 31 405 397 137 40 14 0 0 5 154 561 239 46 13 6 1 95 431 294 133 60 10 0 
7 48 151 417 269 102 30 0 5 50 113 407 306 104 38 1 7 46 124 261 368 157 57 4 
6 21 92 394 246 156 94 15 4 23 79 375 251 165 103 24 3 20 56 251 314 192 142 46 
139 348 179 173 131 39 15 0 56 266 305 197 143 41 16 0 141 332 156 114 173 80 27 1 
494 390 136 4 0 0 0 0 234 421 312 54 3 0 0 0 440 486 96 2 0 0 0 0 
41 423 365 98 50 32 13 2 0 49 427 378 81 52 30 7 75 527 263 72 51 28 8 0 
12 291 573 113 26 8 1 0 0 11 292 595 98 19 8 1 36 545 364 57 13 9 0 0 
67 330 476 132 18 1 0 0 14 109 344 477 71 9 0 0 110 522 335 49 8 0 0 0 
217 316 289 147 47 7 1 0 83 227 343 285 68 15 3 0 244 382 286 91 19 2 0 0 
94 336 258 170 81 54 29 2 7 124 401 270 97 63 55 7 91 371 305 120 69 51 17 0 
125 270 192 126 103 110 91 7 10 209 253 179 118 114 104 37 100 320 196 127 112 110 59 0 
20 115 251 233 169 141 91 4 11 37 249 273 171 150 105 28 17 177 275 195 166 124 70 0 
28 41 213 435 215 70 22 0 28 33 213 466 180 70 33 1 20 55 184 467 218 67 12 1 
1 51 326 414 178 50 4 0 0 44 287 439 185 64 5 0 1 29 184 469 218 101 22 0 
154 64 369 225 124 55 33 0 127 82 304 265 135 70 41 0 127 72 191 323 158 88 63 2 
6 210 419 150 104 81 50 4 0 12 212 451 144 98 85 22 19 320 353 128 97 78 29 0 
15 256 477 148 67 37 24 0 0 16 278 483 137 56 45 9 29 445 345 109 47 37 12 0 
66 360 476 95 15 7 5 0 10 60 359 498 76 11 8 2 108 506 342 49 11 5 3 0 
68 316 468 148 20 4 0 0 10 86 341 461 111 13 2 0 133 450 357 75 8 1 0 0 
331 292 238 133 28 2 0 0 91 341 301 237 49 3 2 0 297 381 275 63 6 2 0 0 
375 356 218 61 11 1 2 0 86 355 376 157 38 10 2 0 383 427 177 29 6 2 0 0 
328 353 252 69 14 8 0 0 79 290 437 186 29 2 1 0 342 436 207 28 9 2 0 0 
201 450 292 62 14 5 0 0 7 230 455 294 30 8 0 0 221 553 209 33 4 4 0 0 
24 137 449 255 121 36 2 0 24 107 444 290 125 33 1 0 28 172 373 311 112 28 0 0 
13 216 605 158 31 1 0 0 12 176 609 191 35 1 0 0 10 124 522 312 53 3 0 0 
60 350 325 109 63 63 49 5 1 72 357 344 93 64 61 32 95 449 242 84 64 55 35 0 
17 233 340 151 105 83 83 12 0 13 244 383 138 104 94 48 31 329 309 122 89 84 59 1 
26 241 404 167 63 70 46 7 0 26 261 434 145 73 57 28 48 385 337 102 66 55 31 0 
39 342 440 122 43 26 12 0 0 36 353 449 112 42 25 7 81 463 335 80 40 17 8 0 
203 412 310 68 21 9 1 0 18 190 465 274 51 17 9 0 202 517 248 38 12 6 1 0 
317 410 251 37 8 1 0 0 103 275 353 251 34 7 1 0 376 445 179 18 5 1 0 0 
225 358 225 88 63 50 15 0 25 236 399 196 67 57 38 6 250 413 188 63 62 40 8 0 
76 201 229 193 143 110 70 2 15 90 261 270 160 110 105 13 82 242 266 172 123 110 29 0 
34 168 285 267 159 77 34 0 1 99 304 310 171 90 47 2 53 237 307 220 137 58 12 0 
93 290 337 204 95 5 0 0 13 200 451 271 82 7 0 0 101 317 322 204 77 3 0 0 
86 350 288 76 80 80 56 8 0 92 388 264 96 78 80 26 98 442 200 102 62 86 34 0 
80 308 312 100 72 58 78 16 6 86 336 310 96 70 72 48 90 430 222 94 70 62 54 2 
32 310 384 126 62 38 66 6 0 40 344 380 106 54 62 38 66 424 304 76 52 64 38 0 
176 494 234 48 38 20 14 0 0 190 474 252 42 40 18 8 204 564 152 34 44 12 14 0 
230 448 238 62 32 10 4 0 100 166 442 234 48 22 8 4 240 510 180 60 22 8 4 0 
350 344 216 94 12 4 4 0 234 318 292 140 26 10 4 0 386 354 182 78 16 6 2 0 
214 540 206 36 20 8 0 0 20 292 524 142 28 18 0 0 252 584 138 30 18 2 0 0 
146 422 324 114 16 2 0 0 40 474 432 66 8 4 0 0 172 580 228 34 10 0 0 0 
346 464 140 42 18 8 6 0 24 428 444 82 20 20 6 0 362 502 104 30 20 6 0 0 
262 498 214 38 10 2 0 0 10 304 516 162 28 4 0 0 284 504 186 44 6 0 0 0 
