31 154 224 300 184 125 6 0 7 63 88 161 271 259 155 20 546 280 151 33 13 1 0 0 
1 67 154 180 327 182 70 43 0 53 142 103 260 236 163 67 15 183 355 234 89 60 37 51 
0 21 35 105 272 374 201 16 0 20 34 64 243 288 301 74 0 25 169 353 297 160 19 1 
0 3 14 42 131 424 354 56 0 3 6 18 77 232 418 270 17 51 213 335 241 123 44 0 
0 0 5 20 116 432 397 54 0 0 5 31 105 197 350 336 1 4 54 316 389 204 29 27 
0 7 40 106 202 274 273 122 0 11 37 58 108 262 303 245 1 55 158 198 224 206 152 30 
1 19 86 174 315 303 124 2 0 9 38 134 201 287 260 95 61 143 319 311 135 49 5 1 
6 166 243 199 218 132 49 11 0 6 114 298 248 205 123 30 313 218 198 154 81 37 17 6 
597 203 84 75 47 14 4 0 522 242 73 63 59 42 21 2 716 183 78 30 8 4 5 0 
251 193 128 104 109 133 77 29 156 258 128 121 103 130 96 32 226 231 125 96 87 115 97 47 
51 105 180 204 265 151 57 11 46 100 176 207 272 150 61 12 64 133 201 246 232 93 38 17 
245 225 222 188 89 46 9 0 230 225 234 186 86 51 12 0 299 288 226 128 59 23 1 0 
230 217 179 145 124 81 22 26 185 212 181 164 131 78 36 37 308 240 149 127 110 58 15 17 
23 136 157 149 153 126 136 144 10 135 157 155 160 119 135 153 23 141 147 157 149 112 120 175 
79 233 273 196 130 58 33 22 61 235 274 192 133 68 35 26 100 295 271 160 105 43 22 28 
199 285 237 158 100 26 18 1 193 287 237 172 92 23 19 1 246 311 208 138 82 25 13 1 
370 175 143 160 134 32 9 1 317 211 140 156 145 45 9 1 383 152 128 140 149 55 12 5 
93 282 128 142 110 110 127 32 70 285 138 130 119 111 130 41 96 275 121 109 126 97 116 84 
446 344 91 63 41 31 7 1 382 391 101 65 46 29 9 1 455 348 77 60 42 31 9 2 
152 449 203 104 41 23 30 22 131 458 209 109 39 25 30 23 173 449 192 91 42 20 31 26 
179 322 94 69 81 110 103 66 101 375 104 73 73 121 108 69 178 318 90 73 69 105 115 76 
106 214 128 110 86 100 175 105 78 226 129 112 92 94 175 118 100 213 118 105 98 89 153 148 
624 177 79 62 41 31 10 0 604 186 86 60 46 30 12 0 635 164 79 61 42 26 17 0 
863 127 19 9 4 2 0 0 859 131 19 9 4 2 0 0 891 103 18 6 5 1 0 0 
369 326 195 59 32 26 17 0 282 323 153 178 42 29 17 0 564 261 75 46 30 23 17 8 
490 230 122 62 46 57 16 1 432 272 124 70 44 60 21 1 496 248 86 63 46 48 34 3 
264 269 227 143 73 33 15 0 230 263 236 156 86 34 18 1 286 284 200 119 74 38 20 3 
48 169 140 87 52 148 224 156 28 156 158 97 54 129 228 174 49 171 132 89 50 101 235 197 
107 129 52 45 70 151 270 200 98 134 53 42 68 138 261 230 122 119 46 40 62 129 239 267 
212 567 178 32 6 5 8 16 207 574 177 32 4 7 6 17 360 519 91 22 2 7 5 18 
333 367 148 72 58 42 4 0 336 362 146 77 72 29 2 0 457 353 83 42 52 33 4 0 
510 271 149 67 21 3 3 0 503 288 152 55 20 3 3 0 555 267 135 41 21 2 3 0 
220 586 183 27 6 2 0 0 100 417 355 127 22 3 0 0 636 256 100 22 7 3 0 0 
329 431 202 55 6 1 0 0 273 449 231 62 8 1 0 0 401 467 123 27 5 1 0 0 
379 305 160 53 59 44 24 0 322 330 170 66 57 47 30 2 423 310 109 47 54 36 41 4 
0 9 11 44 140 248 456 116 0 9 9 40 122 235 447 162 1 8 11 31 105 216 404 248 
452 247 73 53 63 78 56 2 437 246 80 55 57 84 63 2 489 210 70 51 51 81 67 5 
615 328 50 24 7 0 0 0 605 339 49 24 6 1 0 0 742 224 31 22 5 0 0 0 
827 144 41 7 4 1 0 0 821 150 41 8 3 1 0 0 852 126 35 7 3 1 0 0 
453 139 95 186 138 8 3 2 455 145 102 209 104 4 3 2 480 136 105 204 91 4 3 1 
613 191 171 41 7 1 0 0 608 173 178 56 6 3 0 0 638 231 119 30 5 1 0 0 
414 321 115 64 50 37 21 2 386 337 119 64 49 41 24 4 494 271 86 55 44 40 26 8 
68 84 75 77 128 370 200 22 35 102 77 79 114 352 240 25 79 86 56 71 100 296 296 40 
0 7 69 183 229 237 247 52 0 5 59 174 221 237 265 63 0 5 60 159 202 231 252 115 
24 233 373 235 103 28 27 1 21 229 355 251 108 31 26 3 33 241 331 234 118 34 29 4 
323 231 178 145 68 31 30 18 321 223 187 146 67 32 28 20 338 213 175 137 76 30 34 21 
771 142 44 30 20 9 7 1 780 133 46 29 19 9 6 2 794 119 39 31 21 9 7 4 
767 141 33 35 45 3 0 0 776 140 27 36 42 3 0 0 791 128 24 26 48 7 0 0 
1024 0 0 0 0 0 0 0 1024 0 0 0 0 0 0 0 1024 0 0 0 0 0 0 0 
614 138 86 98 57 24 7 0 600 132 88 105 63 23 13 0 613 130 81 86 71 23 20 0 
283 262 143 86 90 67 71 22 222 299 142 100 87 70 78 26 276 284 118 81 86 66 79 34 
233 549 151 51 17 16 7 0 144 610 171 58 17 17 7 0 253 528 140 58 17 18 10 0 
156 190 106 149 130 158 117 18 142 184 114 144 133 154 124 29 171 168 94 133 131 155 117 55 
547 222 164 61 23 6 1 0 550 214 174 60 19 5 2 0 583 220 148 49 17 6 1 0 
587 224 112 49 30 17 5 0 601 222 104 52 25 15 5 0 620 228 91 49 19 16 1 0 
962 42 13 7 0 0 0 0 962 42 14 6 0 0 0 0 971 38 12 3 0 0 0 0 
1018 6 0 0 0 0 0 0 1018 6 0 0 0 0 0 0 1022 2 0 0 0 0 0 0 
933 54 12 14 6 3 2 0 934 51 13 12 9 3 2 0 932 53 13 11 8 5 1 1 
293 96 81 213 300 27 13 1 280 98 83 125 380 39 17 2 287 102 71 112 351 82 18 1 
240 177 133 285 184 5 0 0 240 173 123 219 258 11 0 0 264 167 116 189 265 23 0 0 
448 251 120 86 68 48 3 0 459 240 127 87 59 48 4 0 486 235 118 71 56 39 18 1 
357 272 177 148 53 16 1 0 358 275 167 160 46 17 1 0 406 266 156 130 49 16 1 0 
544 247 146 59 28 0 0 0 538 248 147 65 26 0 0 0 598 233 122 49 22 0 0 0 
203 369 284 60 48 39 18 3 214 358 286 61 44 41 17 3 262 414 200 50 51 28 17 2 
