8 37 207 447 277 40 7 1 4 35 156 464 303 50 10 2 22 32 226 437 261 40 5 1 
0 5 239 506 204 57 13 0 0 2 228 504 214 59 17 0 0 10 367 465 124 52 6 0 
0 129 456 318 89 30 2 0 0 92 418 342 133 35 4 0 0 68 412 343 148 44 6 3 
25 61 210 277 208 121 96 26 9 37 162 259 232 167 102 56 0 28 193 220 196 174 122 91 
0 79 416 207 197 102 21 2 0 28 388 256 193 133 24 2 0 19 393 217 192 146 53 4 
2 17 50 79 210 295 203 168 0 10 36 58 208 296 222 194 0 0 16 59 181 299 227 242 
0 0 0 11 49 99 216 649 0 0 0 6 34 102 189 693 0 0 0 7 34 111 186 686 
0 0 0 2 1 5 32 984 0 0 0 2 1 5 32 984 0 0 0 2 1 5 32 984 
0 0 0 0 0 5 43 976 0 0 0 0 0 5 43 976 0 0 0 0 0 5 43 976 
0 0 0 0 0 0 0 1024 0 0 0 0 0 0 0 1024 0 0 0 0 0 0 0 1024 
0 0 0 0 0 0 0 1024 0 0 0 0 0 0 0 1024 0 0 0 0 0 0 0 1024 
0 0 0 0 0 0 4 1020 0 0 0 0 0 0 4 1020 0 0 0 0 0 0 4 1020 
0 0 0 1 30 168 296 529 0 0 0 1 24 161 289 549 0 0 0 1 23 151 287 562 
0 0 2 29 180 327 306 180 0 0 0 13 106 302 344 259 0 0 0 3 108 269 360 284 
0 1 32 104 194 229 282 182 0 0 12 82 155 218 299 258 0 0 15 36 138 182 302 351 
0 0 21 92 221 231 185 274 0 0 12 68 195 253 227 269 0 0 5 78 211 249 187 294 
4 31 61 152 225 203 183 165 2 24 54 123 242 200 181 198 4 15 56 102 198 223 198 228 
4 61 203 215 163 139 139 100 2 65 190 203 145 139 149 131 14 71 117 185 149 147 157 184 
13 177 224 204 183 119 79 25 4 128 238 199 166 134 101 54 5 156 187 178 159 136 115 88 
2 11 77 234 203 149 132 216 1 11 87 250 194 177 114 190 35 25 83 208 203 150 162 158 
0 4 10 54 140 206 240 370 1 10 48 98 170 184 233 280 37 55 97 85 137 156 213 244 
1 11 28 132 223 211 200 218 1 18 76 180 188 191 175 195 24 27 109 158 187 180 181 158 
0 4 44 116 208 179 203 270 1 19 116 169 166 165 181 207 28 88 129 141 159 165 152 162 
2 70 225 206 139 121 113 148 4 136 258 171 114 102 104 135 19 70 227 199 136 135 113 125 
0 20 48 140 348 188 142 138 0 20 49 148 334 164 158 151 0 21 48 130 290 197 180 158 
3 143 345 134 233 130 33 3 5 201 321 116 232 116 31 2 5 198 323 112 233 119 32 2 
13 304 190 187 175 97 44 14 5 291 198 172 201 111 39 7 5 296 196 175 196 105 39 12 
26 103 157 257 303 141 27 10 31 124 148 271 294 117 31 8 28 123 147 260 289 142 28 7 
14 121 198 289 227 125 44 6 15 125 218 263 207 135 53 8 12 108 172 261 226 141 83 21 
0 0 15 221 439 303 35 11 0 0 59 383 518 53 10 1 0 0 52 409 460 97 6 0 
2 13 149 367 314 106 42 31 0 10 145 355 322 119 42 31 2 32 197 364 261 102 38 28 
1 20 253 434 185 84 37 10 0 7 204 413 231 109 44 16 1 31 366 379 147 64 24 12 
0 23 380 498 118 5 0 0 0 19 356 512 127 10 0 0 0 68 485 384 80 7 0 0 
0 15 316 472 174 37 6 4 0 11 247 507 205 42 8 4 0 15 322 475 172 31 5 4 
0 0 40 329 451 175 27 2 0 0 22 246 495 207 52 2 0 7 110 461 301 125 15 5 
0 1 114 363 364 157 25 0 0 0 49 370 406 171 28 0 0 2 110 401 326 158 27 0 
0 0 18 129 255 371 194 57 0 0 10 104 248 384 212 66 0 0 10 111 206 350 245 102 
0 0 0 0 23 207 362 432 0 0 0 0 23 207 362 432 0 0 0 0 23 207 362 432 
0 0 0 0 4 183 271 566 0 0 0 0 4 183 271 566 0 0 0 0 4 183 271 566 
0 0 0 0 0 11 56 957 0 0 0 0 0 11 56 957 0 0 0 0 0 11 56 957 
0 0 0 0 0 3 17 1004 0 0 0 0 0 3 17 1004 0 0 0 0 0 3 17 1004 
0 1 2 9 31 121 252 608 0 0 1 11 33 118 248 613 0 0 1 8 24 113 261 617 
0 0 0 21 149 361 323 170 0 0 0 21 153 357 323 170 0 0 0 19 126 374 333 172 
0 0 9 47 109 234 321 304 0 0 10 48 107 231 318 310 0 0 4 33 93 228 331 335 
3 4 4 21 86 182 230 494 4 3 11 77 92 144 213 480 2 5 15 65 80 131 230 496 
1 2 23 95 209 194 214 286 2 19 53 137 165 192 181 275 5 23 61 107 148 192 193 295 
0 8 42 111 173 205 227 258 0 9 43 128 195 212 193 244 3 27 81 152 174 178 175 234 
5 8 75 311 259 192 122 52 6 26 135 341 260 168 57 31 35 108 219 299 207 95 43 18 
2 3 119 302 229 155 119 95 3 26 214 299 216 163 80 23 36 148 266 290 149 108 19 8 
0 0 24 78 148 192 258 324 0 3 50 131 212 264 238 126 11 59 159 195 193 234 127 46 
0 1 10 48 116 163 274 412 2 21 44 123 128 157 237 312 78 92 100 115 131 134 199 175 
0 1 24 134 204 247 178 236 10 65 222 230 165 106 105 121 246 242 169 92 99 80 62 34 
6 19 78 224 271 169 128 129 14 36 175 277 164 145 112 101 51 87 170 209 158 129 105 115 
2 77 310 219 143 96 88 89 3 154 281 208 113 81 72 112 2 108 275 230 117 92 70 130 
0 4 68 276 368 235 67 6 0 4 44 271 403 230 66 6 0 3 65 283 363 221 76 13 
2 312 191 183 253 64 16 3 2 312 190 166 267 68 16 3 2 314 191 180 252 66 16 3 
0 295 167 135 155 160 97 15 2 323 216 160 178 119 23 3 19 332 221 195 157 92 6 2 
0 40 86 311 334 186 51 16 5 45 155 400 288 119 10 2 18 58 230 403 231 76 8 0 
62 378 141 229 139 59 16 0 77 392 149 268 121 17 0 0 61 394 160 268 115 26 0 0 
0 14 105 355 197 176 160 17 0 12 114 334 283 227 50 4 0 6 119 310 279 242 60 8 
14 82 355 364 156 47 6 0 16 138 286 351 169 57 7 0 40 201 332 289 134 25 3 0 
2 89 479 336 88 18 10 2 2 64 397 404 119 25 11 2 7 147 565 236 45 18 6 0 
2 127 521 236 114 23 1 0 1 55 563 255 126 23 1 0 2 116 576 207 105 17 1 0 
0 20 153 347 370 116 18 0 0 17 114 300 361 198 34 0 0 38 229 355 304 86 12 0 
0 2 49 535 387 46 5 0 0 2 35 485 432 63 6 1 0 10 307 556 141 8 2 0 
0 6 251 428 214 98 24 3 0 2 183 441 250 107 37 4 0 20 297 442 178 73 14 0 
0 7 133 307 286 202 71 18 0 4 65 312 317 226 79 21 1 9 138 358 266 176 60 16 
0 7 104 268 190 273 142 40 0 29 105 253 179 273 145 40 0 18 99 261 191 273 142 40 
0 0 10 21 135 629 205 24 0 0 18 14 98 648 217 29 0 0 18 14 86 642 229 35 
0 0 0 4 61 350 309 300 0 0 0 4 54 335 323 308 0 0 0 4 57 342 317 304 
0 0 0 0 4 210 429 381 0 0 0 0 4 214 425 381 0 0 0 0 4 198 439 383 
0 0 0 1 90 323 371 239 0 0 0 1 81 314 388 240 0 0 0 5 135 334 325 225 
0 0 5 41 172 299 281 226 0 3 14 37 189 303 261 217 7 10 14 80 259 249 233 172 
0 0 18 47 152 251 281 275 0 2 29 64 181 247 242 259 0 10 42 80 180 220 228 264 
1 13 26 86 153 289 289 167 11 29 79 125 204 264 218 94 20 52 98 139 191 213 213 98 
0 2 25 161 316 260 172 88 0 13 74 200 277 233 157 70 0 22 89 221 237 234 133 88 
4 37 182 341 309 91 31 29 7 41 195 365 301 75 24 16 7 64 293 354 220 54 24 8 
2 27 153 208 281 235 86 32 4 37 163 238 258 227 80 17 50 130 255 248 222 99 19 1 
1 39 271 225 193 211 74 10 3 44 288 255 169 206 57 2 31 148 321 217 132 137 37 1 
0 4 56 169 243 228 150 174 3 30 104 243 258 192 131 63 71 90 179 224 226 143 70 21 
0 5 14 41 123 231 252 358 4 14 79 112 165 150 191 309 55 86 103 154 118 117 174 217 
0 5 46 206 270 155 141 201 12 50 224 277 136 103 98 124 182 297 174 108 81 63 68 51 
2 18 72 225 320 220 98 69 4 44 143 330 267 130 62 44 35 120 296 256 175 67 51 24 
0 70 227 228 245 175 76 3 1 120 249 222 215 148 64 5 5 183 254 218 211 121 30 2 
0 19 94 380 315 157 57 2 0 30 89 374 342 147 37 5 14 54 171 455 228 88 14 0 
4 122 314 276 201 75 29 3 4 175 272 295 194 68 15 1 7 160 329 293 168 55 11 1 
45 283 271 144 153 102 24 2 28 297 272 170 175 66 12 4 81 271 284 199 154 31 3 1 
20 82 144 278 313 143 36 8 42 73 179 342 296 77 14 1 51 104 243 357 221 39 9 0 
60 196 100 221 258 157 28 4 108 212 138 283 248 32 3 0 187 144 149 318 201 22 3 0 
45 139 159 274 262 107 34 4 45 147 196 329 224 69 13 1 49 173 181 311 228 61 21 0 
1 118 468 375 42 15 3 2 0 106 446 403 47 16 4 2 1 110 464 388 41 15 3 2 
1 336 625 54 3 1 2 2 0 149 794 73 3 1 2 2 0 181 773 62 3 1 2 2 
3 155 556 213 85 10 2 0 4 138 551 214 98 17 2 0 6 197 573 197 47 3 1 0 
0 25 305 398 216 63 12 5 0 19 275 407 228 73 16 6 5 79 420 355 123 32 6 4 
0 13 147 476 294 84 10 0 0 13 130 471 309 91 10 0 0 27 242 457 239 51 8 0 
0 29 190 511 237 53 4 0 0 23 188 494 260 55 4 0 0 26 219 505 228 42 4 0 
0 8 158 330 278 166 68 16 0 3 123 327 302 172 76 21 2 15 214 389 248 117 37 2 
0 0 28 198 423 285 82 8 0 0 26 182 421 297 86 12 0 2 39 218 415 275 69 6 
0 0 0 56 677 266 25 0 0 0 0 39 611 345 29 0 0 0 0 39 564 394 27 0 
0 0 0 9 465 517 33 0 0 0 0 9 465 517 33 0 0 0 0 9 465 517 33 0 
0 0 0 0 264 619 136 5 0 0 0 0 264 614 141 5 0 0 0 0 284 614 121 5 
0 0 2 12 243 574 175 18 0 0 2 8 207 528 259 20 0 0 2 31 432 463 89 7 
0 0 9 65 311 470 130 39 0 3 18 72 282 465 139 45 3 22 61 152 434 266 66 20 
0 2 20 61 109 354 400 78 0 7 49 47 123 381 351 66 0 27 55 78 177 389 252 46 
0 0 8 85 296 369 192 74 0 2 31 116 306 352 163 54 3 12 66 190 401 240 85 27 
0 0 16 130 293 345 172 68 0 1 56 159 351 304 122 31 11 59 136 291 325 139 59 4 
13 78 128 214 255 165 77 94 13 86 122 196 288 158 79 82 67 114 186 270 199 74 65 49 
2 52 151 324 300 145 35 15 2 51 139 334 297 153 36 12 6 92 225 389 226 66 19 1 
0 25 317 188 138 127 92 137 3 53 356 191 139 87 67 128 23 169 368 174 86 59 82 63 
0 2 29 103 165 156 203 366 0 8 75 172 160 140 181 288 40 66 148 138 128 125 154 225 
1 8 33 84 139 177 216 366 5 28 73 133 145 156 222 262 96 91 95 134 144 153 162 149 
2 14 49 150 217 204 177 211 5 24 112 202 213 160 151 157 58 93 176 213 145 119 128 92 
0 10 64 259 341 206 88 56 6 37 144 382 271 98 53 33 50 176 317 298 106 44 24 9 
0 7 262 243 233 191 84 4 0 68 254 220 247 173 59 3 0 74 295 261 210 150 34 0 
9 92 133 328 303 132 22 5 12 67 174 310 285 149 23 4 35 113 183 374 244 62 13 0 
1 372 153 99 155 148 71 25 27 440 110 127 176 110 27 7 25 452 132 151 167 79 14 4 
41 625 247 78 29 4 0 0 61 650 215 73 24 1 0 0 78 664 189 76 16 1 0 0 
69 80 110 221 284 160 67 33 85 98 137 266 245 128 51 14 119 76 158 293 223 104 39 12 
21 75 73 144 388 247 71 5 108 60 80 325 325 114 12 0 117 63 147 426 207 63 1 0 
190 304 171 254 81 24 0 0 253 240 190 242 83 16 0 0 295 239 201 253 33 3 0 0 
6 169 514 287 40 8 0 0 1 142 521 312 40 8 0 0 1 161 523 296 35 8 0 0 
3 107 703 166 29 10 4 2 3 104 689 177 35 10 4 2 3 135 712 134 26 8 4 2 
6 298 526 147 41 5 1 0 6 287 525 155 45 5 1 0 6 379 482 123 30 3 1 0 
5 56 294 398 191 61 11 8 3 41 263 428 195 73 13 8 9 103 392 344 126 33 10 7 
3 19 152 374 321 122 21 12 3 18 131 365 329 134 31 13 7 56 341 333 197 63 16 11 
0 2 36 322 451 159 44 10 0 0 24 236 501 197 54 12 4 55 290 412 190 52 19 2 
0 8 53 172 349 279 130 33 0 5 45 157 334 298 142 43 0 23 107 245 355 200 74 20 
0 9 35 343 371 159 83 24 0 4 22 289 403 186 89 31 2 14 145 372 313 111 50 17 
0 12 68 395 394 114 39 2 0 8 66 385 402 121 40 2 4 22 123 392 352 97 30 4 
0 0 0 165 782 73 3 1 0 0 0 165 782 73 3 1 0 0 0 165 782 73 3 1 
0 0 0 20 685 317 2 0 0 0 0 20 685 317 2 0 0 0 0 20 685 317 2 0 
0 0 2 25 343 499 131 24 0 0 1 20 319 518 135 31 0 0 7 67 478 367 86 19 
1 2 54 203 378 282 82 22 0 21 94 189 351 268 86 15 20 99 167 289 316 104 25 4 
0 4 75 153 305 305 151 31 0 18 158 231 304 234 69 10 25 114 274 291 236 69 14 1 
0 0 10 40 177 417 239 141 0 1 21 110 309 344 188 51 1 23 131 309 268 206 69 17 
0 0 14 102 397 392 106 13 0 0 9 91 372 430 108 14 0 13 115 314 401 149 31 1 
2 7 49 226 390 240 86 24 2 9 55 237 385 253 65 18 2 29 193 374 288 92 35 11 
13 116 151 190 208 165 118 63 43 134 156 197 195 172 97 30 106 149 189 202 209 123 42 4 
8 79 193 149 178 185 115 117 70 130 161 155 208 141 109 50 153 177 167 195 151 109 58 14 
1 5 21 75 134 211 226 351 4 13 60 132 181 188 200 246 52 58 138 156 150 165 161 144 
1 7 23 75 165 149 235 369 5 30 68 124 146 160 212 279 78 97 112 119 155 146 167 150 
0 10 49 115 157 189 182 322 4 38 112 162 161 129 162 256 105 123 170 131 111 92 151 141 
0 12 80 359 359 122 36 56 4 14 166 404 291 75 47 23 21 105 317 360 141 53 13 14 
0 12 156 410 220 102 75 49 2 28 258 386 162 97 62 29 10 147 307 314 123 78 33 12 
3 54 207 222 277 200 53 8 6 132 194 233 271 159 26 3 63 292 183 225 203 52 6 0 
0 292 136 37 136 212 152 59 0 361 92 148 208 163 44 8 0 324 182 201 194 96 24 3 
2 615 159 103 109 26 9 1 1 606 201 106 86 18 6 0 7 675 156 129 40 12 5 0 
75 172 181 217 270 102 7 0 99 177 185 333 177 48 5 0 134 192 290 270 112 24 2 0 
0 1 118 414 350 107 21 13 0 9 242 459 264 39 9 2 0 113 399 380 109 20 3 0 
344 137 152 249 97 39 6 0 365 130 153 235 126 15 0 0 389 134 226 205 62 8 0 0 
8 126 593 197 63 17 15 5 7 115 591 206 65 20 15 5 10 209 548 172 53 19 8 5 
6 119 456 284 97 31 17 14 6 96 442 305 103 43 18 11 16 227 453 221 56 26 16 9 
13 229 360 259 115 30 15 3 13 225 357 263 117 31 15 3 15 245 374 245 104 23 15 3 
13 67 395 370 112 47 16 4 10 56 357 398 125 58 14 6 36 153 490 221 73 36 14 1 
17 83 178 388 241 91 16 10 12 68 160 371 261 108 32 12 31 100 304 379 146 42 20 2 
2 53 213 390 248 77 24 17 3 58 198 391 240 92 24 18 39 190 323 305 110 35 17 5 
1 39 227 304 245 140 53 15 1 42 205 308 240 150 62 16 45 163 284 263 169 76 21 3 
2 12 68 318 352 173 65 34 1 11 56 287 368 190 69 42 3 42 147 367 292 110 44 19 
0 6 102 482 343 74 14 3 0 0 78 446 398 82 15 5 0 3 125 491 321 65 14 5 
0 5 196 600 213 10 0 0 0 1 129 618 261 15 0 0 0 2 147 616 247 12 0 0 
0 5 69 364 495 86 5 0 0 14 58 333 515 99 5 0 1 16 63 347 504 88 5 0 
0 0 1 46 343 451 159 24 0 0 1 37 320 466 168 32 0 0 3 124 468 323 94 12 
0 0 9 85 312 494 103 21 0 6 28 122 280 459 112 17 11 52 119 228 416 164 28 6 
0 4 32 157 337 311 139 44 4 17 70 170 298 277 145 43 32 89 159 309 240 138 53 4 
1 15 59 126 229 278 192 124 35 48 109 212 254 201 119 46 132 168 211 235 168 79 25 6 
2 46 45 90 206 354 208 73 19 58 38 122 262 333 150 42 79 45 86 226 302 199 74 13 
3 47 57 90 242 339 185 61 33 53 50 137 245 321 129 56 71 59 111 219 307 167 73 17 
0 33 82 139 182 230 198 160 63 57 78 135 211 200 160 120 107 96 162 179 184 147 96 53 
7 76 147 143 199 140 116 196 48 157 122 128 175 138 106 150 212 126 122 141 156 99 86 82 
14 95 96 152 218 208 122 119 41 107 72 150 219 203 130 102 115 92 112 173 224 176 80 52 
0 4 41 143 245 207 154 230 0 12 80 181 242 194 135 180 60 99 153 194 182 125 129 82 
0 1 57 187 340 248 110 81 1 10 103 254 315 214 76 51 39 87 215 279 228 127 37 12 
1 11 156 237 252 213 103 51 1 20 198 285 210 191 78 41 33 150 254 210 222 110 33 12 
0 3 115 334 332 176 48 16 0 10 178 378 302 117 29 10 1 19 263 422 216 74 26 3 
3 106 359 280 161 83 27 5 1 183 394 269 117 46 11 3 24 332 366 201 69 19 10 3 
0 302 103 223 228 134 32 2 0 300 237 281 156 46 3 1 2 354 269 269 103 25 2 0 
3 558 190 131 88 46 8 0 3 557 209 135 85 32 3 0 4 586 224 132 62 16 0 0 
72 141 130 223 204 157 70 27 80 167 197 258 175 94 46 7 117 189 266 216 131 64 40 1 
12 35 116 410 298 122 30 1 11 40 134 488 261 78 12 0 29 94 413 356 114 16 2 0 
144 188 142 308 209 33 0 0 218 136 132 320 203 15 0 0 183 199 227 321 88 6 0 0 
75 387 457 77 23 5 0 0 72 382 452 88 24 6 0 0 102 453 390 68 11 0 0 0 
76 254 363 199 82 26 21 3 69 238 358 222 84 30 15 8 81 252 365 216 67 25 16 2 
61 186 372 223 115 36 27 4 52 182 356 229 132 41 25 7 88 236 353 188 93 33 25 8 
37 200 501 185 75 16 6 4 44 188 466 217 82 16 6 5 68 248 478 146 61 14 7 2 
3 61 284 446 152 59 14 5 3 51 261 452 171 65 16 5 15 142 320 385 106 43 12 1 
5 32 157 441 296 66 25 2 7 35 140 415 317 81 26 3 24 73 283 445 154 39 4 2 
1 12 151 355 336 131 20 18 1 11 115 346 335 172 25 19 5 94 273 377 199 50 21 5 
0 0 126 552 262 51 25 8 0 0 98 533 302 53 28 10 0 13 193 545 219 37 13 4 
3 244 454 215 83 19 6 0 1 51 580 258 104 21 9 0 2 91 577 238 91 20 5 0 
0 39 468 377 105 30 5 0 0 12 363 478 130 35 6 0 0 15 403 460 114 29 3 0 
0 0 5 163 521 288 44 3 0 0 5 161 516 286 51 5 0 0 13 179 540 262 30 0 
0 0 15 159 407 354 79 10 0 1 39 199 352 323 94 16 0 87 141 285 339 145 26 1 
3 11 43 157 338 314 120 38 3 15 44 155 325 322 121 39 22 32 104 279 386 147 48 6 
2 20 98 258 312 173 109 52 10 52 99 272 332 176 67 16 65 86 204 338 240 63 19 9 
0 8 36 155 328 234 180 83 1 15 90 209 334 229 102 44 33 97 230 289 224 102 35 14 
0 10 39 99 259 326 207 84 3 33 76 156 238 303 162 53 58 109 146 178 252 214 54 13 
0 2 13 107 370 377 132 23 0 0 10 85 353 392 151 33 2 10 110 324 333 188 50 7 
0 3 25 62 302 452 166 14 0 2 19 59 239 503 187 15 4 20 64 286 404 192 52 2 
0 12 210 261 168 163 93 117 0 10 213 273 163 154 114 97 18 127 286 198 177 84 48 86 
16 82 116 166 203 162 104 175 36 119 112 161 218 140 122 116 161 108 180 200 137 107 85 46 
20 150 148 297 274 102 28 5 36 175 146 292 271 80 17 7 168 159 214 306 128 39 9 1 
3 25 87 140 240 183 132 214 6 55 119 173 216 139 138 178 80 116 152 167 170 107 97 135 
4 9 70 301 236 139 117 148 8 38 115 296 199 145 115 108 52 111 279 203 147 95 76 61 
0 10 229 462 202 68 44 9 0 12 249 463 206 54 32 8 3 58 343 392 166 37 19 6 
2 187 343 233 183 52 17 7 2 198 360 250 158 40 13 3 68 270 348 205 108 21 4 0 
4 282 85 187 270 124 52 20 4 290 123 231 235 78 48 15 6 304 140 257 206 60 34 17 
2 699 228 69 26 0 0 0 2 704 244 60 14 0 0 0 2 712 251 49 10 0 0 0 
2 75 190 288 224 148 74 23 18 97 262 266 232 108 37 4 71 199 335 224 134 51 8 2 
99 131 204 283 216 78 8 5 127 103 162 301 268 49 10 4 178 198 347 215 72 8 6 0 
1 11 128 554 271 52 5 2 7 11 101 596 283 23 2 1 9 72 493 417 29 2 2 0 
19 278 450 172 48 31 17 9 16 232 492 170 55 30 18 11 94 421 339 98 34 19 12 7 
17 162 377 291 125 31 15 6 16 137 377 291 147 29 17 10 47 269 399 208 61 21 15 4 
41 293 314 242 101 21 10 2 24 267 337 255 105 23 10 3 42 310 345 225 75 19 6 2 
5 160 394 321 117 15 9 3 4 145 378 338 128 19 9 3 22 236 414 262 70 11 6 3 
3 56 243 352 247 86 29 8 0 39 212 355 272 102 36 8 1 100 326 324 188 67 14 4 
0 29 207 370 260 121 32 5 0 25 176 362 288 126 40 7 11 85 319 339 194 61 14 1 
3 29 303 401 222 61 5 0 2 27 275 399 234 79 8 0 7 118 426 338 114 21 0 0 
3 115 433 376 79 12 6 0 3 102 409 385 103 15 7 0 8 286 419 274 28 7 2 0 
4 389 440 114 46 14 8 9 4 234 531 162 56 18 8 11 12 264 542 146 34 8 10 8 
0 286 515 170 50 3 0 0 0 50 628 228 112 6 0 0 0 105 635 191 88 5 0 0 
0 0 98 492 362 56 13 3 0 0 29 417 461 99 15 3 0 1 81 503 356 73 7 3 
0 3 31 316 407 198 55 14 0 11 25 281 450 185 58 14 6 21 87 409 380 93 20 8 
2 24 72 258 466 152 39 11 2 19 64 230 459 189 47 14 9 57 110 411 324 85 24 4 
0 0 4 146 445 328 87 14 0 0 3 119 405 367 108 22 0 2 37 364 438 151 31 1 
1 3 45 104 281 363 178 49 0 4 40 105 293 348 189 45 1 18 84 233 342 251 81 14 
3 5 13 75 301 407 143 77 2 6 18 96 301 404 140 57 9 35 112 338 332 146 44 8 
0 9 51 223 413 298 23 7 1 12 27 195 400 351 31 7 5 51 180 415 332 31 6 4 
1 7 67 248 378 236 65 22 1 6 48 217 374 268 83 27 4 37 191 365 305 100 19 3 
1 23 109 208 318 234 97 34 3 18 85 179 291 273 127 48 32 139 223 285 207 100 37 1 
1 10 70 238 354 260 70 21 2 10 60 236 347 275 85 9 16 93 250 356 213 81 15 0 
20 92 126 285 305 125 49 22 29 89 126 276 303 140 43 18 117 154 244 294 132 52 23 8 
13 114 176 198 287 171 55 10 18 136 175 197 274 172 45 7 175 160 229 294 115 40 8 3 
7 51 119 259 274 151 73 90 9 54 119 337 249 119 59 78 50 119 286 268 133 70 40 58 
0 7 72 315 309 160 88 73 0 28 222 320 243 117 50 44 44 161 347 276 114 46 25 11 
12 177 326 201 193 78 25 12 11 191 364 192 160 73 24 9 24 396 224 171 142 45 16 6 
4 213 199 219 235 111 38 5 5 221 205 247 225 97 20 4 5 223 210 262 217 83 20 4 
16 642 300 48 10 6 1 1 16 617 324 48 11 5 2 1 19 747 199 42 9 7 1 0 
10 144 205 293 192 109 49 22 16 172 239 271 183 92 38 13 49 230 258 258 138 55 26 10 
46 193 297 306 148 30 4 0 65 180 269 355 138 16 1 0 153 214 359 251 40 7 0 0 
1 36 359 376 189 51 10 2 1 28 294 408 229 52 12 0 7 195 500 233 73 14 2 0 
11 225 578 121 44 27 12 6 3 206 580 137 48 26 16 8 30 407 436 85 33 19 9 5 
29 490 387 76 27 11 3 1 27 447 428 79 29 10 4 0 35 534 356 64 23 8 4 0 
59 172 324 265 136 38 16 14 62 164 315 277 136 40 16 14 66 187 359 237 111 35 15 14 
20 94 196 292 230 139 40 13 17 83 193 303 213 145 54 16 44 136 251 297 199 82 10 5 
17 101 271 315 203 73 35 9 14 93 258 316 208 86 37 12 38 168 356 256 132 49 22 3 
2 47 297 374 230 66 7 1 1 34 264 395 242 78 9 1 8 144 402 296 139 33 2 0 
0 31 282 450 183 62 16 0 0 24 266 452 197 66 19 0 2 65 355 402 151 39 10 0 
10 72 335 347 170 54 29 7 9 74 304 357 178 64 31 7 19 182 372 273 104 41 27 6 
12 118 353 268 178 51 22 22 8 101 312 273 206 74 27 23 25 186 334 290 110 34 25 20 
0 82 785 127 30 0 0 0 0 0 500 478 42 4 0 0 0 7 642 336 37 2 0 0 
0 0 103 432 372 85 24 8 0 0 46 419 409 111 31 8 0 0 78 515 336 70 21 4 
0 1 70 360 420 143 26 4 0 1 53 331 435 162 35 7 0 15 138 511 299 51 8 2 
0 5 112 316 390 150 32 19 0 7 96 317 382 169 41 12 0 27 212 330 348 87 19 1 
0 2 30 197 412 266 94 23 0 3 39 248 350 281 85 18 2 36 212 360 277 110 25 2 
0 6 22 104 321 390 150 31 2 3 20 100 309 416 143 31 2 22 98 284 421 156 38 3 
0 2 22 79 310 370 176 65 1 9 29 63 280 383 206 53 26 35 78 240 362 220 54 9 
0 13 56 328 438 157 29 3 0 8 39 274 463 197 40 3 0 36 306 394 222 56 9 1 
0 37 124 434 293 113 21 2 0 18 122 401 311 139 31 2 5 87 340 393 155 36 8 0 
0 23 165 271 298 184 71 12 0 7 144 246 306 203 95 23 24 141 255 318 187 72 26 1 
0 13 175 406 301 80 22 27 0 22 150 353 347 96 29 27 9 97 304 420 129 34 19 12 
0 20 178 403 268 84 37 34 0 21 186 391 269 100 30 27 15 105 336 329 154 44 29 12 
12 121 190 237 205 137 71 51 38 170 151 291 169 121 52 32 194 163 285 171 122 50 14 25 
1 41 241 235 277 139 50 40 6 147 218 281 218 97 40 17 91 295 298 193 96 32 15 4 
0 5 111 309 340 167 64 28 0 21 175 401 270 115 29 13 26 189 399 248 121 19 19 3 
3 103 342 226 215 98 20 17 9 246 296 224 164 58 19 8 96 381 212 209 84 35 6 1 
8 155 314 290 136 72 37 12 7 180 342 276 128 60 22 9 4 189 386 269 98 46 23 9 
6 347 361 109 80 55 26 40 10 387 367 120 65 35 28 12 39 488 316 88 42 34 13 4 
9 149 245 262 138 118 65 38 32 186 271 249 152 83 40 11 66 211 308 234 108 63 31 3 
9 71 209 328 282 108 16 1 22 71 209 339 295 77 11 0 68 150 313 353 121 16 3 0 
27 77 184 362 286 59 16 13 23 92 167 379 288 49 17 9 82 109 414 314 74 29 2 0 
60 292 380 144 68 28 28 24 46 277 394 144 78 30 29 26 63 309 374 133 65 23 33 24 
4 198 552 242 25 3 0 0 2 165 563 263 26 5 0 0 48 372 496 105 3 0 0 0 
15 129 462 322 66 19 7 4 15 118 455 330 73 22 7 4 30 179 529 225 40 12 5 4 
0 66 232 456 200 64 6 0 0 53 222 423 236 78 12 0 3 96 293 416 162 50 4 0 
1 23 143 484 276 86 4 7 1 21 126 470 299 93 7 7 3 48 246 468 198 52 7 2 
9 131 419 307 120 29 8 1 8 182 358 305 131 31 7 2 21 235 371 287 81 22 7 0 
5 70 416 426 94 7 4 2 5 63 389 453 101 7 4 2 5 124 474 331 79 6 3 2 
3 50 443 315 116 49 30 18 4 38 398 342 123 64 35 20 8 187 496 178 70 45 24 16 
9 182 432 274 103 19 5 0 5 92 414 335 140 30 8 0 8 185 400 326 86 17 2 0 
0 348 499 160 15 2 0 0 0 101 507 369 37 9 1 0 0 140 576 274 25 8 1 0 
1 26 383 473 113 27 1 0 1 1 202 619 168 31 2 0 1 11 281 594 113 23 1 0 
0 7 150 631 215 14 5 2 0 4 142 612 243 14 6 3 0 11 203 658 133 13 5 1 
1 6 116 345 357 133 45 21 1 6 99 330 354 166 53 15 1 36 234 426 224 67 28 8 
0 4 87 323 330 194 78 8 1 6 99 344 321 195 51 7 1 25 269 351 239 115 19 5 
0 3 64 291 429 191 40 6 0 3 49 272 429 215 48 8 3 24 166 405 322 82 18 4 
3 12 23 151 448 304 73 10 1 10 24 118 408 354 91 18 6 21 99 410 377 93 18 0 
7 19 93 275 292 228 91 19 6 18 88 248 281 253 99 31 19 58 168 279 302 148 43 7 
1 41 164 266 281 199 62 10 6 44 147 260 268 202 86 11 28 101 227 294 252 94 25 3 
3 210 218 252 189 119 29 4 2 198 206 249 188 131 46 4 23 313 318 212 129 26 2 1 
0 6 69 351 371 147 61 19 0 6 74 310 394 167 57 16 4 41 311 398 177 67 18 8 
0 10 150 386 314 92 40 32 1 17 158 388 301 107 29 23 5 82 327 380 156 38 30 6 
5 41 117 171 192 136 118 244 6 50 164 229 155 81 128 211 59 154 231 156 85 79 115 145 
5 186 281 206 203 110 29 4 18 225 261 263 169 75 9 4 188 273 259 185 86 28 4 1 
1 21 212 324 247 108 69 42 3 51 285 311 223 80 51 20 18 200 342 250 121 62 18 13 
9 173 383 288 76 41 28 26 17 188 424 250 68 38 25 14 98 437 334 78 41 29 7 0 
3 45 372 197 171 127 68 41 2 72 426 185 190 98 40 11 27 129 477 196 114 59 18 4 
6 112 487 85 71 76 84 103 21 167 493 64 75 80 62 62 122 187 493 62 71 53 32 4 
4 21 72 182 187 205 159 194 23 61 120 190 217 165 152 96 107 116 212 210 157 139 67 16 
5 36 173 311 236 121 71 71 13 50 233 332 200 106 66 24 67 193 312 225 144 66 15 2 
55 162 195 301 184 96 31 0 63 158 190 296 192 93 32 0 124 172 241 235 159 76 17 0 
29 161 277 214 150 73 60 60 22 137 271 220 164 81 56 73 110 233 248 179 96 50 60 48 
42 158 228 174 140 108 95 79 26 135 240 183 147 114 91 88 77 230 206 156 120 91 70 74 
18 275 419 196 55 26 22 13 17 251 426 203 63 26 23 15 52 320 415 147 41 27 17 5 
18 112 322 316 170 62 21 3 15 97 308 327 185 66 23 3 43 152 354 277 137 47 13 1 
8 71 271 414 210 38 9 3 8 62 251 430 218 42 10 3 18 117 355 361 140 25 6 2 
0 57 501 300 128 26 9 3 0 48 476 327 133 27 10 3 0 132 519 257 89 23 3 1 
2 56 282 410 220 43 11 0 2 46 243 393 268 57 14 1 22 181 428 304 80 7 2 0 
2 270 530 154 40 20 6 2 2 240 530 168 52 20 10 2 13 477 364 108 39 10 10 3 
12 290 372 223 89 32 5 1 12 267 366 227 98 41 9 4 19 328 386 185 77 21 6 2 
17 576 267 65 50 30 14 5 3 118 719 79 53 28 19 5 3 110 709 104 56 27 13 2 
0 174 703 129 16 2 0 0 0 8 837 157 18 4 0 0 0 8 744 252 18 2 0 0 
0 12 433 418 124 33 4 0 0 9 399 433 141 38 4 0 0 42 498 384 75 21 4 0 
0 8 118 357 403 102 27 9 1 8 104 351 421 104 22 13 3 27 242 461 215 57 16 3 
0 8 57 299 359 204 77 20 0 8 62 286 357 203 88 20 5 60 248 331 242 111 27 0 
2 21 46 120 281 330 183 41 4 21 52 111 234 369 193 40 26 60 96 183 343 240 72 4 
1 22 50 144 246 329 179 53 1 18 49 126 226 350 190 64 19 42 106 190 308 245 103 11 
5 38 52 157 306 294 136 36 4 35 46 138 296 304 158 43 31 45 90 262 314 199 72 11 
12 52 118 198 299 232 88 25 10 60 103 184 287 252 103 25 57 110 153 272 251 128 43 10 
8 196 348 221 160 59 18 14 7 172 359 221 165 64 22 14 51 328 253 231 118 26 13 4 
0 42 156 413 269 85 39 20 0 36 137 406 290 97 40 18 16 96 321 377 134 46 20 14 
2 32 201 376 286 71 18 38 0 43 208 407 270 52 16 28 33 129 309 368 135 26 15 9 
0 14 122 334 250 159 81 64 0 18 119 345 256 157 80 49 14 74 266 298 186 117 58 11 
24 256 230 231 175 75 20 13 39 257 231 221 175 68 17 16 151 299 218 192 119 27 12 6 
4 49 237 391 243 73 20 7 1 43 189 408 264 84 26 9 31 155 394 311 100 26 7 0 
19 284 409 200 84 23 5 0 16 299 420 187 79 19 4 0 66 410 386 121 30 9 2 0 
15 201 511 154 66 36 29 12 17 200 526 163 53 31 27 7 26 380 384 127 51 23 26 7 
0 350 524 103 37 9 1 0 0 346 534 105 28 10 1 0 3 435 493 71 19 3 0 0 
11 214 322 261 131 54 22 9 9 208 343 246 137 53 21 7 39 255 328 242 94 45 16 5 
11 78 312 400 138 61 16 8 26 66 290 391 162 65 17 7 39 181 411 242 95 39 10 7 
20 140 450 252 104 42 11 5 18 126 430 296 108 30 12 4 52 247 467 159 73 17 7 2 
14 127 297 291 162 60 44 29 16 134 310 273 158 55 45 33 56 231 363 200 71 46 35 22 
39 134 297 250 121 87 49 47 33 114 311 252 132 75 61 46 139 279 267 149 85 37 29 39 
38 304 263 162 115 74 42 26 40 260 267 172 119 81 47 38 123 336 191 153 90 68 39 24 
36 231 360 219 81 42 33 22 16 206 364 234 95 49 31 29 81 295 282 197 73 46 26 24 
28 250 375 230 85 33 20 3 16 208 394 244 95 40 24 3 82 316 321 174 78 31 19 3 
35 489 321 130 42 7 0 0 23 429 365 155 43 8 1 0 33 458 348 137 40 8 0 0 
7 634 313 58 11 1 0 0 7 601 344 60 11 1 0 0 8 624 333 47 11 1 0 0 
13 197 438 244 89 35 6 2 11 182 440 253 92 36 8 2 25 248 414 227 81 25 2 2 
5 113 434 233 167 57 14 1 4 103 427 224 182 63 18 3 4 125 476 233 132 40 14 0 
26 539 232 118 75 29 5 0 1 174 548 158 91 44 8 0 1 137 552 206 89 30 9 0 
0 513 361 123 26 1 0 0 0 137 680 173 30 4 0 0 0 46 769 179 27 3 0 0 
12 156 526 218 85 24 3 0 12 140 514 227 95 33 3 0 12 145 528 218 91 27 3 0 
0 53 489 295 130 38 17 2 4 49 516 270 125 44 14 2 8 111 561 225 84 28 7 0 
0 54 362 219 166 162 38 23 0 55 359 201 177 165 40 27 10 141 392 205 193 53 24 6 
0 1 43 184 286 268 162 80 0 1 31 155 269 277 189 102 5 31 161 255 278 169 101 24 
9 13 33 82 217 372 224 74 9 14 27 62 198 357 263 94 22 22 52 157 283 323 147 18 
3 17 31 110 213 329 244 77 7 16 38 90 210 308 279 76 17 25 71 154 262 332 145 18 
2 19 69 168 311 324 103 28 2 15 56 145 291 346 136 33 12 55 106 279 352 173 42 5 
12 511 174 168 91 40 18 10 12 524 161 159 98 40 19 11 61 557 158 147 55 24 19 3 
5 28 145 331 267 143 57 48 3 24 129 314 276 158 61 59 21 46 316 320 194 68 36 23 
6 32 164 257 249 145 93 78 5 30 148 253 239 155 104 90 42 127 259 265 155 78 74 24 
6 32 98 167 243 173 163 142 3 27 101 168 223 176 160 166 48 67 145 211 187 158 128 80 
17 162 321 227 148 82 40 27 20 125 317 253 157 82 41 29 53 333 260 156 123 50 35 14 
12 246 288 213 124 96 22 23 9 259 307 208 127 68 32 14 209 275 257 152 86 37 5 3 
7 247 393 198 97 43 19 20 10 307 342 199 98 38 15 15 98 309 329 159 87 33 5 4 
17 442 373 109 34 23 17 9 23 436 370 105 42 27 12 9 24 453 374 98 32 24 10 9 
33 231 332 123 77 61 78 89 33 286 290 113 70 65 72 95 33 296 312 99 63 64 67 90 
27 70 137 130 123 150 169 218 23 73 130 131 125 148 169 225 39 87 151 122 118 157 167 183 
10 88 290 293 166 65 63 49 15 77 285 274 184 72 70 47 32 164 354 197 118 65 58 36 
9 66 330 380 147 61 16 15 9 61 335 396 149 49 15 10 64 329 400 141 51 24 8 7 
104 220 250 196 84 63 47 60 80 207 242 204 115 61 56 59 207 261 238 127 64 45 50 32 
94 255 228 165 124 63 51 44 47 236 251 181 114 81 63 51 235 324 177 110 65 55 30 28 
92 314 286 115 88 55 32 42 85 298 312 166 60 39 30 34 369 374 135 49 29 25 24 19 
47 313 417 140 59 29 10 9 35 282 421 154 71 37 13 11 151 426 305 78 34 14 8 8 
8 481 451 76 3 5 0 0 3 448 473 89 5 5 1 0 23 520 404 66 7 4 0 0 
6 140 640 173 44 9 10 2 5 125 649 178 44 11 10 2 5 129 648 177 42 11 10 2 
8 224 487 252 50 3 0 0 0 207 509 252 53 3 0 0 10 241 496 240 34 3 0 0 
7 235 387 305 63 16 9 2 7 195 408 317 68 18 9 2 19 278 411 252 44 14 6 0 
5 127 362 326 151 44 6 3 3 125 348 332 155 52 6 3 10 147 412 302 121 25 6 1 
28 537 239 120 71 22 7 0 29 355 411 121 68 33 7 0 21 182 634 123 47 14 3 0 
11 959 51 3 0 0 0 0 1 856 159 8 0 0 0 0 0 563 451 10 0 0 0 0 
3 692 235 69 18 6 1 0 0 540 370 78 26 8 2 0 2 439 472 79 24 6 2 0 
0 34 420 284 176 74 28 8 2 77 525 266 98 36 14 6 7 108 574 216 75 31 9 4 
0 28 89 187 242 213 156 109 3 38 157 177 182 198 150 119 31 82 203 211 181 149 120 47 
2 5 18 65 168 361 302 103 2 3 14 58 147 346 329 125 4 22 40 117 290 329 171 51 
12 32 49 86 226 333 234 52 16 27 47 82 208 320 265 59 39 38 56 144 266 313 147 21 
14 50 87 143 312 293 93 32 17 49 68 147 291 316 101 35 59 74 104 253 303 151 60 20 
22 47 109 197 312 157 93 87 20 48 107 173 331 156 96 93 45 83 155 247 265 87 79 63 
54 259 231 190 117 61 57 55 57 273 239 189 97 64 58 47 209 263 222 134 73 59 45 19 
6 47 196 262 149 129 111 124 4 47 172 273 151 133 108 136 22 100 276 202 146 98 107 73 
10 52 106 161 157 168 183 187 10 48 116 149 159 156 179 207 67 84 163 158 155 128 136 133 
28 75 111 152 172 134 168 184 23 67 111 143 168 142 163 207 81 106 143 154 149 140 150 101 
48 102 176 144 138 112 121 183 43 90 166 164 140 104 127 190 116 157 165 122 105 89 133 137 
61 180 231 159 113 92 81 107 69 164 234 163 109 94 81 110 128 215 190 141 103 80 66 101 
38 347 276 134 121 58 29 21 28 261 349 137 128 66 30 25 97 406 214 117 99 59 18 14 
16 539 177 130 85 37 27 13 16 527 182 117 93 47 25 17 22 562 170 111 84 40 22 13 
45 602 158 92 60 30 18 19 26 593 171 91 68 35 23 17 91 611 141 82 46 22 17 14 
74 198 218 157 112 85 90 90 69 189 225 153 115 85 94 94 133 231 190 142 95 72 84 77 
7 96 303 302 157 79 44 36 7 106 335 290 138 79 37 32 39 216 360 198 105 61 21 24 
19 107 275 172 126 75 76 174 26 172 283 162 87 65 72 157 93 248 242 108 63 65 80 125 
133 398 255 104 44 32 32 26 69 394 295 120 52 27 39 28 304 414 144 64 30 24 32 12 
191 380 240 111 55 34 9 4 142 352 289 121 70 31 13 6 451 319 123 71 35 16 5 4 
152 482 195 61 40 44 24 26 131 455 236 62 47 41 27 25 281 417 142 52 51 32 32 17 
121 413 232 109 51 31 33 34 96 375 265 111 68 39 28 42 311 351 149 86 40 27 31 29 
78 604 193 72 40 16 10 11 54 576 233 79 39 23 9 11 274 501 132 59 21 19 8 10 
85 366 353 96 57 16 29 22 80 373 341 103 56 20 26 25 84 372 347 100 53 19 29 20 
3 323 557 117 20 4 0 0 0 278 594 128 20 4 0 0 3 340 580 77 20 4 0 0 
89 166 228 306 175 53 6 1 21 190 250 302 176 72 12 1 71 219 307 259 121 41 6 0 
95 724 73 37 28 30 29 8 57 689 146 36 28 28 28 12 69 497 332 36 36 29 21 4 
54 713 95 42 42 36 31 11 35 672 143 45 45 36 30 18 35 666 153 59 41 32 29 9 
0 1024 0 0 0 0 0 0 0 960 64 0 0 0 0 0 0 1008 16 0 0 0 0 0 
11 938 43 30 2 0 0 0 12 948 45 19 0 0 0 0 11 939 59 15 0 0 0 0 
22 358 264 163 106 60 40 11 33 380 284 131 89 56 41 10 49 421 262 130 97 42 19 4 
4 29 122 220 316 183 99 51 4 23 125 218 303 180 113 58 19 93 213 307 207 115 47 23 
2 13 22 100 210 295 259 123 2 10 22 86 203 290 264 147 10 16 64 192 270 260 171 41 
0 5 51 83 236 406 195 48 0 4 41 80 210 402 219 68 2 30 79 147 358 290 106 12 
3 28 159 262 285 185 70 32 3 16 136 243 306 191 85 44 35 124 223 274 220 85 46 17 
18 63 162 233 190 141 128 89 18 56 135 225 198 156 130 106 96 160 197 187 135 108 102 39 
46 95 113 151 192 158 158 111 56 78 98 130 193 147 181 141 187 138 150 159 149 102 91 48 
32 51 92 140 144 166 185 214 19 49 82 138 136 169 187 244 107 103 117 141 142 134 156 124 
42 101 172 187 155 127 115 125 26 80 143 188 174 145 116 152 185 182 177 126 99 87 81 87 
58 90 140 155 152 136 136 157 50 94 131 156 155 135 132 171 159 146 165 147 107 116 98 86 
50 137 154 122 117 113 147 184 49 136 141 124 124 110 152 188 108 145 136 121 116 110 118 170 
49 154 219 217 129 80 81 95 47 138 199 225 146 86 86 97 139 199 220 143 96 87 68 72 
36 458 231 125 79 47 23 25 29 442 242 126 82 52 24 27 154 388 227 109 66 41 25 14 
40 119 204 177 143 104 100 137 62 116 182 186 138 102 99 139 115 168 194 152 101 95 91 108 
51 159 183 158 100 110 130 133 56 184 161 149 95 109 129 141 138 189 149 110 105 113 113 107 
39 204 214 158 141 87 91 90 33 194 213 158 146 86 96 98 129 254 181 124 110 74 76 76 
16 76 166 183 153 148 117 165 22 103 180 170 161 126 123 139 74 162 178 173 135 101 97 104 
1 32 97 195 244 182 112 161 46 117 221 237 146 108 98 51 149 216 246 147 109 89 52 16 
169 271 167 125 96 69 62 65 164 226 204 119 99 70 63 79 306 226 133 111 76 62 59 51 
202 284 196 106 72 51 47 66 179 260 206 124 76 55 44 80 379 227 147 80 57 46 41 47 
202 279 162 111 75 59 60 76 139 253 206 129 83 65 51 98 261 280 168 91 55 37 54 78 
203 327 192 106 67 47 36 46 114 314 252 118 81 47 41 57 361 305 132 67 56 39 26 38 
164 711 111 18 5 7 3 5 134 716 136 18 5 6 4 5 385 547 60 15 3 7 3 4 
136 499 234 68 40 24 12 11 117 474 265 78 42 26 11 11 221 472 206 59 29 18 9 10 
86 725 95 48 29 14 16 11 86 731 87 50 29 13 16 12 132 699 84 40 28 13 17 11 
47 387 377 100 34 40 28 11 34 354 402 113 42 34 29 16 65 373 378 97 36 34 28 13 
89 287 264 171 109 47 40 17 52 294 259 195 108 53 44 19 58 334 287 181 79 39 33 13 
40 230 172 142 167 132 78 63 49 217 169 130 161 148 83 67 65 233 211 168 139 101 66 41 
41 785 102 61 26 7 2 0 24 791 110 60 27 10 2 0 20 793 113 60 27 9 2 0 
0 1024 0 0 0 0 0 0 0 1024 0 0 0 0 0 0 0 1024 0 0 0 0 0 0 
45 379 76 83 107 154 113 67 37 378 77 76 98 157 121 80 87 377 97 97 158 121 68 19 
6 19 61 108 219 328 205 78 2 17 50 107 182 346 217 103 22 47 104 178 304 236 111 22 
0 7 13 72 217 290 311 114 0 3 14 51 196 297 323 140 7 15 65 168 257 255 209 48 
16 47 131 203 270 167 106 84 17 35 113 185 271 190 111 102 67 121 239 224 152 114 63 44 
21 127 214 246 196 105 67 48 17 102 200 258 211 118 65 53 116 201 237 203 126 73 41 27 
51 121 262 234 153 82 59 62 41 120 251 237 162 83 64 66 151 221 237 158 111 58 51 37 
53 155 169 153 163 111 113 107 53 141 161 172 159 111 119 108 192 171 165 147 113 107 78 51 
55 99 151 174 125 127 128 165 51 88 144 175 127 123 141 175 148 150 154 142 106 113 114 97 
80 186 233 145 131 96 77 76 56 179 229 164 127 94 92 83 204 219 169 129 104 65 74 60 
92 157 204 186 133 104 82 66 82 147 197 188 146 109 80 75 171 211 211 135 112 83 69 32 
26 112 212 170 161 147 100 96 41 124 220 199 180 121 65 74 160 233 190 160 116 80 55 30 
29 121 207 240 179 125 82 41 42 131 227 225 173 117 72 37 172 204 214 186 121 75 41 11 
95 388 258 129 60 33 31 30 94 416 244 114 61 36 28 31 217 399 184 91 51 38 25 19 
25 126 278 264 150 97 53 31 22 111 275 271 155 99 53 38 58 198 306 210 117 74 38 23 
34 106 168 172 138 107 119 180 29 112 159 167 141 109 128 179 101 138 168 155 109 93 113 147 
20 74 118 142 123 141 169 237 27 77 116 124 144 131 176 229 60 92 122 135 121 141 189 164 
49 132 183 134 133 108 117 168 93 152 162 144 110 97 125 141 173 193 143 126 102 94 102 91 
36 127 245 222 133 84 60 117 77 216 269 162 86 64 65 85 228 255 193 111 62 63 60 52 
206 232 165 135 81 62 79 64 150 234 175 134 103 72 74 82 311 225 146 103 66 64 63 46 
547 197 107 60 41 24 27 21 493 223 105 73 49 32 21 28 594 162 102 57 41 27 27 14 
491 250 100 57 40 29 35 22 441 277 110 70 38 21 32 35 468 254 110 67 35 21 29 40 
641 267 53 34 17 7 5 0 603 293 60 31 19 12 2 4 692 230 44 34 12 6 4 2 
215 503 126 76 51 25 18 10 180 518 139 76 51 28 19 13 401 357 116 70 31 22 18 9 
153 662 143 31 15 15 5 0 144 641 169 35 15 15 5 0 208 628 121 32 15 15 5 0 
125 410 188 72 71 45 55 58 126 388 191 84 71 44 58 62 248 372 143 67 53 47 41 53 
46 445 277 106 56 41 33 20 49 434 282 104 61 39 28 27 63 448 278 94 54 35 29 23 
52 380 352 134 78 22 6 0 34 352 388 139 82 23 6 0 67 370 357 144 66 14 6 0 
151 785 79 6 3 0 0 0 99 765 145 12 3 0 0 0 81 773 149 17 3 1 0 0 
40 984 0 0 0 0 0 0 0 1016 8 0 0 0 0 0 0 1024 0 0 0 0 0 0 
0 1002 22 0 0 0 0 0 0 1002 22 0 0 0 0 0 0 1002 22 0 0 0 0 0 
28 387 162 137 89 105 65 51 37 389 149 118 92 105 79 55 107 415 176 102 87 75 46 16 
2 14 41 121 304 359 163 20 5 13 37 122 300 349 167 31 18 47 129 302 317 183 28 0 
4 13 34 140 323 273 176 61 3 11 31 110 310 287 188 84 5 24 79 283 315 212 86 20 
31 90 127 176 199 162 141 98 23 82 117 169 214 166 146 107 100 109 157 186 175 134 114 49 
52 193 291 195 111 69 61 52 49 149 303 210 119 73 58 63 186 275 224 126 76 59 53 25 
45 142 202 237 163 115 65 55 44 134 194 237 175 113 65 62 175 208 217 168 113 59 61 23 
44 111 204 232 172 105 75 81 29 97 183 223 198 118 83 93 158 199 229 154 107 59 64 54 
73 194 203 135 116 76 115 112 63 180 204 151 113 85 112 116 222 206 132 105 98 76 83 102 
143 288 230 139 82 57 47 38 107 274 246 149 94 60 47 47 271 287 170 109 68 48 52 19 
76 162 169 151 91 118 111 146 119 175 176 143 111 112 95 93 241 177 160 102 124 82 83 55 
35 118 142 136 164 145 143 141 114 161 150 158 124 122 109 86 214 158 162 131 122 97 87 53 
22 75 171 208 192 151 115 90 61 96 201 205 172 135 84 70 156 178 186 178 137 83 67 39 
48 132 148 188 158 127 116 107 69 145 149 159 152 133 115 102 151 151 145 155 141 109 110 62 
40 108 149 160 158 163 114 132 56 104 149 163 160 143 131 118 131 144 146 156 141 136 103 67 
60 118 167 126 111 102 133 207 85 161 139 108 115 97 125 194 189 151 122 98 99 86 134 145 
29 94 145 162 154 134 118 188 58 148 169 156 126 124 113 130 192 166 167 122 111 101 105 60 
14 41 100 137 181 184 134 233 38 78 151 162 171 148 136 140 133 162 153 151 145 95 113 72 
27 94 166 162 164 142 108 161 75 166 166 162 119 125 92 119 175 177 164 133 120 87 87 81 
289 390 140 56 44 32 37 36 244 412 148 70 44 32 34 40 285 393 140 63 41 32 31 39 
520 193 90 58 47 35 36 45 432 284 83 58 52 33 37 45 522 194 85 61 51 32 39 40 
594 163 83 52 32 34 30 36 573 186 82 44 40 28 34 37 583 168 92 48 29 33 23 48 
538 269 69 51 26 18 29 24 511 284 74 52 29 21 23 30 529 277 73 46 28 20 24 27 
520 416 50 15 8 4 4 7 487 449 50 15 8 4 4 7 504 432 50 15 8 4 4 7 
257 694 55 8 9 1 0 0 216 722 65 9 10 2 0 0 310 649 48 7 8 2 0 0 
167 451 221 91 31 25 17 21 147 448 244 89 35 25 17 19 266 428 182 62 27 23 21 15 
128 253 242 161 107 68 32 33 105 237 264 164 115 72 33 34 198 288 198 134 85 62 40 19 
32 306 430 183 47 13 7 6 27 277 457 189 46 15 7 6 74 356 364 163 42 12 7 6 
115 649 171 70 15 3 1 0 56 667 210 68 19 3 1 0 63 660 211 68 18 3 1 0 
392 632 0 0 0 0 0 0 288 736 0 0 0 0 0 0 288 736 0 0 0 0 0 0 
256 768 0 0 0 0 0 0 224 800 0 0 0 0 0 0 230 794 0 0 0 0 0 0 
36 313 117 177 163 124 72 22 37 306 119 160 168 124 80 30 58 329 197 176 137 87 35 5 
0 19 81 247 344 235 79 19 0 13 76 224 346 241 98 26 21 76 182 297 254 154 36 4 
9 92 192 274 245 138 38 36 9 77 192 267 248 145 44 42 46 127 236 293 195 69 44 14 
29 102 220 248 207 119 63 36 18 89 203 251 220 136 62 45 118 173 234 217 140 73 52 17 
77 219 277 188 114 72 42 35 67 180 283 195 133 78 48 40 197 274 228 136 89 51 32 17 
87 267 263 127 88 73 54 65 98 233 260 137 93 72 53 78 305 281 136 97 67 52 57 29 
132 207 171 153 130 83 76 72 113 177 184 168 126 96 69 91 255 208 143 126 101 72 68 51 
160 207 172 112 101 98 79 95 147 202 181 112 103 95 82 102 213 214 151 109 101 81 83 72 
169 264 208 137 86 72 53 35 147 261 212 148 89 72 57 38 281 248 196 104 71 62 37 25 
186 288 212 125 78 52 33 50 208 280 201 124 81 55 46 29 358 263 154 100 61 37 40 11 
192 409 163 91 55 53 36 25 200 409 169 91 54 51 35 15 311 355 156 72 50 46 24 10 
161 364 196 113 58 48 38 46 139 365 208 118 62 46 41 45 235 318 180 107 59 45 36 44 
13 67 136 162 174 162 135 175 47 104 150 175 178 139 120 111 193 176 188 136 109 102 67 53 
65 152 212 184 159 114 69 69 93 193 185 188 141 105 59 60 213 235 177 162 76 77 51 33 
39 97 137 146 142 148 146 169 104 120 145 137 136 132 128 122 193 142 145 140 118 111 105 70 
41 117 151 196 138 130 125 126 83 153 164 164 125 97 92 146 157 172 171 146 85 102 102 89 
55 148 182 206 177 102 71 83 97 166 196 195 153 86 69 62 251 192 194 133 104 65 55 30 
53 169 246 193 135 101 72 55 52 208 253 196 124 85 57 49 153 272 200 144 90 73 51 41 
501 306 41 25 24 25 44 58 397 377 69 25 24 29 36 67 532 264 49 31 29 29 35 55 
436 320 93 39 24 39 35 38 402 356 90 34 27 36 40 39 458 320 77 33 31 36 37 32 
360 259 126 74 56 53 42 54 238 324 147 73 70 57 59 56 394 291 107 47 44 45 46 50 
742 166 43 24 18 17 9 5 702 185 62 21 17 23 9 5 738 171 42 23 17 19 9 5 
866 97 17 5 6 9 7 17 850 112 18 7 3 12 7 15 853 113 15 7 5 10 7 14 
705 296 15 3 1 4 0 0 599 398 19 3 1 4 0 0 629 370 17 3 1 4 0 0 
271 534 140 36 13 14 10 6 185 537 209 47 16 11 15 4 412 440 106 22 18 13 9 4 
151 283 207 113 90 72 63 45 123 278 214 121 100 73 59 56 256 282 153 102 81 75 56 19 
99 609 170 51 36 27 20 12 87 612 170 60 35 28 20 12 123 601 165 41 37 19 22 16 
82 458 310 110 42 19 3 0 68 434 329 129 38 23 3 0 123 485 273 99 31 11 2 0 
376 436 85 44 37 19 16 11 378 430 79 41 41 26 16 13 418 435 72 38 27 21 10 3 
231 793 0 0 0 0 0 0 231 793 0 0 0 0 0 0 231 793 0 0 0 0 0 0 
17 430 331 147 76 19 4 0 17 414 340 145 80 24 4 0 56 464 329 117 46 11 1 0 
0 20 168 243 285 200 77 31 0 20 161 246 256 222 83 36 12 42 280 286 215 132 44 13 
4 25 98 184 300 242 125 46 4 21 83 176 286 272 135 47 17 73 150 245 284 171 62 22 
26 87 170 211 174 130 111 115 24 85 167 210 176 128 118 116 110 126 177 184 138 117 93 79 
57 141 207 190 151 102 94 82 54 129 195 199 156 102 90 99 155 187 194 183 109 87 70 39 
80 131 153 140 120 125 128 147 63 122 140 158 121 126 130 164 176 152 139 115 127 103 121 91 
184 266 161 103 72 62 100 76 159 264 173 99 76 66 92 95 298 237 120 85 64 73 75 72 
244 301 192 109 65 41 42 30 211 319 200 110 65 45 40 34 341 277 156 96 49 40 37 28 
174 430 224 81 48 30 23 14 147 432 237 82 53 33 25 15 350 348 159 63 48 26 19 11 
156 475 193 94 55 26 17 8 128 464 217 99 60 29 17 10 240 446 164 86 43 23 17 5 
292 258 157 120 54 55 34 54 281 257 159 121 63 50 36 57 330 247 168 106 51 43 41 38 
518 230 134 54 35 15 18 20 505 242 134 53 32 18 18 22 531 253 118 40 33 21 15 13 
248 264 189 113 72 39 51 48 263 269 183 105 72 37 52 43 347 249 157 95 58 43 43 32 
232 232 180 130 118 58 46 28 262 244 171 133 94 57 38 25 368 246 143 107 73 35 32 20 
318 279 150 108 47 34 35 53 353 275 143 96 47 29 35 46 468 218 130 78 37 31 37 25 
65 156 168 156 160 114 91 114 127 159 186 173 144 69 78 88 238 223 171 127 97 64 62 42 
80 255 209 109 78 79 85 129 136 279 189 94 73 66 91 96 262 273 119 92 67 76 68 67 
74 137 166 159 131 123 98 136 70 145 164 151 128 127 92 147 153 144 166 125 118 103 84 131 
886 108 17 7 0 6 0 0 879 110 18 7 4 6 0 0 881 110 17 8 2 6 0 0 
565 280 76 35 25 13 14 16 549 295 84 39 16 15 15 11 691 227 47 25 12 6 10 6 
594 212 48 46 38 29 29 28 530 273 49 40 41 34 27 30 618 229 44 39 31 26 20 17 
792 112 34 18 20 9 21 18 789 118 30 20 17 11 18 21 767 139 32 19 16 12 19 20 
908 84 19 6 4 2 1 0 810 175 25 7 4 1 2 0 827 160 24 6 4 2 1 0 
956 64 4 0 0 0 0 0 956 64 4 0 0 0 0 0 956 64 4 0 0 0 0 0 
824 181 14 5 0 0 0 0 824 181 14 5 0 0 0 0 824 181 14 5 0 0 0 0 
311 556 106 22 13 9 6 1 276 571 119 29 11 11 5 2 420 486 70 23 10 8 5 2 
129 388 253 118 71 35 18 12 89 336 286 129 93 55 19 17 319 389 157 73 44 20 14 8 
33 336 365 164 46 41 21 18 24 317 376 174 53 39 23 18 109 406 294 100 48 33 23 11 
159 311 228 155 92 46 30 3 141 299 240 163 93 52 29 7 216 351 198 129 69 37 24 0 
185 664 120 30 10 6 4 5 140 701 122 36 10 6 4 5 177 686 112 23 12 5 4 5 
16 520 448 35 5 0 0 0 16 476 492 35 5 0 0 0 16 757 224 22 5 0 0 0 
10 139 271 219 145 123 75 42 9 121 268 216 158 123 71 58 74 219 246 191 128 92 64 10 
26 58 96 142 174 191 158 179 23 46 92 131 175 187 171 199 99 99 115 178 170 159 129 75 
60 103 154 176 176 133 122 100 48 97 143 156 196 141 121 122 136 142 180 174 129 125 90 48 
57 111 149 154 149 151 112 141 50 96 136 161 160 147 120 154 156 154 148 134 117 120 88 107 
78 130 149 155 116 107 138 151 68 122 150 150 123 112 142 157 166 158 136 142 87 114 109 112 
137 180 199 143 104 102 74 85 118 183 196 149 104 105 76 93 232 199 181 104 100 70 75 63 
221 383 166 99 46 40 39 30 202 388 165 107 52 41 38 31 421 249 149 68 43 39 32 23 
211 271 168 106 73 77 64 54 197 258 185 111 72 77 62 62 282 259 132 100 64 78 65 44 
120 179 177 154 97 83 95 119 108 176 184 157 97 86 97 119 156 207 168 131 89 92 79 102 
214 356 191 100 74 38 23 28 188 354 198 107 84 40 23 30 324 307 160 94 69 29 26 15 
217 280 209 142 70 54 26 26 194 277 205 157 79 56 24 32 352 296 159 87 60 33 24 13 
570 268 79 41 18 14 16 18 542 288 80 46 21 11 18 18 604 246 80 30 14 15 12 23 
566 232 69 36 36 30 38 17 567 231 67 39 32 35 38 15 598 206 67 37 34 38 30 14 
154 231 206 135 104 64 57 73 159 221 208 127 101 74 58 76 253 222 179 114 89 66 62 39 
84 151 166 131 108 101 105 178 138 154 163 138 86 89 103 153 229 166 137 113 82 85 93 119 
39 116 166 142 128 101 130 202 86 138 177 127 90 99 109 198 194 170 131 91 94 93 112 139 
96 239 236 151 109 52 57 84 105 230 239 154 100 52 57 87 198 283 186 104 72 50 51 80 
718 149 53 49 22 14 11 8 699 163 57 48 23 14 12 8 735 137 51 47 21 14 11 8 
699 139 51 35 30 20 29 21 670 148 65 35 33 21 24 28 699 140 48 36 32 18 28 23 
791 107 46 21 12 24 8 15 785 110 47 20 14 21 12 15 781 119 46 19 16 21 12 10 
929 42 20 13 6 7 3 4 907 58 24 14 6 8 3 4 914 52 23 14 6 8 3 4 
1016 8 0 0 0 0 0 0 984 40 0 0 0 0 0 0 1000 24 0 0 0 0 0 0 
1010 14 0 0 0 0 0 0 1010 14 0 0 0 0 0 0 1010 14 0 0 0 0 0 0 
896 104 24 0 0 0 0 0 857 135 32 0 0 0 0 0 873 123 28 0 0 0 0 0 
909 110 5 0 0 0 0 0 909 110 5 0 0 0 0 0 909 110 5 0 0 0 0 0 
248 615 116 28 8 5 2 2 238 613 127 26 10 4 3 3 311 596 77 25 8 5 2 0 
231 437 193 87 34 25 11 6 200 456 189 96 38 26 11 8 294 397 179 77 34 27 11 5 
97 602 229 45 21 10 10 10 94 576 252 47 25 10 10 10 194 585 174 32 14 13 5 7 
192 678 126 20 8 0 0 0 187 681 128 20 8 0 0 0 262 635 102 17 8 0 0 0 
183 418 384 37 2 0 0 0 177 563 256 26 2 0 0 0 325 653 41 3 2 0 0 0 
115 238 243 124 78 78 69 79 99 250 237 119 88 68 77 86 221 298 161 74 82 82 63 43 
68 123 176 151 118 140 113 135 55 111 163 167 123 133 118 154 165 167 163 128 126 115 112 48 
76 126 147 124 120 131 130 170 70 122 148 117 124 121 139 183 154 132 154 109 115 127 132 101 
81 183 184 148 135 112 101 80 61 175 181 148 141 122 100 96 194 195 156 132 122 100 78 47 
125 219 219 139 111 79 70 62 114 216 212 152 113 71 72 74 223 238 158 126 92 71 62 54 
170 183 146 71 87 89 129 149 155 192 136 79 87 92 122 161 255 179 102 74 87 81 123 123 
280 400 167 82 37 29 19 10 242 402 198 85 36 30 21 10 458 315 119 59 24 29 12 8 
246 247 174 118 73 62 58 46 234 251 174 116 79 58 64 48 322 245 151 95 81 53 48 29 
194 203 149 122 93 83 71 109 191 220 134 124 91 83 79 102 313 173 128 106 80 87 66 71 
188 277 169 137 81 69 57 46 169 277 178 142 80 74 56 48 322 223 145 110 87 62 44 31 
118 179 211 162 135 84 63 72 121 165 178 178 148 86 67 81 278 200 169 134 87 57 69 30 
314 356 176 71 48 24 20 15 291 347 203 77 45 25 25 11 476 271 125 61 41 21 23 6 
671 211 45 19 11 19 16 32 663 211 48 21 14 14 23 30 674 207 42 21 12 22 24 22 
151 165 126 150 135 104 95 98 141 165 119 134 149 99 103 114 204 157 148 125 109 93 87 101 
85 129 138 114 125 122 120 191 77 128 135 120 118 122 130 194 142 151 124 112 103 114 116 162 
68 160 192 169 117 108 92 118 54 160 195 175 109 101 95 135 128 182 188 145 94 99 82 106 
70 161 207 160 130 103 101 92 54 141 209 162 132 117 100 109 110 208 181 148 109 102 87 79 
553 277 76 51 26 20 5 16 475 365 82 49 23 8 14 8 604 282 70 36 18 10 2 2 
859 108 23 12 10 2 4 6 875 90 25 10 11 3 3 7 896 75 22 14 5 2 6 4 
982 19 9 7 5 1 1 0 982 19 9 7 5 1 1 0 982 19 9 7 5 1 1 0 
953 48 15 2 3 2 1 0 953 48 15 2 3 2 1 0 953 48 15 2 3 2 1 0 
984 40 0 0 0 0 0 0 984 40 0 0 0 0 0 0 984 40 0 0 0 0 0 0 
1024 0 0 0 0 0 0 0 960 64 0 0 0 0 0 0 955 61 8 0 0 0 0 0 
997 27 0 0 0 0 0 0 997 27 0 0 0 0 0 0 997 27 0 0 0 0 0 0 
832 183 7 2 0 0 0 0 808 207 7 2 0 0 0 0 816 199 7 2 0 0 0 0 
433 506 56 16 6 7 0 0 364 558 63 26 6 7 0 0 390 544 58 20 5 7 0 0 
157 836 23 7 1 0 0 0 126 858 30 9 1 0 0 0 223 763 29 8 1 0 0 0 
541 435 37 7 3 1 0 0 494 475 43 8 3 1 0 0 529 447 37 7 3 1 0 0 
759 259 6 0 0 0 0 0 759 259 6 0 0 0 0 0 759 259 6 0 0 0 0 0 
585 246 107 55 19 8 4 0 590 239 100 58 22 11 4 0 603 248 94 53 16 9 1 0 
117 259 196 162 102 77 72 39 101 255 197 175 95 83 73 45 202 253 195 125 95 70 57 27 
105 153 180 132 103 107 106 138 92 143 183 132 114 107 104 149 183 208 120 125 95 97 103 93 
28 59 102 104 151 155 181 244 22 54 89 117 144 156 188 254 63 76 106 120 152 148 192 167 
75 159 207 170 120 110 93 90 69 148 188 178 131 107 107 96 175 162 196 131 103 100 88 69 
177 302 161 121 83 57 54 69 156 306 160 120 98 58 55 71 355 213 121 102 66 56 55 56 
181 196 185 128 100 89 75 70 169 189 189 125 113 83 81 75 292 187 151 110 96 80 63 45 
242 278 170 97 76 59 52 50 212 288 182 96 78 61 50 57 367 219 145 93 69 55 49 27 
194 223 165 135 90 80 74 63 189 225 149 146 94 82 74 65 267 209 147 116 84 73 67 61 
306 325 166 79 55 30 36 27 287 330 172 83 56 29 38 29 402 297 117 77 45 37 30 19 
279 317 149 92 52 46 61 28 228 330 168 104 54 44 64 32 346 328 123 66 49 48 43 21 
331 428 129 43 35 20 24 14 260 463 154 48 38 23 20 18 453 355 102 37 32 17 17 11 
203 264 200 135 71 63 45 43 228 255 179 139 68 62 44 49 321 231 156 132 54 56 40 34 
173 132 170 94 74 80 108 193 169 127 168 97 75 86 106 196 208 147 137 88 69 78 125 172 
89 163 185 174 120 91 92 110 74 155 172 179 142 92 98 112 184 175 149 146 110 79 96 85 
93 219 258 199 128 59 37 31 80 183 266 206 137 74 46 32 225 257 229 148 75 42 30 18 
132 253 207 113 91 78 62 88 99 267 201 124 91 74 70 98 266 244 150 95 80 55 57 77 
141 243 211 155 94 68 49 63 106 248 190 166 113 70 61 70 249 244 175 135 65 51 47 58 
801 124 29 20 14 10 15 11 735 181 31 24 11 13 16 13 763 157 28 24 13 10 17 12 
993 31 0 0 0 0 0 0 993 31 0 0 0 0 0 0 993 31 0 0 0 0 0 0 
958 57 9 0 0 0 0 0 958 57 9 0 0 0 0 0 958 57 9 0 0 0 0 0 
1016 8 0 0 0 0 0 0 1016 8 0 0 0 0 0 0 1016 8 0 0 0 0 0 0 
1014 10 0 0 0 0 0 0 1014 10 0 0 0 0 0 0 1014 10 0 0 0 0 0 0 
1018 6 0 0 0 0 0 0 1018 6 0 0 0 0 0 0 1018 6 0 0 0 0 0 0 
974 50 0 0 0 0 0 0 974 50 0 0 0 0 0 0 974 50 0 0 0 0 0 0 
982 35 7 0 0 0 0 0 982 35 7 0 0 0 0 0 982 35 7 0 0 0 0 0 
761 188 26 20 11 9 9 0 761 188 26 20 11 9 9 0 761 188 26 20 11 9 9 0 
537 435 44 5 2 1 0 0 537 435 44 5 2 1 0 0 537 435 44 5 2 1 0 0 
998 23 3 0 0 0 0 0 998 23 3 0 0 0 0 0 998 23 3 0 0 0 0 0 
984 40 0 0 0 0 0 0 984 40 0 0 0 0 0 0 984 40 0 0 0 0 0 0 
486 492 36 9 1 0 0 0 468 504 42 9 1 0 0 0 642 342 31 9 0 0 0 0 
184 410 215 97 56 38 15 9 162 398 232 105 58 39 17 13 309 363 169 73 52 37 17 4 
125 190 177 143 121 95 95 78 107 188 174 148 118 101 95 93 192 206 161 135 104 88 80 58 
37 74 90 112 123 134 193 261 28 76 80 119 129 126 200 266 82 80 89 110 117 129 188 229 
116 214 195 139 117 87 82 74 105 203 207 135 120 83 92 79 195 211 175 135 108 71 67 62 
132 212 154 129 111 95 93 98 120 210 164 121 115 97 93 104 213 193 142 125 98 90 87 76 
214 251 151 102 100 65 73 68 192 260 153 107 101 65 68 78 308 203 134 104 88 69 55 63 
267 344 150 86 64 42 37 34 258 343 153 86 68 41 40 35 383 275 131 75 60 44 31 25 
302 303 164 86 78 36 37 18 278 314 169 84 78 44 38 19 396 257 139 80 67 41 27 17 
268 254 184 97 66 66 46 43 258 251 189 103 67 65 47 44 336 246 161 85 62 58 42 34 
279 303 154 90 54 43 36 65 258 293 180 94 52 47 33 67 319 299 138 83 47 40 43 55 
407 389 112 72 20 11 6 7 413 383 111 73 19 12 6 7 437 371 101 73 19 9 5 9 
276 439 146 67 39 26 19 12 262 450 145 72 31 27 25 12 288 440 135 70 34 26 19 12 
166 205 188 167 80 67 68 83 176 188 190 162 77 65 72 94 228 194 191 130 69 70 68 74 
173 241 203 160 94 61 54 38 136 239 217 151 112 69 58 42 243 222 191 148 86 63 50 21 
211 363 148 100 44 42 56 60 137 387 190 87 64 30 55 74 265 351 139 78 46 34 57 54 
282 309 149 122 74 32 29 27 231 343 163 114 77 37 32 27 308 322 148 105 58 33 31 19 
346 322 145 69 51 44 29 18 201 396 182 80 55 49 34 27 413 286 134 63 45 40 30 13 
972 43 2 3 1 1 2 0 972 43 2 3 1 1 2 0 972 43 2 3 1 1 2 0 
972 52 0 0 0 0 0 0 972 52 0 0 0 0 0 0 972 52 0 0 0 0 0 0 
1024 0 0 0 0 0 0 0 1024 0 0 0 0 0 0 0 1024 0 0 0 0 0 0 0 
1024 0 0 0 0 0 0 0 1024 0 0 0 0 0 0 0 1024 0 0 0 0 0 0 0 
1024 0 0 0 0 0 0 0 1024 0 0 0 0 0 0 0 1024 0 0 0 0 0 0 0 
1024 0 0 0 0 0 0 0 1024 0 0 0 0 0 0 0 1024 0 0 0 0 0 0 0 
948 76 0 0 0 0 0 0 884 140 0 0 0 0 0 0 884 140 0 0 0 0 0 0 
975 46 3 0 0 0 0 0 975 46 3 0 0 0 0 0 975 46 3 0 0 0 0 0 
911 108 5 0 0 0 0 0 911 108 5 0 0 0 0 0 911 108 5 0 0 0 0 0 
841 132 37 5 4 2 3 0 831 134 43 6 5 1 3 1 843 130 38 4 4 2 3 0 
1009 14 1 0 0 0 0 0 1009 14 1 0 0 0 0 0 1009 14 1 0 0 0 0 0 
1010 14 0 0 0 0 0 0 1010 14 0 0 0 0 0 0 1010 14 0 0 0 0 0 0 
554 298 110 27 19 9 5 2 552 299 111 27 19 9 5 2 562 292 108 27 19 9 5 2 
250 425 151 85 54 22 22 15 240 427 144 92 53 28 23 17 343 376 130 88 40 16 24 7 
296 352 177 64 50 32 36 17 281 349 185 70 43 40 35 21 374 307 154 66 43 33 34 13 
75 115 161 108 137 129 117 182 62 112 154 113 144 122 118 199 135 137 122 132 114 121 114 149 
183 404 201 80 54 35 39 28 170 400 205 86 59 37 36 31 322 326 172 68 43 43 29 21 
223 328 165 108 72 58 28 42 192 344 170 115 69 61 27 46 355 270 149 86 53 51 37 23 
187 294 192 118 80 61 42 50 197 301 180 114 81 63 43 45 325 260 146 94 68 52 43 36 
425 320 109 61 44 26 22 17 418 319 112 63 47 26 21 18 496 278 97 59 35 24 20 15 
245 237 143 107 80 66 77 69 258 251 136 102 84 55 73 65 379 209 111 105 58 65 60 37 
285 332 137 98 51 46 48 27 312 324 133 93 52 43 41 26 414 282 120 78 47 42 24 17 
221 289 172 111 87 74 44 26 247 285 162 115 69 70 46 30 414 204 127 99 70 61 38 11 
289 285 145 96 71 52 48 38 266 309 138 96 71 56 48 40 376 269 111 88 67 53 37 23 
178 189 158 100 79 93 104 123 189 192 138 104 69 84 97 151 241 184 127 85 78 78 103 128 
202 200 132 106 114 113 84 73 171 219 133 102 113 110 92 84 260 197 101 111 108 104 73 70 
276 253 159 104 79 60 43 50 270 243 154 99 85 73 44 56 365 220 123 95 84 53 44 40 
137 135 160 158 184 125 76 49 129 128 137 163 181 131 103 52 170 150 150 153 163 108 78 52 
150 220 211 125 100 79 77 62 132 196 213 145 109 68 86 75 223 217 180 110 89 80 68 57 
172 273 198 134 77 69 62 39 132 275 202 153 77 69 59 57 270 271 158 87 82 62 44 50 
900 102 14 3 1 4 0 0 900 102 14 3 1 4 0 0 900 102 14 3 1 4 0 0 
1016 8 0 0 0 0 0 0 1016 8 0 0 0 0 0 0 1016 8 0 0 0 0 0 0 
1024 0 0 0 0 0 0 0 1024 0 0 0 0 0 0 0 1024 0 0 0 0 0 0 0 
1024 0 0 0 0 0 0 0 1024 0 0 0 0 0 0 0 1024 0 0 0 0 0 0 0 
966 54 4 0 0 0 0 0 966 54 4 0 0 0 0 0 966 54 4 0 0 0 0 0 
976 48 0 0 0 0 0 0 976 48 0 0 0 0 0 0 976 48 0 0 0 0 0 0 
968 56 0 0 0 0 0 0 968 56 0 0 0 0 0 0 968 56 0 0 0 0 0 0 
976 48 0 0 0 0 0 0 976 48 0 0 0 0 0 0 976 48 0 0 0 0 0 0 
1018 6 0 0 0 0 0 0 1018 6 0 0 0 0 0 0 1018 6 0 0 0 0 0 0 
957 58 3 2 3 0 1 0 957 58 3 2 3 0 1 0 957 58 3 2 3 0 1 0 
960 41 16 5 1 0 1 0 949 45 20 8 1 0 1 0 952 47 15 8 1 0 1 0 
949 75 0 0 0 0 0 0 949 75 0 0 0 0 0 0 949 75 0 0 0 0 0 0 
522 328 95 45 21 7 5 1 512 335 102 41 21 7 5 1 547 293 99 48 24 8 4 1 
556 370 49 26 10 5 6 2 553 371 50 25 12 5 6 2 601 338 46 19 10 3 6 1 
362 268 107 60 61 48 54 64 361 269 102 62 58 49 50 73 421 250 86 65 52 49 49 52 
464 232 97 76 42 46 38 29 451 233 94 79 45 40 45 37 515 205 83 66 44 43 35 33 
557 315 91 30 16 11 2 2 548 308 106 29 17 12 2 2 552 310 100 30 16 12 2 2 
625 294 59 24 10 9 0 3 613 302 60 27 10 8 1 3 654 279 48 22 10 8 2 1 
591 324 78 26 3 2 0 0 592 324 82 21 4 1 0 0 635 310 56 20 2 1 0 0 
474 273 122 75 33 17 18 12 553 259 98 54 24 18 13 5 579 255 91 42 26 13 14 4 
298 293 157 92 63 55 38 28 449 230 125 72 62 45 33 8 498 231 94 79 58 44 14 6 
311 214 118 103 96 79 52 51 357 242 120 88 95 48 43 31 453 199 111 96 73 53 24 15 
124 185 159 117 114 95 106 124 189 182 148 114 100 84 89 118 256 173 135 105 98 81 88 88 
135 328 246 122 76 48 39 30 231 318 214 92 66 45 36 22 352 307 156 65 64 37 30 13 
171 285 150 131 57 77 71 82 302 277 125 82 76 67 62 33 391 242 115 76 75 61 49 15 
444 294 148 74 35 21 5 3 452 311 142 65 27 21 4 2 504 286 134 56 19 19 4 2 
277 267 171 140 68 53 35 13 242 275 176 124 89 56 45 17 352 244 136 124 70 53 33 12 
187 285 219 146 77 52 28 30 114 291 225 170 96 64 29 35 371 229 156 106 74 40 24 24 
427 347 144 53 29 12 7 5 204 522 157 82 33 13 8 5 479 353 100 47 25 9 8 3 
363 400 112 66 35 19 21 8 198 467 187 72 37 24 23 16 417 346 124 57 32 16 19 13 
1008 14 2 0 0 0 0 0 1008 14 2 0 0 0 0 0 1008 14 2 0 0 0 0 0 
1024 0 0 0 0 0 0 0 1024 0 0 0 0 0 0 0 1024 0 0 0 0 0 0 0 
1024 0 0 0 0 0 0 0 1024 0 0 0 0 0 0 0 1024 0 0 0 0 0 0 0 
1024 0 0 0 0 0 0 0 1024 0 0 0 0 0 0 0 1024 0 0 0 0 0 0 0 
1014 10 0 0 0 0 0 0 1014 10 0 0 0 0 0 0 1014 10 0 0 0 0 0 0 
1024 0 0 0 0 0 0 0 1024 0 0 0 0 0 0 0 1024 0 0 0 0 0 0 0 
1012 12 0 0 0 0 0 0 1012 12 0 0 0 0 0 0 1012 12 0 0 0 0 0 0 
992 32 0 0 0 0 0 0 992 32 0 0 0 0 0 0 992 32 0 0 0 0 0 0 
894 121 8 1 0 0 0 0 894 121 8 1 0 0 0 0 894 121 8 1 0 0 0 0 
617 271 66 21 24 19 5 1 638 241 72 17 28 20 4 4 586 269 91 21 30 21 3 3 
378 456 113 27 12 13 16 9 425 391 110 43 14 9 17 15 380 399 139 54 13 7 24 8 
515 350 89 46 16 4 4 0 515 350 89 46 16 4 4 0 515 350 89 46 16 4 4 0 
354 466 95 49 26 12 16 6 367 454 93 49 27 12 17 5 391 428 95 50 25 12 16 7 
476 478 50 15 3 1 1 0 472 476 56 15 3 1 1 0 513 451 45 11 2 1 1 0 
262 472 174 70 26 14 4 2 244 480 184 66 26 18 4 2 418 394 119 52 29 7 5 0 
451 261 162 85 40 15 6 4 449 256 166 84 41 18 6 4 546 255 126 48 30 9 6 4 
687 191 70 60 16 0 0 0 689 206 65 56 8 0 0 0 699 199 71 49 6 0 0 0 
741 254 27 2 0 0 0 0 741 254 27 2 0 0 0 0 741 254 27 2 0 0 0 0 
569 357 63 25 3 3 3 1 573 359 61 23 3 4 0 1 601 340 59 17 2 4 1 0 
589 304 50 27 20 13 11 10 596 302 46 31 17 12 9 11 624 286 41 27 18 9 11 8 
648 90 58 36 33 32 56 71 642 102 51 39 29 26 62 73 674 95 42 32 28 32 45 76 
238 254 136 112 74 67 57 86 261 285 134 91 63 55 48 87 371 240 114 85 46 52 53 63 
149 332 236 111 76 50 36 34 212 315 219 86 74 44 38 36 339 290 163 82 52 40 35 23 
643 283 43 25 14 10 6 0 643 283 43 25 14 10 6 0 643 283 43 25 14 10 6 0 
713 253 21 18 7 8 1 3 713 253 21 18 7 8 1 3 713 253 21 18 7 8 1 3 
830 108 28 22 13 11 6 6 830 104 27 22 16 11 6 8 829 106 27 22 16 11 5 8 
215 199 152 102 82 101 94 79 214 177 137 115 92 89 97 103 300 172 117 101 69 101 87 77 
176 288 212 119 81 68 54 26 140 256 215 155 95 65 54 44 277 261 180 108 70 60 42 26 
342 414 124 71 34 19 13 7 296 405 165 72 45 21 12 8 366 378 142 66 36 20 9 7 
465 254 124 72 53 34 16 6 451 228 125 93 56 42 17 12 521 266 104 52 33 24 19 5 
925 79 13 7 0 0 0 0 925 79 13 7 0 0 0 0 925 79 13 7 0 0 0 0 
822 139 27 13 10 9 2 2 822 139 27 13 10 9 2 2 822 139 27 13 10 9 2 2 
934 72 18 0 0 0 0 0 934 72 18 0 0 0 0 0 934 72 18 0 0 0 0 0 
1012 12 0 0 0 0 0 0 1012 12 0 0 0 0 0 0 1012 12 0 0 0 0 0 0 
982 25 3 5 1 4 4 0 958 49 3 5 1 4 4 0 966 41 3 5 1 4 4 0 
1002 22 0 0 0 0 0 0 978 46 0 0 0 0 0 0 986 38 0 0 0 0 0 0 
985 39 0 0 0 0 0 0 953 71 0 0 0 0 0 0 953 71 0 0 0 0 0 0 
692 327 5 0 0 0 0 0 639 371 13 1 0 0 0 0 572 379 71 2 0 0 0 0 
810 214 0 0 0 0 0 0 802 222 0 0 0 0 0 0 794 230 0 0 0 0 0 0 
613 358 46 5 1 1 0 0 559 382 73 8 1 1 0 0 552 310 138 20 3 1 0 0 
262 510 121 69 33 12 8 9 228 459 208 74 26 12 8 9 235 268 389 80 23 12 9 8 
432 495 69 19 5 3 1 0 405 449 140 21 5 3 1 0 358 463 169 25 5 3 1 0 
47 746 144 59 23 4 1 0 21 765 133 67 30 7 1 0 220 581 128 46 32 16 1 0 
23 288 474 177 37 12 10 3 13 183 572 186 45 12 10 3 39 452 333 146 36 7 8 3 
149 229 277 183 82 49 29 26 162 221 282 175 81 48 28 27 228 246 255 160 60 30 25 20 
34 186 316 205 94 88 69 32 59 178 333 182 90 76 60 46 122 271 290 127 74 79 42 19 
97 153 205 231 123 92 83 40 102 156 220 218 107 89 74 58 169 176 241 159 96 78 62 43 
266 367 197 80 38 26 31 19 263 354 204 85 41 31 29 17 350 368 151 53 35 32 22 13 
526 387 63 13 11 12 10 2 520 391 63 15 10 13 9 3 558 358 61 13 10 15 8 1 
518 301 113 57 18 11 3 3 514 298 123 55 19 8 3 4 597 262 96 48 10 6 4 1 
478 201 67 49 99 76 28 26 457 205 74 61 97 76 27 27 544 187 98 83 65 29 17 1 
204 229 113 82 68 70 111 147 199 237 130 96 56 79 101 126 396 183 85 52 59 80 95 74 
114 162 104 148 90 136 147 123 105 174 129 134 107 148 127 100 282 157 163 101 110 97 71 43 
662 125 65 44 46 37 16 29 663 130 63 46 44 36 22 20 708 121 60 50 50 26 8 1 
876 90 36 14 6 2 0 0 876 90 36 14 6 2 0 0 876 90 36 14 6 2 0 0 
667 138 64 31 38 20 28 38 709 109 52 38 36 17 32 31 707 115 54 41 30 16 34 27 
428 192 91 77 53 54 53 76 486 154 84 66 49 48 63 74 515 148 78 66 52 47 61 57 
484 268 116 56 23 29 27 21 455 239 153 69 23 29 26 30 543 203 136 44 23 33 24 18 
485 330 130 40 16 6 12 5 374 353 161 85 22 9 12 8 430 345 143 63 17 7 9 10 
829 151 18 17 4 3 1 1 830 145 25 14 5 3 1 1 827 148 25 14 6 2 1 1 
109 183 237 223 138 78 34 22 108 196 242 220 132 72 34 20 169 260 288 140 86 44 29 8 
176 325 273 101 57 42 31 19 206 311 258 104 56 42 27 20 292 372 196 78 38 24 23 1 
276 563 149 17 10 7 1 1 269 568 151 17 10 7 1 1 298 550 140 17 10 7 1 1 
458 434 80 30 13 7 2 0 455 436 81 29 14 7 2 0 466 429 81 29 12 5 2 0 
690 217 59 34 17 7 0 0 690 215 61 34 16 8 0 0 697 217 56 33 15 6 0 0 
598 346 61 17 2 0 0 0 570 367 53 32 2 0 0 0 560 363 65 32 4 0 0 0 
682 309 28 5 0 0 0 0 600 388 31 5 0 0 0 0 565 376 74 9 0 0 0 0 
610 414 0 0 0 0 0 0 486 504 34 0 0 0 0 0 436 391 197 0 0 0 0 0 
419 560 31 6 5 2 1 0 167 742 96 7 6 4 2 0 71 445 464 30 6 5 2 1 
350 514 117 26 9 4 2 2 199 513 251 39 13 4 3 2 127 269 440 143 29 9 3 4 
398 519 72 12 6 6 6 5 326 406 243 23 7 6 5 8 270 273 273 168 19 3 9 9 
289 596 131 8 0 0 0 0 211 487 247 74 5 0 0 0 212 387 151 203 68 3 0 0 
127 666 186 33 12 0 0 0 87 372 477 64 19 5 0 0 46 242 566 128 27 12 3 0 
55 514 422 15 9 4 5 0 23 300 654 25 11 4 6 1 26 236 656 83 11 5 6 1 
50 248 475 174 52 18 6 1 71 207 478 185 56 20 6 1 81 203 538 141 41 15 4 1 
182 442 199 148 38 10 3 2 164 456 185 174 28 10 4 3 197 480 238 81 14 8 3 3 
248 210 158 127 79 85 72 45 272 201 145 114 87 79 80 46 298 220 169 101 100 73 35 28 
44 165 245 204 155 110 69 32 46 157 251 203 148 110 80 29 103 238 236 126 120 112 64 25 
47 213 404 144 99 66 23 28 62 227 421 122 102 50 14 26 154 481 130 112 81 33 19 14 
102 166 167 167 163 130 81 48 127 175 167 163 141 119 83 49 162 171 173 139 150 110 79 40 
54 176 125 157 183 159 88 82 136 194 126 151 184 111 69 53 223 216 163 167 110 75 51 19 
19 130 124 151 183 167 135 115 98 170 126 179 148 124 113 66 189 187 156 162 134 105 65 26 
44 145 209 197 164 125 72 68 127 237 201 159 126 80 44 50 329 249 152 115 74 41 37 27 
268 168 184 171 105 59 43 26 309 156 175 181 89 45 38 31 367 194 200 119 58 42 32 12 
189 192 200 129 98 87 53 76 235 244 175 111 82 64 55 58 391 236 123 86 51 51 52 34 
128 169 188 170 129 102 63 75 248 174 191 116 121 78 56 40 339 247 150 108 76 47 43 14 
74 144 173 127 118 121 115 152 197 190 132 107 101 108 92 97 312 171 111 100 108 80 77 65 
183 180 132 129 88 97 86 129 288 212 128 84 88 81 70 73 364 199 115 88 76 82 52 48 
418 188 90 66 76 34 53 99 503 159 74 73 49 38 53 75 542 134 92 62 48 45 63 38 
660 231 58 26 16 10 12 11 693 209 57 22 12 9 10 12 707 201 52 24 11 9 10 10 
64 319 382 148 68 27 10 6 84 295 377 152 68 32 9 7 116 361 317 133 56 27 9 5 
121 329 313 173 63 17 7 1 137 354 306 138 68 14 4 3 255 404 221 95 36 9 3 1 
165 506 243 54 31 7 6 12 164 534 226 49 22 12 6 11 259 490 188 38 21 10 7 11 
225 568 123 69 22 11 3 3 234 576 128 54 21 6 2 3 253 568 119 55 18 6 2 3 
87 280 231 143 92 78 60 53 109 290 237 129 87 69 49 54 155 291 217 114 90 71 55 31 
65 201 184 159 103 99 103 110 96 217 179 122 123 92 92 103 132 210 190 134 101 85 94 78 
92 177 149 163 148 98 100 97 134 189 165 154 114 98 100 70 162 231 179 129 99 81 78 65 
160 253 152 138 93 77 75 76 205 267 147 115 96 63 77 54 229 263 139 132 87 76 71 27 
143 514 101 73 62 43 46 42 153 429 144 80 74 52 39 53 239 296 141 128 76 55 45 44 
78 633 90 60 54 38 40 31 90 628 78 59 53 40 44 32 93 617 76 62 49 45 46 36 
85 599 250 75 12 3 0 0 98 607 225 78 13 3 0 0 242 539 138 82 18 5 0 0 
209 558 160 49 18 8 12 10 227 530 188 32 17 9 11 10 320 452 155 43 16 14 8 16 
125 561 247 44 25 15 6 1 135 565 220 59 26 14 4 1 267 553 88 64 27 18 4 3 
93 303 423 202 3 0 0 0 33 272 460 255 4 0 0 0 48 378 527 65 6 0 0 0 
8 159 272 566 18 1 0 0 0 26 343 516 138 1 0 0 0 9 772 232 10 1 0 0 
144 250 245 324 61 0 0 0 145 252 226 302 99 0 0 0 160 267 280 309 8 0 0 0 
480 390 144 8 2 0 0 0 480 376 158 8 2 0 0 0 512 472 30 8 2 0 0 0 
0 109 583 269 28 18 9 8 0 70 554 337 28 18 10 7 17 365 539 43 24 19 7 10 
31 401 206 323 59 4 0 0 23 384 208 329 75 5 0 0 45 487 266 198 26 2 0 0 
24 618 277 69 23 13 0 0 24 587 314 66 20 13 0 0 41 677 217 56 20 13 0 0 
186 252 360 156 40 25 5 0 216 228 365 143 39 27 4 2 254 235 345 123 37 24 5 1 
80 320 455 125 30 8 6 0 148 319 383 127 32 9 6 0 128 441 323 95 25 6 6 0 
47 226 329 184 120 70 28 20 73 216 327 191 116 62 24 15 119 320 229 157 117 49 22 11 
19 485 327 123 51 12 3 4 18 516 302 127 42 12 5 2 140 554 185 96 37 5 5 2 
163 351 272 139 63 25 9 2 175 388 244 120 57 29 9 2 242 383 216 99 48 25 9 2 
207 202 156 158 146 115 27 13 244 189 168 132 130 120 33 8 342 164 163 117 124 95 14 5 
83 148 106 180 177 180 125 25 177 72 142 161 155 184 115 18 210 150 148 159 157 161 38 1 
50 104 140 137 176 150 114 153 141 144 130 129 158 122 94 106 223 143 140 126 132 102 85 73 
51 138 158 158 145 118 96 160 173 170 134 144 111 110 91 91 249 170 144 116 100 91 95 59 
645 203 66 43 23 33 11 0 645 208 65 42 29 29 6 0 652 202 65 42 26 30 7 0 
336 410 137 65 48 23 1 4 336 416 132 63 46 25 2 4 364 423 111 65 39 18 4 0 
66 374 447 110 24 3 0 0 59 358 465 113 25 4 0 0 85 437 376 107 17 2 0 0 
44 203 494 221 55 7 0 0 45 190 475 243 61 10 0 0 76 310 439 158 39 2 0 0 
44 144 249 235 169 94 55 34 67 193 264 222 129 82 43 24 127 267 252 186 81 71 28 12 
67 250 257 164 129 78 46 33 77 265 256 160 116 76 44 30 204 320 202 128 90 49 25 6 
33 370 337 164 67 26 18 9 28 343 372 159 70 23 16 13 137 403 245 135 55 26 14 9 
116 216 312 203 83 44 29 21 196 280 214 185 77 35 29 8 202 306 199 186 59 38 25 9 
177 328 181 94 55 41 61 87 275 323 140 59 52 36 53 86 297 318 122 57 52 47 51 80 
191 444 185 114 58 17 7 8 242 491 161 81 26 12 5 6 523 367 71 39 8 8 5 3 
394 509 76 40 3 2 0 0 395 504 90 30 3 2 0 0 431 508 61 19 3 2 0 0 
175 424 201 133 57 17 10 7 170 423 206 133 54 19 8 11 227 379 206 125 51 17 11 8 
774 204 29 12 5 0 0 0 770 206 28 13 7 0 0 0 761 212 29 13 7 2 0 0 
129 572 288 35 0 0 0 0 126 551 289 50 8 0 0 0 174 793 49 8 0 0 0 0 
0 65 713 229 14 3 0 0 0 55 750 211 5 3 0 0 15 799 202 5 3 0 0 0 
0 1 120 658 158 39 34 14 0 0 29 634 272 37 36 16 1 135 728 66 21 51 22 0 
0 0 252 648 96 27 1 0 0 0 167 684 143 28 2 0 0 164 532 294 31 3 0 0 
0 348 617 59 0 0 0 0 0 188 689 144 3 0 0 0 37 916 70 1 0 0 0 0 
0 453 520 51 0 0 0 0 0 342 593 89 0 0 0 0 93 779 152 0 0 0 0 0 
6 625 291 100 2 0 0 0 0 595 322 101 6 0 0 0 48 796 167 13 0 0 0 0 
22 937 64 1 0 0 0 0 22 929 72 1 0 0 0 0 22 951 50 1 0 0 0 0 
17 493 345 135 29 5 0 0 16 489 344 139 31 5 0 0 18 503 372 104 24 3 0 0 
10 411 414 157 19 6 6 1 10 393 430 159 19 6 6 1 11 498 337 147 18 6 6 1 
0 707 226 66 11 9 5 0 0 615 318 66 11 9 5 0 76 673 184 66 11 9 5 0 
8 1008 8 0 0 0 0 0 8 1000 16 0 0 0 0 0 744 280 0 0 0 0 0 0 
272 606 133 13 0 0 0 0 285 686 51 2 0 0 0 0 652 362 10 0 0 0 0 0 
335 641 48 0 0 0 0 0 361 600 63 0 0 0 0 0 552 446 26 0 0 0 0 0 
246 402 179 143 50 4 0 0 250 411 182 127 48 6 0 0 283 458 155 104 23 1 0 0 
397 352 193 68 9 5 0 0 424 389 167 30 9 5 0 0 652 249 96 18 6 3 0 0 
424 285 179 86 19 15 11 5 524 278 148 34 14 12 12 2 612 300 65 15 9 16 6 1 
557 288 121 25 22 6 3 2 580 320 69 22 22 6 3 2 651 254 66 20 22 6 3 2 
5 67 172 199 262 101 84 134 50 100 160 191 223 87 94 119 36 126 183 173 223 78 85 120 
39 161 263 272 120 74 59 36 19 218 258 183 184 72 55 35 111 243 158 171 182 70 48 41 
54 438 292 106 57 50 23 4 97 380 307 106 56 49 25 4 186 452 184 71 56 52 19 4 
65 359 235 168 74 54 46 23 103 370 198 151 80 54 43 25 158 389 174 137 58 47 39 22 
47 234 304 181 104 60 50 44 124 312 226 150 77 53 42 40 196 355 204 106 54 45 36 28 
65 456 284 126 42 20 15 16 55 458 277 138 44 17 22 13 117 503 251 85 29 17 13 9 
304 544 91 40 25 9 7 4 317 534 89 39 26 8 7 4 313 538 89 39 26 8 7 4 
223 598 91 58 35 12 5 2 251 601 86 47 24 10 4 1 336 528 79 43 23 12 2 1 
328 696 0 0 0 0 0 0 328 696 0 0 0 0 0 0 328 696 0 0 0 0 0 0 
82 926 14 2 0 0 0 0 82 926 14 2 0 0 0 0 82 926 14 2 0 0 0 0 
80 944 0 0 0 0 0 0 80 944 0 0 0 0 0 0 80 944 0 0 0 0 0 0 
992 32 0 0 0 0 0 0 992 32 0 0 0 0 0 0 992 32 0 0 0 0 0 0 
53 596 372 3 0 0 0 0 60 556 408 0 0 0 0 0 257 762 5 0 0 0 0 0 
96 92 684 60 21 46 25 0 102 86 708 46 23 35 22 2 114 629 175 27 27 28 24 0 
94 142 500 111 70 58 41 8 108 135 491 141 60 58 21 10 104 289 367 120 63 52 19 10 
133 227 480 125 32 13 5 9 148 217 478 128 28 11 5 9 169 361 363 86 23 9 4 9 
37 227 432 137 85 23 9 74 72 258 388 145 63 18 17 63 152 459 182 90 46 15 17 63 
16 285 666 46 8 2 1 0 28 237 722 28 6 2 1 0 86 867 59 7 3 1 1 0 
29 799 190 4 2 0 0 0 17 689 312 3 3 0 0 0 291 715 12 6 0 0 0 0 
0 952 72 0 0 0 0 0 0 960 64 0 0 0 0 0 360 664 0 0 0 0 0 0 
9 853 162 0 0 0 0 0 8 817 198 1 0 0 0 0 65 940 19 0 0 0 0 0 
17 619 359 29 0 0 0 0 15 570 404 35 0 0 0 0 41 790 178 15 0 0 0 0 
25 929 70 0 0 0 0 0 17 937 70 0 0 0 0 0 193 761 70 0 0 0 0 0 
396 628 0 0 0 0 0 0 390 618 16 0 0 0 0 0 583 441 0 0 0 0 0 0 
140 821 51 9 3 0 0 0 125 828 59 9 3 0 0 0 127 828 57 9 3 0 0 0 
646 378 0 0 0 0 0 0 646 378 0 0 0 0 0 0 646 378 0 0 0 0 0 0 
488 536 0 0 0 0 0 0 488 536 0 0 0 0 0 0 488 536 0 0 0 0 0 0 
1024 0 0 0 0 0 0 0 1024 0 0 0 0 0 0 0 1024 0 0 0 0 0 0 0 
1024 0 0 0 0 0 0 0 1024 0 0 0 0 0 0 0 1024 0 0 0 0 0 0 0 
802 156 24 34 8 0 0 0 833 129 24 38 0 0 0 0 830 130 24 40 0 0 0 0 
64 317 130 137 121 112 64 79 104 352 118 97 103 119 63 68 177 304 127 92 124 86 62 52 
104 403 292 148 59 15 3 0 127 410 265 149 56 14 3 0 115 421 266 147 58 14 3 0 
42 127 167 294 270 96 26 2 60 158 138 284 263 91 27 3 71 185 169 254 257 67 19 2 
42 151 242 266 249 61 10 3 42 135 230 270 258 70 14 5 102 231 310 218 107 38 13 5 
6 201 191 145 92 84 91 214 41 262 181 104 67 72 84 213 119 290 124 89 54 58 80 210 
94 234 235 132 123 110 63 33 156 272 195 113 116 94 54 24 215 271 181 101 106 78 54 18 
177 328 315 132 48 22 0 2 227 316 288 115 47 26 5 0 222 307 293 126 50 24 1 1 
61 397 291 128 102 41 4 0 146 439 230 88 82 39 0 0 150 425 235 88 88 38 0 0 
47 244 340 188 122 50 23 10 75 288 281 222 96 47 13 2 81 286 303 202 94 47 10 1 
48 521 283 113 51 8 0 0 56 519 292 83 46 26 2 0 54 511 297 92 49 20 1 0 
365 554 71 25 8 1 0 0 383 543 64 25 8 1 0 0 378 548 64 25 8 1 0 0 
595 302 67 40 20 0 0 0 595 299 69 41 20 0 0 0 598 302 65 39 20 0 0 0 
422 377 225 0 0 0 0 0 420 349 255 0 0 0 0 0 439 451 134 0 0 0 0 0 
7 66 870 53 17 9 2 0 7 35 860 92 20 8 2 0 28 795 161 18 11 9 2 0 
7 134 778 79 7 10 9 0 18 99 777 103 13 9 5 0 45 739 203 12 16 6 3 0 
0 231 793 0 0 0 0 0 0 181 827 16 0 0 0 0 0 815 209 0 0 0 0 0 
194 679 151 0 0 0 0 0 194 637 192 1 0 0 0 0 200 817 7 0 0 0 0 0 
67 823 112 9 5 4 4 0 68 830 105 9 6 2 4 0 207 748 50 9 6 0 4 0 
322 587 108 7 0 0 0 0 313 589 115 7 0 0 0 0 447 543 28 6 0 0 0 0 
129 619 182 90 4 0 0 0 107 669 205 43 0 0 0 0 413 539 71 1 0 0 0 0 
32 695 273 24 0 0 0 0 19 661 298 46 0 0 0 0 280 653 91 0 0 0 0 0 
11 822 191 0 0 0 0 0 6 758 260 0 0 0 0 0 163 842 19 0 0 0 0 0 
40 984 0 0 0 0 0 0 24 1000 0 0 0 0 0 0 152 872 0 0 0 0 0 0 
554 465 5 0 0 0 0 0 552 462 10 0 0 0 0 0 867 157 0 0 0 0 0 0 
424 598 2 0 0 0 0 0 416 600 8 0 0 0 0 0 574 450 0 0 0 0 0 0 
576 443 5 0 0 0 0 0 576 443 5 0 0 0 0 0 756 267 1 0 0 0 0 0 
112 911 1 0 0 0 0 0 104 917 3 0 0 0 0 0 817 207 0 0 0 0 0 0 
960 64 0 0 0 0 0 0 960 64 0 0 0 0 0 0 960 64 0 0 0 0 0 0 
1024 0 0 0 0 0 0 0 1024 0 0 0 0 0 0 0 1024 0 0 0 0 0 0 0 
1024 0 0 0 0 0 0 0 1024 0 0 0 0 0 0 0 1024 0 0 0 0 0 0 0 
185 237 149 127 103 105 85 33 256 276 105 101 84 102 73 27 297 263 115 104 104 93 33 15 
67 217 212 138 125 89 91 85 136 225 179 130 105 84 90 75 123 216 197 136 113 79 91 69 
48 180 222 174 117 120 86 77 109 273 204 128 107 64 81 58 188 248 179 109 99 66 80 55 
70 169 220 214 160 71 59 61 93 196 204 183 158 75 61 54 261 224 190 153 61 57 48 30 
95 349 161 110 106 64 80 59 150 319 163 110 88 57 84 53 191 395 123 85 69 50 83 28 
38 85 124 183 107 101 162 224 48 118 132 166 83 109 166 202 114 66 124 174 87 108 179 172 
32 125 190 183 211 155 94 34 79 129 172 188 189 155 82 30 59 154 175 178 190 155 86 27 
24 229 206 175 136 119 92 43 51 324 185 144 114 96 75 35 234 230 150 120 109 98 51 32 
53 129 201 186 134 117 112 92 93 179 179 151 133 114 113 62 123 180 172 151 157 123 80 38 
89 455 293 121 51 13 1 1 131 544 174 120 43 10 1 1 140 542 166 119 45 10 1 1 
184 228 205 205 137 50 14 1 182 227 204 197 144 54 15 1 191 224 201 202 138 53 14 1 
473 232 72 86 90 47 21 3 491 215 71 85 90 48 21 3 484 225 79 96 81 36 20 3 
433 162 134 78 72 106 34 5 489 163 98 74 64 92 39 5 542 172 63 53 82 78 34 0 
32 418 294 116 113 33 16 2 37 409 298 115 113 32 18 2 41 495 226 107 112 31 11 1 
191 354 312 80 57 11 15 4 195 361 294 91 62 16 5 0 198 512 182 66 43 16 7 0 
42 459 408 52 52 8 2 1 99 392 415 56 51 9 1 1 143 691 110 39 36 4 1 0 
31 574 272 56 40 30 13 8 39 553 289 56 34 29 17 7 96 719 96 51 26 24 9 3 
36 546 260 78 50 37 17 0 27 541 280 78 51 38 9 0 188 529 198 58 39 12 0 0 
250 565 126 42 27 11 3 0 240 563 140 41 28 10 2 0 339 538 91 42 12 2 0 0 
235 680 47 17 20 21 3 1 223 685 49 20 19 21 6 1 385 563 33 23 18 2 0 0 
90 750 122 37 10 9 5 1 92 748 123 33 18 7 2 1 330 583 72 22 11 5 1 0 
131 853 36 4 0 0 0 0 131 846 40 7 0 0 0 0 255 758 11 0 0 0 0 0 
272 752 0 0 0 0 0 0 272 752 0 0 0 0 0 0 488 536 0 0 0 0 0 0 
256 768 0 0 0 0 0 0 232 792 0 0 0 0 0 0 728 296 0 0 0 0 0 0 
348 657 12 6 1 0 0 0 348 657 12 6 1 0 0 0 412 593 12 6 1 0 0 0 
8 1016 0 0 0 0 0 0 0 1024 0 0 0 0 0 0 608 416 0 0 0 0 0 0 
6 1018 0 0 0 0 0 0 0 1018 6 0 0 0 0 0 796 228 0 0 0 0 0 0 
64 960 0 0 0 0 0 0 64 960 0 0 0 0 0 0 1008 16 0 0 0 0 0 0 
256 768 0 0 0 0 0 0 256 768 0 0 0 0 0 0 976 48 0 0 0 0 0 0 
1024 0 0 0 0 0 0 0 1024 0 0 0 0 0 0 0 1024 0 0 0 0 0 0 0 
12 36 79 184 155 173 184 201 24 73 147 158 117 156 179 170 37 112 150 143 133 151 158 140 
10 34 84 117 173 220 142 244 21 49 72 125 183 183 154 237 48 90 139 131 128 142 145 201 
3 22 68 128 222 205 180 196 14 59 81 131 205 205 160 169 45 75 90 138 214 164 164 134 
18 94 172 320 236 94 55 35 26 110 235 275 214 88 50 26 57 158 283 249 143 63 43 28 
31 167 220 179 92 86 106 143 78 207 184 136 97 79 95 148 186 193 173 109 80 78 101 104 
163 236 171 246 135 41 18 14 278 153 211 258 70 32 12 10 413 259 153 120 36 29 13 1 
641 252 57 53 9 4 3 5 633 254 56 57 11 5 3 5 670 250 65 23 5 3 3 5 
916 107 1 0 0 0 0 0 916 107 1 0 0 0 0 0 916 107 1 0 0 0 0 0 
323 508 106 49 13 10 9 6 354 501 95 36 13 10 9 6 370 498 93 29 12 9 7 6 
63 188 169 170 148 118 82 86 99 245 169 142 116 104 71 78 110 240 171 143 105 110 70 75 
25 338 183 115 157 116 59 31 40 397 160 97 148 100 59 23 308 224 97 85 140 86 61 23 
397 307 217 78 21 4 0 0 407 357 191 53 15 1 0 0 686 235 64 28 11 0 0 0 
523 171 136 156 33 5 0 0 527 183 164 125 22 3 0 0 637 192 118 55 21 1 0 0 
380 490 118 31 5 0 0 0 360 504 118 36 6 0 0 0 550 351 99 23 1 0 0 0 
346 523 101 34 16 4 0 0 361 498 124 26 13 2 0 0 644 286 57 24 11 2 0 0 
129 633 135 67 60 0 0 0 126 648 126 66 54 4 0 0 510 410 76 23 5 0 0 0 
48 408 186 191 111 57 23 0 67 420 206 181 98 42 9 1 358 406 152 80 24 3 1 0 
22 139 188 219 266 131 41 18 62 161 227 248 215 77 23 11 258 282 254 150 53 11 14 2 
69 402 212 160 108 59 13 1 125 407 209 142 90 45 6 0 409 346 157 80 28 4 0 0 
49 353 130 112 109 122 93 56 47 369 139 118 127 120 59 45 261 307 112 133 113 48 38 12 
42 363 184 97 106 100 85 47 124 377 127 96 96 86 79 39 298 333 102 101 97 60 29 4 
332 460 171 45 16 0 0 0 375 518 110 20 1 0 0 0 618 375 30 1 0 0 0 0 
630 298 63 20 13 0 0 0 649 286 60 24 5 0 0 0 748 239 25 12 0 0 0 0 
453 571 0 0 0 0 0 0 453 571 0 0 0 0 0 0 861 163 0 0 0 0 0 0 
139 865 20 0 0 0 0 0 137 857 30 0 0 0 0 0 449 573 2 0 0 0 0 0 
5 637 295 73 14 0 0 0 12 553 349 83 24 3 0 0 316 607 82 17 2 0 0 0 
0 478 363 147 34 2 0 0 3 443 459 104 12 3 0 0 537 413 66 8 0 0 0 0 
116 859 45 4 0 0 0 0 78 874 64 8 0 0 0 0 841 183 0 0 0 0 0 0 
313 700 11 0 0 0 0 0 258 755 10 1 0 0 0 0 950 74 0 0 0 0 0 0 
352 661 11 0 0 0 0 0 336 679 9 0 0 0 0 0 777 247 0 0 0 0 0 0 
278 328 166 81 55 84 21 11 347 385 96 49 49 72 15 11 363 373 102 51 74 39 13 9 
4 57 93 244 282 156 118 70 42 110 109 198 247 135 114 69 63 129 160 206 193 120 94 59 
6 37 55 255 386 171 59 55 4 43 44 224 408 180 67 54 36 49 170 330 222 123 52 42 
4 80 135 188 219 229 108 61 46 131 192 157 171 176 100 51 100 202 154 161 179 150 66 12 
81 209 128 108 106 124 151 117 153 227 133 80 78 113 135 105 311 170 90 64 88 108 116 77 
61 189 239 240 132 39 47 77 102 228 273 193 77 31 39 81 309 305 181 67 29 31 53 49 
41 242 238 102 46 85 122 148 79 256 235 68 36 78 121 151 312 254 57 31 35 79 119 137 
299 59 12 34 93 172 192 163 280 75 18 40 95 161 192 163 295 71 20 67 88 169 174 140 
54 70 18 35 124 252 303 168 54 72 22 41 142 218 315 160 82 48 24 87 159 240 267 117 
3 34 77 228 218 209 142 113 5 51 83 251 206 191 134 103 9 51 105 264 198 172 133 92 
749 175 38 13 18 9 11 11 740 193 36 13 19 10 8 5 806 147 19 20 14 12 4 2 
423 241 210 113 35 2 0 0 437 289 161 121 15 1 0 0 702 253 57 7 4 1 0 0 
528 271 174 45 5 1 0 0 513 301 150 48 9 3 0 0 721 218 54 28 3 0 0 0 
160 551 259 43 5 6 0 0 148 545 271 46 5 8 1 0 291 518 204 8 3 0 0 0 
492 406 82 18 19 7 0 0 471 413 94 20 19 7 0 0 657 294 36 17 13 6 1 0 
499 524 1 0 0 0 0 0 443 578 3 0 0 0 0 0 949 75 0 0 0 0 0 0 
591 364 54 15 0 0 0 0 578 372 45 29 0 0 0 0 773 223 28 0 0 0 0 0 
101 377 239 180 75 32 16 4 172 421 235 110 54 23 9 0 535 304 100 45 30 8 2 0 
59 169 203 261 163 95 39 35 136 245 236 179 114 57 28 29 318 280 221 95 39 35 19 17 
44 237 282 231 140 55 19 16 142 249 281 177 100 46 14 15 440 292 162 75 22 9 9 15 
53 200 133 173 180 174 72 39 84 224 175 193 186 104 35 23 345 263 210 125 37 19 17 8 
67 340 263 189 83 52 28 2 170 429 199 102 63 35 25 1 568 283 107 46 19 1 0 0 
10 562 373 75 3 1 0 0 164 637 190 31 2 0 0 0 698 286 39 1 0 0 0 0 
29 570 297 84 34 7 3 0 17 727 195 56 18 8 3 0 694 233 62 25 7 3 0 0 
106 415 319 140 32 12 0 0 142 537 261 46 29 9 0 0 488 454 59 20 3 0 0 0 
165 544 235 68 9 3 0 0 157 566 239 53 8 1 0 0 414 507 86 15 2 0 0 0 
75 457 486 6 0 0 0 0 32 451 533 8 0 0 0 0 430 571 23 0 0 0 0 0 
16 754 244 10 0 0 0 0 12 598 385 29 0 0 0 0 540 479 5 0 0 0 0 0 
305 719 0 0 0 0 0 0 287 727 10 0 0 0 0 0 817 207 0 0 0 0 0 0 
376 648 0 0 0 0 0 0 376 648 0 0 0 0 0 0 648 376 0 0 0 0 0 0 
186 179 154 174 159 93 53 26 223 190 181 143 143 83 39 22 317 206 135 143 116 66 29 12 
250 372 297 85 18 2 0 0 283 336 297 88 16 4 0 0 354 358 255 45 10 2 0 0 
56 246 218 138 109 93 95 69 54 268 205 137 99 104 88 69 229 268 132 92 75 82 87 59 
30 163 161 163 127 161 159 60 90 233 128 104 135 147 141 46 211 185 119 114 124 143 101 27 
25 534 255 64 45 31 32 38 53 707 103 40 40 29 28 24 121 639 132 39 32 24 19 18 
45 142 291 219 126 98 74 29 61 198 320 143 134 85 62 21 175 199 308 125 109 69 21 18 
11 47 130 167 295 255 89 30 29 71 136 145 287 234 91 31 56 134 148 178 251 197 43 17 
0 5 51 334 450 169 15 0 1 11 80 325 456 142 9 0 16 85 216 405 276 25 1 0 
0 17 114 472 325 88 8 0 2 21 161 436 302 92 10 0 37 168 344 300 141 34 0 0 
17 93 213 312 247 90 30 22 69 123 255 295 181 60 29 12 118 199 277 227 134 30 28 11 
505 307 119 37 20 19 7 10 582 299 71 22 15 17 8 10 595 308 54 19 19 12 7 10 
1024 0 0 0 0 0 0 0 1024 0 0 0 0 0 0 0 1024 0 0 0 0 0 0 0 
1024 0 0 0 0 0 0 0 1024 0 0 0 0 0 0 0 1024 0 0 0 0 0 0 0 
808 198 18 0 0 0 0 0 808 198 18 0 0 0 0 0 808 198 18 0 0 0 0 0 
836 146 21 17 2 2 0 0 836 146 21 17 2 2 0 0 836 146 21 17 2 2 0 0 
839 177 8 0 0 0 0 0 813 200 11 0 0 0 0 0 924 100 0 0 0 0 0 0 
553 401 43 24 3 0 0 0 521 433 49 20 1 0 0 0 884 101 34 5 0 0 0 0 
444 280 110 98 66 21 5 0 462 288 111 85 55 17 4 2 640 211 78 61 23 7 4 0 
63 302 253 238 97 42 19 10 119 351 279 155 63 35 15 7 454 272 191 70 23 11 3 0 
89 110 136 156 183 194 108 48 95 140 163 180 190 168 62 26 321 217 202 156 75 39 13 1 
226 292 208 106 85 54 36 17 212 333 194 85 97 66 31 6 458 278 136 76 54 18 3 1 
483 327 100 68 29 9 6 2 458 340 113 60 35 11 5 2 692 191 72 34 18 10 5 2 
227 303 66 95 221 103 9 0 273 277 59 104 222 79 10 0 563 71 132 201 50 7 0 0 
57 530 239 90 48 49 10 1 144 587 166 53 36 31 5 2 526 312 91 43 38 11 3 0 
16 262 476 193 60 12 4 1 83 527 305 71 31 5 2 0 453 436 116 13 4 2 0 0 
0 381 313 226 99 5 0 0 17 665 233 101 8 0 0 0 538 392 87 7 0 0 0 0 
13 170 268 349 156 43 21 4 61 304 369 185 50 31 21 3 367 369 166 61 20 31 9 1 
88 401 366 155 14 0 0 0 44 538 365 75 2 0 0 0 497 477 48 2 0 0 0 0 
284 543 172 25 0 0 0 0 275 613 108 28 0 0 0 0 505 465 54 0 0 0 0 0 
512 512 0 0 0 0 0 0 497 527 0 0 0 0 0 0 720 304 0 0 0 0 0 0 
26 72 112 194 156 114 120 230 76 171 176 101 87 91 116 206 159 185 130 67 94 98 97 194 
214 157 105 103 132 148 93 72 260 172 98 110 111 120 79 74 267 179 112 113 93 121 75 64 
5 88 238 239 152 131 105 66 138 277 172 100 95 107 90 45 258 237 133 108 94 93 81 20 
21 87 172 167 140 116 151 170 70 180 225 120 78 89 89 173 150 189 197 99 82 84 109 114 
9 73 136 165 160 151 123 207 96 163 156 126 119 105 121 138 184 166 157 109 100 100 100 108 
12 27 98 148 170 179 192 198 58 97 155 139 127 160 149 139 136 129 163 136 147 144 90 79 
123 254 111 130 111 91 91 113 154 243 121 105 106 84 91 120 378 163 98 92 74 74 75 70 
79 161 149 234 179 102 71 49 130 160 161 210 168 75 75 45 283 216 197 110 63 70 59 26 
17 95 167 243 249 114 80 59 35 119 198 252 202 103 59 56 117 175 240 225 113 73 45 36 
34 112 157 184 155 121 96 165 116 182 167 146 106 85 114 108 173 181 162 132 87 95 107 87 
91 224 308 194 80 42 48 37 120 219 278 200 79 43 51 34 205 275 294 100 38 40 47 25 
392 386 140 74 14 8 6 4 357 404 140 78 22 10 3 10 375 400 131 82 15 9 5 7 
604 256 120 29 11 3 1 0 597 227 146 35 15 2 2 0 642 253 91 25 9 3 1 0 
976 48 0 0 0 0 0 0 976 48 0 0 0 0 0 0 976 48 0 0 0 0 0 0 
931 71 19 3 0 0 0 0 931 71 19 3 0 0 0 0 931 71 19 3 0 0 0 0 
920 66 29 9 0 0 0 0 929 88 7 0 0 0 0 0 962 62 0 0 0 0 0 0 
929 59 15 16 5 0 0 0 946 59 16 3 0 0 0 0 970 52 2 0 0 0 0 0 
1000 24 0 0 0 0 0 0 1000 24 0 0 0 0 0 0 1024 0 0 0 0 0 0 0 
604 339 73 8 0 0 0 0 594 325 95 10 0 0 0 0 800 206 18 0 0 0 0 0 
531 244 124 72 34 10 5 4 561 244 127 62 19 4 4 3 722 194 79 12 7 5 2 3 
709 159 68 48 32 8 0 0 749 129 73 50 22 1 0 0 822 131 49 20 2 0 0 0 
716 136 118 45 9 0 0 0 728 135 104 50 7 0 0 0 785 162 64 11 2 0 0 0 
201 352 262 131 56 17 4 1 260 325 243 137 42 14 1 2 390 305 210 91 22 4 2 0 
327 278 253 128 31 7 0 0 391 270 241 88 24 10 0 0 551 248 139 62 22 2 0 0 
0 287 608 127 2 0 0 0 49 550 396 27 2 0 0 0 319 664 33 8 0 0 0 0 
10 904 86 24 0 0 0 0 72 880 67 5 0 0 0 0 607 393 24 0 0 0 0 0 
42 976 6 0 0 0 0 0 21 996 7 0 0 0 0 0 757 264 3 0 0 0 0 0 
171 665 146 34 8 0 0 0 246 691 69 18 0 0 0 0 765 229 30 0 0 0 0 0 
419 580 25 0 0 0 0 0 418 593 13 0 0 0 0 0 738 285 1 0 0 0 0 0 
406 572 34 12 0 0 0 0 397 580 35 12 0 0 0 0 541 445 26 12 0 0 0 0 
68 175 265 132 93 132 108 51 156 346 115 87 72 101 110 37 178 286 164 79 90 121 81 25 
25 135 182 135 133 135 142 137 164 169 107 121 125 120 111 107 177 177 120 116 120 110 120 84 
20 74 156 206 194 162 119 93 105 100 149 222 136 116 109 87 135 120 167 203 130 110 87 72 
3 19 250 232 232 182 67 39 26 76 255 238 204 136 57 32 78 69 244 239 211 108 68 7 
6 62 161 259 201 148 85 102 62 212 232 224 122 72 45 55 182 230 231 180 88 46 33 34 
37 83 94 152 145 175 161 177 75 97 123 112 145 168 145 159 135 109 119 127 148 157 144 85 
21 130 135 180 178 147 142 91 100 120 124 155 158 154 123 90 192 154 157 162 125 120 91 23 
12 61 149 189 189 208 157 59 57 116 193 132 170 200 126 30 159 183 154 153 149 139 74 13 
24 139 278 230 159 89 70 35 85 223 260 179 107 89 56 25 174 284 235 130 84 74 37 6 
9 29 188 279 182 119 110 108 38 77 251 276 115 82 107 78 68 124 293 200 101 83 94 61 
22 236 366 231 89 30 26 24 32 234 400 203 89 29 21 16 205 317 292 121 40 21 21 7 
64 402 376 127 30 15 9 1 105 365 362 140 31 11 9 1 267 437 233 48 24 11 4 0 
110 641 211 41 16 3 1 1 113 649 196 50 14 0 1 1 387 569 52 13 1 1 1 0 
247 501 206 54 13 1 1 1 228 491 230 55 16 2 1 1 246 512 179 71 13 2 0 1 
260 412 107 113 76 35 16 5 308 384 108 99 84 28 7 6 297 401 96 98 84 34 8 6 
150 222 231 119 94 92 74 42 271 246 144 87 76 82 70 48 323 253 140 92 86 66 37 27 
273 116 139 165 110 77 75 69 325 171 139 102 75 64 74 74 443 187 106 85 50 71 57 25 
569 90 63 74 87 52 61 28 578 112 82 80 68 33 51 20 628 132 70 69 46 45 34 0 
371 247 85 75 94 89 51 12 393 261 92 64 88 84 34 8 452 234 79 59 82 82 30 6 
139 246 256 210 112 49 11 1 171 257 227 194 112 45 17 1 220 265 213 186 87 44 9 0 
408 127 180 129 91 48 33 8 440 188 145 100 65 53 27 6 513 179 126 71 61 49 21 4 
357 82 101 129 105 93 95 62 368 158 111 81 75 84 92 55 389 135 123 80 82 88 79 48 
130 209 225 253 114 50 22 21 183 272 237 186 75 41 18 12 207 292 233 167 66 30 16 13 
151 205 94 107 214 152 71 30 224 187 115 184 175 90 35 14 312 166 114 207 141 56 22 6 
1 139 260 203 173 116 71 61 90 208 198 188 173 77 57 33 188 246 141 166 132 83 47 21 
10 183 303 202 165 68 38 55 26 329 201 174 180 40 37 37 315 174 115 177 149 51 36 7 
107 461 246 93 87 26 4 0 112 577 146 98 73 16 2 0 507 271 94 86 57 8 1 0 
3 278 570 141 32 0 0 0 69 709 186 54 6 0 0 0 472 434 94 19 5 0 0 0 
26 747 244 7 0 0 0 0 65 920 38 1 0 0 0 0 730 288 6 0 0 0 0 0 
175 822 27 0 0 0 0 0 159 836 29 0 0 0 0 0 533 465 26 0 0 0 0 0 
13 69 180 203 255 137 77 90 72 152 192 227 163 78 69 71 123 176 213 225 108 70 70 39 
8 72 112 184 185 153 206 104 51 112 113 162 169 148 179 90 56 103 140 167 138 151 191 78 
19 164 270 176 117 166 55 57 56 179 255 155 123 151 59 46 86 230 240 128 116 127 51 46 
55 331 362 164 64 30 9 9 130 456 241 107 53 24 7 6 145 479 218 97 57 17 5 6 
107 493 176 112 57 54 23 2 217 439 173 88 57 38 12 0 228 454 165 72 57 42 6 0 
25 156 219 146 190 226 54 8 97 213 174 128 171 194 39 8 108 221 173 132 160 181 41 8 
12 176 210 261 181 94 71 19 80 165 189 262 170 94 49 15 75 196 213 259 144 86 41 10 
176 469 173 95 48 39 16 8 193 493 174 76 43 20 15 10 349 423 114 70 29 21 14 4 
179 297 252 196 85 8 7 0 208 273 258 190 81 11 3 0 325 317 128 171 74 7 2 0 
250 330 385 52 4 2 1 0 237 328 396 56 4 2 1 0 335 299 334 49 4 2 1 0 
285 369 171 63 63 67 6 0 296 360 191 49 59 60 9 0 321 412 109 52 60 61 9 0 
357 288 191 101 62 19 5 1 420 282 161 92 56 9 3 1 448 276 163 86 41 7 2 1 
35 114 158 236 174 175 88 44 81 172 198 181 156 136 70 30 113 223 170 160 159 125 49 25 
98 231 220 226 145 77 20 7 112 190 259 202 135 96 21 9 188 225 229 182 112 73 13 2 
161 274 267 165 100 32 20 5 170 291 256 146 103 31 20 7 229 322 227 123 83 25 11 4 
78 236 333 181 107 43 26 20 176 329 301 114 59 24 16 5 356 315 191 94 33 15 14 6 
58 251 292 195 160 55 6 7 74 319 314 225 68 17 4 3 413 268 183 123 25 7 2 3 
156 224 154 148 157 108 45 32 268 194 162 146 111 79 49 15 348 239 164 109 80 58 25 1 
58 97 177 202 196 120 100 74 91 137 202 168 150 140 79 57 129 178 190 175 140 109 72 31 
76 208 204 164 111 69 77 115 135 296 178 104 67 55 72 117 192 306 133 98 58 60 91 86 
34 137 278 185 124 104 112 50 76 299 191 131 89 106 96 36 145 277 181 127 84 113 71 26 
13 93 246 171 129 193 123 56 46 205 214 101 116 185 100 57 51 210 196 120 128 199 86 34 
28 170 177 188 197 163 55 46 25 175 205 198 175 155 57 34 54 232 195 210 154 105 53 21 
10 135 358 249 127 74 43 28 21 205 338 197 130 75 38 20 61 254 290 198 129 52 24 16 
61 256 358 296 52 1 0 0 73 342 332 236 41 0 0 0 88 387 307 232 10 0 0 0 
38 113 272 340 146 68 41 6 38 132 314 294 147 65 29 5 39 164 331 297 108 52 28 5 
28 312 281 230 153 20 0 0 61 311 234 228 169 21 0 0 142 281 257 293 45 6 0 0 
23 235 316 109 287 54 0 0 40 473 79 116 264 52 0 0 252 309 86 241 131 5 0 0 
15 312 241 43 166 247 0 0 27 486 69 27 149 266 0 0 414 150 25 37 219 179 0 0 
18 687 152 40 39 71 17 0 39 767 69 26 30 85 8 0 376 470 45 23 54 50 6 0 
19 79 160 202 201 157 109 97 104 118 194 176 180 109 66 77 114 122 220 192 158 81 70 67 
3 85 440 272 126 60 25 13 11 135 429 273 104 48 17 7 12 206 419 245 85 36 15 6 
24 208 215 161 164 123 87 42 75 254 205 148 134 107 65 36 74 259 198 163 137 108 60 25 
31 374 204 147 126 84 44 14 234 294 189 118 119 45 21 4 240 319 190 114 108 38 14 1 
24 344 336 133 71 51 34 31 207 389 171 98 61 53 28 17 160 465 160 96 57 40 31 15 
94 196 270 189 124 72 46 33 217 269 197 126 91 63 40 21 303 261 157 102 94 60 30 17 
271 471 181 51 19 19 9 3 301 471 167 46 14 15 7 3 323 476 150 40 12 13 7 3 
618 325 48 17 8 8 0 0 629 324 38 17 8 8 0 0 642 318 31 17 8 8 0 0 
279 259 240 184 55 7 0 0 300 266 237 161 53 7 0 0 345 294 217 124 39 5 0 0 
489 253 162 75 29 9 3 4 505 236 153 88 26 9 3 4 525 316 111 34 24 7 3 4 
612 215 106 54 31 6 0 0 600 248 94 47 29 5 1 0 621 230 92 48 27 6 0 0 
176 203 239 247 127 26 5 1 220 269 166 202 132 31 3 1 243 241 174 207 132 24 3 0 
40 162 209 220 180 85 68 60 113 199 180 179 151 91 66 45 174 187 163 173 138 89 63 37 
186 201 244 189 125 55 13 11 181 186 230 192 139 61 21 14 221 257 196 156 118 45 19 12 
222 411 196 56 50 46 28 15 219 405 192 85 56 38 24 5 319 376 153 70 55 36 15 0 
200 419 170 79 46 60 36 14 259 419 142 64 46 53 27 14 284 420 124 70 50 46 21 9 
151 409 381 79 4 0 0 0 215 553 212 44 0 0 0 0 236 532 201 55 0 0 0 0 
81 289 288 227 74 46 19 0 156 259 288 210 55 44 11 1 199 351 194 178 63 29 10 0 
113 252 157 202 237 42 13 8 181 227 152 223 186 43 11 1 229 237 165 186 168 31 7 1 
29 90 172 213 241 192 68 19 58 169 196 177 223 127 56 18 87 207 247 205 167 72 25 14 
7 40 91 122 229 252 163 120 27 83 100 134 231 222 136 91 72 108 157 191 217 139 82 58 
40 100 113 116 115 129 125 286 88 118 107 90 99 126 118 278 123 124 94 101 105 99 121 257 
25 58 77 94 112 107 209 342 48 73 103 80 95 96 161 368 73 76 92 93 88 117 149 336 
13 99 157 207 210 184 105 49 72 178 177 167 193 139 69 29 164 182 166 178 172 108 41 13 
39 182 333 187 152 78 34 19 201 253 235 147 94 61 20 13 241 281 224 116 90 45 24 3 
31 77 316 479 103 18 0 0 55 84 378 390 111 6 0 0 63 291 460 184 25 1 0 0 
12 69 219 477 181 46 17 3 19 80 252 471 130 52 20 0 52 189 456 240 53 32 2 0 
374 235 122 114 91 42 32 14 451 217 109 108 71 25 24 19 498 197 107 111 51 24 28 8 
416 162 62 63 134 164 18 5 483 116 63 63 139 143 16 1 440 164 63 69 156 124 8 0 
47 159 114 119 197 283 90 15 81 141 103 110 163 332 84 10 81 142 106 114 174 313 82 12 
0 478 470 76 0 0 0 0 0 478 470 76 0 0 0 0 0 478 470 76 0 0 0 0 
51 446 310 97 61 35 14 10 97 439 311 85 46 25 10 11 89 516 228 95 51 29 8 8 
92 266 301 192 126 33 13 1 159 304 276 158 92 28 5 2 127 304 287 165 105 28 7 1 
236 372 185 124 105 2 0 0 290 365 180 145 42 2 0 0 290 349 176 150 59 0 0 0 
58 413 440 102 11 0 0 0 58 444 410 102 10 0 0 0 58 434 420 102 10 0 0 0 
66 184 355 159 91 99 63 7 144 323 187 121 95 98 52 4 141 324 183 126 95 102 49 4 
46 251 247 168 150 101 45 16 151 320 149 154 128 82 26 14 113 331 170 153 132 83 29 13 
105 323 337 165 47 22 12 13 158 303 331 144 43 23 12 10 136 335 318 143 47 22 12 11 
556 359 109 0 0 0 0 0 525 372 127 0 0 0 0 0 533 370 121 0 0 0 0 0 
645 208 104 23 14 14 16 0 638 206 105 28 17 12 18 0 709 179 82 16 11 15 12 0 
308 349 259 54 13 18 20 3 614 276 53 28 10 14 20 9 636 259 53 24 10 15 21 6 
211 338 183 167 114 11 0 0 382 235 176 126 91 14 0 0 343 244 192 134 100 11 0 0 
167 280 189 229 134 23 2 0 251 260 171 213 98 27 4 0 222 280 172 215 112 20 3 0 
357 332 120 129 42 25 10 9 414 326 148 73 33 20 4 6 417 360 120 69 30 18 4 6 
95 193 185 150 87 280 32 2 144 207 180 118 111 208 55 1 133 267 168 92 106 222 36 0 
106 289 352 150 82 33 6 6 138 352 299 127 68 36 2 2 162 378 280 101 70 25 6 2 
97 173 217 181 135 140 63 18 160 194 168 159 144 136 59 4 158 190 180 154 149 135 53 5 
192 236 180 242 135 37 2 0 231 291 153 192 124 31 2 0 225 280 157 196 132 33 1 0 
188 335 227 93 114 54 13 0 356 256 162 122 92 34 2 0 312 303 162 121 91 33 2 0 
14 99 95 119 148 199 117 233 104 77 86 108 148 181 108 212 120 84 101 115 144 171 94 195 
4 34 57 85 395 368 65 16 13 64 93 101 315 354 70 14 81 61 63 218 374 195 24 8 
4 30 65 134 275 218 126 172 35 71 122 186 224 169 88 129 86 111 157 244 172 71 70 113 
4 42 87 286 249 120 105 131 46 131 127 311 159 67 66 117 95 126 248 228 100 59 88 80 
15 44 83 144 274 177 148 139 73 74 124 140 220 167 117 109 91 105 144 128 210 148 121 77 
16 85 94 101 177 280 179 92 72 93 107 86 152 247 167 100 85 88 108 99 201 225 150 68 
123 183 148 190 142 159 60 19 214 221 177 112 132 100 41 27 245 250 142 124 129 96 33 5 
169 153 124 222 207 119 27 3 199 139 121 217 196 119 30 3 223 147 162 199 169 109 12 3 
75 151 209 215 202 57 54 61 127 263 162 185 148 55 44 40 227 218 168 214 87 49 36 25 
76 104 125 137 160 198 139 85 136 137 104 108 151 188 125 75 174 140 98 106 187 162 102 55 
14 75 118 333 201 175 56 52 29 113 149 295 226 130 47 35 50 110 189 296 216 97 44 22 
