70 737 193 17 7 0 0 0 17 715 259 26 6 1 0 0 901 103 13 6 1 0 0 0 
104 447 284 160 29 0 0 0 47 440 263 179 83 12 0 0 840 149 27 8 0 0 0 0 
44 470 153 175 182 0 0 0 7 422 184 133 253 25 0 0 813 190 17 4 0 0 0 0 
72 762 146 25 19 0 0 0 33 689 250 24 27 1 0 0 911 86 23 4 0 0 0 0 
47 957 20 0 0 0 0 0 30 950 44 0 0 0 0 0 981 43 0 0 0 0 0 0 
62 942 20 0 0 0 0 0 10 980 34 0 0 0 0 0 934 90 0 0 0 0 0 0 
52 884 88 0 0 0 0 0 19 885 120 0 0 0 0 0 959 65 0 0 0 0 0 0 
83 617 318 6 0 0 0 0 34 599 381 10 0 0 0 0 930 94 0 0 0 0 0 0 
51 614 322 37 0 0 0 0 15 307 498 202 2 0 0 0 798 173 46 7 0 0 0 0 
116 349 462 96 1 0 0 0 72 334 464 154 0 0 0 0 438 440 145 1 0 0 0 0 
368 386 201 56 13 0 0 0 264 437 260 60 3 0 0 0 662 310 48 4 0 0 0 0 
220 437 328 39 0 0 0 0 120 397 437 70 0 0 0 0 411 431 177 5 0 0 0 0 
247 683 94 0 0 0 0 0 149 781 89 5 0 0 0 0 830 176 18 0 0 0 0 0 
524 444 51 4 1 0 0 0 422 540 57 4 1 0 0 0 888 111 24 1 0 0 0 0 
333 512 173 6 0 0 0 0 299 519 191 14 1 0 0 0 715 226 82 1 0 0 0 0 
342 375 225 67 15 0 0 0 286 407 201 95 35 0 0 0 593 176 189 59 7 0 0 0 
369 408 190 54 3 0 0 0 328 376 239 50 31 0 0 0 662 282 76 4 0 0 0 0 
181 223 331 235 53 1 0 0 139 247 236 316 75 11 0 0 354 199 259 172 39 1 0 0 
154 220 208 288 133 21 0 0 103 251 240 283 122 25 0 0 326 255 259 133 35 16 0 0 
25 216 292 341 113 24 12 1 34 208 320 354 103 5 0 0 178 415 272 152 7 0 0 0 
75 210 323 374 42 0 0 0 65 209 271 385 94 0 0 0 227 272 289 212 24 0 0 0 
148 270 278 221 102 5 0 0 111 256 260 260 131 6 0 0 293 207 269 220 35 0 0 0 
5 54 286 339 277 61 2 0 1 36 252 414 231 85 5 0 29 183 447 218 116 29 2 0 
0 6 45 162 330 420 61 0 0 2 34 120 298 422 144 4 1 18 53 192 343 349 68 0 
166 195 214 147 133 81 88 0 132 207 198 183 175 128 1 0 468 387 110 59 0 0 0 0 
236 150 142 146 190 117 43 0 199 164 147 193 222 88 11 0 401 301 249 56 17 0 0 0 
102 56 128 180 247 223 86 2 99 67 146 211 265 223 13 0 228 332 265 173 26 0 0 0 
7 59 57 232 407 149 86 27 2 59 67 192 438 194 72 0 90 141 173 285 289 41 5 0 
0 45 88 249 481 81 27 53 0 28 73 187 508 145 23 60 9 53 100 219 443 117 28 55 
0 0 11 76 522 346 67 2 0 0 4 44 405 467 88 16 0 0 18 83 460 376 76 11 
0 1 29 26 288 542 96 42 0 5 28 26 143 644 109 69 6 27 18 21 220 580 95 57 
0 0 0 5 120 560 214 125 0 0 0 2 60 452 305 205 0 0 0 3 84 542 222 173 
0 4 322 298 311 83 4 2 0 4 99 467 367 80 6 1 594 268 132 22 4 4 0 0 
0 26 207 374 387 30 0 0 0 2 202 324 387 109 0 0 196 404 314 110 0 0 0 0 
0 2 90 290 442 172 28 0 0 2 60 210 581 151 19 1 68 189 205 304 211 28 19 0 
0 7 44 233 630 90 20 0 0 1 29 153 634 178 26 3 0 9 31 191 644 124 23 2 
0 0 0 31 601 389 3 0 0 0 0 16 392 604 12 0 0 0 0 20 487 511 6 0 
0 0 0 2 317 685 20 0 0 0 0 0 116 820 88 0 0 0 0 0 174 788 62 0 
0 0 0 0 94 723 205 2 0 0 0 0 17 553 437 17 0 0 0 0 35 674 305 10 
0 0 1 13 102 720 185 3 0 0 0 8 49 443 475 49 0 0 1 9 66 594 321 33 
23 82 266 370 209 46 28 0 19 65 187 464 232 38 19 0 297 210 315 154 47 1 0 0 
192 119 157 398 154 4 0 0 160 124 125 385 221 9 0 0 329 95 167 323 105 5 0 0 
0 9 90 340 460 123 2 0 0 9 63 258 545 149 0 0 70 130 187 230 312 95 0 0 
18 29 114 429 389 45 0 0 13 27 117 339 425 103 0 0 54 200 221 324 219 6 0 0 
0 0 0 94 689 241 0 0 0 0 2 83 481 453 5 0 0 13 55 108 456 389 3 0 
0 0 0 17 537 461 9 0 0 0 0 2 232 749 41 0 0 0 0 4 267 713 40 0 
0 0 3 25 298 652 46 0 0 0 1 9 100 679 235 0 0 0 1 18 155 691 159 0 
0 0 0 0 144 858 22 0 0 0 0 0 23 841 159 1 0 0 0 0 42 915 67 0 
93 170 233 271 183 72 2 0 63 163 212 304 213 69 0 0 393 328 221 72 10 0 0 0 
91 457 278 148 49 1 0 0 45 441 305 163 66 4 0 0 457 320 153 68 26 0 0 0 
23 206 283 390 121 1 0 0 10 165 246 367 224 12 0 0 186 167 189 277 194 11 0 0 
4 166 352 389 109 4 0 0 1 218 381 312 112 0 0 0 245 334 256 131 58 0 0 0 
3 62 133 210 412 203 1 0 7 76 116 167 289 345 24 0 79 97 89 133 260 337 29 0 
0 0 1 18 293 554 142 16 0 0 0 6 118 552 315 33 0 0 0 9 123 533 335 24 
1 16 14 36 252 587 91 27 0 13 13 31 90 597 241 39 4 14 19 34 115 586 216 36 
123 76 111 181 341 144 43 5 92 91 88 149 326 189 74 15 144 72 99 163 319 157 61 9 
90 273 388 244 29 0 0 0 98 272 427 194 33 0 0 0 428 402 126 56 12 0 0 0 
21 170 237 480 116 0 0 0 9 142 206 356 306 5 0 0 126 221 117 346 211 3 0 0 
17 56 116 285 512 38 0 0 3 47 98 197 528 151 0 0 107 77 103 181 442 114 0 0 
2 53 154 369 376 70 0 0 0 34 129 273 440 143 5 0 127 268 108 103 293 112 13 0 
0 13 76 64 396 473 2 0 0 6 54 69 150 701 44 0 40 31 28 45 230 611 39 0 
0 0 0 0 175 811 38 0 0 0 0 0 18 723 283 0 0 0 0 0 61 774 189 0 
0 0 0 0 171 625 224 4 0 0 0 0 28 509 411 76 0 0 0 0 96 466 378 84 
0 0 0 17 132 512 341 22 0 0 0 9 59 273 542 141 0 0 0 13 96 176 572 167 
