344 503 153 18 5 1 0 0 311 512 166 28 6 1 0 0 264 566 168 20 5 1 0 0 
503 255 111 130 22 1 2 0 491 268 159 99 4 1 1 1 308 468 190 53 2 1 1 1 
447 305 157 84 26 3 2 0 398 289 162 110 50 13 1 1 307 442 164 83 23 3 2 0 
266 316 216 112 44 34 20 16 171 202 276 176 91 48 26 34 185 356 249 120 45 36 19 14 
485 328 141 47 14 4 5 0 308 371 213 81 34 10 2 5 261 478 195 59 22 4 5 0 
542 285 144 36 11 4 2 0 385 341 175 87 22 9 4 1 231 513 185 70 16 6 3 0 
691 162 98 41 19 4 2 2 524 288 96 64 32 12 4 2 297 514 110 59 29 7 2 2 
189 525 179 75 32 15 6 3 209 494 160 77 44 26 9 5 236 554 152 45 27 7 3 0 
269 303 220 181 42 9 0 0 265 300 262 144 29 17 7 0 209 422 297 60 25 11 0 0 
365 302 189 109 37 14 8 0 350 243 184 138 74 22 10 3 217 455 193 106 35 12 6 0 
194 135 244 227 130 64 19 11 162 101 130 226 199 124 56 26 129 217 266 208 119 59 18 8 
381 347 161 73 38 13 10 1 264 332 208 126 52 26 7 9 264 440 179 85 35 11 9 1 
426 395 112 39 28 14 9 1 276 425 177 71 34 21 14 6 191 584 153 45 25 18 7 1 
603 164 123 66 44 12 7 2 489 187 130 93 71 32 12 7 216 492 145 91 49 19 2 7 
173 552 168 61 23 17 19 11 203 513 151 76 26 18 22 15 171 588 149 51 31 22 10 2 
277 359 185 168 33 2 0 0 308 305 229 145 31 5 1 0 176 526 247 56 17 2 0 0 
410 280 195 90 40 7 1 1 384 255 207 107 55 12 2 2 282 409 198 98 32 3 2 0 
142 266 303 182 77 32 15 7 129 159 253 264 119 60 28 12 94 364 308 166 57 25 9 1 
181 310 371 146 16 0 0 0 170 273 371 181 27 2 0 0 145 427 353 87 12 0 0 0 
401 417 162 30 10 2 2 0 345 434 176 52 12 2 2 1 153 644 188 29 6 2 2 0 
802 88 78 39 7 7 0 0 728 135 78 56 17 7 0 0 241 625 88 49 14 4 0 0 
46 137 251 299 208 61 20 2 67 96 185 349 225 69 28 5 84 263 380 186 72 26 12 1 
75 91 282 386 162 24 4 0 73 45 132 296 307 138 28 5 70 271 391 216 57 19 0 0 
196 185 153 269 159 40 13 9 182 156 118 113 182 216 36 21 152 267 267 262 55 15 6 0 
107 185 369 255 51 30 22 5 86 104 137 230 338 73 32 24 88 214 446 231 33 11 1 0 
118 268 437 114 53 25 8 1 89 100 206 345 205 55 21 3 98 219 517 154 33 2 1 0 
168 475 242 54 44 23 16 2 92 179 400 197 68 44 25 19 92 387 403 91 30 17 4 0 
388 509 123 2 0 0 0 0 260 258 448 54 2 0 0 0 68 585 344 22 2 0 0 0 
37 212 338 240 117 54 22 4 14 112 265 314 194 85 34 6 37 260 382 210 79 42 13 1 
55 187 351 240 108 46 27 10 45 78 222 356 194 82 37 10 76 280 350 188 69 42 14 5 
30 54 138 352 323 103 17 7 51 46 103 313 331 161 15 4 44 125 421 330 75 21 6 2 
3 29 186 521 205 36 18 26 7 40 176 529 180 58 18 16 7 112 515 294 51 19 11 15 
34 282 472 169 27 13 6 21 35 291 479 150 32 12 8 17 42 412 424 89 20 10 9 18 
56 241 398 238 76 14 1 0 44 241 380 237 90 28 4 0 76 318 440 150 37 3 0 0 
34 248 462 236 29 9 2 0 19 150 391 302 128 24 4 2 46 337 435 172 29 2 0 0 
151 476 254 85 50 6 1 1 193 434 277 93 25 0 1 1 99 572 255 79 17 1 0 1 
424 385 157 40 16 2 0 0 455 364 146 45 13 1 0 0 212 581 173 42 13 3 0 0 
448 271 155 74 34 23 13 6 529 227 139 62 28 22 12 5 146 547 154 95 35 19 17 11 
103 139 114 181 169 169 104 45 122 136 119 190 167 159 97 34 35 165 117 151 195 172 130 59 
516 229 135 80 40 20 4 0 566 224 112 73 33 14 2 0 263 441 144 90 53 22 11 0 
619 283 91 20 9 2 0 0 574 320 94 26 8 2 0 0 228 646 121 23 4 2 0 0 
347 512 145 19 0 0 0 0 322 492 187 19 2 0 0 0 209 630 169 14 0 0 0 0 
15 244 390 259 93 19 4 0 53 347 397 157 58 10 2 0 27 325 414 176 64 15 3 0 
26 342 497 145 13 1 0 0 114 508 360 38 4 0 0 0 107 587 295 30 5 0 0 0 
145 463 303 96 15 1 1 0 298 496 191 33 5 1 0 0 138 636 211 34 4 1 0 0 
30 367 420 183 17 4 2 1 104 411 376 116 13 1 2 1 40 559 362 51 9 2 1 0 
125 463 234 136 54 7 4 1 236 442 210 94 34 5 3 0 141 537 215 97 30 3 1 0 
345 355 218 79 22 4 1 0 381 338 183 86 33 3 0 0 203 507 239 57 16 2 0 0 
253 322 347 66 29 4 0 0 226 224 288 224 54 7 0 0 219 396 315 86 7 0 0 0 
104 467 273 137 33 4 4 2 231 445 219 106 15 2 6 0 109 512 258 112 25 2 5 1 
137 460 241 87 55 18 9 17 289 419 180 69 33 10 11 13 182 505 200 53 45 13 7 19 
32 251 389 244 79 16 8 5 112 334 360 158 37 14 7 2 93 414 363 110 22 12 8 2 
18 152 218 318 196 70 26 26 52 210 294 255 129 49 22 13 58 231 313 245 111 33 22 11 
85 289 296 188 87 46 24 9 146 316 269 147 76 45 17 8 152 337 278 143 59 38 11 6 
149 283 266 147 86 66 24 3 210 323 202 123 102 42 21 1 233 365 261 99 39 21 6 0 
86 228 312 211 98 44 17 24 196 280 260 147 73 27 14 22 157 334 320 140 36 34 0 0 
143 375 262 134 57 27 9 17 251 361 230 93 48 23 8 10 146 437 238 107 46 31 13 6 
90 328 284 130 65 49 26 52 188 367 223 90 51 37 23 45 145 385 234 91 51 41 22 55 
102 305 310 164 73 25 18 27 193 350 278 95 48 20 16 24 129 408 271 96 52 19 18 31 
55 239 359 260 99 12 0 0 82 292 296 206 92 38 18 0 93 318 352 193 50 18 0 0 
150 277 324 193 60 16 3 1 221 338 290 115 36 18 4 2 209 382 318 83 21 9 1 1 
147 295 338 189 45 8 1 1 176 301 279 166 74 22 5 1 198 363 322 114 20 5 1 1 
152 391 265 155 46 12 0 0 265 364 219 120 44 9 0 0 214 450 246 81 29 2 0 0 
269 293 229 96 48 24 50 13 410 274 176 53 40 34 26 8 253 373 202 77 48 29 32 8 
85 296 290 224 90 34 0 2 133 317 301 176 66 26 2 0 93 253 250 266 120 34 2 2 
200 253 226 144 90 66 29 13 248 288 176 109 90 53 48 10 170 298 202 144 85 77 24 21 
146 306 229 237 98 5 0 0 152 290 186 112 104 138 40 0 189 328 184 149 149 24 0 0 
152 290 285 194 53 26 13 8 216 328 213 109 48 96 5 8 234 322 240 133 69 13 10 0 
461 280 186 61 21 8 5 0 522 258 160 50 18 13 0 0 440 290 216 56 13 5 2 0 
196 308 288 170 52 0 6 0 393 256 249 118 0 6 0 0 328 315 236 137 0 6 0 0 
