9 108 333 355 167 39 6 7 0 22 179 410 286 100 18 9 139 508 291 71 9 6 0 0 
27 222 323 200 120 70 32 30 1 97 318 265 153 90 59 41 180 350 260 135 64 28 7 0 
17 179 325 221 133 74 48 27 3 55 250 345 153 104 63 51 190 365 231 119 71 40 8 0 
10 172 341 250 147 63 29 12 0 45 266 331 227 102 36 17 206 407 246 113 35 17 0 0 
21 136 212 200 157 96 93 109 10 76 217 196 183 115 94 133 192 225 197 151 110 77 59 13 
61 159 183 186 168 103 92 72 23 116 129 175 182 159 109 131 269 232 196 161 101 54 11 0 
122 282 213 145 105 75 49 33 56 219 234 182 121 88 68 56 359 276 154 112 64 39 19 1 
261 273 135 127 117 63 37 11 115 294 180 121 114 94 61 45 420 220 169 118 56 31 9 1 
3 128 270 295 183 91 37 17 0 49 194 262 271 138 79 31 154 372 312 126 37 18 5 0 
18 190 221 173 123 97 71 131 2 137 228 198 136 103 83 137 247 256 175 150 95 84 17 0 
11 82 133 150 170 146 106 226 2 56 118 165 143 164 119 257 209 192 185 157 176 99 6 0 
1 107 374 255 159 65 42 21 0 18 212 379 230 107 49 29 153 430 264 106 44 22 5 0 
29 165 258 188 150 82 78 74 2 100 234 212 174 123 66 113 242 251 212 162 101 45 11 0 
36 181 206 167 122 102 90 120 6 89 188 191 150 123 99 178 303 217 167 142 112 72 11 0 
39 161 154 131 123 113 125 178 8 121 146 134 139 107 119 250 248 178 153 130 153 116 37 9 
129 219 160 144 121 59 48 144 61 219 173 159 115 86 53 158 282 249 167 145 122 32 25 2 
7 113 326 272 160 70 43 33 0 29 212 333 237 121 57 35 154 350 286 127 69 26 11 1 
13 126 224 162 142 94 82 181 1 81 239 167 161 116 77 182 210 266 183 132 128 94 11 0 
1 21 67 92 96 107 131 509 0 15 70 85 99 123 137 495 82 112 143 141 260 167 89 30 
1 48 176 256 173 100 93 177 0 13 129 233 245 145 103 156 62 236 278 167 109 79 91 2 
110 294 263 165 76 57 35 24 58 227 264 220 123 63 37 32 404 280 199 66 46 17 12 0 
17 89 115 135 106 87 151 324 9 60 105 118 115 113 119 385 188 163 122 127 198 193 33 0 
50 167 132 118 102 122 119 214 5 115 148 133 101 117 127 278 270 150 137 148 162 133 24 0 
1 76 161 107 71 92 94 422 0 38 134 116 96 79 106 455 207 155 113 186 277 86 0 0 
186 210 252 211 105 35 13 12 139 183 270 208 118 77 18 11 222 294 240 100 67 70 31 0 
20 122 169 162 111 82 98 260 16 133 191 159 113 92 95 225 141 213 179 157 131 151 49 3 
0 0 4 29 52 83 155 701 0 0 16 41 71 114 160 622 4 21 72 129 191 210 187 210 
2 82 218 272 179 63 48 160 0 5 98 289 310 112 60 150 25 163 380 211 59 42 50 94 
28 196 273 218 98 58 49 104 6 111 209 244 215 85 57 97 199 264 288 116 65 65 25 2 
3 90 92 128 158 174 138 241 0 46 111 129 158 171 176 233 139 167 214 214 147 109 34 0 
15 60 119 159 185 195 140 151 0 43 75 167 194 226 149 170 180 228 258 170 105 73 10 0 
45 162 212 272 141 68 42 82 6 85 146 191 316 125 58 97 274 291 262 93 76 28 0 0 
52 145 211 208 146 88 90 84 17 61 174 195 202 145 93 137 8 26 99 182 176 156 133 244 
33 120 253 226 194 116 37 45 9 59 179 215 239 171 81 71 17 63 113 203 180 157 113 178 
105 192 231 175 104 46 47 124 24 173 260 244 113 55 50 105 54 246 337 143 71 48 44 81 
1 38 416 372 78 27 22 70 0 10 136 556 190 41 27 64 2 85 475 312 50 27 34 39 
20 195 478 219 62 25 13 12 0 60 343 413 145 32 15 16 38 308 491 144 38 5 0 0 
46 297 298 175 109 46 22 31 2 91 345 294 161 70 28 33 107 422 300 124 40 23 8 0 
89 306 207 225 126 58 10 3 7 183 286 222 205 83 34 4 287 379 248 97 10 3 0 0 
237 262 255 172 79 18 1 0 112 226 249 231 148 52 6 0 481 282 198 57 6 0 0 0 
171 164 257 302 128 2 0 0 97 91 156 168 288 192 32 0 65 44 86 131 105 185 166 242 
210 295 275 180 55 9 0 0 48 209 273 242 147 82 21 2 6 84 195 252 188 118 92 89 
441 286 189 63 37 8 0 0 307 294 247 92 37 30 17 0 297 293 221 100 22 26 27 38 
160 279 436 148 1 0 0 0 89 174 401 347 13 0 0 0 150 266 463 145 0 0 0 0 
30 293 558 129 13 1 0 0 12 153 551 269 34 5 0 0 28 328 545 107 15 1 0 0 
69 445 400 89 17 4 0 0 28 221 475 230 55 12 3 0 33 371 396 160 42 18 4 0 
272 483 221 44 4 0 0 0 128 374 373 139 10 0 0 0 408 419 165 31 1 0 0 0 
360 322 253 78 11 0 0 0 223 249 334 185 33 0 0 0 513 374 121 16 0 0 0 0 
95 284 441 199 5 0 0 0 7 92 265 399 210 51 0 0 0 35 81 276 312 155 105 60 
81 261 444 206 32 0 0 0 42 72 238 362 243 60 7 0 22 30 106 278 190 178 143 77 
778 179 62 5 0 0 0 0 694 189 101 35 5 0 0 0 619 195 126 57 23 4 0 0 
745 236 40 3 0 0 0 0 621 299 97 7 0 0 0 0 691 261 68 4 0 0 0 0 
422 416 184 2 0 0 0 0 239 397 356 32 0 0 0 0 325 441 222 36 0 0 0 0 
312 564 141 7 0 0 0 0 194 549 266 15 0 0 0 0 276 536 204 8 0 0 0 0 
399 369 182 71 3 0 0 0 315 326 253 115 15 0 0 0 470 405 132 17 0 0 0 0 
784 140 87 13 0 0 0 0 736 132 115 41 0 0 0 0 855 135 34 0 0 0 0 0 
1 405 482 136 0 0 0 0 0 0 351 408 258 7 0 0 0 0 19 348 273 179 142 63 
64 499 405 56 0 0 0 0 2 95 420 392 110 5 0 0 0 7 163 341 248 200 59 6 
769 235 20 0 0 0 0 0 510 350 136 28 0 0 0 0 461 305 133 104 21 0 0 0 
940 82 1 1 0 0 0 0 865 148 10 1 0 0 0 0 862 147 14 1 0 0 0 0 
777 169 78 0 0 0 0 0 689 175 135 25 0 0 0 0 678 177 86 82 1 0 0 0 
719 249 45 10 1 0 0 0 620 316 74 12 2 0 0 0 607 326 79 12 0 0 0 0 
783 231 8 2 0 0 0 0 709 207 105 3 0 0 0 0 720 138 163 3 0 0 0 0 
960 57 7 0 0 0 0 0 959 58 7 0 0 0 0 0 956 61 6 1 0 0 0 0 
