80 563 232 87 34 20 8 0 0 123 552 218 75 34 19 3 0 218 557 122 69 34 18 6 
228 535 181 49 15 12 3 1 1 280 509 162 47 13 10 2 23 542 336 64 33 13 10 3 
375 503 126 20 0 0 0 0 5 443 426 124 26 0 0 0 145 696 170 13 0 0 0 0 
380 506 118 16 3 0 1 0 17 408 474 109 12 3 1 0 182 675 143 19 4 0 1 0 
834 189 1 0 0 0 0 0 87 824 112 1 0 0 0 0 659 355 10 0 0 0 0 0 
880 144 0 0 0 0 0 0 436 476 112 0 0 0 0 0 812 208 4 0 0 0 0 0 
988 34 0 1 1 0 0 0 617 394 11 0 2 0 0 0 937 85 0 0 2 0 0 0 
960 63 1 0 0 0 0 0 635 348 40 1 0 0 0 0 935 88 1 0 0 0 0 0 
742 238 26 7 4 3 2 2 103 670 210 25 6 3 3 4 590 377 31 15 2 5 1 3 
461 339 106 71 24 17 4 2 30 488 291 96 72 28 14 5 214 496 149 78 57 16 9 5 
208 197 276 192 48 23 20 57 3 247 168 222 230 60 26 64 55 254 163 269 144 42 32 62 
3 357 317 157 97 50 30 13 0 3 342 350 151 99 47 32 0 264 321 189 99 75 47 29 
114 724 176 10 0 0 0 0 0 166 709 138 11 0 0 0 9 678 327 10 0 0 0 0 
154 703 153 14 0 0 0 0 8 229 612 156 19 0 0 0 70 740 198 16 0 0 0 0 
485 517 21 1 0 0 0 0 5 654 353 12 0 0 0 0 241 732 50 1 0 0 0 0 
716 306 2 0 0 0 0 0 45 848 131 0 0 0 0 0 548 473 3 0 0 0 0 0 
435 451 132 6 0 0 0 0 181 283 236 287 35 2 0 0 517 476 29 2 0 0 0 0 
475 490 59 0 0 0 0 0 97 418 374 132 3 0 0 0 614 403 7 0 0 0 0 0 
478 508 35 3 0 0 0 0 20 546 426 30 2 0 0 0 443 535 38 7 1 0 0 0 
292 228 311 106 61 20 6 0 44 277 217 300 145 33 8 0 223 224 325 170 57 17 8 0 
111 322 466 122 3 0 0 0 0 116 279 407 197 25 0 0 41 170 593 195 23 2 0 0 
0 466 478 77 1 0 0 0 0 0 409 437 173 3 0 0 0 10 783 222 8 0 0 0 
33 226 460 302 3 0 0 0 0 67 187 106 574 90 0 0 4 324 629 67 0 0 0 0 
21 468 396 109 30 0 0 0 0 35 425 390 168 6 0 0 7 474 416 80 41 6 0 0 
130 720 163 11 0 0 0 0 2 365 582 72 3 0 0 0 76 770 177 1 0 0 0 0 
37 804 182 1 0 0 0 0 1 74 740 206 3 0 0 0 72 856 95 1 0 0 0 0 
220 472 269 63 0 0 0 0 0 209 346 271 168 30 0 0 313 651 60 0 0 0 0 0 
9 326 577 109 3 0 0 0 0 0 35 445 477 67 0 0 128 695 200 1 0 0 0 0 
134 506 290 87 7 0 0 0 0 54 413 346 180 31 0 0 304 565 139 15 1 0 0 0 
87 529 345 56 7 0 0 0 0 67 228 468 234 27 0 0 217 687 104 16 0 0 0 0 
0 103 756 163 2 0 0 0 0 0 1 353 629 41 0 0 18 663 258 85 0 0 0 0 
0 85 636 280 23 0 0 0 0 5 148 263 573 35 0 0 22 561 412 29 0 0 0 0 
0 21 624 365 11 0 0 0 0 0 8 286 697 32 0 0 1 304 658 58 0 0 0 0 
0 21 380 454 156 9 3 1 0 0 16 129 524 293 62 0 21 369 440 146 47 1 0 0 
43 207 325 392 41 9 4 3 7 144 221 286 295 64 5 2 36 303 460 172 43 4 4 2 
0 29 291 423 158 74 43 6 0 36 221 497 156 73 37 4 9 92 511 226 104 64 15 3 
0 8 270 405 149 105 64 23 0 2 216 441 178 101 54 32 0 131 447 194 103 67 55 27 
0 42 230 225 382 139 6 0 0 2 129 224 516 149 4 0 12 224 186 284 193 107 18 0 
0 46 291 248 252 138 48 1 0 6 80 216 493 181 48 0 25 292 303 133 143 107 21 0 
1 61 424 502 36 0 0 0 0 4 119 501 364 36 0 0 31 477 481 34 1 0 0 0 
0 71 309 388 159 61 33 3 0 20 248 363 282 90 21 0 54 480 358 68 44 20 0 0 
0 23 168 269 240 221 95 8 0 0 104 294 309 268 41 8 32 297 295 164 167 54 15 0 
0 5 106 298 213 194 179 29 0 0 24 119 335 374 161 11 10 289 291 192 88 102 48 4 
0 92 207 117 230 205 128 42 0 3 200 256 288 141 107 26 131 259 286 166 60 48 67 3 
1 54 303 477 157 26 6 0 0 0 12 164 470 337 40 1 61 378 437 114 30 4 0 0 
7 77 318 458 144 16 4 0 1 10 68 148 395 341 57 4 66 323 402 209 20 4 0 0 
0 0 147 752 106 19 0 0 0 0 52 747 123 92 10 0 1 81 774 158 9 1 0 0 
0 0 0 982 42 0 0 0 0 0 0 997 27 0 0 0 0 0 988 36 0 0 0 0 
0 0 0 952 72 0 0 0 0 0 0 906 118 0 0 0 0 0 1015 9 0 0 0 0 
0 0 0 375 649 0 0 0 0 0 0 334 690 0 0 0 0 0 1018 6 0 0 0 0 
0 0 0 665 359 0 0 0 0 0 2 579 443 0 0 0 0 13 992 19 0 0 0 0 
0 0 4 376 587 55 2 0 0 0 29 625 341 29 0 0 0 78 749 191 6 0 0 0 
0 11 65 284 568 90 5 1 0 7 40 365 430 175 7 0 14 111 618 270 10 1 0 0 
0 5 86 497 392 44 0 0 0 1 19 219 597 187 1 0 18 368 522 115 1 0 0 0 
0 15 101 559 345 3 0 0 0 3 77 488 360 94 0 0 28 212 658 124 0 0 0 0 
10 299 555 135 21 4 0 0 0 0 66 387 475 91 5 0 162 456 321 76 9 0 0 0 
6 133 548 261 65 11 0 0 0 0 17 237 523 226 21 0 166 434 342 78 4 0 0 0 
0 35 347 527 99 15 1 0 0 0 17 282 488 213 24 0 23 360 484 127 30 0 0 0 
0 2 120 842 54 6 0 0 0 0 34 754 164 71 1 0 6 145 798 73 2 0 0 0 
0 0 0 1024 0 0 0 0 0 0 0 1024 0 0 0 0 0 0 1024 0 0 0 0 0 
0 0 2 996 26 0 0 0 0 0 8 1016 0 0 0 0 0 2 1022 0 0 0 0 0 
0 0 0 1022 2 0 0 0 0 0 0 1024 0 0 0 0 0 0 1024 0 0 0 0 0 
0 0 18 982 19 5 0 0 0 0 131 882 11 0 0 0 0 108 907 9 0 0 0 0 
0 0 0 590 269 151 12 2 0 0 14 729 244 35 1 1 0 38 750 215 19 2 0 0 
0 6 161 458 320 77 2 0 0 1 26 166 574 254 3 0 21 272 545 183 3 0 0 0 
0 3 124 586 301 8 0 0 0 0 42 254 508 217 1 0 18 229 599 160 16 0 0 0 
94 424 384 103 18 1 0 0 0 14 221 430 303 56 0 0 352 455 186 31 0 0 0 0 
74 568 276 103 3 0 0 0 0 0 136 560 223 101 4 0 362 462 129 59 12 0 0 0 
14 283 524 187 16 0 0 0 0 1 50 377 455 138 3 0 100 545 325 54 0 0 0 0 
0 22 549 427 23 3 0 0 0 0 88 452 384 98 2 0 11 393 558 60 2 0 0 0 
0 0 228 796 0 0 0 0 0 0 283 741 0 0 0 0 0 25 999 0 0 0 0 0 
0 0 249 759 16 0 0 0 0 0 286 722 16 0 0 0 0 73 926 11 14 0 0 0 
0 0 19 963 42 0 0 0 0 0 39 940 40 5 0 0 0 5 955 39 25 0 0 0 
0 0 19 998 7 0 0 0 0 0 69 951 4 0 0 0 0 10 1007 7 0 0 0 0 
0 0 82 934 8 0 0 0 0 0 165 858 1 0 0 0 0 39 980 5 0 0 0 0 
0 165 565 292 2 0 0 0 0 42 379 487 115 1 0 0 123 571 326 4 0 0 0 0 
0 18 373 596 35 0 0 0 0 3 215 530 240 33 0 0 23 382 559 58 0 0 0 0 
64 576 277 64 42 0 0 0 0 85 234 618 85 0 0 0 490 501 32 0 0 0 0 0 
277 458 288 0 0 0 0 0 0 0 490 277 192 64 0 0 469 213 224 117 0 0 0 0 
42 522 320 117 21 0 0 0 0 0 245 533 192 53 0 0 394 416 160 53 0 0 0 0 
0 21 512 490 0 0 0 0 0 0 0 309 522 192 0 0 21 320 640 42 0 0 0 0 
0 0 618 405 0 0 0 0 0 0 672 352 0 0 0 0 0 0 1002 21 0 0 0 0 
0 0 565 437 21 0 0 0 0 10 576 416 21 0 0 0 0 256 640 128 0 0 0 0 
0 0 149 565 266 42 0 0 0 0 202 480 266 74 0 0 0 21 480 234 266 21 0 0 
0 0 149 874 0 0 0 0 0 0 394 629 0 0 0 0 0 64 960 0 0 0 0 0 
0 0 533 490 0 0 0 0 0 0 768 256 0 0 0 0 0 64 960 0 0 0 0 0 
0 0 586 437 0 0 0 0 0 0 597 426 0 0 0 0 0 96 928 0 0 0 0 0 
0 0 233 790 0 0 0 0 0 0 269 754 0 0 0 0 0 0 916 107 0 0 0 0 
