1.7867118564833753 6.560451119032314 18.741599953251914 77.73341903815813 303.2684508852919 489.6665108397125 106.08315315841757 20.138257465085022 2.056857359901829 7.116227429439608 19.204873487991584 71.56436627125576 286.5375445567697 514.9351370303278 106.59311634429966 15.970840881201426 4.6898848828376085 12.784199146847426 77.00975866300473 193.03488575936422 373.7832057500146 280.45386548238184 69.71425232279553 12.5096125752352 
1.0685752330226366 7.132157123834887 138.9770306258322 341.39214380825564 435.31058588548603 95.15612516644474 3.116844207723036 1.84254327563249 0.4414114513981358 1.6667776298268975 3.0685752330226364 4.087882822902796 34.4737017310253 913.4840213049267 63.448402130492674 3.3245672436750997 0.5945406125166445 1.3418774966711051 2.314247669773635 1.9896804260985352 2.579560585885486 4.934087882822903 52.658455392809586 957.5835552596538 
156.096895945858 618.2129237977484 190.69467039760525 41.49788507841478 9.689529511290427 4.0709962907529125 2.2913385826771653 1.4332660896726752 119.38999154031366 717.5133728118695 142.86640203032474 27.43957831717316 9.530682631613198 3.88026290102167 2.0933168477907205 1.273638315871673 738.4713997527168 241.7490076137177 26.479273768464893 8.995184486236742 4.16125463655886 1.9830155528079652 1.3163922691481746 0.8343853712500814 
0.6293694870957204 1.0993139496896438 2.1497876510944134 9.40297288467821 98.5860013067625 401.65967004246977 491.3814113034956 19.088614831754327 0.29181639986932373 0.8792061417837308 1.577997386475008 2.431231623652401 3.7628226069911794 17.810846128716104 943.4828487422411 53.75890231950343 0.32718065991506046 0.8110094740280954 1.5364260045736688 2.1635903299575303 2.7336654688010453 4.109768049656975 44.21602417510618 968.0993956223456 
35.83371862615588 277.59725891677675 619.418428005284 81.93114266842801 5.049867899603699 1.8475891677675034 1.4214002642007926 0.8896961690885072 2.0052840158520477 5.272952443857331 54.047721268163805 920.4027410832233 36.39415455746367 3.0690224570673714 1.6000660501981505 1.1996367239101717 2.3054821664464993 5.726882430647292 13.27394319682959 222.24306472919417 294.38953104359314 278.4790290620872 184.77708058124173 22.79640026420079 
520.9270431234146 305.9878680930848 99.7920480864674 45.035899415462666 24.62115363405757 13.333351715010478 7.539980147788684 6.730065071137091 434.82414249476125 373.93994706076984 113.94011249586413 48.831421638910335 25.689257747876916 13.40222785926988 7.74285871842947 5.595786919598544 641.1624021175692 250.1342230065071 66.37013345097607 30.44849454064189 16.936472923789566 9.27925443917503 5.412484835116356 4.2263703540311015 
1.1862215228843127 5.020660874324417 108.97017171786277 800.1820482999248 95.45453923513718 8.79304918930013 3.1394951084353835 1.2460149141410686 1.179311760279127 4.845590750495997 65.51836902237122 821.0259971266333 117.70397482383527 9.129027844290894 3.2614079496476704 1.329000478894438 2.433878360812752 7.05432031196552 101.4679482794007 689.6046384346993 192.70602722856947 16.63877676677841 5.804816309776288 8.281453102551824 
83.27111548879586 774.8962693917754 129.11585816301402 25.128601329721743 5.637958630879094 2.844127062299926 1.540199458261512 1.5533119921201675 55.36013297217434 827.128847574489 119.14362226052697 12.63789706968727 4.675572519083969 2.409443486825905 1.5510342280226546 1.0810760896330953 125.08870967741936 808.9657719773455 72.68197488303373 9.100837232208816 3.694163999015021 1.923787244521054 1.4762989411475007 1.056574735286875 
3.832506565509192 66.0411438576014 333.8496741562105 411.11983270109914 157.4356093765198 38.175566579126546 9.416253282754596 4.11209999027332 3.0752845053983076 44.53234121194436 271.6032973446163 486.56040268456377 176.20095321466783 32.31572804201926 6.813879972765295 2.8810913335278667 121.51707032389845 570.4042894660053 265.5278183056123 47.70027234704795 12.095710533994747 4.04070615698862 1.8161171092306196 0.8824044353662095 
0.5183935742971888 2.272289156626506 2.9787951807228916 7.03437751004016 53.87293172690763 885.924016064257 69.94457831325302 1.447710843373494 0.4634538152610442 1.863293172690763 2.451566265060241 4.365140562248996 16.14698795180723 617.019437751004 379.46281124497995 2.220562248995984 0.807710843373494 2.135100401606426 2.4123694779116467 3.810763052208835 8.866024096385543 87.31951807228916 895.0475502008032 23.595020080321284 
0.9304987735077678 7.986683798621656 148.1853755402406 616.0874313748394 209.11178600630768 32.76147646303002 6.636724681696063 2.287875248218666 1.116925592804579 8.107055250554842 131.9272281275552 548.2228711599113 287.4387921971732 40.29903048709263 4.989019974302067 1.8875131409882022 8.603959817778296 154.13316201378345 677.3827823852354 155.86391776661605 20.045263403807965 5.088541058287583 1.823677140520967 1.0470155355682746 
0.4614054054054054 1.3952432432432433 4.555891891891892 116.18443243243243 763.9251891891892 126.90983783783784 8.348756756756757 2.214054054054054 0.31891891891891894 0.8596756756756757 1.9228108108108108 4.4177297297297295 63.272216216216215 907.7556756756757 40.97427027027027 4.475243243243243 0.6921081081081081 7.814918918918919 354.7723243243243 79.19264864864864 24.005837837837838 47.66854054054054 486.81794594594595 23.030486486486488 
6.054915981408652 16.345012513407223 33.64690740078656 51.289953521630316 69.18012155881301 91.90010725777618 186.30690025026814 569.2548444762245 8.044976760815159 18.484161601716124 33.86056489095459 50.59542366821594 70.43103324991061 103.70525563103325 243.1781909188416 495.6788702180908 16.124276010010725 30.029031104755095 50.67300679299249 78.0254558455488 100.0082946013586 127.42888809438685 271.568752234537 350.1177690382553 
76.16282491417361 226.26826875919568 253.949190779794 196.78352133398724 127.5552394964852 69.9979728625143 40.44227562530652 32.809677946705904 70.09190779794017 230.59558607160372 265.9743665195357 195.1258460029426 126.6991008664378 68.84348536864476 38.510707863331696 28.12676148438777 191.2393330063757 305.80699689390224 221.06323361124734 129.67307503678273 78.36985450384175 48.89534085335949 26.783194376328264 22.138989700833744 
7.680558165758316 80.7649408006014 427.92872580342043 360.73444841195266 106.86186806991167 26.81760947190378 8.50521518511558 4.688310467957151 5.1906126667919565 59.27147152790829 370.25681262920506 422.80337342604776 122.58226837060703 29.592557789889117 9.222843450479234 5.060796842698741 12.6070757376433 124.4906972373614 406.1339503852659 341.68971997744785 99.3831986468709 25.75488629956775 8.585275324187183 5.335416275136253 
919.2575421746091 80.98743997044699 12.923900997414112 5.344477281123014 2.7617288511267084 1.3180642777983007 0.6939416328038419 0.7026228297007757 911.2338381972663 89.47666543529122 12.760559044452654 5.378216968353651 2.779768501416082 1.1664203915773919 0.6145179165127448 0.5797931289250092 961.5623691663588 47.186245536264 7.8180642777983005 3.6066986824282723 2.105467306981899 0.9073389976603866 0.4354759266100234 0.37015145917990394 
1.912203650008528 9.075132184888282 54.64608562169538 316.9009039740747 507.73528910114277 114.6011001193928 14.967593382227529 4.140499744158281 2.068864062766502 9.006225481835237 50.371141054067884 299.83105918471773 525.6657427937915 118.02643697765649 14.595642162715334 4.413909261470237 7.38610779464438 28.649624765478425 170.78300358178407 448.8659815793962 288.6636960600375 65.04639263175848 10.71870202967764 3.864148047074876 
4.19633183212584 12.099732393446903 24.591214672671498 52.01729652111481 116.33751060635728 285.95972847725346 420.3937079825077 108.38241629136479 4.401344559754585 12.687618301677436 23.48071274720971 47.35395861888911 104.80210169049018 298.5559689315319 435.87585666731934 96.82005091051498 8.675869721297566 20.47810195156974 40.27321976372299 81.82050779975198 143.32289015077345 308.8321258403499 316.02454147901574 104.55126949937994 
3.2547939880798133 142.3574760300596 724.1789971495206 137.3147836227002 11.22091215340762 3.275719098211972 1.3934309406582015 0.9920316144078777 2.233544959834154 65.23555325213786 803.604560767038 137.0338818346722 10.450699663125162 3.0109484322363307 1.3934309406582015 1.0263669344389739 4.113436123348017 111.55934179839336 707.3776237367193 180.92640580461259 10.141487431977197 4.0908266390256545 4.696877429385851 1.0814977973568283 
0.21064607322622905 1.218644418396194 2.570916362131973 5.586499344963111 93.80604012962836 880.9591808591326 39.15741570709508 0.489209129145694 0.27911466593118667 1.3499276011859616 2.6604150865338205 5.21078397572916 48.70254430117907 942.7086809625595 22.59084327380542 0.49582844928635456 0.6600703302764945 1.975246500723988 2.4828656140108945 5.319520099289802 48.09453216575881 919.8962973177963 45.047576363511 0.5222367785975316 
0.6986312084473993 4.34423152131404 7.9457176378568635 121.49143527571373 832.5281971059836 54.056628861947594 2.1803676183026983 0.7473601877199844 0.816503715291357 2.6121235823230347 6.738678138443489 75.68807195932733 889.8915917090341 45.26061791161517 2.123034806413766 0.8624168947985921 1.8143918654673445 4.1510363707469695 7.703480641376613 75.77982010168166 851.582635901447 79.6564724286273 2.5662886194759484 0.7399296050058662 
2.413858497447119 6.442450765864333 41.3782640408461 892.2061269146608 68.69350838803793 6.980598103574033 3.611816192560175 2.2618526622902992 1.4846097738876731 3.9823486506199854 9.131728665207877 120.46900072939461 839.6293216630197 41.72866520787746 4.77709700948213 2.7801604668125455 2.009336250911743 10.49380014587892 16.80627279358133 27.560175054704594 279.68606856309265 354.6570386579139 247.83005105762217 84.94427425237053 
0.16273944736395998 0.6342317906989885 1.3783127083686502 2.5477199525343277 8.426060914279256 47.552749053511896 909.4408091766966 53.85404305814545 0.26106119681301915 0.8303667288240945 1.4447646493756003 2.607786630502345 4.520427191049331 25.23071707068995 967.5525230265017 21.549584675368706 0.5454596824320507 1.0931231282138216 1.8431937616545178 3.0210205119511784 4.669774538057298 28.077753291518338 938.16375656891 46.58264112561451 
47.65197724624769 240.06140771708587 366.85127818518265 226.0636693852375 90.62689329038449 33.79514769378384 13.42053320540059 5.502912754437667 55.48975395791926 259.41162360359124 383.4532931258995 215.64101158248235 77.31752450140498 21.815913919539444 7.409704612432321 3.433486395723391 689.8125556850113 251.67802069769036 52.320951271331644 17.461722979919127 7.22822287711603 3.160646974162155 1.5266260023302036 0.7904187512850387 
1.2689655172413794 192.21235632183908 746.1402298850575 77.44252873563218 5.438793103448276 0.507183908045977 0.44913793103448274 0.5370689655172414 0.20201149425287357 0.8589080459770115 3.5695402298850576 43.88103448275862 948.6241379310345 25.474137931034484 0.6652298850574713 0.721551724137931 0.17787356321839082 1.2336206896551725 1.6626436781609195 1.4566091954022988 2.439655172413793 68.83247126436781 796.1913793103448 152.00201149425288 
3.4640581834583073 164.37745954783784 639.2675762530304 182.91221739865819 25.77499013361899 5.117607261656424 1.9600834413936967 1.1165924338952473 5.415571968202063 155.9846648249422 696.0785927721712 143.03044483283531 16.987089135705023 4.098438292834189 1.5230309522467158 0.8729210125725884 99.62496476292496 725.9141906748605 170.0723346676439 19.53943733438575 5.331623160624683 1.990528274229013 0.9211253312285054 0.5968878615323899 
9.59959898875425 37.73021823148229 111.31781594164995 207.30700607328626 243.21680760177838 211.1913230465231 124.52247697091215 79.08958823700345 10.89277307994072 40.648504925464216 116.1857147008398 223.19437421904513 272.52209920669515 201.41998663295848 102.69964838869032 56.41121087960945 52.52247697091216 143.66012843983378 260.16679743120335 225.17365530468138 148.98407578531368 98.5179147415221 56.72574317845 38.224885944265246 
63.17458609271523 524.634023178808 318.09631622516554 76.63042218543046 23.188907284768213 9.375579470198675 4.771647350993377 4.111465231788079 43.1675082781457 441.15264900662254 401.79619205298013 94.72951158940397 24.944288079470198 9.478600993377484 4.793791390728477 3.920157284768212 157.74879966887417 566.2752069536424 212.70662251655628 53.870612582781455 16.991887417218543 8.22955298013245 4.544081125827814 3.6169288079470197 
0.2251460047783382 0.4605123440403504 1.0626161401645873 1.8277475444650917 2.714361560923812 4.268615609238121 37.70722723652774 975.7295593310326 0.28580435359702683 0.46923944783647464 0.9919033713830634 1.7183766923281125 2.4855986195911868 3.781988319617733 18.119989381470667 996.143383328909 0.302428988585081 0.5397863020971595 1.0862755508362092 1.840091584815503 2.4230820281391026 3.8026280860100874 22.109304486328643 991.8921223785505 
1.1421630094043886 3.8344827586206898 10.317084639498432 92.40188087774294 774.533855799373 132.65438871473353 6.789811912225705 2.320689655172414 0.9115987460815047 2.9390282131661443 7.5025078369905955 25.838557993730408 538.4076802507838 433.52272727272725 12.276175548589341 2.596394984326019 1.2112852664576803 3.334012539184953 6.59717868338558 15.396081504702193 143.80862068965519 797.5724137931035 52.28025078369906 3.795924764890282 
0.3958860411395886 0.980750192498075 1.973930260697393 3.5014849851501486 5.791332086679133 122.79078209217907 799.729732702673 88.8320316796832 0.28566714332856674 0.7435925640743593 1.5062149378506215 2.5244747552524474 3.847211527884721 5.779232207677923 111.0778792212078 898.2317676823232 0.4128258717412826 0.972390276097239 1.6736332636673634 2.3687163128368716 3.189088109118909 4.026949730502695 17.57221427785722 993.7817621823782 
192.07259014847986 653.2703275983973 130.1729908083903 27.53523450388876 10.550789535705869 5.287532406316286 2.7671458873438604 2.3384397831722836 755.3153429177469 223.5998114541598 24.732264906905492 9.522743341975017 4.985859061984445 2.8281876031110063 1.9118548197030403 1.0994579307094037 925.8333726137167 71.7808154607589 12.597925995757718 6.1996229083195855 3.6533113363186427 2.0643412679707756 1.141173697855291 0.7259014847984916 
