0 0 0 0 0 0 0 1024 0 0 0 0 0 0 0 1024 0 0 0 0 0 0 0 1024 
0 0 0 0 0 0 0 1024 0 0 0 0 0 0 0 1024 0 0 0 0 0 0 0 1024 
0 0 0 0 0 0 107 917 0 0 0 0 0 0 0 1024 0 0 0 0 0 0 0 1024 
0 0 0 0 0 0 508 516 0 0 0 0 0 0 0 1024 0 0 0 0 0 0 0 1024 
0 0 0 0 0 0 692 332 0 0 0 0 0 0 0 1024 0 0 0 0 0 0 0 1024 
0 0 0 0 0 0 294 730 0 0 0 0 0 0 0 1024 0 0 0 0 0 0 0 1024 
0 0 0 0 0 0 0 1024 0 0 0 0 0 0 0 1024 0 0 0 0 0 0 0 1024 
0 0 0 0 0 0 0 1024 0 0 0 0 0 0 0 1024 0 0 0 0 0 0 0 1024 
0 0 0 0 0 0 550 474 0 0 0 0 0 0 0 1024 0 0 0 0 0 0 0 1024 
0 0 0 0 0 0 664 360 0 0 0 0 0 0 0 1024 0 0 0 0 0 0 0 1024 
0 0 0 0 0 0 500 524 0 0 0 0 0 0 0 1024 0 0 0 0 0 0 0 1024 
0 0 0 0 0 0 721 303 0 0 0 0 0 0 55 969 0 0 0 0 0 0 0 1024 
0 0 0 0 0 0 965 59 0 0 0 0 0 0 0 1024 0 0 0 0 0 0 0 1024 
0 0 0 0 0 0 995 29 0 0 0 0 0 0 0 1024 0 0 0 0 0 0 0 1024 
0 0 0 0 0 0 508 516 0 0 0 0 0 0 0 1024 0 0 0 0 0 0 0 1024 
0 0 0 0 0 0 469 555 0 0 0 0 0 0 0 1024 0 0 0 0 0 0 0 1024 
0 0 0 0 0 0 810 214 0 0 0 0 0 0 6 1018 0 0 0 0 0 0 0 1024 
0 0 0 0 0 0 989 35 0 0 0 0 0 0 99 925 0 0 0 0 0 0 0 1024 
0 0 0 0 0 0 1024 0 0 0 0 0 0 0 221 803 0 0 0 0 0 0 0 1024 
0 0 0 0 0 2 1022 0 0 0 0 0 0 0 198 826 0 0 0 0 0 0 1 1023 
0 0 1 15 93 126 782 7 0 0 0 4 46 124 264 586 0 0 0 12 45 88 86 793 
0 0 2 29 76 90 733 94 0 0 0 10 53 79 90 792 0 0 0 4 39 68 76 837 
0 0 0 0 7 26 646 345 0 0 0 0 0 14 42 968 0 0 0 0 0 4 20 1000 
0 0 1 1 2 3 645 372 0 0 0 2 0 2 3 1017 0 0 0 1 1 2 3 1017 
0 0 6 6 6 7 411 588 0 0 0 8 6 6 7 997 0 0 0 2 10 6 6 1000 
0 2 18 83 45 29 61 786 0 0 2 38 70 40 34 840 0 0 0 34 62 36 37 855 
0 0 8 23 51 29 47 866 0 0 0 11 30 45 32 906 0 0 1 8 46 29 27 913 
0 2 95 298 240 84 54 251 0 0 33 164 319 164 67 277 2 83 229 212 149 55 32 262 
0 7 350 386 173 62 21 21 0 0 91 411 317 128 37 37 4 173 432 263 81 33 11 24 
0 0 0 75 135 114 326 374 0 0 0 0 121 123 127 653 0 2 38 62 70 86 70 696 
0 0 0 173 208 111 179 353 0 0 0 27 224 161 113 499 0 0 71 151 89 82 89 542 
0 0 0 18 40 51 674 241 0 0 0 0 31 47 64 882 0 0 0 17 22 23 42 920 
0 0 0 30 74 108 431 381 0 0 0 0 64 71 133 756 0 0 1 33 40 40 92 818 
0 0 0 154 254 94 186 336 0 0 0 40 305 118 58 503 0 0 28 235 146 56 49 510 
0 0 0 29 90 51 255 599 0 0 0 8 80 61 50 825 0 0 1 38 60 40 49 836 
0 3 8 8 6 5 249 745 0 0 0 8 9 6 7 994 0 0 0 7 9 6 7 995 
0 4 83 105 23 19 543 247 0 0 5 116 71 26 17 789 0 1 31 133 27 25 13 794 
0 5 112 100 22 29 442 314 0 0 11 115 92 30 24 752 0 1 49 119 47 26 27 755 
0 13 148 57 18 18 122 648 0 2 42 141 39 16 19 765 0 2 109 83 29 13 17 771 
0 0 11 64 14 13 42 880 0 0 0 15 62 12 14 921 0 0 11 42 25 11 16 919 
0 0 50 169 41 24 77 663 0 0 2 98 134 30 28 732 0 0 61 123 56 28 21 735 
0 0 0 1 0 2 649 372 0 0 0 0 1 0 2 1021 0 0 0 0 1 0 2 1021 
0 0 0 0 0 0 1024 0 0 0 0 0 0 0 0 1024 0 0 0 0 0 0 0 1024 
0 0 0 0 0 0 1024 0 0 0 0 0 0 0 14 1010 0 0 0 0 0 0 0 1024 
0 0 0 0 0 11 1005 8 0 0 0 0 0 0 349 675 0 0 0 0 0 0 0 1024 
0 0 0 0 0 102 922 0 0 0 0 0 0 0 744 280 0 0 0 0 0 0 0 1024 
0 0 0 0 0 355 669 0 0 0 0 0 0 0 866 158 0 0 0 0 0 0 0 1024 
0 0 0 0 0 284 740 0 0 0 0 0 0 0 651 373 0 0 0 0 0 0 0 1024 
0 0 0 0 5 225 794 0 0 0 0 0 0 15 608 401 0 0 0 0 0 0 14 1010 
0 0 13 140 259 280 310 22 0 0 1 45 210 246 393 129 0 0 3 59 164 191 111 496 
0 0 29 270 290 124 302 9 0 0 1 60 309 258 107 289 0 0 32 208 201 156 98 329 
0 0 37 271 298 119 250 49 0 0 3 114 317 212 105 273 0 23 178 237 144 97 59 286 
0 1 59 399 301 90 85 89 0 0 9 230 386 173 67 159 0 49 380 246 108 49 34 158 
0 3 307 344 122 23 59 166 0 0 113 357 249 67 19 219 0 24 354 308 74 25 14 225 
0 99 589 290 19 12 11 4 0 0 310 559 112 16 13 14 0 40 537 368 37 11 14 17 
0 1 163 464 299 73 19 5 0 1 19 372 413 170 28 21 3 80 433 318 130 25 15 20 
0 7 116 597 242 53 9 0 0 0 34 487 367 110 26 0 4 318 496 164 40 2 0 0 
0 8 203 603 178 21 5 1 0 0 77 522 353 62 7 1 5 375 529 91 17 4 0 0 
0 10 449 457 91 14 3 0 0 0 41 478 444 49 10 2 1 460 456 69 25 10 3 0 
0 0 136 838 50 0 0 0 0 0 0 313 705 6 0 0 0 195 808 21 0 0 0 0 
0 0 97 685 196 39 6 1 0 0 0 229 636 136 16 7 0 70 672 133 83 55 4 7 
0 0 128 651 207 27 11 0 0 0 2 321 555 113 23 10 0 99 635 193 47 30 13 7 
0 0 54 800 146 16 7 1 0 0 0 431 556 25 9 3 0 23 644 303 34 15 4 1 
0 26 369 391 124 36 29 49 0 0 55 582 233 66 23 65 0 40 621 158 82 36 25 62 
0 24 266 243 136 36 51 268 0 0 90 283 249 57 42 303 0 30 360 183 69 36 39 307 
0 85 573 173 54 36 51 52 0 3 253 512 83 48 32 93 0 9 480 295 63 45 37 95 
0 217 497 158 59 35 31 27 0 1 455 327 112 47 37 45 0 49 535 227 80 50 34 49 
0 138 483 155 46 28 57 117 0 0 282 419 95 41 24 163 0 29 519 195 59 32 19 171 
0 13 527 361 63 24 20 16 0 0 78 609 228 51 24 34 0 27 654 196 64 36 14 33 
2 8 275 527 155 22 14 21 0 2 49 425 449 57 14 28 0 24 396 458 70 33 10 33 
0 7 241 197 43 30 326 180 0 2 40 274 144 36 31 497 0 8 210 172 70 32 26 506 
0 1 12 24 10 8 733 236 0 0 1 14 23 13 8 965 0 0 0 16 22 10 5 971 
0 0 85 264 60 26 578 11 0 0 5 175 200 33 35 576 0 0 116 194 66 33 19 596 
0 2 109 167 51 36 569 90 0 0 16 168 114 33 50 643 0 0 89 155 60 24 42 654 
0 0 0 0 2 7 649 366 0 0 0 0 0 3 8 1013 0 0 0 0 0 2 8 1014 
0 0 17 131 96 25 583 172 0 0 2 48 147 52 27 748 0 0 6 99 94 45 21 759 
0 0 2 203 175 53 581 10 0 0 0 33 257 102 54 578 0 0 2 175 149 61 37 600 
0 0 12 151 225 100 491 45 0 0 1 38 234 161 196 394 0 0 12 112 187 100 65 548 
0 13 170 349 169 101 130 92 0 3 63 309 255 109 108 177 0 3 102 312 179 121 80 227 
0 67 233 434 197 55 24 14 0 11 91 363 366 133 34 26 2 102 360 381 114 25 21 19 
0 2 158 517 245 43 23 36 0 0 44 381 418 108 30 43 1 190 437 256 64 20 15 41 
0 21 446 426 105 22 4 0 0 3 196 522 233 57 13 0 15 455 429 109 15 1 0 0 
0 4 292 496 180 45 5 2 0 0 91 516 306 89 19 3 3 280 536 161 39 3 2 0 
0 16 306 426 199 68 9 0 0 0 47 458 374 106 35 4 2 195 575 184 60 8 0 0 
0 12 382 425 146 42 16 1 0 0 114 530 269 76 24 11 33 364 424 155 36 10 2 0 
0 35 527 429 31 2 0 0 0 1 265 662 86 9 1 0 48 687 274 14 1 0 0 0 
0 123 581 272 42 4 0 0 0 0 378 528 101 16 0 0 78 632 276 32 4 0 0 0 
0 227 746 51 0 0 0 0 0 0 372 626 26 0 0 0 58 895 71 0 0 0 0 0 
0 109 667 245 3 0 0 0 0 1 156 687 177 3 0 0 21 732 270 1 0 0 0 0 
0 23 494 506 1 0 0 0 0 0 62 594 368 0 0 0 3 544 477 0 0 0 0 0 
0 1 639 384 0 0 0 0 0 0 21 910 93 0 0 0 1 506 517 0 0 0 0 0 
0 0 220 633 171 0 0 0 0 0 0 469 496 59 0 0 0 193 809 22 0 0 0 0 
0 81 491 372 80 0 0 0 0 0 242 380 360 42 0 0 0 245 741 38 0 0 0 0 
0 243 491 255 35 0 0 0 0 30 366 422 205 1 0 0 0 292 701 31 0 0 0 0 
0 86 440 401 66 18 9 4 0 2 179 483 308 31 13 8 0 161 564 217 50 20 3 9 
0 19 127 780 97 1 0 0 0 1 60 240 690 33 0 0 0 150 785 81 8 0 0 0 
2 576 276 127 40 3 0 0 0 115 587 182 107 33 0 0 1 471 488 43 20 1 0 0 
0 162 701 161 0 0 0 0 0 2 395 588 39 0 0 0 0 261 741 22 0 0 0 0 
0 224 624 166 10 0 0 0 0 0 453 501 70 0 0 0 0 347 623 54 0 0 0 0 
0 150 709 164 1 0 0 0 0 0 307 664 53 0 0 0 0 211 679 130 4 0 0 0 
0 21 547 195 40 28 56 137 0 1 86 571 117 37 31 181 0 68 550 129 39 25 31 182 
0 8 202 545 122 61 45 41 0 1 30 400 387 89 53 64 0 9 227 463 139 71 47 68 
0 1 139 839 29 5 6 5 0 0 4 590 402 12 8 8 0 5 244 733 22 6 5 9 
0 0 113 689 67 47 60 48 0 0 0 538 301 38 54 93 0 0 61 649 113 47 48 106 
0 0 208 659 62 17 30 48 0 0 16 580 307 30 18 73 0 0 283 556 68 26 15 76 
0 11 532 468 12 1 0 0 0 0 172 679 171 2 0 0 0 9 656 355 3 1 0 0 
0 21 396 469 105 16 6 11 0 0 104 486 358 50 12 14 0 133 460 314 84 11 9 13 
0 66 599 265 41 7 14 32 0 3 192 548 206 25 6 44 2 278 471 191 21 14 4 43 
1 193 401 293 118 16 2 0 0 20 352 397 204 44 7 0 18 373 479 134 18 2 0 0 
0 8 418 457 107 27 6 1 0 0 146 567 249 47 11 4 27 418 470 86 14 8 1 0 
0 170 607 194 40 9 4 0 0 9 514 414 59 22 4 2 41 756 174 41 8 4 0 0 
0 97 662 205 52 7 1 0 0 3 433 472 99 16 0 1 38 696 249 36 4 1 0 0 
0 7 272 492 205 35 12 1 0 0 99 457 370 80 15 3 19 392 449 138 20 5 1 0 
0 46 357 448 160 13 0 0 0 2 185 477 300 59 1 0 79 516 339 89 1 0 0 0 
0 173 585 205 56 4 1 0 0 9 502 385 115 12 1 0 94 651 243 32 3 1 0 0 
0 148 554 263 52 4 1 0 0 4 418 472 110 16 1 0 184 625 176 32 4 1 0 0 
0 408 502 114 0 0 0 0 0 22 509 399 94 0 0 0 139 864 21 0 0 0 0 0 
6 626 391 1 0 0 0 0 0 87 616 318 3 0 0 0 178 832 14 0 0 0 0 0 
30 659 326 9 0 0 0 0 0 256 541 224 3 0 0 0 183 760 81 0 0 0 0 0 
0 355 610 59 0 0 0 0 0 12 443 524 45 0 0 0 81 819 124 0 0 0 0 0 
0 5 476 537 6 0 0 0 0 0 26 602 396 0 0 0 10 671 343 0 0 0 0 0 
0 9 516 495 4 0 0 0 0 0 30 685 308 1 0 0 2 689 331 2 0 0 0 0 
0 3 345 665 11 0 0 0 0 0 27 524 472 1 0 0 2 590 430 2 0 0 0 0 
0 85 609 330 0 0 0 0 0 0 123 711 190 0 0 0 4 671 348 1 0 0 0 0 
0 80 662 282 0 0 0 0 0 0 188 731 105 0 0 0 0 760 264 0 0 0 0 0 
0 438 420 160 6 0 0 0 0 58 422 455 79 10 0 0 7 728 270 19 0 0 0 0 
5 469 311 232 7 0 0 0 0 56 548 180 223 17 0 0 7 416 586 15 0 0 0 0 
2 515 358 142 7 0 0 0 0 189 491 216 125 3 0 0 18 475 460 71 0 0 0 0 
1 407 474 116 26 0 0 0 0 20 592 299 93 20 0 0 8 510 482 24 0 0 0 0 
0 107 509 380 28 0 0 0 0 0 185 495 321 23 0 0 12 328 576 108 0 0 0 0 
0 13 358 638 15 0 0 0 0 0 24 672 317 11 0 0 0 63 481 477 3 0 0 0 
0 42 735 236 11 0 0 0 0 0 262 662 89 11 0 0 0 44 740 234 6 0 0 0 
0 31 466 508 15 3 1 0 0 1 152 760 104 5 1 1 0 53 447 496 20 5 2 1 
6 86 560 359 13 0 0 0 0 9 163 564 286 2 0 0 6 175 703 138 2 0 0 0 
0 91 741 188 4 0 0 0 0 1 408 546 67 2 0 0 0 338 618 67 1 0 0 0 
0 290 699 35 0 0 0 0 0 4 641 377 2 0 0 0 2 631 389 2 0 0 0 0 
0 106 553 243 94 27 1 0 0 2 347 461 158 49 7 0 43 556 315 93 16 1 0 0 
3 52 454 348 126 34 6 1 0 13 225 491 227 53 13 2 25 450 427 91 22 8 1 0 
0 50 516 348 81 21 7 1 0 1 236 574 160 36 13 4 50 548 351 53 15 6 1 0 
0 128 581 247 53 14 1 0 0 8 425 471 88 26 6 0 133 633 210 39 9 0 0 0 
2 147 548 253 58 13 3 0 0 15 430 422 118 32 7 0 125 598 245 45 11 0 0 0 
0 57 279 388 244 48 7 1 0 4 169 429 303 99 17 3 95 436 359 108 23 3 0 0 
0 72 561 294 77 18 2 0 0 3 305 543 126 39 8 0 75 666 214 57 12 0 0 0 
0 201 516 208 75 22 2 0 0 16 485 336 131 47 8 1 175 585 184 65 14 1 0 0 
0 98 469 315 110 20 8 0 0 10 410 378 171 43 10 0 149 529 263 62 13 5 0 0 
123 722 118 40 21 0 0 0 1 259 675 32 44 13 0 0 437 549 38 0 0 0 0 0 
539 484 1 0 0 0 0 0 5 817 202 0 0 0 0 0 672 352 0 0 0 0 0 0 
235 733 43 13 0 0 0 0 17 504 476 26 1 0 0 0 421 592 11 0 0 0 0 0 
50 494 347 107 26 0 0 0 0 165 572 188 93 6 0 0 217 706 94 7 0 0 0 0 
13 201 762 48 0 0 0 0 0 27 345 638 14 0 0 0 79 874 71 0 0 0 0 0 
0 272 630 122 0 0 0 0 0 1 434 519 70 0 0 0 83 857 84 0 0 0 0 0 
0 51 645 328 0 0 0 0 0 0 132 711 181 0 0 0 13 890 121 0 0 0 0 0 
0 578 389 57 0 0 0 0 0 41 661 301 21 0 0 0 66 896 62 0 0 0 0 0 
9 834 181 0 0 0 0 0 0 123 857 44 0 0 0 0 31 983 10 0 0 0 0 0 
16 148 642 216 2 0 0 0 0 21 361 519 123 0 0 0 22 804 198 0 0 0 0 0 
2 284 485 243 10 0 0 0 0 17 322 409 243 33 0 0 28 549 438 9 0 0 0 0 
6 139 455 369 54 1 0 0 0 11 154 431 357 70 1 0 45 292 572 114 1 0 0 0 
4 78 335 480 127 0 0 0 0 7 67 292 495 162 1 0 17 253 647 106 1 0 0 0 
16 327 344 274 62 1 0 0 0 34 302 323 271 93 1 0 30 512 450 32 0 0 0 0 
0 180 452 350 41 1 0 0 0 9 199 432 342 41 1 0 19 391 547 67 0 0 0 0 
1 141 449 344 88 1 0 0 0 13 211 385 309 106 0 0 16 293 629 86 0 0 0 0 
35 349 374 255 11 0 0 0 0 155 290 371 202 6 0 0 0 433 511 76 4 0 0 0 
16 289 498 214 7 0 0 0 0 75 342 456 149 2 0 0 20 356 560 86 2 0 0 0 
4 267 569 182 2 0 0 0 0 11 375 521 116 1 0 0 30 564 410 20 0 0 0 0 
0 108 615 291 10 0 0 0 0 2 389 527 103 3 0 0 2 409 552 61 0 0 0 0 
0 233 609 128 40 11 3 0 0 55 498 363 78 26 3 1 54 598 322 40 9 1 0 0 
0 29 341 386 204 50 13 1 0 3 150 417 328 98 24 4 50 441 385 115 27 5 1 0 
0 51 491 391 75 14 2 0 0 2 258 567 164 30 2 1 142 600 238 36 7 1 0 0 
0 125 497 238 133 28 3 0 0 10 357 386 181 72 17 1 133 570 209 91 20 1 0 0 
0 87 443 362 107 22 3 0 0 7 274 450 232 50 9 2 132 466 316 89 18 3 0 0 
0 176 555 215 65 13 0 0 0 18 476 370 123 37 0 0 248 533 192 47 4 0 0 0 
0 154 533 236 81 14 6 0 0 13 517 322 132 27 12 1 240 570 160 39 12 3 0 0 
0 97 502 316 91 16 2 0 0 9 328 462 180 39 6 0 240 509 213 52 8 2 0 0 
0 106 605 269 40 2 0 0 0 1 455 458 103 5 0 0 152 624 202 40 4 0 0 0 
49 309 367 218 79 2 0 0 1 87 261 406 218 49 2 0 521 396 99 8 0 0 0 0 
348 577 74 25 0 0 0 0 7 604 346 53 14 0 0 0 653 352 18 1 0 0 0 0 
341 614 48 21 0 0 0 0 1 662 304 55 2 0 0 0 610 378 36 0 0 0 0 0 
15 431 400 169 9 0 0 0 0 75 442 377 126 4 0 0 300 604 118 2 0 0 0 0 
0 136 603 245 38 2 0 0 0 0 228 580 190 24 2 0 159 710 145 9 1 0 0 0 
0 268 474 217 61 4 0 0 0 4 509 254 182 72 3 0 175 717 128 4 0 0 0 0 
0 338 432 197 55 2 0 0 0 1 443 342 183 54 1 0 238 659 122 5 0 0 0 0 
2 253 542 189 36 2 0 0 0 13 314 523 137 35 2 0 211 674 118 21 0 0 0 0 
5 497 503 19 0 0 0 0 0 33 615 369 7 0 0 0 63 893 68 0 0 0 0 0 
19 355 434 198 18 0 0 0 0 57 375 381 184 27 0 0 67 703 247 7 0 0 0 0 
7 188 454 354 21 0 0 0 0 12 188 393 398 33 0 0 86 552 375 11 0 0 0 0 
1 220 531 247 25 0 0 0 0 9 239 459 276 41 0 0 60 609 332 23 0 0 0 0 
217 471 267 65 4 0 0 0 0 327 381 244 69 3 0 0 148 684 180 12 0 0 0 0 
400 452 164 8 0 0 0 0 2 607 288 123 4 0 0 0 97 702 211 14 0 0 0 0 
193 595 198 37 1 0 0 0 0 429 403 155 36 1 0 0 56 728 215 25 0 0 0 0 
116 527 311 70 0 0 0 0 0 263 425 274 61 1 0 0 66 693 260 5 0 0 0 0 
44 688 220 44 25 3 0 0 0 242 533 189 47 13 0 0 81 754 181 8 0 0 0 0 
29 348 215 214 181 36 1 0 2 114 318 201 282 101 6 0 91 604 299 30 0 0 0 0 
1 77 523 398 25 0 0 0 0 1 87 590 330 16 0 0 24 476 481 43 0 0 0 0 
3 14 491 472 43 1 0 0 0 4 88 669 255 8 0 0 8 260 612 140 4 0 0 0 
1 472 491 53 5 2 0 0 0 49 608 346 15 4 2 0 103 774 138 6 3 0 0 0 
0 143 526 263 68 17 7 0 0 9 390 456 119 39 9 2 146 598 210 55 12 3 0 0 
0 255 637 91 25 10 5 1 0 24 687 242 45 16 7 3 220 693 76 23 7 5 0 0 
0 175 468 282 75 15 7 2 0 29 382 425 132 43 11 2 161 576 208 63 9 5 2 0 
2 210 565 224 19 4 0 0 0 40 422 470 83 8 1 0 210 618 181 12 3 0 0 0 
0 166 472 302 64 20 0 0 0 8 404 440 130 39 3 0 190 578 196 50 10 0 0 0 
0 72 418 335 142 40 16 1 0 7 268 425 223 74 23 4 186 472 250 86 25 5 0 0 
4 389 396 160 53 11 9 2 0 57 577 245 110 20 12 3 362 480 136 29 14 3 0 0 
0 289 384 205 113 29 2 0 0 5 552 222 177 55 10 0 237 520 186 64 8 7 0 0 
12 185 367 339 96 23 2 0 0 33 281 390 247 65 8 0 208 549 233 34 0 0 0 0 
16 230 283 360 134 1 0 0 0 32 260 372 312 48 0 0 224 576 220 4 0 0 0 0 
103 354 341 193 26 7 0 0 0 268 243 345 151 17 0 0 384 461 161 18 0 0 0 0 
9 402 424 174 15 0 0 0 0 37 499 372 112 4 0 0 324 578 120 2 0 0 0 0 
8 374 535 106 1 0 0 0 0 79 553 354 38 0 0 0 332 618 73 1 0 0 0 0 
28 386 459 140 11 0 0 0 1 145 581 270 27 0 0 0 327 561 127 9 0 0 0 0 
34 272 573 134 11 0 0 0 0 47 308 514 145 10 0 0 323 599 100 2 0 0 0 0 
7 308 466 209 33 1 0 0 0 61 390 419 140 13 1 0 236 586 183 19 0 0 0 0 
0 116 476 367 63 2 0 0 0 12 171 566 255 17 3 0 119 584 295 24 2 0 0 0 
2 92 698 227 5 0 0 0 0 15 151 637 219 2 0 0 175 752 97 0 0 0 0 0 
79 532 374 39 0 0 0 0 0 105 521 348 50 0 0 0 240 704 80 0 0 0 0 0 
106 556 325 37 0 0 0 0 0 189 496 284 55 0 0 0 186 652 186 0 0 0 0 0 
168 548 255 52 1 0 0 0 0 316 390 245 72 1 0 0 230 668 123 3 0 0 0 0 
614 341 61 8 0 0 0 0 76 734 168 43 3 0 0 0 328 639 57 0 0 0 0 0 
289 564 160 11 0 0 0 0 58 459 380 125 2 0 0 0 194 654 162 14 0 0 0 0 
29 274 515 198 8 0 0 0 0 76 229 492 218 9 0 0 73 525 405 21 0 0 0 0 
27 178 335 427 54 3 0 0 0 57 172 337 406 49 3 0 166 448 356 53 1 0 0 0 
0 3 233 663 122 3 0 0 0 0 31 546 427 19 1 0 60 705 252 7 0 0 0 0 
0 31 521 429 40 3 0 0 0 1 62 627 315 18 1 0 111 773 137 3 0 0 0 0 
1 182 696 144 1 0 0 0 0 7 423 528 66 0 0 0 42 727 250 5 0 0 0 0 
0 241 715 68 0 0 0 0 0 22 560 428 14 0 0 0 85 848 91 0 0 0 0 0 
1 344 610 62 7 0 0 0 0 48 598 354 24 0 0 0 207 744 67 6 0 0 0 0 
0 474 509 36 3 2 0 0 0 37 831 146 6 2 2 0 477 516 27 2 2 0 0 0 
11 636 350 17 9 1 0 0 0 106 762 142 5 9 0 0 516 473 24 10 1 0 0 0 
1 688 300 32 3 0 0 0 0 117 808 93 5 1 0 0 567 426 28 3 0 0 0 0 
2 567 366 75 14 0 0 0 0 98 755 138 33 0 0 0 462 498 57 7 0 0 0 0 
3 421 441 127 29 3 0 0 0 72 652 233 57 8 2 0 454 485 69 14 2 0 0 0 
4 339 419 173 69 17 3 0 0 162 411 303 105 33 9 1 448 403 122 39 12 0 0 0 
0 183 487 261 71 14 5 0 0 30 414 411 135 21 8 1 330 497 160 26 8 1 0 0 
24 417 381 163 39 0 0 0 0 154 516 259 77 18 0 0 365 447 176 36 0 0 0 0 
0 192 549 241 34 8 0 0 0 37 420 435 115 15 2 0 169 645 177 25 8 0 0 0 
0 103 456 371 93 1 0 0 0 1 265 506 230 22 0 0 61 596 314 53 0 0 0 0 
2 201 397 369 55 0 0 0 0 39 279 457 233 16 0 0 198 484 326 16 0 0 0 0 
75 345 410 168 24 2 0 0 0 187 372 381 77 7 0 0 294 537 175 18 0 0 0 0 
156 403 349 109 7 0 0 0 2 263 423 295 40 1 0 0 434 463 116 10 1 0 0 0 
66 577 346 35 0 0 0 0 1 109 578 305 31 0 0 0 343 633 48 0 0 0 0 0 
144 535 299 42 4 0 0 0 1 233 529 240 20 1 0 0 467 484 67 6 0 0 0 0 
45 378 439 136 26 0 0 0 6 222 519 224 51 2 0 0 258 538 189 39 0 0 0 0 
2 308 510 171 31 2 0 0 0 30 452 445 91 4 2 0 346 505 139 31 2 1 0 0 
48 300 484 192 0 0 0 0 0 108 284 549 83 0 0 0 168 699 157 0 0 0 0 0 
68 418 357 180 1 0 0 0 1 123 407 353 140 0 0 0 148 617 255 4 0 0 0 0 
179 480 274 82 9 0 0 0 2 315 376 260 64 7 0 0 243 639 118 19 5 0 0 0 
133 254 458 174 5 0 0 0 6 185 253 431 144 5 0 0 124 432 423 43 2 0 0 0 
60 235 507 212 10 0 0 0 0 99 269 435 212 9 0 0 124 521 371 8 0 0 0 0 
35 278 514 185 12 0 0 0 0 35 253 521 200 15 0 0 125 573 310 16 0 0 0 0 
15 133 581 288 7 0 0 0 0 25 201 615 181 2 0 0 202 612 203 7 0 0 0 0 
0 99 733 188 4 0 0 0 0 0 422 533 69 0 0 0 265 722 37 0 0 0 0 0 
0 172 778 74 0 0 0 0 0 2 547 456 19 0 0 0 325 653 46 0 0 0 0 0 
6 667 341 10 0 0 0 0 0 168 735 120 1 0 0 0 457 541 26 0 0 0 0 0 
2 331 596 95 0 0 0 0 0 109 481 427 7 0 0 0 357 636 31 0 0 0 0 0 
12 657 341 14 0 0 0 0 0 146 777 100 1 0 0 0 481 534 9 0 0 0 0 0 
2 378 440 138 44 18 4 0 0 38 513 341 87 32 13 0 330 529 106 43 13 3 0 0 
2 419 471 110 20 2 0 0 0 65 645 246 61 7 0 0 410 490 103 20 1 0 0 0 
19 778 154 54 12 7 0 0 0 363 537 85 28 9 2 0 624 320 60 13 7 0 0 0 
32 602 305 49 30 5 1 0 0 297 578 104 35 9 1 0 469 426 107 19 3 0 0 0 
30 495 398 90 10 1 0 0 0 205 588 204 24 3 0 0 543 411 62 8 0 0 0 0 
16 638 299 62 9 0 0 0 0 289 562 148 24 1 0 0 598 370 51 5 0 0 0 0 
48 560 340 74 1 0 0 0 0 337 533 133 18 0 0 0 468 464 80 11 0 0 0 0 
72 413 495 43 1 0 0 0 0 144 553 313 14 0 0 0 455 541 27 1 0 0 0 0 
15 218 557 202 30 2 0 0 2 76 389 458 88 11 0 0 236 619 161 8 0 0 0 0 
3 166 625 197 30 3 0 0 0 16 309 562 122 13 2 0 215 625 159 23 2 0 0 0 
0 58 408 398 143 14 3 0 0 1 220 420 321 52 10 0 162 519 297 38 8 0 0 0 
3 181 513 258 68 1 0 0 0 25 299 455 218 26 1 0 270 550 192 12 0 0 0 0 
196 437 252 118 21 0 0 0 3 401 298 242 67 13 0 0 651 329 40 4 0 0 0 0 
208 525 260 31 0 0 0 0 14 353 452 195 10 0 0 0 657 336 30 1 0 0 0 0 
132 567 276 47 2 0 0 0 3 279 573 152 16 1 0 0 475 461 86 2 0 0 0 0 
207 511 246 54 6 0 0 0 30 464 397 118 15 0 0 0 531 402 83 8 0 0 0 0 
2 271 590 137 24 0 0 0 0 35 647 290 49 3 0 0 291 571 139 23 0 0 0 0 
0 162 708 146 8 0 0 0 0 2 239 649 134 0 0 0 33 734 248 9 0 0 0 0 
2 202 607 201 12 0 0 0 0 6 229 553 236 0 0 0 62 495 452 15 0 0 0 0 
12 286 543 180 3 0 0 0 0 24 411 488 101 0 0 0 77 608 332 7 0 0 0 0 
5 128 444 397 48 2 0 0 0 32 239 406 306 41 0 0 78 442 433 69 2 0 0 0 
12 206 526 271 9 0 0 0 0 40 394 383 204 3 0 0 99 553 363 9 0 0 0 0 
26 306 553 132 7 0 0 0 0 155 422 415 29 3 0 0 133 615 271 5 0 0 0 0 
3 295 594 126 6 0 0 0 0 15 392 516 97 4 0 0 267 624 131 2 0 0 0 0 
3 322 534 159 6 0 0 0 0 17 462 466 77 2 0 0 337 607 77 3 0 0 0 0 
3 288 534 199 0 0 0 0 0 43 516 423 42 0 0 0 366 643 15 0 0 0 0 0 
4 461 536 23 0 0 0 0 0 61 720 240 3 0 0 0 466 553 5 0 0 0 0 0 
111 792 115 6 0 0 0 0 0 544 447 33 0 0 0 0 822 198 4 0 0 0 0 0 
145 776 72 14 13 4 0 0 0 491 487 18 21 6 1 0 729 262 27 6 0 0 0 0 
16 258 439 246 62 2 1 0 0 73 420 383 134 12 2 0 282 530 189 19 4 0 0 0 
21 507 419 75 2 0 0 0 0 158 589 258 19 0 0 0 446 512 65 1 0 0 0 0 
84 761 140 24 15 0 0 0 0 456 506 42 15 5 0 0 648 333 38 5 0 0 0 0 
68 411 248 231 63 3 0 0 1 252 340 234 181 16 0 0 480 396 136 12 0 0 0 0 
13 222 208 379 185 17 0 0 0 119 229 261 324 86 5 0 339 444 204 37 0 0 0 0 
142 575 162 77 53 15 0 0 3 547 296 90 60 25 3 0 705 238 65 16 0 0 0 0 
48 420 359 152 39 4 0 0 0 292 299 304 112 14 1 0 580 325 96 18 2 0 0 0 
0 208 679 127 10 0 0 0 0 27 480 458 58 1 0 0 285 674 63 2 0 0 0 0 
67 248 381 236 89 3 0 0 38 80 361 244 217 80 4 0 386 460 162 14 2 0 0 0 
5 497 463 59 0 0 0 0 0 49 672 278 25 0 0 0 561 422 41 0 0 0 0 0 
3 342 449 196 32 2 0 0 0 19 421 404 161 19 0 0 489 458 74 3 0 0 0 0 
3 432 417 165 7 0 0 0 0 11 451 416 142 4 0 0 630 349 43 2 0 0 0 0 
56 441 418 105 4 0 0 0 0 118 434 375 93 4 0 0 597 378 48 1 0 0 0 0 
281 410 171 121 34 7 0 0 54 363 322 139 113 28 5 0 669 257 86 11 1 0 0 0 
109 636 256 22 1 0 0 0 4 347 553 117 3 0 0 0 461 487 75 1 0 0 0 0 
124 541 280 77 2 0 0 0 1 350 498 152 23 0 0 0 490 471 61 2 0 0 0 0 
0 128 342 517 37 0 0 0 0 6 241 330 441 6 0 0 163 450 404 7 0 0 0 0 
0 6 76 691 169 43 28 11 0 0 9 130 720 112 33 20 7 184 625 132 36 26 10 4 
0 2 94 450 328 99 44 7 0 0 2 166 489 289 57 21 1 117 560 190 94 47 15 0 
0 28 292 601 50 26 16 11 0 3 72 418 469 33 15 14 7 279 534 132 31 26 7 8 
262 200 276 161 63 20 14 28 280 214 168 229 72 25 12 24 357 327 199 66 24 21 20 10 
111 217 401 188 36 29 15 27 124 185 383 233 47 16 20 16 209 455 226 44 40 17 25 8 
3 162 437 343 52 11 12 4 0 46 333 456 163 13 12 1 146 436 347 60 15 10 10 0 
16 359 450 185 14 0 0 0 0 37 377 435 163 12 0 0 512 397 110 5 0 0 0 0 
22 225 569 196 12 0 0 0 0 27 263 580 145 9 0 0 296 582 138 8 0 0 0 0 
4 320 581 119 0 0 0 0 0 20 507 483 14 0 0 0 270 715 39 0 0 0 0 0 
7 697 316 4 0 0 0 0 0 89 769 164 2 0 0 0 254 722 48 0 0 0 0 0 
294 695 35 0 0 0 0 0 0 731 291 2 0 0 0 0 713 304 7 0 0 0 0 0 
285 376 176 155 32 0 0 0 2 528 219 155 114 6 0 0 572 333 112 7 0 0 0 0 
4 319 468 174 50 8 1 0 0 85 488 325 100 24 2 0 426 476 96 23 3 0 0 0 
110 635 160 60 45 7 6 1 1 583 280 93 49 10 6 2 622 259 60 45 27 8 2 1 
86 602 221 73 37 5 0 0 0 411 417 122 53 21 0 0 626 323 66 9 0 0 0 0 
0 85 160 406 342 31 0 0 0 48 117 259 476 124 0 0 207 526 268 23 0 0 0 0 
0 5 165 504 293 51 6 0 0 9 61 426 452 72 4 0 120 496 349 54 4 1 0 0 
23 117 162 351 331 39 1 0 1 72 151 256 445 96 3 0 244 381 332 65 2 0 0 0 
0 103 416 439 64 1 0 0 0 8 232 469 296 16 0 0 338 561 120 2 0 0 0 0 
0 134 519 353 18 0 0 0 0 28 296 520 180 0 0 0 213 665 141 5 0 0 0 0 
0 89 641 285 9 0 0 0 0 5 161 607 242 9 0 0 272 670 79 3 0 0 0 0 
0 177 555 267 24 1 0 0 0 21 224 536 218 25 0 0 374 515 126 9 0 0 0 0 
32 508 429 54 1 0 0 0 0 90 602 290 42 0 0 0 633 340 51 0 0 0 0 0 
1 469 459 91 4 0 0 0 0 20 573 362 67 2 0 0 557 428 39 0 0 0 0 0 
55 206 380 356 27 0 0 0 0 56 210 401 334 23 0 0 392 556 73 3 0 0 0 0 
44 336 416 193 33 2 0 0 2 78 364 406 151 23 0 0 410 444 159 11 0 0 0 0 
355 554 104 9 2 0 0 0 23 613 351 27 8 2 0 0 758 256 8 2 0 0 0 0 
47 244 305 303 102 15 7 1 1 113 311 346 218 23 10 2 296 450 216 39 13 9 1 0 
3 349 286 257 97 22 5 5 0 26 477 185 280 38 11 7 241 413 275 60 21 9 4 1 
0 0 72 356 332 151 69 44 0 0 49 211 444 197 78 45 0 52 400 268 145 98 44 17 
0 10 111 353 269 108 87 86 0 10 73 258 374 139 80 90 1 71 356 258 125 100 65 48 
0 7 132 444 185 110 70 76 0 15 68 310 381 101 78 71 0 92 411 215 128 72 64 42 
28 59 143 410 203 110 53 18 19 62 118 327 323 115 48 12 53 99 419 219 132 72 26 4 
37 66 153 328 321 72 29 18 11 56 103 228 399 168 39 20 64 158 400 260 87 32 17 6 
0 296 399 259 66 2 1 1 0 20 387 372 206 37 0 2 237 470 264 47 4 1 1 0 
19 451 450 101 3 0 0 0 0 57 491 398 76 2 0 0 480 486 54 4 0 0 0 0 
65 319 537 101 2 0 0 0 0 81 354 503 85 1 0 0 246 687 90 1 0 0 0 0 
109 657 238 20 0 0 0 0 0 188 668 156 12 0 0 0 399 547 75 3 0 0 0 0 
246 666 107 5 0 0 0 0 1 426 551 44 2 0 0 0 387 602 35 0 0 0 0 0 
97 667 194 66 0 0 0 0 0 333 510 152 29 0 0 0 454 506 64 0 0 0 0 0 
104 103 336 458 23 0 0 0 0 153 103 523 244 1 0 0 266 632 123 3 0 0 0 0 
3 13 490 492 26 0 0 0 0 5 92 725 197 5 0 0 149 748 123 4 0 0 0 0 
45 171 329 425 44 7 3 0 6 140 168 482 206 19 3 0 262 539 173 23 21 5 1 0 
62 240 107 249 305 54 7 0 1 217 140 164 370 121 11 0 295 291 333 69 18 13 5 0 
0 11 79 509 400 25 0 0 0 8 55 400 517 44 0 0 26 283 605 107 3 0 0 0 
0 5 57 488 446 26 2 0 0 0 24 240 688 70 2 0 60 444 467 53 0 0 0 0 
0 0 7 528 465 23 1 0 0 0 1 227 701 90 5 0 19 478 456 65 6 0 0 0 
0 0 40 522 443 14 2 0 0 0 2 194 708 112 4 1 45 541 400 34 1 1 0 0 
25 331 535 125 8 0 0 0 0 48 394 505 75 2 0 0 443 543 37 1 0 0 0 0 
1 611 410 2 0 0 0 0 0 24 781 219 0 0 0 0 631 376 17 0 0 0 0 0 
3 342 473 201 5 0 0 0 0 33 379 437 172 3 0 0 402 582 40 0 0 0 0 0 
42 368 487 114 13 0 0 0 5 65 438 399 110 7 0 0 533 408 82 1 0 0 0 0 
17 378 473 156 0 0 0 0 0 51 462 430 81 0 0 0 430 540 54 0 0 0 0 0 
43 522 362 87 10 0 0 0 0 154 513 279 67 11 0 0 608 375 40 1 0 0 0 0 
53 497 433 38 3 0 0 0 0 66 497 422 36 3 0 0 519 471 31 3 0 0 0 0 
162 541 206 96 19 0 0 0 0 322 442 157 85 18 0 0 663 300 52 9 0 0 0 0 
1 52 321 519 130 1 0 0 0 10 88 243 525 156 2 0 165 614 237 8 0 0 0 0 
4 246 342 302 117 11 2 0 0 25 325 286 305 72 11 0 254 458 243 61 7 1 0 0 
0 0 24 292 603 72 24 9 0 0 6 69 802 112 26 9 0 36 634 248 67 24 15 0 
0 0 0 311 539 96 45 33 0 0 3 47 797 100 46 31 0 0 661 180 71 64 33 15 
0 0 3 631 261 66 42 21 0 0 4 207 679 71 42 21 0 1 700 176 73 43 25 6 
0 0 314 451 175 67 17 0 0 0 331 326 279 76 12 0 0 168 568 171 87 28 2 0 
0 19 251 466 181 47 33 27 0 4 139 417 349 59 32 24 3 198 532 156 58 33 27 17 
4 280 537 152 33 10 4 4 0 42 489 383 89 13 4 4 194 583 183 35 18 6 4 1 
118 603 238 65 0 0 0 0 1 353 432 192 46 0 0 0 651 332 41 0 0 0 0 0 
255 513 247 9 0 0 0 0 15 343 496 167 3 0 0 0 514 488 22 0 0 0 0 0 
292 592 123 16 1 0 0 0 9 536 385 84 9 1 0 0 511 453 56 4 0 0 0 0 
108 485 220 176 35 0 0 0 4 285 397 176 158 4 0 0 417 442 159 6 0 0 0 0 
5 56 409 500 54 0 0 0 0 14 127 555 322 6 0 0 140 694 185 5 0 0 0 0 
0 6 374 597 47 0 0 0 0 0 57 561 391 15 0 0 182 717 125 0 0 0 0 0 
0 2 380 594 48 0 0 0 0 0 20 679 314 11 0 0 152 752 118 2 0 0 0 0 
0 4 323 643 54 0 0 0 0 0 29 655 330 10 0 0 141 803 80 0 0 0 0 0 
0 0 44 772 202 5 1 0 0 0 0 202 777 42 3 0 148 718 152 6 0 0 0 0 
0 4 148 661 197 14 0 0 0 0 50 529 404 41 0 0 118 467 326 107 6 0 0 0 
0 0 33 780 208 3 0 0 0 0 4 257 724 39 0 0 33 714 272 5 0 0 0 0 
0 0 39 506 375 75 18 11 0 0 9 260 563 134 39 19 31 440 422 91 23 13 4 0 
0 0 29 516 314 97 49 17 0 0 0 215 552 144 74 37 26 388 373 120 75 36 2 0 
88 711 223 2 0 0 0 0 0 256 613 155 0 0 0 0 648 374 2 0 0 0 0 0 
11 846 167 0 0 0 0 0 0 84 873 67 0 0 0 0 700 319 5 0 0 0 0 0 
0 280 514 219 11 0 0 0 0 7 451 414 150 2 0 0 334 543 142 5 0 0 0 0 
0 110 418 362 114 18 2 0 0 5 173 488 283 64 10 1 263 521 191 47 2 0 0 0 
0 284 500 214 25 1 0 0 0 16 442 403 153 10 0 0 291 567 152 14 0 0 0 0 
10 147 526 302 38 1 0 0 0 14 193 484 280 52 1 0 345 499 156 24 0 0 0 0 
8 104 364 482 62 4 0 0 0 6 103 311 511 88 5 0 190 542 266 24 2 0 0 0 
12 139 558 298 16 1 0 0 0 12 99 468 409 35 1 0 274 599 147 3 1 0 0 0 
26 190 475 281 50 2 0 0 0 23 177 424 332 67 1 0 273 549 176 25 1 0 0 0 
122 445 335 101 20 1 0 0 0 221 441 267 82 13 0 0 497 416 97 14 0 0 0 0 
30 262 306 335 89 2 0 0 0 88 324 344 253 15 0 0 202 430 352 39 1 0 0 0 
0 19 102 813 86 4 0 0 0 0 40 432 533 18 1 0 35 149 804 36 0 0 0 0 
0 38 292 656 38 0 0 0 0 0 125 735 149 15 0 0 54 215 744 11 0 0 0 0 
0 0 549 475 0 0 0 0 0 0 865 159 0 0 0 0 0 37 987 0 0 0 0 0 
0 9 302 694 12 6 1 0 0 11 320 677 10 5 1 0 0 97 886 32 6 2 1 0 
0 154 752 118 0 0 0 0 0 123 701 200 0 0 0 0 25 595 403 1 0 0 0 0 
162 503 359 0 0 0 0 0 55 497 467 5 0 0 0 0 321 685 18 0 0 0 0 0 
477 325 222 0 0 0 0 0 281 459 283 1 0 0 0 0 589 434 1 0 0 0 0 0 
333 462 213 14 2 0 0 0 4 621 358 36 5 0 0 0 433 553 37 1 0 0 0 0 
125 153 255 463 28 0 0 0 12 172 135 444 261 0 0 0 262 657 105 0 0 0 0 0 
0 7 672 337 8 0 0 0 0 0 166 707 151 0 0 0 109 845 70 0 0 0 0 0 
0 75 772 171 6 0 0 0 0 0 319 642 62 1 0 0 400 592 31 1 0 0 0 0 
0 26 784 212 2 0 0 0 0 0 173 807 44 0 0 0 255 739 30 0 0 0 0 0 
0 200 583 237 4 0 0 0 0 12 452 434 124 2 0 0 425 578 21 0 0 0 0 0 
0 50 437 483 53 1 0 0 0 1 186 509 299 29 0 0 318 637 64 5 0 0 0 0 
0 3 125 733 161 2 0 0 0 1 22 444 518 39 0 0 98 707 216 3 0 0 0 0 
0 0 28 633 353 10 0 0 0 0 0 154 743 127 0 0 77 666 274 7 0 0 0 0 
0 0 28 507 422 51 15 1 0 0 2 190 606 185 32 9 14 394 505 90 18 3 0 0 
0 0 5 500 336 141 40 0 0 0 0 66 599 258 84 14 2 394 397 176 50 2 0 0 
208 789 27 0 0 0 0 0 0 560 458 6 0 0 0 0 858 162 4 0 0 0 0 0 
153 725 145 1 0 0 0 0 0 266 675 83 0 0 0 0 694 324 6 0 0 0 0 0 
7 569 413 30 5 0 0 0 0 74 662 274 14 0 0 0 553 434 37 0 0 0 0 0 
19 162 584 244 15 0 0 0 0 72 332 540 78 2 0 0 271 612 137 4 0 0 0 0 
8 136 499 356 25 0 0 0 0 47 287 544 142 4 0 0 173 646 193 12 0 0 0 0 
2 109 573 327 13 0 0 0 0 3 156 538 316 11 0 0 157 626 230 11 0 0 0 0 
44 291 406 257 26 0 0 0 1 51 256 388 297 31 0 0 329 514 168 13 0 0 0 0 
30 438 348 181 27 0 0 0 0 26 395 376 189 38 0 0 419 393 201 11 0 0 0 0 
33 222 539 209 21 0 0 0 0 39 190 511 251 32 1 0 179 471 301 72 1 0 0 0 
295 355 269 88 14 3 0 0 69 367 399 146 37 6 0 0 580 328 102 12 2 0 0 0 
173 355 330 150 16 0 0 0 15 389 302 244 74 0 0 0 489 380 146 9 0 0 0 0 
55 243 491 216 19 0 0 0 1 81 270 495 170 7 0 0 217 576 221 10 0 0 0 0 
96 198 391 283 36 20 0 0 0 144 254 410 183 32 1 0 234 378 314 61 32 5 0 0 
0 0 232 519 187 70 16 0 0 0 137 556 216 90 21 4 0 17 509 265 149 69 15 0 
0 0 4 992 25 3 0 0 0 0 0 972 44 8 0 0 0 10 935 65 14 0 0 0 
0 0 306 712 6 0 0 0 0 0 92 924 8 0 0 0 0 172 845 7 0 0 0 0 
0 0 978 46 0 0 0 0 0 0 855 169 0 0 0 0 0 864 160 0 0 0 0 0 
0 38 984 2 0 0 0 0 0 25 785 214 0 0 0 0 0 956 68 0 0 0 0 0 
2 277 741 4 0 0 0 0 0 111 679 234 0 0 0 0 83 898 43 0 0 0 0 0 
1 152 781 90 0 0 0 0 0 17 469 536 2 0 0 0 201 780 43 0 0 0 0 0 
0 139 785 99 1 0 0 0 0 0 464 550 10 0 0 0 328 671 25 0 0 0 0 0 
0 321 675 28 0 0 0 0 0 33 702 288 1 0 0 0 397 615 12 0 0 0 0 0 
3 250 716 55 0 0 0 0 0 48 621 352 3 0 0 0 542 478 4 0 0 0 0 0 
0 596 378 45 5 0 0 0 0 107 703 187 26 1 0 0 604 388 32 0 0 0 0 0 
0 54 298 512 157 3 0 0 0 2 131 344 498 48 1 0 268 666 89 1 0 0 0 0 
0 3 125 657 229 10 0 0 0 0 8 243 644 128 1 0 267 650 106 1 0 0 0 0 
0 0 51 624 273 51 21 4 0 0 0 116 688 162 44 14 133 652 157 47 28 6 1 0 
0 0 69 824 130 1 0 0 0 0 0 381 619 23 1 0 154 683 173 14 0 0 0 0 
0 0 46 765 184 20 5 1 0 0 0 248 650 110 11 2 26 705 247 36 5 2 0 0 
444 572 8 0 0 0 0 0 1 829 188 6 0 0 0 0 903 116 5 0 0 0 0 0 
344 659 21 0 0 0 0 0 4 517 497 6 0 0 0 0 958 66 0 0 0 0 0 0 
359 618 47 0 0 0 0 0 32 733 256 3 0 0 0 0 897 127 0 0 0 0 0 0 
61 535 326 101 1 0 0 0 0 260 501 239 24 0 0 0 498 451 74 1 0 0 0 0 
0 57 444 428 88 7 0 0 0 23 277 513 198 13 0 0 158 588 256 22 0 0 0 0 
46 195 565 207 11 0 0 0 0 96 361 477 90 0 0 0 355 583 84 2 0 0 0 0 
109 307 448 149 11 0 0 0 1 136 281 420 165 19 2 0 337 493 188 6 0 0 0 0 
137 511 286 63 18 9 0 0 0 216 447 278 56 18 9 0 398 452 127 31 10 6 0 0 
28 372 508 109 7 0 0 0 0 49 356 492 120 7 0 0 236 540 205 42 1 0 0 0 
219 422 288 85 10 0 0 0 27 312 342 261 70 12 0 0 488 436 87 13 0 0 0 0 
137 416 316 135 20 0 0 0 48 293 393 240 50 0 0 0 442 425 143 14 0 0 0 0 
96 471 424 31 2 0 0 0 8 177 509 314 15 1 0 0 332 609 77 5 1 0 0 0 
147 624 173 32 25 15 8 0 4 339 508 109 31 20 10 3 424 452 83 22 19 15 5 4 
0 8 73 114 171 214 421 23 0 0 38 98 183 191 463 51 0 31 65 83 143 138 197 367 
0 0 3 241 212 248 314 6 0 0 0 175 219 222 392 16 0 0 72 172 147 164 234 235 
0 0 52 633 165 156 18 0 0 0 1 605 189 163 66 0 0 8 520 174 113 121 86 2 
0 0 250 774 0 0 0 0 0 0 2 1022 0 0 0 0 0 290 734 0 0 0 0 0 
0 0 817 207 0 0 0 0 0 0 475 549 0 0 0 0 0 615 409 0 0 0 0 0 
0 0 1020 4 0 0 0 0 0 0 904 120 0 0 0 0 0 969 55 0 0 0 0 0 
0 4 993 27 0 0 0 0 0 0 931 93 0 0 0 0 0 964 60 0 0 0 0 0 
0 263 717 44 0 0 0 0 0 20 720 280 4 0 0 0 304 703 17 0 0 0 0 0 
10 452 550 12 0 0 0 0 1 90 768 164 1 0 0 0 291 675 58 0 0 0 0 0 
99 693 225 7 0 0 0 0 0 326 597 101 0 0 0 0 205 787 32 0 0 0 0 0 
7 370 298 278 67 4 0 0 2 75 422 306 203 16 0 0 322 510 175 17 0 0 0 0 
0 54 346 566 58 0 0 0 0 8 168 515 328 5 0 0 176 617 220 11 0 0 0 0 
0 12 295 611 104 2 0 0 0 2 99 555 352 16 0 0 225 572 209 18 0 0 0 0 
0 0 251 743 30 0 0 0 0 0 12 514 494 4 0 0 209 738 77 0 0 0 0 0 
0 1 339 585 88 10 1 0 0 0 15 587 366 50 5 1 265 600 137 19 3 0 0 0 
0 0 192 565 213 45 7 0 0 0 4 354 496 136 26 5 59 551 314 84 11 2 0 0 
475 415 117 17 0 0 0 0 45 564 292 111 12 0 0 0 728 215 77 4 0 0 0 0 
628 358 36 2 0 0 0 0 27 693 281 23 0 0 0 0 896 120 8 0 0 0 0 0 
382 609 33 0 0 0 0 0 45 715 250 14 0 0 0 0 712 303 9 0 0 0 0 0 
153 582 283 6 0 0 0 0 69 284 537 133 1 0 0 0 518 487 19 0 0 0 0 0 
44 426 434 96 23 1 0 0 0 130 637 205 51 1 0 0 452 465 100 7 0 0 0 0 
17 580 362 65 0 0 0 0 0 228 623 172 1 0 0 0 497 478 49 0 0 0 0 0 
4 328 495 175 22 0 0 0 0 20 469 453 79 3 0 0 208 654 153 9 0 0 0 0 
266 398 300 53 7 0 0 0 42 330 389 237 24 2 0 0 472 440 101 10 1 0 0 0 
86 571 238 98 26 5 0 0 0 107 583 208 94 26 5 1 487 388 114 29 4 2 0 0 
19 481 466 58 0 0 0 0 0 42 445 466 71 0 0 0 328 585 102 9 0 0 0 0 
255 316 260 162 25 3 2 1 84 337 255 212 122 11 2 1 507 330 159 22 4 1 1 0 
31 404 399 102 48 20 13 7 0 131 446 318 76 24 18 11 181 495 202 57 45 21 13 10 
79 392 211 99 102 86 41 14 4 284 295 157 85 107 67 25 220 318 163 100 104 54 39 26 
0 0 4 29 46 181 756 8 0 0 0 14 45 86 838 41 0 0 4 30 49 70 182 689 
0 0 0 0 0 114 910 0 0 0 0 0 0 25 990 9 0 0 0 0 0 0 219 805 
0 0 0 46 91 503 384 0 0 0 0 27 74 255 665 3 0 0 5 47 47 111 565 249 
0 0 0 410 297 293 24 0 0 0 0 366 252 328 78 0 0 0 318 119 202 224 156 5 
0 0 237 746 39 2 0 0 0 0 27 927 64 6 0 0 0 57 873 74 20 0 0 0 
0 0 811 213 0 0 0 0 0 0 473 551 0 0 0 0 0 349 675 0 0 0 0 0 
0 0 1010 14 0 0 0 0 0 0 923 101 0 0 0 0 0 893 131 0 0 0 0 0 
0 60 917 47 0 0 0 0 0 18 743 262 1 0 0 0 69 902 52 1 0 0 0 0 
0 82 887 55 0 0 0 0 0 8 867 149 0 0 0 0 40 810 174 0 0 0 0 0 
53 209 504 211 46 1 0 0 7 179 483 252 90 12 1 0 194 637 184 8 1 0 0 0 
0 78 669 252 24 1 0 0 0 12 531 378 97 6 0 0 109 729 180 6 0 0 0 0 
2 70 617 309 21 4 1 0 0 41 424 457 95 7 0 0 156 664 190 12 2 0 0 0 
0 30 363 577 54 0 0 0 0 4 187 539 283 11 0 0 146 718 158 2 0 0 0 0 
0 7 395 588 34 0 0 0 0 0 42 644 332 6 0 0 336 627 61 0 0 0 0 0 
0 2 233 480 254 50 5 0 0 0 18 442 365 175 24 0 116 577 274 51 6 0 0 0 
0 0 97 568 288 69 0 0 0 0 4 212 600 180 26 0 55 426 453 84 4 0 0 0 
147 675 182 20 0 0 0 0 1 350 524 133 16 0 0 0 503 460 61 0 0 0 0 0 
178 719 111 16 0 0 0 0 9 309 628 67 11 0 0 0 601 393 26 4 0 0 0 0 
93 519 372 40 0 0 0 0 1 259 523 235 6 0 0 0 324 587 107 6 0 0 0 0 
112 510 368 34 0 0 0 0 1 282 518 217 6 0 0 0 411 541 72 0 0 0 0 0 
285 601 134 4 0 0 0 0 42 554 387 41 0 0 0 0 650 356 18 0 0 0 0 0 
133 612 253 22 4 0 0 0 26 318 575 98 7 0 0 0 528 436 49 11 0 0 0 0 
27 393 464 137 3 0 0 0 0 109 509 363 43 0 0 0 429 497 93 5 0 0 0 0 
170 506 290 54 4 0 0 0 37 259 506 194 28 0 0 0 566 398 57 3 0 0 0 0 
148 542 278 53 3 0 0 0 0 252 475 242 50 5 0 0 484 462 77 1 0 0 0 0 
31 691 274 24 0 3 1 0 0 125 662 217 16 2 1 1 535 435 50 1 2 1 0 0 
2 336 527 114 32 11 2 0 0 57 382 446 99 31 7 2 197 580 179 48 17 3 0 0 
10 204 317 304 140 39 8 2 1 57 284 313 241 104 21 3 47 297 374 195 83 17 9 2 
3 109 176 214 198 93 201 30 0 26 181 144 240 156 190 87 14 149 201 239 96 80 75 170 
0 0 0 0 3 6 1015 0 0 0 0 0 0 6 1005 13 0 0 0 0 0 5 21 998 
0 0 0 0 0 6 1018 0 0 0 0 0 0 0 1019 5 0 0 0 0 0 0 29 995 
0 0 0 0 0 136 888 0 0 0 0 0 0 28 995 1 0 0 0 0 0 3 331 690 
0 0 0 1 93 685 245 0 0 0 0 1 43 518 462 0 0 0 0 0 24 366 590 44 
0 0 1 195 501 320 7 0 0 0 0 152 445 398 29 0 0 0 107 151 425 300 41 0 
0 0 17 959 48 0 0 0 0 0 0 942 82 0 0 0 0 8 871 137 8 0 0 0 
0 0 327 697 0 0 0 0 0 0 105 919 0 0 0 0 0 155 869 0 0 0 0 0 
0 0 589 435 0 0 0 0 0 0 421 603 0 0 0 0 0 557 467 0 0 0 0 0 
0 12 818 194 0 0 0 0 0 0 776 248 0 0 0 0 4 772 248 0 0 0 0 0 
0 21 470 268 167 78 19 1 0 2 390 213 240 134 39 6 92 581 219 104 28 0 0 0 
0 137 431 361 86 9 0 0 0 53 387 413 155 16 0 0 102 631 255 35 1 0 0 0 
0 115 627 197 69 14 2 0 0 38 646 219 98 21 2 0 189 650 154 28 3 0 0 0 
0 9 212 376 316 96 15 0 0 0 106 354 286 220 52 6 80 545 286 97 16 0 0 0 
0 4 276 375 269 82 18 0 0 1 108 418 276 174 41 6 126 489 325 67 16 1 0 0 
0 0 27 401 535 60 1 0 0 0 1 99 616 292 16 0 22 433 510 59 0 0 0 0 
0 0 61 634 302 26 0 0 0 0 4 184 688 145 1 0 33 609 341 39 0 0 0 0 
765 256 3 0 0 0 0 0 336 617 71 0 0 0 0 0 881 143 0 0 0 0 0 0 
436 534 52 2 0 0 0 0 95 644 266 19 0 0 0 0 710 302 12 0 0 0 0 0 
434 546 44 0 0 0 0 0 107 526 363 28 0 0 0 0 742 279 3 0 0 0 0 0 
249 535 224 16 0 0 0 0 32 450 441 101 0 0 0 0 553 436 35 0 0 0 0 0 
142 571 242 63 6 0 0 0 17 290 545 153 18 1 0 0 457 482 81 4 0 0 0 0 
290 531 161 39 3 0 0 0 109 432 376 103 4 0 0 0 575 386 60 3 0 0 0 0 
94 444 359 114 11 2 0 0 0 221 481 279 41 2 0 0 316 502 185 19 2 0 0 0 
122 615 264 23 0 0 0 0 1 436 508 78 1 0 0 0 595 393 36 0 0 0 0 0 
38 491 415 80 0 0 0 0 3 123 558 294 46 0 0 0 341 597 86 0 0 0 0 0 
138 648 214 24 0 0 0 0 0 396 461 152 15 0 0 0 530 406 83 5 0 0 0 0 
1 441 410 88 47 26 10 1 0 57 579 261 72 36 15 4 131 547 197 60 39 31 15 4 
4 89 282 250 120 101 141 37 0 36 155 329 174 103 136 91 1 102 301 193 104 89 93 141 
4 68 170 193 143 109 276 61 1 27 123 178 175 135 235 150 4 59 175 163 119 109 105 290 
0 0 0 0 0 1 1021 2 0 0 0 0 0 0 952 72 0 0 0 0 0 0 1 1023 
0 0 0 0 0 0 1024 0 0 0 0 0 0 0 963 61 0 0 0 0 0 0 0 1024 
0 0 0 0 0 1 1023 0 0 0 0 0 0 0 1020 4 0 0 0 0 0 0 38 986 
0 0 0 0 14 395 615 0 0 0 0 0 7 207 809 1 0 0 0 0 7 130 647 240 
0 0 0 0 272 731 21 0 0 0 0 0 191 668 165 0 0 0 0 3 277 445 298 1 
0 0 0 530 490 4 0 0 0 0 0 357 662 5 0 0 0 0 227 670 127 0 0 0 
0 0 0 1024 0 0 0 0 0 0 0 1024 0 0 0 0 0 0 1024 0 0 0 0 0 
0 0 0 1021 3 0 0 0 0 0 0 1019 5 0 0 0 0 10 1011 3 0 0 0 0 
0 0 7 639 277 98 3 0 0 0 3 550 246 194 31 0 0 177 691 140 15 1 0 0 
0 0 10 303 517 173 21 0 0 0 0 62 442 427 92 1 31 440 429 110 14 0 0 0 
0 0 16 337 522 137 12 0 0 0 1 127 536 292 64 4 16 365 531 101 9 2 0 0 
0 0 16 265 526 187 28 2 0 0 3 100 399 433 80 9 6 287 503 196 29 3 0 0 
0 0 9 324 555 128 8 0 0 0 0 48 574 341 59 2 16 409 465 123 11 0 0 0 
0 0 3 466 489 62 4 0 0 0 1 26 656 318 23 0 46 674 249 50 5 0 0 0 
0 0 3 291 660 68 2 0 0 0 0 38 743 233 10 0 7 363 565 86 3 0 0 0 
0 0 27 632 325 37 0 0 0 0 0 129 766 122 5 0 53 587 365 17 0 0 0 0 
849 175 0 0 0 0 0 0 497 442 85 0 0 0 0 0 981 43 0 0 0 0 0 0 
1016 8 0 0 0 0 0 0 784 239 1 0 0 0 0 0 1024 0 0 0 0 0 0 0 
876 134 14 0 0 0 0 0 788 161 71 4 0 0 0 0 948 71 5 0 0 0 0 0 
618 324 82 0 0 0 0 0 360 469 164 31 0 0 0 0 823 176 25 0 0 0 0 0 
268 586 157 13 0 0 0 0 30 575 382 37 0 0 0 0 627 363 34 0 0 0 0 0 
301 530 184 9 0 0 0 0 31 591 257 135 10 0 0 0 704 309 11 0 0 0 0 0 
208 585 212 15 4 0 0 0 0 506 429 83 6 0 0 0 674 324 22 4 0 0 0 0 
263 689 72 0 0 0 0 0 26 711 275 12 0 0 0 0 681 324 19 0 0 0 0 0 
20 773 230 1 0 0 0 0 0 114 807 103 0 0 0 0 332 669 23 0 0 0 0 0 
52 519 389 61 3 0 0 0 0 159 573 255 37 0 0 0 322 605 81 16 0 0 0 0 
4 402 464 107 38 7 1 1 0 66 475 371 84 21 5 2 69 669 205 56 16 8 1 0 
5 158 301 177 123 93 101 66 0 34 260 275 132 116 96 111 25 183 209 149 110 109 80 159 
0 9 64 140 175 150 328 158 0 1 31 103 179 165 207 338 0 0 22 97 144 154 146 461 
0 0 0 0 0 0 938 86 0 0 0 0 0 0 39 985 0 0 0 0 0 0 0 1024 
0 0 0 0 0 0 736 288 0 0 0 0 0 0 91 933 0 0 0 0 0 0 0 1024 
0 0 0 0 0 0 906 118 0 0 0 0 0 0 314 710 0 0 0 0 0 0 0 1024 
0 0 0 0 0 90 868 66 0 0 0 0 0 18 838 168 0 0 0 0 0 0 338 686 
0 0 0 0 150 643 231 0 0 0 0 0 106 511 405 2 0 0 0 1 164 351 452 56 
0 0 0 270 753 1 0 0 0 0 0 151 871 2 0 0 0 0 75 797 152 0 0 0 
0 0 0 1024 0 0 0 0 0 0 0 1007 17 0 0 0 0 0 1024 0 0 0 0 0 
0 0 0 1024 0 0 0 0 0 0 0 1022 2 0 0 0 0 0 1024 0 0 0 0 0 
0 0 43 682 267 32 0 0 0 0 1 339 523 160 1 0 77 536 382 29 0 0 0 0 
0 0 17 543 437 27 0 0 0 0 0 157 678 188 1 0 40 616 359 9 0 0 0 0 
0 0 1 557 453 11 2 0 0 0 0 162 807 53 2 0 14 609 382 19 0 0 0 0 
0 0 5 573 419 26 1 0 0 0 0 118 772 124 10 0 20 677 292 33 2 0 0 0 
0 0 22 641 314 47 0 0 0 0 0 140 677 185 22 0 159 646 191 28 0 0 0 0 
0 0 4 437 513 57 13 0 0 0 0 37 712 241 26 8 18 581 361 52 12 0 0 0 
0 0 22 559 414 28 1 0 0 0 0 211 714 96 3 0 49 682 280 13 0 0 0 0 
0 0 17 693 311 1 0 0 0 0 0 280 676 66 0 0 34 693 276 18 0 0 0 0 
743 254 27 0 0 0 0 0 282 560 173 9 0 0 0 0 880 144 0 0 0 0 0 0 
1023 1 0 0 0 0 0 0 852 172 0 0 0 0 0 0 1024 0 0 0 0 0 0 0 
1024 0 0 0 0 0 0 0 936 88 0 0 0 0 0 0 1024 0 0 0 0 0 0 0 
956 52 15 1 0 0 0 0 904 101 17 2 0 0 0 0 973 47 4 0 0 0 0 0 
793 221 10 0 0 0 0 0 614 348 62 0 0 0 0 0 884 140 0 0 0 0 0 0 
342 588 88 6 0 0 0 0 53 483 427 58 3 0 0 0 753 252 19 0 0 0 0 0 
394 547 78 5 0 0 0 0 109 428 430 50 7 0 0 0 818 202 4 0 0 0 0 0 
534 416 74 0 0 0 0 0 209 619 177 19 0 0 0 0 721 261 42 0 0 0 0 0 
353 475 184 12 0 0 0 0 98 482 347 96 1 0 0 0 551 383 85 5 0 0 0 0 
62 701 231 30 0 0 0 0 0 497 370 136 20 1 0 0 300 624 94 6 0 0 0 0 
2 196 419 202 99 58 38 10 0 81 425 261 113 84 35 25 6 316 288 168 86 83 40 37 
0 65 386 295 123 69 44 42 0 7 236 417 179 75 53 57 0 82 402 226 124 70 56 64 
0 5 111 219 136 83 384 86 0 3 46 245 147 94 121 368 0 8 134 163 111 91 81 436 
0 0 0 0 0 0 288 736 0 0 0 0 0 0 0 1024 0 0 0 0 0 0 0 1024 
0 0 0 0 0 0 141 883 0 0 0 0 0 0 0 1024 0 0 0 0 0 0 0 1024 
0 0 0 0 0 0 214 810 0 0 0 0 0 0 3 1021 0 0 0 0 0 0 0 1024 
0 0 0 73 200 192 364 195 0 0 0 5 133 239 293 354 0 2 90 150 153 82 100 447 
0 0 0 53 285 389 275 22 0 0 0 2 174 485 303 60 0 30 90 170 256 174 179 125 
0 0 0 241 768 15 0 0 0 0 0 74 861 87 2 0 0 13 268 720 23 0 0 0 
0 0 0 979 45 0 0 0 0 0 0 860 164 0 0 0 0 0 1014 10 0 0 0 0 
0 0 0 916 107 1 0 0 0 0 0 896 120 8 0 0 0 28 994 2 0 0 0 0 
0 0 4 562 435 23 0 0 0 0 0 200 739 84 1 0 1 391 564 68 0 0 0 0 
0 0 48 688 270 18 0 0 0 0 0 305 674 45 0 0 76 657 254 35 2 0 0 0 
0 4 136 699 177 8 0 0 0 0 42 519 447 16 0 0 93 644 263 23 1 0 0 0 
0 1 302 605 112 4 0 0 0 0 24 559 425 16 0 0 353 555 111 5 0 0 0 0 
0 0 48 697 267 12 0 0 0 0 3 181 697 143 0 0 117 676 224 7 0 0 0 0 
0 0 54 615 354 1 0 0 0 0 2 170 764 88 0 0 151 723 150 0 0 0 0 0 
0 0 69 623 288 39 5 0 0 0 1 231 619 160 13 0 177 553 263 29 2 0 0 0 
0 0 88 747 176 11 0 0 0 0 13 352 578 78 1 0 141 688 180 14 0 0 0 0 
888 121 15 0 0 0 0 0 584 363 69 8 0 0 0 0 980 44 0 0 0 0 0 0 
1014 10 0 0 0 0 0 0 603 421 0 0 0 0 0 0 1015 9 0 0 0 0 0 0 
1024 0 0 0 0 0 0 0 825 199 0 0 0 0 0 0 1024 0 0 0 0 0 0 0 
1024 0 0 0 0 0 0 0 952 72 0 0 0 0 0 0 1024 0 0 0 0 0 0 0 
1002 18 4 0 0 0 0 0 800 217 5 2 0 0 0 0 1013 9 2 0 0 0 0 0 
530 461 33 0 0 0 0 0 87 659 259 19 0 0 0 0 886 124 14 0 0 0 0 0 
371 555 87 11 0 0 0 0 40 582 335 62 5 0 0 0 746 230 45 3 0 0 0 0 
175 824 25 0 0 0 0 0 21 946 57 0 0 0 0 0 608 414 2 0 0 0 0 0 
66 874 84 0 0 0 0 0 30 759 235 0 0 0 0 0 353 670 1 0 0 0 0 0 
28 614 375 7 0 0 0 0 0 409 587 28 0 0 0 0 196 728 100 0 0 0 0 0 
0 210 661 130 17 4 2 0 0 123 696 171 28 4 2 0 2 446 454 86 26 6 4 0 
0 8 302 355 256 70 30 3 0 1 255 350 288 83 40 7 0 20 274 245 300 112 51 22 
0 0 151 259 176 139 297 2 0 0 109 280 161 159 175 140 0 8 263 142 110 142 86 273 
0 0 0 0 0 0 960 64 0 0 0 0 0 0 0 1024 0 0 0 0 0 0 0 1024 
0 0 0 0 0 0 372 652 0 0 0 0 0 0 0 1024 0 0 0 0 0 0 0 1024 
0 0 0 11 53 53 265 642 0 0 0 0 44 53 84 843 0 0 0 25 40 33 66 860 
0 0 74 364 361 136 66 23 0 0 4 151 419 298 99 53 0 69 372 296 151 73 41 22 
0 1 31 426 421 114 23 8 0 0 9 146 588 223 47 11 1 88 428 314 130 45 17 1 
0 5 90 588 313 27 1 0 0 0 15 297 612 92 8 0 73 382 508 59 2 0 0 0 
0 0 0 618 391 15 0 0 0 0 0 387 574 63 0 0 2 141 860 21 0 0 0 0 
0 0 0 497 448 74 5 0 0 0 0 465 413 140 6 0 0 69 840 107 8 0 0 0 
0 0 7 430 542 44 1 0 0 0 0 68 773 178 5 0 40 505 431 48 0 0 0 0 
0 1 132 663 226 2 0 0 0 0 20 374 577 53 0 0 123 593 297 11 0 0 0 0 
0 17 355 607 45 0 0 0 0 0 106 665 247 6 0 0 225 669 124 6 0 0 0 0 
0 34 685 301 4 0 0 0 0 0 207 764 53 0 0 0 317 645 62 0 0 0 0 0 
0 27 491 454 52 0 0 0 0 0 140 552 298 34 0 0 446 535 43 0 0 0 0 0 
0 0 271 686 61 6 0 0 0 0 1 563 438 21 1 0 397 582 40 5 0 0 0 0 
0 0 283 649 89 3 0 0 0 0 47 669 288 18 2 0 286 605 130 3 0 0 0 0 
0 0 117 706 177 20 1 0 0 0 16 557 402 46 1 0 61 615 277 61 8 0 0 0 
733 282 9 0 0 0 0 0 356 567 101 0 0 0 0 0 907 117 0 0 0 0 0 0 
961 63 0 0 0 0 0 0 492 532 0 0 0 0 0 0 989 35 0 0 0 0 0 0 
1009 15 0 0 0 0 0 0 854 170 0 0 0 0 0 0 1007 17 0 0 0 0 0 0 
1001 23 0 0 0 0 0 0 936 88 0 0 0 0 0 0 1007 17 0 0 0 0 0 0 
1009 15 0 0 0 0 0 0 783 241 0 0 0 0 0 0 1024 0 0 0 0 0 0 0 
578 433 13 0 0 0 0 0 179 729 116 0 0 0 0 0 847 176 1 0 0 0 0 0 
192 824 8 0 0 0 0 0 36 926 62 0 0 0 0 0 560 464 0 0 0 0 0 0 
43 976 5 0 0 0 0 0 43 972 9 0 0 0 0 0 675 349 0 0 0 0 0 0 
0 816 208 0 0 0 0 0 0 825 199 0 0 0 0 0 77 947 0 0 0 0 0 0 
0 293 731 0 0 0 0 0 0 254 770 0 0 0 0 0 7 1005 12 0 0 0 0 0 
0 0 889 135 0 0 0 0 0 0 992 32 0 0 0 0 0 584 440 0 0 0 0 0 
0 0 234 723 64 3 0 0 0 0 222 735 64 3 0 0 0 118 629 239 35 3 0 0 
0 0 1 552 100 97 273 1 0 0 2 548 100 77 212 85 0 0 380 193 72 49 84 246 
0 0 0 0 0 0 1020 4 0 0 0 0 0 0 225 799 0 0 0 0 0 0 0 1024 
0 0 0 2 8 7 985 22 0 0 0 1 3 9 293 718 0 0 0 1 5 9 8 1001 
0 0 2 53 140 212 519 98 0 0 0 21 109 189 321 384 0 0 19 73 111 150 181 490 
0 1 83 364 306 171 67 32 0 0 9 190 433 240 96 56 7 103 276 263 210 81 42 42 
0 0 76 547 377 24 0 0 0 0 3 337 629 53 2 0 18 278 536 179 13 0 0 0 
0 1 95 555 341 32 0 0 0 0 12 321 588 103 0 0 136 493 367 28 0 0 0 0 
0 0 28 518 420 58 0 0 0 0 0 161 707 153 3 0 41 456 473 52 2 0 0 0 
0 0 33 408 483 99 1 0 0 0 0 143 581 273 26 1 42 486 383 110 3 0 0 0 
0 0 81 735 205 3 0 0 0 0 13 291 680 40 0 0 64 731 212 17 0 0 0 0 
0 0 237 691 88 7 1 0 0 0 27 626 360 10 1 0 203 681 127 12 1 0 0 0 
0 5 330 583 99 7 0 0 0 0 73 738 196 17 0 0 116 593 263 47 5 0 0 0 
0 86 609 322 7 0 0 0 0 18 219 730 57 0 0 0 324 576 123 1 0 0 0 0 
2 18 436 468 91 9 0 0 0 13 111 567 291 35 7 0 323 504 179 18 0 0 0 0 
0 0 197 654 163 10 0 0 0 0 5 381 564 71 3 0 271 625 107 20 1 0 0 0 
0 0 74 734 205 11 0 0 0 0 3 263 669 84 5 0 74 670 258 22 0 0 0 0 
0 0 36 669 314 4 0 0 0 0 8 276 702 36 0 0 77 610 318 17 0 0 0 0 
794 225 5 0 0 0 0 0 625 363 36 0 0 0 0 0 947 77 0 0 0 0 0 0 
1022 2 0 0 0 0 0 0 1012 12 0 0 0 0 0 0 1022 2 0 0 0 0 0 0 
986 38 0 0 0 0 0 0 924 100 0 0 0 0 0 0 1017 7 0 0 0 0 0 0 
949 75 0 0 0 0 0 0 912 112 0 0 0 0 0 0 1020 4 0 0 0 0 0 0 
721 303 0 0 0 0 0 0 707 317 0 0 0 0 0 0 995 29 0 0 0 0 0 0 
378 645 1 0 0 0 0 0 322 700 2 0 0 0 0 0 779 245 0 0 0 0 0 0 
35 880 109 0 0 0 0 0 10 943 71 0 0 0 0 0 426 598 0 0 0 0 0 0 
0 572 452 0 0 0 0 0 0 596 428 0 0 0 0 0 87 936 1 0 0 0 0 0 
0 186 811 27 0 0 0 0 0 163 861 0 0 0 0 0 0 986 38 0 0 0 0 0 
0 0 561 463 0 0 0 0 0 0 610 414 0 0 0 0 0 369 655 0 0 0 0 0 
0 0 230 794 0 0 0 0 0 0 304 720 0 0 0 0 0 91 933 0 0 0 0 0 
0 0 0 1024 0 0 0 0 0 0 18 1006 0 0 0 0 0 0 1013 11 0 0 0 0 
0 0 0 715 141 128 40 0 0 0 0 721 131 127 45 0 0 0 625 134 93 97 66 9 
0 0 0 0 7 121 896 0 0 0 0 0 6 95 809 114 0 0 0 0 2 35 149 838 
0 0 2 57 140 156 636 33 0 0 0 19 111 166 468 260 0 0 7 78 116 111 105 607 
0 0 82 329 296 189 93 35 0 0 5 162 388 259 137 73 0 83 254 248 188 143 81 27 
0 1 128 475 285 88 39 8 0 0 7 284 475 183 54 21 22 207 389 235 98 45 24 4 
0 25 286 509 185 19 0 0 0 0 85 507 383 49 0 0 83 444 299 148 50 0 0 0 
0 0 96 603 310 14 1 0 0 0 30 430 523 38 3 0 15 297 506 188 16 2 0 0 
0 0 51 599 333 37 4 0 0 0 5 240 660 113 6 0 16 459 421 119 9 0 0 0 
0 0 38 761 216 9 0 0 0 0 5 206 755 58 0 0 108 664 233 19 0 0 0 0 
0 4 139 659 208 14 0 0 0 0 26 387 528 77 6 0 166 657 184 14 3 0 0 0 
0 0 364 588 70 2 0 0 0 0 18 723 267 16 0 0 397 564 61 2 0 0 0 0 
0 5 266 690 58 5 0 0 0 0 43 774 186 21 0 0 140 740 143 1 0 0 0 0 
0 3 146 580 272 23 0 0 0 0 36 284 588 113 3 0 85 584 316 37 2 0 0 0 
0 4 162 614 235 9 0 0 0 2 31 363 558 70 0 0 193 578 244 9 0 0 0 0 
0 0 249 688 84 3 0 0 0 0 31 600 368 25 0 0 203 726 92 3 0 0 0 0 
0 1 180 649 185 9 0 0 0 0 4 402 525 93 0 0 96 650 257 21 0 0 0 0 
0 0 142 754 126 0 0 0 0 0 10 679 324 10 0 0 53 737 224 8 0 0 0 0 
467 557 0 0 0 0 0 0 422 602 0 0 0 0 0 0 1015 9 0 0 0 0 0 0 
267 714 43 0 0 0 0 0 208 800 16 0 0 0 0 0 819 205 0 0 0 0 0 0 
49 735 240 0 0 0 0 0 44 791 189 0 0 0 0 0 532 492 0 0 0 0 0 0 
0 617 407 0 0 0 0 0 0 671 353 0 0 0 0 0 519 505 0 0 0 0 0 0 
0 407 596 21 0 0 0 0 0 553 471 0 0 0 0 0 164 858 2 0 0 0 0 0 
0 184 748 92 0 0 0 0 0 270 753 1 0 0 0 0 21 887 116 0 0 0 0 0 
0 19 775 230 0 0 0 0 0 36 933 55 0 0 0 0 0 725 299 0 0 0 0 0 
0 0 596 428 0 0 0 0 0 0 719 305 0 0 0 0 0 458 566 0 0 0 0 0 
0 0 185 839 0 0 0 0 0 0 353 671 0 0 0 0 0 148 876 0 0 0 0 0 
0 0 0 1024 0 0 0 0 0 0 12 1012 0 0 0 0 0 0 1024 0 0 0 0 0 
0 0 0 1024 0 0 0 0 0 0 0 1024 0 0 0 0 0 0 1024 0 0 0 0 0 
0 0 0 907 117 0 0 0 0 0 0 1016 8 0 0 0 0 0 987 37 0 0 0 0 
0 0 0 434 250 145 195 0 0 0 0 464 220 123 216 1 0 0 354 229 106 93 110 132 
0 0 0 0 0 7 1017 0 0 0 0 0 0 1 1021 2 0 0 0 0 0 0 21 1003 
0 0 2 39 200 275 488 20 0 0 0 13 149 271 513 78 0 0 10 80 161 193 151 429 
0 1 153 465 260 115 24 6 0 0 13 337 439 172 49 14 14 195 390 207 127 69 16 6 
0 7 288 555 138 27 9 0 0 0 55 544 337 67 19 2 41 460 337 137 34 14 1 0 
0 40 524 386 69 4 1 0 0 1 233 582 188 18 2 0 173 531 263 47 6 4 0 0 
0 5 315 489 195 19 1 0 0 0 87 553 327 53 4 0 103 555 292 68 6 0 0 0 
0 0 32 548 422 22 0 0 0 0 2 195 687 138 2 0 59 500 443 22 0 0 0 0 
0 0 98 772 152 2 0 0 0 0 0 343 630 51 0 0 80 755 188 1 0 0 0 0 
0 4 389 578 53 0 0 0 0 0 57 673 283 11 0 0 327 624 72 1 0 0 0 0 
0 11 547 401 63 2 0 0 0 0 127 655 230 12 0 0 444 460 117 3 0 0 0 0 
0 1 373 552 89 9 0 0 0 0 172 694 137 21 0 0 118 601 228 42 30 5 0 0 
0 4 353 585 81 1 0 0 0 0 86 542 362 34 0 0 304 596 117 7 0 0 0 0 
0 1 146 695 182 0 0 0 0 0 2 452 508 62 0 0 103 670 238 13 0 0 0 0 
0 14 360 553 95 2 0 0 0 1 91 694 226 11 1 0 231 566 194 33 0 0 0 0 
0 0 441 513 69 1 0 0 0 0 27 714 274 9 0 0 271 568 175 10 0 0 0 0 
0 4 702 308 8 0 0 0 0 0 224 750 49 0 0 0 295 664 59 4 0 0 0 0 
0 162 862 0 0 0 0 0 0 212 812 0 0 0 0 0 70 954 0 0 0 0 0 0 
0 23 710 291 0 0 0 0 0 50 974 0 0 0 0 0 9 1015 0 0 0 0 0 0 
0 0 438 586 0 0 0 0 0 0 1023 1 0 0 0 0 0 866 158 0 0 0 0 0 
0 0 298 726 0 0 0 0 0 0 908 116 0 0 0 0 0 732 292 0 0 0 0 0 
0 0 114 910 0 0 0 0 0 0 363 661 0 0 0 0 0 195 829 0 0 0 0 0 
0 0 0 1024 0 0 0 0 0 0 89 935 0 0 0 0 0 139 885 0 0 0 0 0 
0 0 0 1024 0 0 0 0 0 0 3 1021 0 0 0 0 0 0 1024 0 0 0 0 0 
0 0 0 1024 0 0 0 0 0 0 0 1024 0 0 0 0 0 2 1022 0 0 0 0 0 
0 0 0 1024 0 0 0 0 0 0 0 1024 0 0 0 0 0 0 1024 0 0 0 0 0 
0 0 0 1023 1 0 0 0 0 0 0 1024 0 0 0 0 0 0 1024 0 0 0 0 0 
0 0 0 610 311 101 2 0 0 0 0 661 256 104 3 0 0 0 609 251 83 54 27 0 
0 0 0 162 501 308 53 0 0 0 0 244 398 262 120 0 0 0 147 299 220 174 157 27 
0 0 0 33 212 502 277 0 0 0 0 61 179 476 308 0 0 0 44 99 122 362 223 174 
0 0 0 0 10 91 923 0 0 0 0 0 5 56 959 4 0 0 0 0 7 34 144 839 
0 0 2 52 181 309 469 11 0 0 1 22 146 286 519 50 0 1 4 43 133 214 321 308 
0 2 143 473 242 118 46 0 0 0 26 279 470 167 75 7 11 189 346 251 110 64 43 10 
0 44 581 327 47 22 3 0 0 0 150 666 168 29 10 1 188 530 186 77 23 19 1 0 
0 44 429 416 116 18 1 0 0 2 178 553 243 45 3 0 140 507 291 72 13 1 0 0 
0 16 294 571 134 9 0 0 0 0 144 510 334 36 0 0 139 541 314 29 1 0 0 0 
0 0 66 812 146 0 0 0 0 0 1 425 571 27 0 0 77 754 189 4 0 0 0 0 
0 0 221 753 50 0 0 0 0 0 14 590 414 6 0 0 76 822 125 1 0 0 0 0 
0 43 697 247 37 0 0 0 0 4 289 631 90 10 0 0 410 533 77 4 0 0 0 0 
0 82 550 370 22 0 0 0 0 10 459 489 65 1 0 0 275 618 130 1 0 0 0 0 
0 109 475 435 5 0 0 0 2 127 211 674 10 0 0 0 112 706 194 12 0 0 0 0 
0 51 234 640 97 2 0 0 0 41 113 636 221 13 0 0 59 556 363 46 0 0 0 0 
0 0 298 625 101 0 0 0 0 0 54 704 263 3 0 0 197 589 233 5 0 0 0 0 
0 24 148 648 192 12 0 0 0 0 38 336 599 49 2 0 121 675 220 8 0 0 0 0 
0 0 263 642 118 1 0 0 0 0 37 648 332 7 0 0 81 639 280 24 0 0 0 0 
0 8 394 576 45 0 0 0 0 1 107 759 148 7 0 0 87 727 196 13 0 0 0 0 
0 0 847 177 0 0 0 0 0 0 1024 0 0 0 0 0 0 967 57 0 0 0 0 0 
0 0 148 876 0 0 0 0 0 0 870 154 0 0 0 0 0 836 188 0 0 0 0 0 
0 0 0 1024 0 0 0 0 0 0 679 345 0 0 0 0 0 193 831 0 0 0 0 0 
0 0 0 1024 0 0 0 0 0 0 219 805 0 0 0 0 0 135 889 0 0 0 0 0 
0 0 0 1024 0 0 0 0 0 0 0 1024 0 0 0 0 0 46 978 0 0 0 0 0 
0 0 0 1024 0 0 0 0 0 0 0 1024 0 0 0 0 0 0 1024 0 0 0 0 0 
0 0 0 1024 0 0 0 0 0 0 0 1024 0 0 0 0 0 0 1024 0 0 0 0 0 
0 0 0 1024 0 0 0 0 0 0 0 1024 0 0 0 0 0 0 1024 0 0 0 0 0 
0 0 0 1004 20 0 0 0 0 0 0 1023 1 0 0 0 0 0 1004 20 0 0 0 0 
0 0 0 945 79 0 0 0 0 0 0 974 50 0 0 0 0 0 978 46 0 0 0 0 
0 0 0 293 287 212 232 0 0 0 0 459 124 172 269 0 0 0 314 197 68 98 203 144 
0 0 0 0 1 218 805 0 0 0 0 0 0 123 901 0 0 0 0 0 0 35 306 683 
0 0 0 0 2 280 742 0 0 0 0 0 0 177 847 0 0 0 0 0 0 74 334 616 
0 0 0 0 12 150 861 1 0 0 0 0 6 92 921 5 0 0 0 0 4 22 326 672 
0 0 7 79 231 371 333 3 0 0 1 26 205 349 431 12 0 0 21 88 170 250 336 159 
0 2 29 97 131 301 459 5 0 0 17 69 125 197 587 29 0 4 29 60 106 147 304 374 
0 61 195 187 203 190 184 4 0 3 145 199 216 207 230 24 40 109 129 171 148 167 159 101 
0 28 251 299 253 125 65 3 0 1 115 320 304 174 87 23 45 198 241 199 127 111 71 32 
0 4 151 513 282 59 13 2 0 0 55 419 429 98 20 3 22 217 413 265 79 17 9 2 
0 1 87 659 265 12 0 0 0 0 19 429 532 44 0 0 56 527 377 63 1 0 0 0 
0 1 237 553 216 17 0 0 0 0 16 518 447 42 1 0 138 534 320 31 1 0 0 0 
0 16 402 459 142 5 0 0 0 1 174 622 199 28 0 0 112 630 252 30 0 0 0 0 
0 41 579 386 18 0 0 0 0 5 250 703 65 1 0 0 229 584 208 3 0 0 0 0 
0 15 57 930 22 0 0 0 0 12 53 937 22 0 0 0 8 135 881 0 0 0 0 0 
0 67 541 390 26 0 0 0 0 28 477 488 31 0 0 0 141 659 215 9 0 0 0 0 
0 2 132 661 216 13 0 0 0 0 53 648 304 19 0 0 26 457 483 39 19 0 0 0 
0 0 223 713 86 2 0 0 0 0 13 485 503 23 0 0 139 713 157 15 0 0 0 0 
0 1 338 593 92 0 0 0 0 0 0 534 482 8 0 0 223 694 107 0 0 0 0 0 
0 8 322 605 84 2 0 0 0 0 21 554 440 7 0 0 258 560 202 2 0 0 0 0 
0 0 203 821 0 0 0 0 0 0 1023 1 0 0 0 0 0 935 89 0 0 0 0 0 
0 0 1 1023 0 0 0 0 0 0 653 371 0 0 0 0 0 572 452 0 0 0 0 0 
0 0 0 1024 0 0 0 0 0 0 33 991 0 0 0 0 0 116 908 0 0 0 0 0 
0 0 0 1024 0 0 0 0 0 0 0 1024 0 0 0 0 0 7 1017 0 0 0 0 0 
0 0 0 1024 0 0 0 0 0 0 0 1024 0 0 0 0 0 0 1024 0 0 0 0 0 
0 0 0 1024 0 0 0 0 0 0 0 1024 0 0 0 0 0 0 1024 0 0 0 0 0 
0 0 0 1024 0 0 0 0 0 0 0 1024 0 0 0 0 0 0 1024 0 0 0 0 0 
0 0 0 1024 0 0 0 0 0 0 0 1024 0 0 0 0 0 0 1024 0 0 0 0 0 
0 0 0 548 476 0 0 0 0 0 0 771 253 0 0 0 0 0 765 259 0 0 0 0 
0 0 0 793 231 0 0 0 0 0 0 897 127 0 0 0 0 0 789 235 0 0 0 0 
0 0 0 210 371 188 255 0 0 0 0 332 242 160 290 0 0 0 225 245 102 117 190 145 
0 0 0 0 0 25 999 0 0 0 0 0 0 0 1024 0 0 0 0 0 0 0 19 1005 
0 0 0 0 0 1 1023 0 0 0 0 0 0 0 1024 0 0 0 0 0 0 0 11 1013 
0 0 0 0 0 2 1022 0 0 0 0 0 0 0 1024 0 0 0 0 0 0 0 24 1000 
0 0 0 4 45 119 854 2 0 0 0 2 33 104 877 8 0 0 0 0 17 76 204 727 
0 0 4 39 51 174 744 12 0 0 0 20 53 120 798 33 0 0 5 25 55 89 314 536 
0 0 6 97 221 284 414 2 0 0 0 36 205 283 481 19 0 0 59 84 136 201 344 200 
0 1 35 342 350 224 66 6 0 0 8 179 422 311 86 18 3 106 248 230 188 147 87 15 
0 10 329 348 270 67 0 0 0 0 149 427 351 96 1 0 43 343 303 257 70 8 0 0 
0 7 478 444 85 10 0 0 0 0 184 603 207 27 3 0 57 619 289 48 10 1 0 0 
0 20 536 358 64 25 19 2 0 3 137 629 185 36 31 3 160 556 204 48 16 20 20 0 
0 13 314 587 105 5 0 0 0 0 160 682 171 11 0 0 57 396 421 126 22 2 0 0 
0 0 159 835 30 0 0 0 0 0 59 906 59 0 0 0 2 279 704 39 0 0 0 0 
0 0 56 947 21 0 0 0 0 0 28 955 41 0 0 0 0 208 797 19 0 0 0 0 
0 0 56 790 178 0 0 0 0 0 30 666 327 1 0 0 37 282 702 3 0 0 0 0 
0 0 146 727 148 3 0 0 0 0 12 624 379 9 0 0 34 463 450 75 2 0 0 0 
0 3 325 596 99 1 0 0 0 0 23 584 387 30 0 0 147 729 143 5 0 0 0 0 
0 109 625 282 8 0 0 0 0 5 258 655 104 2 0 0 412 569 42 1 0 0 0 0 
0 260 672 90 1 0 0 0 0 0 580 437 5 0 0 0 622 376 24 0 0 0 0 0 
0 0 2 1022 0 0 0 0 0 0 949 75 0 0 0 0 0 706 318 0 0 0 0 0 
0 0 0 1024 0 0 0 0 0 0 342 682 0 0 0 0 0 490 534 0 0 0 0 0 
0 0 0 1024 0 0 0 0 0 0 2 1022 0 0 0 0 0 96 928 0 0 0 0 0 
0 0 0 1024 0 0 0 0 0 0 0 1024 0 0 0 0 0 6 1018 0 0 0 0 0 
0 0 0 1024 0 0 0 0 0 0 0 1024 0 0 0 0 0 0 1024 0 0 0 0 0 
0 0 0 1021 3 0 0 0 0 0 0 1024 0 0 0 0 0 0 1024 0 0 0 0 0 
0 0 0 1024 0 0 0 0 0 0 0 1024 0 0 0 0 0 0 1024 0 0 0 0 0 
0 0 0 964 60 0 0 0 0 0 0 1021 3 0 0 0 0 0 1024 0 0 0 0 0 
0 0 0 118 680 200 26 0 0 0 0 272 533 182 37 0 0 0 311 378 158 110 67 0 
0 0 0 98 639 217 70 0 0 0 0 179 546 207 92 0 0 0 136 368 267 155 97 1 
0 0 0 0 48 194 782 0 0 0 0 0 48 154 822 0 0 0 0 1 56 87 410 470 
0 0 0 0 0 0 1024 0 0 0 0 0 0 0 1024 0 0 0 0 0 0 0 189 835 
0 0 0 0 0 0 1024 0 0 0 0 0 0 0 1024 0 0 0 0 0 0 0 26 998 
0 0 0 0 0 0 1024 0 0 0 0 0 0 0 1024 0 0 0 0 0 0 0 99 925 
0 0 0 0 0 0 1024 0 0 0 0 0 0 0 1024 0 0 0 0 0 0 0 227 797 
0 0 0 0 0 0 1024 0 0 0 0 0 0 0 1024 0 0 0 0 0 0 0 167 857 
0 0 13 90 148 172 600 1 0 0 2 28 144 185 655 10 0 6 63 80 116 118 355 286 
0 42 273 435 181 77 15 1 0 1 125 431 314 121 27 5 36 383 285 131 116 53 20 0 
0 168 683 135 30 8 0 0 0 27 619 314 47 14 3 0 159 619 171 51 20 4 0 0 
0 272 425 138 102 68 18 1 0 42 552 192 123 77 31 7 185 469 87 93 96 70 23 1 
1 29 180 229 162 198 214 11 0 9 134 236 175 188 245 37 6 61 171 166 153 141 204 122 
0 0 59 459 424 76 6 0 0 0 30 367 513 100 12 2 0 73 358 342 203 43 5 0 
0 0 0 764 260 0 0 0 0 0 0 856 168 0 0 0 0 24 729 268 3 0 0 0 
0 0 0 868 156 0 0 0 0 0 0 816 207 1 0 0 0 13 940 71 0 0 0 0 
0 0 91 836 96 1 0 0 0 0 10 638 370 6 0 0 6 476 520 22 0 0 0 0 
0 0 298 632 92 2 0 0 0 0 24 775 214 11 0 0 100 597 285 41 1 0 0 0 
0 32 550 431 11 0 0 0 0 2 187 713 122 0 0 0 243 621 160 0 0 0 0 0 
0 62 656 304 2 0 0 0 0 3 333 639 49 0 0 0 309 674 41 0 0 0 0 0 
0 116 811 93 2 0 0 0 0 4 542 466 10 0 0 0 392 600 30 0 0 0 0 0 
0 0 68 955 0 0 0 0 0 0 972 51 0 0 0 0 0 811 212 0 0 0 0 0 
0 0 0 1024 0 0 0 0 0 0 265 758 0 0 0 0 0 426 597 0 0 0 0 0 
0 0 0 1024 0 0 0 0 0 0 0 1024 0 0 0 0 0 53 970 0 0 0 0 0 
0 0 0 1024 0 0 0 0 0 0 0 1024 0 0 0 0 0 0 1024 0 0 0 0 0 
0 0 0 1024 0 0 0 0 0 0 0 1024 0 0 0 0 0 0 1024 0 0 0 0 0 
0 0 0 1024 0 0 0 0 0 0 0 1024 0 0 0 0 0 0 1024 0 0 0 0 0 
0 0 0 990 33 0 0 0 0 0 0 1024 0 0 0 0 0 0 1024 0 0 0 0 0 
0 0 0 997 26 0 0 0 0 0 0 1024 0 0 0 0 0 0 1022 1 0 0 0 0 
0 0 0 301 540 156 25 0 0 0 0 517 337 149 19 0 0 0 261 450 156 131 24 0 
0 0 0 0 6 240 777 0 0 0 0 0 6 179 837 0 0 0 0 0 6 81 909 26 
0 0 0 0 0 4 1019 0 0 0 0 0 0 0 1024 0 0 0 0 0 0 0 817 206 
0 0 0 0 0 0 1024 0 0 0 0 0 0 0 1024 0 0 0 0 0 0 0 561 462 
0 0 0 0 0 0 1024 0 0 0 0 0 0 0 1024 0 0 0 0 0 0 0 598 425 
0 0 0 0 0 3 1020 0 0 0 0 0 0 1 1022 0 0 0 0 0 0 0 763 260 
0 0 0 0 0 37 986 0 0 0 0 0 0 28 995 0 0 0 0 0 0 4 926 92 
0 0 0 6 28 278 709 0 0 0 0 6 22 220 773 0 0 0 0 3 8 50 896 66 
0 0 25 94 157 326 419 0 0 0 2 74 145 321 481 0 0 0 46 89 139 179 522 46 
0 86 342 299 166 94 33 0 0 13 218 373 236 110 69 1 49 252 256 221 125 78 40 0 
0 129 521 307 40 18 8 0 0 5 350 491 134 24 17 0 163 494 245 81 16 12 10 0 
0 64 206 169 192 158 232 1 0 6 166 194 195 179 268 12 10 130 152 116 171 140 257 45 
0 0 0 0 6 194 822 0 0 0 0 0 3 131 889 0 0 0 0 0 1 44 893 84 
0 0 6 190 528 222 75 0 0 0 4 146 561 173 138 0 0 2 114 346 292 121 147 0 
0 0 0 458 438 98 28 0 0 0 0 497 400 97 29 0 0 0 332 437 157 62 33 0 
0 0 0 539 217 190 76 0 0 0 0 532 201 146 144 0 0 0 482 200 93 93 154 0 
0 0 62 385 274 224 77 0 0 0 12 313 355 200 141 1 2 102 252 222 152 116 173 1 
0 29 484 494 14 0 0 0 0 3 162 747 107 3 0 0 146 720 153 4 0 0 0 0 
0 262 660 97 3 0 0 0 0 44 560 397 21 0 0 0 547 435 41 0 0 0 0 0 
0 107 641 264 11 0 0 0 0 8 293 628 93 0 0 0 406 525 91 0 0 0 0 0 
0 121 749 147 4 0 0 0 0 1 364 581 76 0 0 0 453 521 48 0 0 0 0 0 
