0 0 0 1 0 1 4 1018 0 0 0 0 1 2 1 1020 0 0 0 1 0 0 4 1019 
0 14 50 73 85 107 109 586 0 7 23 51 78 100 131 634 6 39 64 65 52 58 111 629 
0 3 16 22 35 39 96 813 0 0 4 19 33 31 75 862 1 5 15 26 26 30 71 850 
1 22 47 50 45 45 33 781 0 6 24 50 52 44 56 792 5 42 47 52 31 34 19 794 
4 36 156 144 98 109 161 316 0 2 31 136 153 132 147 423 47 134 109 71 61 83 96 423 
0 30 124 153 122 95 119 381 0 0 13 129 160 139 131 452 35 131 110 83 77 66 91 431 
0 0 11 40 47 54 59 813 0 0 0 6 37 65 73 843 0 0 21 46 37 32 53 835 
1 12 96 93 69 39 68 646 0 0 8 84 105 82 56 689 4 35 84 69 59 35 46 692 
0 0 0 0 0 28 72 924 0 0 0 0 0 6 56 962 0 0 0 0 2 11 57 954 
4 33 112 122 106 91 129 427 0 5 37 143 137 104 122 476 10 86 113 101 74 81 106 453 
15 163 169 155 145 162 118 97 1 52 177 151 196 161 137 149 151 300 113 90 89 87 80 114 
38 172 260 209 150 94 63 38 1 76 220 248 184 115 107 73 175 220 144 115 93 82 99 96 
60 315 327 173 76 31 28 14 5 154 315 292 133 69 35 21 165 336 210 126 73 52 34 28 
133 358 293 155 54 21 7 3 49 312 276 235 99 37 10 6 184 381 267 120 43 19 6 4 
408 367 129 44 30 21 10 15 267 416 178 77 23 24 17 22 448 349 105 30 25 19 25 23 
118 136 129 94 81 113 129 220 72 102 128 113 86 94 115 312 102 110 100 68 43 73 88 436 
26 168 168 157 92 81 70 262 23 107 141 144 155 81 81 292 161 212 111 79 59 57 59 286 
37 178 277 209 128 75 59 61 3 76 206 254 196 129 81 79 192 310 155 102 78 49 55 83 
9 103 232 232 197 129 77 45 5 35 136 203 229 219 121 76 108 260 238 148 105 72 47 46 
2 49 121 114 115 123 166 334 0 4 68 122 105 128 166 431 55 118 120 85 72 80 92 402 
9 112 215 181 146 135 103 123 0 6 118 179 226 161 157 177 85 213 166 130 103 74 84 169 
1 48 163 214 179 134 109 176 0 2 44 166 230 197 153 232 48 144 193 146 106 91 74 222 
1 49 95 140 164 161 153 261 0 2 48 97 150 207 188 332 19 71 93 131 148 124 104 334 
4 43 134 194 159 143 121 226 0 5 46 141 215 193 145 279 25 115 168 159 115 92 83 267 
0 7 13 15 21 34 61 873 0 0 5 11 22 30 37 919 4 9 11 10 13 21 35 921 
2 10 15 30 34 76 106 751 0 3 12 17 39 50 106 797 8 16 19 23 28 49 90 791 
1 59 91 139 125 134 160 315 0 10 94 132 145 135 163 345 48 150 139 104 96 88 105 294 
0 15 119 185 217 170 153 165 0 6 39 190 247 192 155 195 67 144 176 175 111 64 98 189 
54 145 322 328 136 29 6 4 25 118 226 437 168 39 8 3 145 239 418 183 28 6 3 2 
63 266 310 221 106 27 20 11 36 162 343 259 145 47 22 10 136 335 270 175 63 23 11 11 
97 511 347 54 8 5 2 0 54 354 501 96 9 9 1 0 368 481 129 24 12 5 2 3 
132 680 168 25 11 4 1 0 46 644 268 40 12 8 1 1 409 526 67 9 4 3 1 1 
39 312 384 148 67 35 20 19 13 189 428 206 90 53 28 17 265 385 169 91 43 29 15 27 
32 185 218 179 153 96 70 91 10 89 191 195 164 169 95 111 197 256 148 120 76 57 58 112 
28 127 241 187 174 114 64 89 5 35 171 233 216 150 104 110 160 224 177 134 88 88 58 95 
21 122 212 213 207 128 76 45 2 29 155 207 229 202 117 83 170 268 186 145 85 75 43 52 
21 178 273 243 164 86 38 21 7 64 181 244 234 182 79 33 229 312 202 135 66 36 21 23 
8 123 248 286 173 89 44 53 3 28 139 273 271 171 67 72 65 253 279 182 92 57 33 63 
7 71 167 261 264 150 76 28 0 18 71 191 317 269 113 45 40 203 292 235 128 65 34 27 
20 103 134 244 291 143 70 19 0 52 90 181 319 272 81 29 22 152 264 313 126 76 40 31 
0 1 35 85 113 110 130 550 0 0 9 60 101 138 120 596 19 38 77 83 72 79 84 572 
1 8 32 79 122 153 180 449 0 2 38 86 114 119 171 494 102 50 49 66 85 91 145 436 
3 9 50 185 206 198 177 196 4 15 73 227 188 169 140 208 118 141 164 133 98 104 103 163 
7 51 161 273 236 147 106 43 10 62 245 255 189 145 89 29 313 196 159 103 107 92 38 16 
68 286 305 161 87 49 37 31 44 327 331 168 85 44 23 2 627 272 82 27 9 3 3 1 
384 385 194 51 7 3 0 0 313 418 223 59 9 2 0 0 612 333 59 13 3 4 0 0 
191 468 251 64 25 21 2 2 175 466 263 66 26 21 4 3 572 299 65 33 27 14 8 6 
16 257 288 86 76 80 46 172 19 316 228 76 76 57 72 176 230 236 86 51 78 72 51 217 
167 330 201 93 77 62 39 55 71 275 251 153 90 61 53 70 325 232 138 70 58 76 48 77 
198 336 237 107 65 31 31 19 117 262 258 191 85 59 17 35 322 299 164 90 49 29 26 45 
74 209 247 202 121 82 40 49 21 126 240 230 158 122 72 55 254 257 178 112 63 54 45 61 
44 177 262 197 123 70 73 78 9 70 213 251 172 128 77 104 206 265 180 96 72 60 49 96 
63 274 301 171 102 67 29 17 20 110 259 266 175 117 47 30 321 265 182 110 57 45 28 16 
52 176 192 181 164 108 67 84 20 98 167 196 175 126 125 117 286 248 155 101 63 55 33 83 
60 214 210 213 143 71 57 56 23 117 201 257 174 104 73 75 258 307 213 75 51 42 24 54 
45 170 190 241 174 88 68 48 34 91 155 260 226 123 73 62 132 327 224 134 74 52 32 49 
1 0 9 37 146 200 191 440 0 1 5 42 164 203 155 454 21 78 140 135 109 78 85 378 
0 5 52 85 127 178 229 348 0 2 35 112 189 229 187 270 90 109 177 150 109 82 95 212 
0 30 188 362 207 94 68 75 1 60 286 307 155 73 59 83 160 290 241 125 64 42 32 70 
38 206 371 236 103 46 19 5 15 235 450 223 58 30 10 3 540 312 110 32 20 7 2 1 
241 511 186 48 14 14 5 5 146 565 231 49 20 11 2 0 693 296 26 6 2 1 0 0 
594 252 94 41 23 8 6 6 537 292 99 47 22 14 6 7 747 163 46 32 17 11 4 4 
356 346 205 85 22 9 1 0 386 384 161 65 18 7 3 0 790 152 47 24 7 2 0 2 
139 409 312 126 22 9 3 1 145 457 294 80 28 16 0 1 619 276 88 16 12 3 8 0 
272 375 144 86 51 41 22 33 116 391 220 103 76 43 34 41 446 223 106 77 48 40 36 48 
186 367 186 93 60 60 29 43 66 292 261 165 75 65 49 51 335 276 148 64 48 42 46 65 
203 442 192 96 50 22 10 9 50 399 291 147 73 38 16 10 414 345 122 69 37 21 11 5 
136 342 245 155 85 32 18 11 55 249 258 235 115 69 26 17 355 309 185 90 44 17 12 12 
163 329 233 139 80 42 17 21 34 252 282 211 117 74 24 30 379 275 160 93 48 31 17 21 
32 225 256 215 115 73 43 65 5 58 241 254 189 114 85 78 211 269 198 119 80 47 26 74 
52 131 119 133 193 157 116 123 39 88 109 136 165 171 154 162 156 261 188 112 76 69 54 108 
49 174 250 245 153 85 39 29 40 115 195 286 187 121 42 38 143 381 259 110 51 40 16 24 
2 56 156 201 236 200 104 69 1 8 116 218 243 240 133 65 48 231 310 200 118 59 31 27 
5 78 169 220 164 125 84 179 0 27 139 222 202 135 88 211 34 177 206 158 99 80 66 204 
9 112 252 208 168 91 52 132 3 99 236 261 164 77 41 143 189 257 185 129 59 27 31 147 
100 305 370 177 52 15 4 1 68 215 414 230 68 21 7 1 412 399 137 52 16 6 0 2 
413 423 89 39 22 15 10 13 196 570 120 62 29 20 12 15 632 231 59 32 20 19 12 19 
340 422 136 74 23 18 7 4 186 519 143 69 63 27 12 5 572 256 77 66 28 13 8 4 
145 145 69 108 97 126 123 211 126 148 66 93 108 116 126 241 211 180 87 72 71 65 81 257 
51 195 318 251 139 49 9 9 9 156 352 284 144 51 12 12 233 315 273 104 43 22 12 19 
511 393 88 20 6 3 2 1 337 488 137 38 19 0 3 2 680 284 41 13 2 4 0 0 
447 431 96 32 14 4 0 0 239 447 232 70 27 8 1 0 607 319 64 20 13 1 0 0 
544 336 96 28 13 4 3 0 261 494 171 59 28 6 3 2 692 246 57 15 6 6 2 0 
556 388 58 11 6 4 1 0 291 521 156 36 10 7 3 0 718 239 44 10 7 5 1 0 
217 455 227 58 40 8 12 7 63 334 346 164 68 23 15 11 443 336 144 51 27 7 9 7 
68 254 288 193 112 68 27 14 14 111 282 243 175 119 47 33 268 350 183 94 46 48 24 11 
134 284 240 131 88 59 54 34 86 171 235 205 121 79 46 81 232 316 178 79 59 38 37 85 
127 316 242 153 93 58 25 10 50 210 274 181 157 85 48 19 276 383 168 87 53 27 18 12 
30 206 329 242 126 65 22 4 2 87 285 273 209 117 39 12 90 386 339 133 54 12 9 1 
1 29 193 274 166 85 50 226 0 2 67 249 234 128 89 255 1 35 291 244 92 47 54 260 
213 270 148 91 88 58 47 109 104 230 181 135 93 82 70 129 246 282 146 78 50 32 44 146 
320 478 162 47 14 0 0 3 159 489 256 84 28 6 0 2 414 447 127 29 5 0 0 2 
571 354 83 10 5 1 0 0 358 508 112 27 15 3 1 0 654 294 62 11 3 0 0 0 
243 447 184 86 54 10 0 0 98 424 242 130 74 45 11 0 366 361 191 76 26 2 2 0 
153 338 117 209 159 42 6 0 65 369 99 111 173 178 26 3 179 372 206 209 52 5 1 0 
224 510 164 84 32 6 1 0 72 486 256 123 54 28 3 0 230 436 232 81 28 12 1 0 
688 241 52 25 9 3 5 1 574 326 67 35 12 4 4 2 740 209 35 21 11 6 1 1 
710 213 62 17 13 5 3 1 511 342 97 42 17 10 4 1 742 204 44 17 11 3 2 1 
498 298 122 58 21 12 12 3 324 305 185 102 62 26 10 10 635 227 90 35 20 10 6 1 
498 348 102 45 19 8 4 0 233 427 195 85 46 27 8 3 658 249 60 39 14 4 0 0 
484 371 108 39 17 3 2 0 198 475 202 95 34 16 3 1 672 236 72 28 11 4 1 0 
443 315 123 62 43 22 13 3 227 374 189 109 49 44 22 10 585 269 77 35 33 12 11 2 
532 371 90 25 3 3 0 0 294 449 200 59 18 4 0 0 599 330 72 18 4 1 0 0 
446 419 108 30 14 3 3 1 292 440 187 67 24 8 5 1 527 393 71 23 5 4 0 1 
53 283 418 180 58 21 11 0 23 162 388 300 96 37 15 3 170 388 340 74 28 18 4 2 
0 4 170 212 78 33 24 503 0 0 59 234 137 47 24 523 0 34 247 138 42 23 18 522 
114 234 205 125 60 42 28 216 35 119 163 196 161 69 57 224 241 194 150 91 46 46 39 217 
248 444 219 73 20 14 6 0 34 274 358 221 85 36 15 1 410 349 166 60 23 10 5 1 
284 445 214 68 10 2 1 0 64 312 339 193 88 23 5 0 375 341 209 78 17 3 1 0 
293 484 182 47 14 3 1 0 58 330 398 192 36 8 2 0 374 411 194 33 9 2 1 0 
203 565 181 47 22 2 3 1 49 276 436 198 44 15 3 3 345 468 176 27 2 2 1 3 
369 489 113 14 20 14 1 0 283 278 307 102 36 12 3 0 436 398 137 27 12 9 1 0 
806 193 14 7 3 1 0 0 614 337 60 7 5 1 0 0 794 203 19 5 2 1 0 0 
752 210 49 9 2 2 0 0 658 244 87 21 10 2 2 0 831 151 26 11 3 2 0 0 
772 165 57 17 6 3 4 0 717 148 82 29 31 9 6 2 872 100 28 13 6 2 3 0 
1006 18 0 0 0 0 0 0 971 51 2 0 0 0 0 0 1004 20 0 0 0 0 0 0 
819 181 14 6 3 1 0 0 780 188 36 10 7 3 0 0 891 112 14 3 3 1 0 0 
450 476 51 15 16 10 4 2 325 548 82 29 11 15 10 4 715 246 27 11 9 13 1 2 
228 434 139 62 35 24 56 46 115 471 199 63 37 28 36 75 450 337 51 29 21 25 33 78 
16 307 359 236 84 14 8 0 4 273 364 241 103 28 10 1 291 427 154 90 39 14 7 2 
0 29 193 177 144 172 145 164 0 2 104 249 141 143 170 215 6 100 213 129 108 113 120 235 
0 4 12 63 67 92 134 652 0 2 5 32 73 74 103 735 1 4 17 48 57 59 96 742 
183 308 209 95 63 59 38 69 35 179 252 205 129 68 73 83 244 257 163 114 71 52 40 83 
334 345 203 78 30 22 4 8 150 233 258 215 103 36 19 10 461 324 143 55 25 8 4 4 
483 391 125 21 4 0 0 0 221 326 302 135 33 6 1 0 540 340 115 25 4 0 0 0 
516 296 102 54 28 13 13 2 261 318 196 112 62 38 23 14 545 267 117 55 18 12 8 2 
268 294 175 149 101 29 8 0 57 258 223 143 150 124 59 10 390 348 179 74 21 11 1 0 
419 449 96 27 25 3 3 0 70 459 304 115 40 19 14 1 523 337 108 38 12 3 0 0 
952 70 2 0 0 0 0 0 865 127 32 0 0 0 0 0 941 75 8 0 0 0 0 0 
980 41 3 0 0 0 0 0 935 72 16 1 0 0 0 0 997 26 1 0 0 0 0 0 
1024 0 0 0 0 0 0 0 1023 1 0 0 0 0 0 0 1024 0 0 0 0 0 0 0 
996 22 5 0 0 1 0 0 993 22 5 2 1 1 0 0 996 21 4 2 0 0 1 0 
588 241 64 39 29 28 22 13 500 289 79 49 29 32 22 24 695 132 55 35 32 21 24 30 
65 298 107 71 66 85 184 148 36 280 120 70 64 85 100 269 257 156 51 58 48 60 87 307 
10 106 107 118 167 152 238 126 8 96 93 115 136 138 137 301 74 121 124 87 93 111 94 320 
5 305 413 206 75 18 2 0 2 232 422 228 95 35 8 2 182 460 205 100 43 24 8 2 
0 5 63 123 219 189 266 159 0 5 61 93 153 206 176 330 15 59 74 105 139 153 121 358 
7 43 94 93 75 86 137 489 0 30 79 89 82 72 94 578 13 46 78 72 68 54 93 600 
392 320 156 50 41 29 18 18 178 327 254 121 54 45 20 25 463 277 112 63 45 23 19 22 
418 375 115 55 39 11 6 5 205 336 253 117 57 33 16 7 559 282 90 45 32 8 3 5 
626 262 74 31 17 11 3 0 394 320 171 69 33 17 12 8 647 236 79 39 14 6 3 0 
212 233 228 198 89 41 17 6 125 119 151 181 191 161 65 31 409 279 184 89 33 21 7 2 
20 134 234 314 205 89 26 2 2 17 86 207 237 284 148 43 115 390 308 135 44 22 9 1 
198 235 252 248 54 30 4 0 68 147 155 182 283 128 48 11 371 451 144 24 20 6 6 0 
855 153 15 1 0 0 0 0 860 118 37 8 1 0 0 0 929 90 5 0 0 0 0 0 
857 165 2 0 0 0 0 0 882 138 4 0 0 0 0 0 989 35 0 0 0 0 0 0 
573 433 14 4 0 0 0 0 666 341 10 6 1 0 0 0 899 107 14 3 1 0 0 0 
274 504 143 54 32 11 6 0 295 472 112 82 31 16 11 5 564 227 92 65 33 24 9 10 
82 407 161 92 94 94 89 5 71 415 131 89 87 86 88 57 307 218 112 66 70 78 74 99 
17 331 317 170 103 45 37 4 11 307 315 159 99 69 40 24 248 286 166 94 90 61 36 43 
13 283 255 148 87 78 155 5 6 279 252 126 95 66 84 116 191 244 146 75 89 55 68 156 
32 412 237 155 112 51 25 0 25 393 222 141 107 82 41 13 304 271 124 105 86 62 50 22 
0 58 306 200 180 140 137 3 1 72 274 173 150 147 157 50 61 246 158 120 101 117 105 116 
17 46 90 117 165 225 340 24 7 49 79 92 130 140 260 267 25 55 67 73 107 144 194 359 
594 234 86 47 30 20 10 3 470 302 101 71 23 34 17 6 625 204 68 40 39 19 17 12 
533 213 121 74 44 23 7 9 433 213 120 90 76 50 26 16 610 208 97 45 30 20 5 9 
376 172 180 136 90 48 12 10 333 108 126 137 136 116 46 22 574 164 106 94 45 24 7 10 
123 195 229 207 165 80 22 3 73 77 150 174 207 175 123 45 281 347 232 98 38 19 7 2 
112 292 290 211 94 21 3 1 22 76 254 257 222 146 39 8 313 407 206 70 19 6 3 0 
116 260 363 200 59 16 8 0 11 104 193 280 299 97 28 9 355 366 164 92 28 11 4 0 
405 587 27 5 0 0 0 0 579 412 19 12 2 0 0 0 876 120 14 11 2 1 0 0 
231 660 92 34 6 1 0 0 272 589 105 33 20 5 0 0 635 259 72 34 20 2 2 0 
163 791 57 9 4 0 0 0 113 846 47 13 2 3 0 0 749 238 24 7 3 3 0 0 
92 835 78 12 6 1 0 0 39 881 77 17 5 3 2 0 702 269 31 9 7 4 2 0 
48 832 109 17 11 6 1 0 16 873 93 18 13 8 2 1 658 297 33 13 10 6 6 1 
11 372 329 184 83 40 5 0 6 375 253 193 103 64 27 3 243 278 188 128 78 55 39 15 
4 442 469 86 16 5 2 0 2 436 454 95 28 6 3 0 245 536 176 43 17 3 2 2 
22 671 278 48 4 0 1 0 4 675 265 63 14 2 0 1 395 473 106 35 13 1 0 1 
2 132 239 203 198 196 44 10 0 84 226 163 178 165 185 23 51 158 147 138 121 145 202 62 
32 164 131 101 122 337 113 24 15 159 122 87 86 123 361 71 68 156 93 65 79 128 298 137 
359 394 140 58 29 33 9 2 268 465 128 63 29 39 26 6 548 267 85 53 34 28 8 1 
792 144 58 22 6 1 1 0 712 182 67 41 18 2 1 1 840 121 48 10 2 2 1 0 
511 116 123 128 83 35 23 5 461 106 87 114 79 88 56 33 541 174 144 81 48 22 12 2 
144 253 263 222 85 40 13 4 61 138 174 230 198 146 59 18 321 360 204 71 40 16 8 4 
316 372 204 100 30 1 1 0 100 267 301 202 102 43 8 1 450 389 154 24 6 1 0 0 
440 368 152 48 16 0 0 0 129 392 275 142 65 17 1 0 588 323 70 38 3 0 0 0 
381 601 32 8 1 0 0 0 538 442 25 11 5 1 0 0 786 192 29 8 6 1 0 0 
212 608 144 43 13 1 0 0 226 555 144 68 18 9 1 0 518 296 118 45 33 6 4 0 
164 811 38 6 1 1 0 0 105 865 43 5 1 2 0 0 780 210 23 8 1 0 0 0 
94 781 114 27 4 1 0 0 55 795 112 40 16 1 1 0 633 285 48 27 23 4 1 0 
50 916 54 2 0 0 0 0 26 954 36 5 1 0 0 0 774 239 8 1 0 0 0 0 
15 704 276 25 2 0 0 0 0 708 275 34 5 0 0 0 445 484 68 18 8 0 0 0 
5 556 436 19 5 0 0 0 0 492 480 44 6 0 0 0 300 631 70 20 0 0 0 0 
9 431 474 76 15 9 5 1 0 410 453 111 27 8 11 1 232 503 185 59 22 15 4 1 
2 82 190 230 335 182 0 0 0 51 123 189 193 340 125 0 16 86 91 144 157 171 347 8 
11 62 132 226 294 281 15 0 8 41 86 158 187 297 239 4 26 38 94 105 178 256 301 22 
65 496 126 136 147 50 1 0 34 489 121 82 70 173 47 4 372 218 75 130 94 89 37 5 
367 235 148 203 58 9 1 0 272 271 112 79 166 100 20 0 470 171 161 187 30 2 0 0 
240 265 226 197 66 19 6 0 185 212 148 128 219 97 26 5 364 256 261 112 22 6 0 0 
326 372 175 83 34 18 12 0 158 304 243 160 84 40 19 12 502 338 104 44 12 15 6 0 
666 260 62 25 8 1 0 0 224 538 173 50 25 8 4 0 737 228 40 9 8 0 0 0 
743 204 46 20 6 2 0 0 376 463 100 53 15 15 0 0 850 133 26 11 0 2 0 0 
