0 56 336 177 118 78 258 1 0 16 352 191 121 84 259 1 1 272 175 152 93 72 239 20 
0 2 60 59 66 51 786 0 0 0 56 58 66 49 795 0 0 22 51 56 55 42 793 5 
0 0 0 0 0 0 1024 0 0 0 0 0 0 0 1024 0 0 0 0 0 0 0 1024 0 
0 0 0 0 0 0 1024 0 0 0 0 0 0 0 1024 0 0 0 0 0 0 0 1024 0 
0 1 56 36 12 33 886 0 0 1 49 40 14 28 892 0 0 9 52 30 13 25 895 0 
0 50 224 91 62 90 507 0 0 42 224 98 58 78 524 0 2 133 179 59 59 75 516 1 
0 48 163 67 57 97 592 0 0 10 177 81 56 85 615 0 0 118 108 52 55 67 624 0 
0 0 40 41 20 31 892 0 0 0 41 39 20 25 899 0 0 19 34 29 20 24 898 0 
0 0 0 0 0 151 873 0 0 0 0 0 0 0 1024 0 0 0 0 0 0 0 1024 0 
0 0 0 0 0 328 696 0 0 0 0 0 0 0 1024 0 0 0 0 0 0 0 1024 0 
0 157 648 194 12 9 4 0 0 264 608 129 9 9 5 0 39 738 206 20 7 9 5 0 
3 110 386 141 60 122 202 0 0 92 413 124 57 69 269 0 15 369 182 71 51 50 286 0 
0 1 22 15 22 340 624 0 0 0 10 23 22 30 939 0 0 6 21 11 22 22 942 0 
0 0 0 0 0 369 655 0 0 0 0 0 0 0 1024 0 0 0 0 0 0 0 1024 0 
0 0 1 8 13 529 473 0 0 0 0 6 15 24 979 0 0 0 0 5 13 22 984 0 
0 63 154 106 81 385 235 0 0 26 176 108 82 113 519 0 12 123 99 72 84 82 552 0 
0 138 435 187 100 128 36 0 0 85 457 203 99 123 57 0 3 309 336 112 82 122 60 0 
2 181 247 152 94 297 51 0 1 116 284 152 104 121 246 0 3 252 209 113 86 88 273 0 
0 37 123 84 67 710 3 0 0 19 115 85 76 210 519 0 0 59 108 68 62 73 654 0 
0 8 56 58 90 810 0 0 0 8 50 53 74 362 474 0 0 18 48 50 64 122 720 0 
0 18 109 266 130 108 393 0 0 11 150 246 121 103 393 0 0 77 138 202 114 89 404 0 
0 300 484 149 56 24 11 0 0 190 568 167 59 27 13 0 35 590 250 79 42 21 7 0 
0 33 319 160 117 133 262 0 0 29 322 154 114 116 289 0 11 274 122 116 102 108 290 1 
0 87 84 115 113 167 434 24 0 58 98 121 120 177 433 17 0 96 85 119 125 165 432 2 
0 79 211 139 128 109 358 0 0 38 225 145 130 123 363 0 1 141 171 128 116 97 370 0 
0 6 164 297 197 138 222 0 0 22 207 304 150 110 231 0 30 273 180 134 91 100 216 0 
0 0 32 242 157 215 378 0 0 1 76 247 125 147 428 0 8 113 129 133 90 112 439 0 
0 54 297 250 120 136 167 0 0 56 336 222 118 127 165 0 14 286 246 117 91 98 172 0 
0 32 114 82 90 347 359 0 0 29 120 87 85 166 537 0 0 57 117 71 83 112 584 0 
0 42 114 141 146 434 144 0 0 34 120 133 133 370 232 0 0 50 117 120 141 290 304 0 
0 210 200 174 78 156 206 0 0 50 344 182 83 114 251 0 41 299 107 138 75 94 270 0 
6 455 458 72 19 14 0 0 3 296 612 74 25 14 0 0 59 753 142 40 18 12 0 0 
0 22 160 154 133 278 277 0 0 10 170 148 133 219 344 0 0 63 162 121 137 229 312 0 
0 0 21 43 70 144 572 174 0 1 47 85 223 268 371 29 0 44 113 206 206 229 224 2 
0 218 488 145 65 54 54 0 1 103 533 208 66 58 54 1 30 516 268 68 60 52 30 0 
1 110 501 206 90 86 30 0 0 51 555 210 96 78 34 0 10 411 320 118 62 57 46 0 
0 0 66 92 91 564 211 0 0 0 61 98 86 211 568 0 0 4 65 87 88 136 644 0 
0 0 3 99 70 708 144 0 0 0 5 95 80 347 497 0 0 9 26 71 75 125 718 0 
0 2 14 55 40 742 171 0 0 2 13 52 37 510 410 0 0 2 14 45 38 82 843 0 
0 136 362 248 98 173 5 0 0 90 384 242 114 152 40 0 0 253 306 165 109 112 77 0 
20 289 436 199 44 31 5 0 7 281 488 188 20 30 10 0 183 589 155 42 16 25 14 0 
2 172 370 276 99 87 18 0 2 131 446 244 90 83 28 0 103 423 241 89 79 55 34 0 
11 53 152 207 127 124 306 44 2 54 201 196 280 128 149 14 29 206 195 266 114 112 101 1 
4 82 67 36 61 117 524 133 1 82 78 71 298 196 281 17 47 116 97 284 165 195 116 4 
0 24 193 183 175 160 271 18 0 60 244 261 234 103 116 6 16 238 296 224 77 111 62 0 
0 46 276 248 224 212 18 0 0 43 445 190 182 151 13 0 14 376 247 105 238 37 7 0 
15 370 369 164 84 20 2 0 0 296 470 145 88 21 4 0 37 533 261 120 57 13 3 0 
5 162 212 152 107 363 23 0 0 152 213 155 107 338 59 0 23 209 181 134 90 113 274 0 
2 156 171 125 95 473 2 0 1 122 176 123 110 465 27 0 1 147 153 118 109 108 388 0 
13 658 194 117 29 10 0 0 0 528 298 149 29 18 0 0 13 618 205 144 24 18 0 0 
472 293 231 22 6 0 0 0 233 501 266 24 0 0 0 0 520 476 27 1 0 0 0 0 
502 276 237 8 1 0 0 0 304 455 250 15 0 0 0 0 559 431 33 1 0 0 0 0 
318 411 215 39 27 13 1 0 106 550 283 39 25 19 2 0 260 630 69 32 29 3 1 0 
127 403 183 31 63 51 164 2 39 450 217 37 52 91 138 0 120 561 40 40 92 105 66 0 
0 150 207 142 212 136 172 5 0 162 229 218 193 106 116 0 11 315 196 201 127 123 51 0 
0 82 251 277 224 189 1 0 0 88 344 296 252 44 0 0 9 300 280 248 186 1 0 0 
62 250 337 187 148 40 0 0 17 329 367 157 135 19 0 0 123 489 176 159 70 7 0 0 
11 210 339 212 182 70 0 0 8 195 409 182 181 49 0 0 37 400 284 164 130 9 0 0 
12 291 271 181 175 86 8 0 2 319 323 153 142 84 1 0 45 488 194 118 123 56 0 0 
18 370 368 168 69 29 0 0 10 384 493 72 42 21 0 0 90 594 250 48 34 5 0 0 
0 65 231 172 189 367 0 0 0 6 252 182 177 407 0 0 33 157 148 152 140 394 0 0 
0 66 260 200 145 353 0 0 0 12 263 219 137 393 0 0 13 216 163 156 115 361 0 0 
0 54 184 106 149 531 0 0 0 18 185 119 153 548 1 0 7 177 77 105 123 530 5 0 
0 34 198 78 140 573 1 0 0 17 190 95 116 605 1 0 21 156 78 71 128 565 5 0 
0 35 267 109 142 471 0 0 0 2 260 127 136 499 0 0 7 214 120 83 133 466 1 0 
0 91 199 71 246 417 0 0 0 14 248 92 184 486 0 0 5 215 102 52 178 472 0 0 
0 47 175 106 331 365 0 0 0 13 182 120 278 431 0 0 13 148 92 92 237 442 0 0 
0 23 303 179 282 237 0 0 0 4 269 206 250 294 1 0 5 217 167 156 241 237 1 0 
0 27 355 174 173 295 0 0 0 3 288 237 143 353 0 0 27 263 172 127 100 333 2 0 
0 77 426 146 162 210 0 0 0 13 432 184 149 245 0 0 42 365 176 98 125 216 0 0 
0 0 0 192 96 736 0 0 0 0 0 192 96 736 0 0 0 0 0 192 96 736 0 0 
0 0 0 0 96 928 0 0 0 0 0 0 32 992 0 0 0 0 0 0 0 1024 0 0 
0 0 0 0 0 1024 0 0 0 0 0 0 0 1024 0 0 0 0 0 0 0 1024 0 0 
0 0 0 0 0 1024 0 0 0 0 0 0 0 1024 0 0 0 0 0 0 0 1024 0 0 
0 0 0 0 0 1024 0 0 0 0 0 0 0 1024 0 0 0 0 0 0 0 1024 0 0 
0 0 0 0 0 1024 0 0 0 0 0 0 0 1024 0 0 0 0 0 0 0 1024 0 0 
0 0 0 0 0 1024 0 0 0 0 0 0 0 1024 0 0 0 0 0 0 0 1024 0 0 
0 64 384 128 160 288 0 0 0 32 384 160 96 352 0 0 32 352 160 64 128 288 0 0 
0 128 800 96 0 0 0 0 0 32 704 288 0 0 0 0 224 640 160 0 0 0 0 0 
0 0 512 256 256 0 0 0 0 0 426 256 341 0 0 0 0 426 170 256 170 0 0 0 
