0 0 0 0 0 1024 0 0 0 0 0 0 0 1024 0 0 0 0 0 0 0 0 1024 0 
0 0 0 0 0 1024 0 0 0 0 0 0 0 1015 9 0 0 0 0 0 0 0 1024 0 
0 0 0 0 0 1024 0 0 0 0 0 0 0 842 182 0 0 0 0 0 0 0 1024 0 
0 0 0 0 0 1024 0 0 0 0 0 0 0 378 646 0 0 0 0 0 0 0 1024 0 
0 0 0 0 0 1024 0 0 0 0 0 0 0 81 943 0 0 0 0 0 0 0 1024 0 
0 0 0 0 0 1024 0 0 0 0 0 0 0 5 1019 0 0 0 0 0 0 0 1024 0 
0 0 0 0 0 1024 0 0 0 0 0 0 0 0 1024 0 0 0 0 0 0 0 1024 0 
0 0 0 0 0 1024 0 0 0 0 0 0 0 0 1024 0 0 0 0 0 0 0 1024 0 
0 0 0 0 0 1024 0 0 0 0 0 0 0 0 1024 0 0 0 0 0 0 0 1024 0 
0 0 0 0 0 869 155 0 0 0 0 0 0 0 1024 0 0 0 0 0 0 0 1024 0 
0 0 0 0 0 555 469 0 0 0 0 0 0 0 1024 0 0 0 0 0 0 0 1024 0 
0 0 0 0 0 23 1001 0 0 0 0 0 0 0 1024 0 0 0 0 0 0 0 1020 4 
0 0 0 0 0 0 1024 0 0 0 0 0 0 0 1024 0 0 0 0 0 0 0 1015 9 
0 0 0 0 0 0 1024 0 0 0 0 0 0 0 1024 0 0 0 0 0 0 0 919 105 
0 0 0 0 0 0 1024 0 0 0 0 0 0 0 1024 0 0 0 0 0 0 0 810 214 
0 0 0 0 0 0 1024 0 0 0 0 0 0 0 1024 0 0 0 0 0 0 0 583 441 
0 0 0 0 0 0 1024 0 0 0 0 0 0 0 1024 0 0 0 0 0 0 0 439 585 
0 0 0 0 0 0 1024 0 0 0 0 0 0 0 1024 0 0 0 0 0 0 0 392 632 
0 0 0 0 0 0 1024 0 0 0 0 0 0 0 1024 0 0 0 0 0 0 0 126 898 
0 0 0 0 0 0 1024 0 0 0 0 0 0 0 1024 0 0 0 0 0 0 0 45 979 
0 0 0 0 0 0 1024 0 0 0 0 0 0 0 1024 0 0 0 0 0 0 0 129 895 
0 0 0 0 0 0 1024 0 0 0 0 0 0 0 1024 0 0 0 0 0 0 0 42 982 
0 0 0 0 0 0 1024 0 0 0 0 0 0 0 1024 0 0 0 0 0 0 0 0 1024 
0 0 0 0 0 0 1024 0 0 0 0 0 0 0 1024 0 0 0 0 0 0 0 0 1024 
0 0 0 0 0 0 1024 0 0 0 0 0 0 0 1024 0 0 0 0 0 0 0 23 1001 
0 0 0 0 0 0 1024 0 0 0 0 0 0 0 1024 0 0 0 0 0 0 0 2 1022 
0 0 0 0 0 0 1024 0 0 0 0 0 0 0 1024 0 0 0 0 0 0 0 2 1022 
0 0 0 0 0 0 1024 0 0 0 0 0 0 0 1024 0 0 0 0 0 0 0 0 1024 
0 0 0 0 0 0 1024 0 0 0 0 0 0 0 1024 0 0 0 0 0 0 0 3 1021 
0 0 0 0 0 0 1024 0 0 0 0 0 0 0 1024 0 0 0 0 0 0 0 0 1024 
0 0 0 0 0 0 1024 0 0 0 0 0 0 0 1024 0 0 0 0 0 0 0 0 1024 
0 0 0 0 0 0 1024 0 0 0 0 0 0 0 1024 0 0 0 0 0 0 0 0 1024 
0 0 0 0 0 0 1024 0 0 0 0 0 0 0 1024 0 0 0 0 0 0 0 0 1024 
0 0 0 0 0 0 1024 0 0 0 0 0 0 0 1024 0 0 0 0 0 0 0 0 1024 
0 0 0 0 0 0 1024 0 0 0 0 0 0 0 1024 0 0 0 0 0 0 0 1 1023 
0 0 0 0 0 0 1024 0 0 0 0 0 0 0 1024 0 0 0 0 0 0 0 0 1024 
0 0 0 0 0 0 1024 0 0 0 0 0 0 0 1024 0 0 0 0 0 0 0 0 1024 
0 0 0 0 0 0 1024 0 0 0 0 0 0 0 1024 0 0 0 0 0 0 0 0 1024 
0 0 0 0 0 0 1024 0 0 0 0 0 0 0 1024 0 0 0 0 0 0 0 0 1024 
0 0 0 0 0 0 1024 0 0 0 0 0 0 0 1024 0 0 0 0 0 0 0 0 1024 
0 0 0 0 0 1024 0 0 0 0 0 0 0 1019 5 0 0 0 0 0 0 0 1024 0 
0 0 0 0 0 1024 0 0 0 0 0 0 0 870 154 0 0 0 0 0 0 0 1024 0 
0 0 0 0 0 1024 0 0 0 0 0 0 0 612 412 0 0 0 0 0 0 0 1024 0 
0 0 0 0 0 1024 0 0 0 0 0 0 0 181 843 0 0 0 0 0 0 0 1024 0 
0 0 0 0 0 1024 0 0 0 0 0 0 0 15 1009 0 0 0 0 0 0 0 1024 0 
0 0 0 0 0 1022 2 0 0 0 0 0 0 0 1024 0 0 0 0 0 0 0 1024 0 
0 0 0 0 0 1024 0 0 0 0 0 0 0 0 1024 0 0 0 0 0 0 0 1024 0 
0 0 0 0 0 1018 6 0 0 0 0 0 0 0 1024 0 0 0 0 0 0 0 1024 0 
0 0 0 0 0 899 125 0 0 0 0 0 0 0 1024 0 0 0 0 0 0 0 1024 0 
0 0 0 0 0 603 421 0 0 0 0 0 0 0 1024 0 0 0 0 0 0 0 1024 0 
0 0 0 0 0 118 906 0 0 0 0 0 0 0 1024 0 0 0 0 0 0 0 1020 4 
0 0 0 0 0 1 1023 0 0 0 0 0 0 0 1024 0 0 0 0 0 0 0 1021 3 
0 0 0 0 0 0 1024 0 0 0 0 0 0 0 1024 0 0 0 0 0 0 0 924 100 
0 0 0 0 0 0 1024 0 0 0 0 0 0 0 1024 0 0 0 0 0 0 0 946 78 
0 0 0 0 0 0 1024 0 0 0 0 0 0 0 1024 0 0 0 0 0 0 0 939 85 
0 0 0 0 0 0 1024 0 0 0 0 0 0 0 1024 0 0 0 0 0 0 0 854 170 
0 0 0 0 0 0 1024 0 0 0 0 0 0 0 1024 0 0 0 0 0 0 0 394 630 
0 0 0 0 0 0 1024 0 0 0 0 0 0 0 1024 0 0 0 0 0 0 0 187 837 
0 0 0 0 0 0 1024 0 0 0 0 0 0 0 1024 0 0 0 0 0 0 0 278 746 
0 0 0 0 0 0 1024 0 0 0 0 0 0 0 1024 0 0 0 0 0 0 0 12 1012 
0 0 0 0 0 0 1024 0 0 0 0 0 0 0 1024 0 0 0 0 0 0 0 43 981 
0 0 0 0 0 0 1024 0 0 0 0 0 0 0 1024 0 0 0 0 0 0 0 109 915 
0 0 0 0 0 0 1024 0 0 0 0 0 0 0 1024 0 0 0 0 0 0 0 68 956 
0 0 0 0 0 0 1024 0 0 0 0 0 0 0 1024 0 0 0 0 0 0 0 4 1020 
0 0 0 0 0 0 1024 0 0 0 0 0 0 0 1024 0 0 0 0 0 0 0 0 1024 
0 0 0 0 0 0 1024 0 0 0 0 0 0 0 1024 0 0 0 0 0 0 0 5 1019 
0 0 0 0 0 0 1024 0 0 0 0 0 0 0 1024 0 0 0 0 0 0 0 1 1023 
0 0 0 0 0 0 1024 0 0 0 0 0 0 0 1024 0 0 0 0 0 0 0 0 1024 
0 0 0 0 0 0 1024 0 0 0 0 0 0 0 1024 0 0 0 0 0 0 0 0 1024 
0 0 0 0 0 0 1024 0 0 0 0 0 0 0 1024 0 0 0 0 0 0 0 0 1024 
0 0 0 0 0 0 1024 0 0 0 0 0 0 0 1024 0 0 0 0 0 0 0 0 1024 
0 0 0 0 0 0 1024 0 0 0 0 0 0 0 1024 0 0 0 0 0 0 0 0 1024 
0 0 0 0 0 0 1024 0 0 0 0 0 0 0 1024 0 0 0 0 0 0 0 0 1024 
0 0 0 0 0 0 1024 0 0 0 0 0 0 0 1024 0 0 0 0 0 0 0 0 1024 
0 0 0 0 0 0 1024 0 0 0 0 0 0 0 1024 0 0 0 0 0 0 0 0 1024 
0 0 0 0 0 0 1024 0 0 0 0 0 0 0 1024 0 0 0 0 0 0 0 0 1024 
0 0 0 0 0 0 1024 0 0 0 0 0 0 0 1024 0 0 0 0 0 0 0 0 1024 
0 0 0 0 0 0 1024 0 0 0 0 0 0 0 1024 0 0 0 0 0 0 0 0 1024 
0 0 0 0 0 0 1024 0 0 0 0 0 0 0 1024 0 0 0 0 0 0 0 0 1024 
0 0 0 0 0 0 1024 0 0 0 0 0 0 0 1024 0 0 0 0 0 0 0 0 1024 
0 0 0 0 0 1024 0 0 0 0 0 0 0 1011 13 0 0 0 0 0 0 0 1024 0 
0 0 0 0 0 1024 0 0 0 0 0 0 0 759 265 0 0 0 0 0 0 0 1024 0 
0 0 0 0 0 1024 0 0 0 0 0 0 0 256 768 0 0 0 0 0 0 0 1024 0 
0 0 0 0 0 1024 0 0 0 0 0 0 0 8 1016 0 0 0 0 0 0 0 1024 0 
0 0 0 0 0 1024 0 0 0 0 0 0 0 2 1022 0 0 0 0 0 0 0 1024 0 
0 0 0 0 0 1024 0 0 0 0 0 0 0 0 1024 0 0 0 0 0 0 0 1024 0 
0 0 0 0 0 1015 9 0 0 0 0 0 0 0 1024 0 0 0 0 0 0 0 1024 0 
0 0 0 0 0 1014 10 0 0 0 0 0 0 0 1024 0 0 0 0 0 0 0 1024 0 
0 0 0 0 0 886 138 0 0 0 0 0 0 0 1024 0 0 0 0 0 0 0 1024 0 
0 0 0 0 0 480 544 0 0 0 0 0 0 0 1024 0 0 0 0 0 0 0 1024 0 
0 0 0 0 0 90 934 0 0 0 0 0 0 0 1024 0 0 0 0 0 0 0 1022 2 
0 0 0 0 0 0 1024 0 0 0 0 0 0 0 1024 0 0 0 0 0 0 0 1010 14 
0 0 0 0 0 0 1024 0 0 0 0 0 0 0 1024 0 0 0 0 0 0 0 979 45 
0 0 0 0 0 0 1024 0 0 0 0 0 0 0 1024 0 0 0 0 0 0 0 875 149 
0 0 0 0 0 0 1024 0 0 0 0 0 0 0 1024 0 0 0 0 0 0 0 791 233 
0 0 0 0 0 0 1024 0 0 0 0 0 0 0 1024 0 0 0 0 0 0 0 702 322 
0 0 0 0 0 0 1024 0 0 0 0 0 0 0 1024 0 0 0 0 0 0 0 216 808 
0 0 0 0 0 0 1024 0 0 0 0 0 0 0 1024 0 0 0 0 0 0 0 204 820 
0 0 0 0 0 0 1024 0 0 0 0 0 0 0 1024 0 0 0 0 0 0 0 160 864 
0 0 0 0 0 0 1024 0 0 0 0 0 0 0 1024 0 0 0 0 0 0 0 38 986 
0 0 0 0 0 0 1024 0 0 0 0 0 0 0 1024 0 0 0 0 0 0 0 39 985 
0 0 0 0 0 0 1024 0 0 0 0 0 0 0 1024 0 0 0 0 0 0 0 34 990 
0 0 0 0 0 0 1024 0 0 0 0 0 0 0 1024 0 0 0 0 0 0 0 1 1023 
0 0 0 0 0 0 1024 0 0 0 0 0 0 0 1024 0 0 0 0 0 0 0 0 1024 
0 0 0 0 0 0 1024 0 0 0 0 0 0 0 1024 0 0 0 0 0 0 0 1 1023 
0 0 0 0 0 0 1024 0 0 0 0 0 0 0 1024 0 0 0 0 0 0 0 0 1024 
0 0 0 0 0 0 1024 0 0 0 0 0 0 0 1024 0 0 0 0 0 0 0 0 1024 
0 0 0 0 0 0 1024 0 0 0 0 0 0 0 1024 0 0 0 0 0 0 0 0 1024 
0 0 0 0 0 0 1024 0 0 0 0 0 0 0 1024 0 0 0 0 0 0 0 0 1024 
0 0 0 0 0 0 1024 0 0 0 0 0 0 0 1024 0 0 0 0 0 0 0 0 1024 
0 0 0 0 0 0 1024 0 0 0 0 0 0 0 1024 0 0 0 0 0 0 0 0 1024 
0 0 0 0 0 0 1024 0 0 0 0 0 0 0 1024 0 0 0 0 0 0 0 0 1024 
0 0 0 0 0 0 1024 0 0 0 0 0 0 0 1024 0 0 0 0 0 0 0 0 1024 
0 0 0 0 0 0 1024 0 0 0 0 0 0 0 1024 0 0 0 0 0 0 0 0 1024 
0 0 0 0 0 0 1024 0 0 0 0 0 0 0 1024 0 0 0 0 0 0 0 32 992 
0 0 0 0 0 0 1024 0 0 0 0 0 0 0 1024 0 0 0 0 0 0 0 0 1024 
0 0 0 0 0 0 1024 0 0 0 0 0 0 0 1024 0 0 0 0 0 0 0 0 1024 
0 0 0 0 0 0 1024 0 0 0 0 0 0 0 1024 0 0 0 0 0 0 0 0 1024 
0 0 0 0 0 0 1024 0 0 0 0 0 0 0 1024 0 0 0 0 0 0 0 0 1024 
0 0 0 0 0 0 1024 0 0 0 0 0 0 0 1024 0 0 0 0 0 0 0 0 1024 
0 0 0 0 0 1024 0 0 0 0 0 0 0 793 231 0 0 0 0 0 0 0 1024 0 
0 0 0 0 0 1024 0 0 0 0 0 0 0 227 797 0 0 0 0 0 0 0 1024 0 
0 0 0 0 0 1024 0 0 0 0 0 0 0 16 1008 0 0 0 0 0 0 0 1024 0 
0 0 0 0 0 1024 0 0 0 0 0 0 0 3 1021 0 0 0 0 0 0 0 1024 0 
0 0 0 0 0 1008 16 0 0 0 0 0 0 0 1024 0 0 0 0 0 0 0 1024 0 
0 0 0 0 0 1003 21 0 0 0 0 0 0 0 1024 0 0 0 0 0 0 0 1024 0 
0 0 0 0 0 985 39 0 0 0 0 0 0 0 1024 0 0 0 0 0 0 0 1024 0 
0 0 0 0 0 687 337 0 0 0 0 0 0 0 1024 0 0 0 0 0 0 0 1024 0 
0 0 0 0 0 214 810 0 0 0 0 0 0 0 1024 0 0 0 0 0 0 0 1020 4 
0 0 0 0 0 0 1024 0 0 0 0 0 0 0 1024 0 0 0 0 0 0 0 1019 5 
0 0 0 0 0 13 1011 0 0 0 0 0 0 0 1024 0 0 0 0 0 0 0 1017 7 
0 0 0 0 0 0 1024 0 0 0 0 0 0 0 1024 0 0 0 0 0 0 0 1018 6 
0 0 0 0 0 0 1024 0 0 0 0 0 0 0 1024 0 0 0 0 0 0 0 963 61 
0 0 0 0 0 0 1024 0 0 0 0 0 0 0 1024 0 0 0 0 0 0 0 884 140 
0 0 0 0 0 0 1024 0 0 0 0 0 0 0 1024 0 0 0 0 0 0 0 818 206 
0 0 0 0 0 0 1024 0 0 0 0 0 0 0 1024 0 0 0 0 0 0 0 421 603 
0 0 0 0 0 0 1024 0 0 0 0 0 0 0 1024 0 0 0 0 0 0 0 428 596 
0 0 0 0 0 0 1024 0 0 0 0 0 0 0 1024 0 0 0 0 0 0 0 171 853 
0 0 0 0 0 0 1024 0 0 0 0 0 0 0 1024 0 0 0 0 0 0 0 42 982 
0 0 0 0 0 0 1024 0 0 0 0 0 0 0 1024 0 0 0 0 0 0 0 78 946 
0 0 0 0 0 0 1024 0 0 0 0 0 0 0 1024 0 0 0 0 0 0 0 43 981 
0 0 0 0 0 0 1024 0 0 0 0 0 0 0 1024 0 0 0 0 0 0 0 27 997 
0 0 0 0 0 0 1024 0 0 0 0 0 0 0 1024 0 0 0 0 0 0 0 16 1008 
0 0 0 0 0 0 1024 0 0 0 0 0 0 0 1024 0 0 0 0 0 0 0 1 1023 
0 0 0 0 0 0 1024 0 0 0 0 0 0 0 1024 0 0 0 0 0 0 0 0 1024 
0 0 0 0 0 0 1024 0 0 0 0 0 0 0 1024 0 0 0 0 0 0 0 0 1024 
0 0 0 0 0 0 1024 0 0 0 0 0 0 0 1024 0 0 0 0 0 0 0 11 1013 
0 0 0 0 0 0 1024 0 0 0 0 0 0 0 1024 0 0 0 0 0 0 0 0 1024 
0 0 0 0 0 0 1024 0 0 0 0 0 0 0 1024 0 0 0 0 0 0 0 0 1024 
0 0 0 0 0 0 1024 0 0 0 0 0 0 0 1024 0 0 0 0 0 0 0 0 1024 
0 0 0 0 0 0 1024 0 0 0 0 0 0 0 1024 0 0 0 0 0 0 0 0 1024 
0 0 0 0 0 0 1024 0 0 0 0 0 0 0 1024 0 0 0 0 0 0 0 0 1024 
0 0 0 0 0 0 1024 0 0 0 0 0 0 0 1024 0 0 0 0 0 0 0 2 1022 
0 0 0 0 0 0 1024 0 0 0 0 0 0 0 1023 1 0 0 0 0 0 0 1 1023 
0 0 0 0 0 0 1024 0 0 0 0 0 0 0 1024 0 0 0 0 0 0 0 0 1024 
0 0 0 0 0 0 1024 0 0 0 0 0 0 0 1024 0 0 0 0 0 0 0 2 1022 
0 0 0 0 0 0 1024 0 0 0 0 0 0 0 1024 0 0 0 0 0 0 0 0 1024 
0 0 0 0 0 0 1024 0 0 0 0 0 0 0 1024 0 0 0 0 0 0 0 0 1024 
0 0 0 0 0 0 1024 0 0 0 0 0 0 0 1024 0 0 0 0 0 0 0 13 1011 
0 0 0 0 0 0 1024 0 0 0 0 0 0 0 1024 0 0 0 0 0 0 0 0 1024 
0 0 0 0 0 1024 0 0 0 0 0 0 0 656 368 0 0 0 0 0 0 0 1024 0 
0 0 0 0 0 1024 0 0 0 0 0 0 0 148 876 0 0 0 0 0 0 0 1024 0 
0 0 0 0 0 1024 0 0 0 0 0 0 0 4 1020 0 0 0 0 0 0 0 1024 0 
0 0 0 0 0 1024 0 0 0 0 0 0 0 0 1024 0 0 0 0 0 0 0 1024 0 
0 0 0 0 0 951 73 0 0 0 0 0 0 0 1024 0 0 0 0 0 0 0 1024 0 
0 0 0 0 0 848 176 0 0 0 0 0 0 0 1024 0 0 0 0 0 0 0 1024 0 
0 0 0 0 0 388 636 0 0 0 0 0 0 0 1024 0 0 0 0 0 0 0 1024 0 
0 0 0 0 0 46 978 0 0 0 0 0 0 0 1024 0 0 0 0 0 0 0 1024 0 
0 0 0 0 0 45 979 0 0 0 0 0 0 0 1024 0 0 0 0 0 0 0 1024 0 
0 0 0 0 0 0 1024 0 0 0 0 0 0 0 1024 0 0 0 0 0 0 0 1024 0 
0 0 0 0 0 0 1024 0 0 0 0 0 0 0 1024 0 0 0 0 0 0 0 1014 10 
0 0 0 0 0 0 1024 0 0 0 0 0 0 0 1024 0 0 0 0 0 0 0 1006 18 
0 0 0 0 0 0 1024 0 0 0 0 0 0 0 1024 0 0 0 0 0 0 0 900 124 
0 0 0 0 0 0 1024 0 0 0 0 0 0 0 1024 0 0 0 0 0 0 0 948 76 
0 0 0 0 0 0 1024 0 0 0 0 0 0 0 1024 0 0 0 0 0 0 0 954 70 
0 0 0 0 0 0 1024 0 0 0 0 0 0 0 1024 0 0 0 0 0 0 0 727 297 
0 0 0 0 0 0 1024 0 0 0 0 0 0 0 1024 0 0 0 0 0 0 0 580 444 
0 0 0 0 0 0 1024 0 0 0 0 0 0 0 1024 0 0 0 0 0 0 0 75 949 
0 0 0 0 0 0 1024 0 0 0 0 0 0 0 1024 0 0 0 0 0 0 0 159 865 
0 0 0 0 0 0 1024 0 0 0 0 0 0 0 1024 0 0 0 0 0 0 0 110 914 
0 0 0 0 0 0 1024 0 0 0 0 0 0 0 1024 0 0 0 0 0 0 0 80 944 
0 0 0 0 0 0 1024 0 0 0 0 0 0 0 1024 0 0 0 0 0 0 0 24 1000 
0 0 0 0 0 0 1024 0 0 0 0 0 0 0 1024 0 0 0 0 0 0 0 5 1019 
0 0 0 0 0 0 1024 0 0 0 0 0 0 0 1024 0 0 0 0 0 0 0 0 1024 
0 0 0 0 0 0 1024 0 0 0 0 0 0 0 1024 0 0 0 0 0 0 0 0 1024 
0 0 0 0 0 0 1024 0 0 0 0 0 0 0 1024 0 0 0 0 0 0 0 0 1024 
0 0 0 0 0 0 1024 0 0 0 0 0 0 0 1024 0 0 0 0 0 0 0 0 1024 
0 0 0 0 0 0 1024 0 0 0 0 0 0 0 1024 0 0 0 0 0 0 0 0 1024 
0 0 0 0 0 0 1024 0 0 0 0 0 0 0 1024 0 0 0 0 0 0 0 0 1024 
0 0 0 0 0 0 1024 0 0 0 0 0 0 0 1024 0 0 0 0 0 0 0 0 1024 
0 0 0 0 0 0 1024 0 0 0 0 0 0 0 1024 0 0 0 0 0 0 0 4 1020 
0 0 0 0 0 0 1024 0 0 0 0 0 0 0 1024 0 0 0 0 0 0 0 0 1024 
0 0 0 0 0 0 1024 0 0 0 0 0 0 0 1024 0 0 0 0 0 0 0 0 1024 
0 0 0 0 0 0 1024 0 0 0 0 0 0 0 1024 0 0 0 0 0 0 0 0 1024 
0 0 0 0 0 0 1024 0 0 0 0 0 0 0 1024 0 0 0 0 0 0 0 0 1024 
0 0 0 0 0 0 1024 0 0 0 0 0 0 0 1024 0 0 0 0 0 0 0 57 967 
0 0 0 0 0 0 1024 0 0 0 0 0 0 0 1024 0 0 0 0 0 0 0 46 978 
0 0 0 0 0 0 1024 0 0 0 0 0 0 0 1024 0 0 0 0 0 0 0 32 992 
0 0 0 0 0 0 1024 0 0 0 0 0 0 0 1024 0 0 0 0 0 0 0 36 988 
0 0 0 0 0 0 1024 0 0 0 0 0 0 0 1024 0 0 0 0 0 0 0 38 986 
0 0 0 0 0 1024 0 0 0 0 0 0 0 581 443 0 0 0 0 0 0 0 1024 0 
0 0 0 0 0 1024 0 0 0 0 0 0 0 66 958 0 0 0 0 0 0 0 1024 0 
0 0 0 0 0 992 32 0 0 0 0 0 0 0 1024 0 0 0 0 0 0 0 1024 0 
0 0 0 0 0 988 36 0 0 0 0 0 0 0 1024 0 0 0 0 0 0 0 1024 0 
0 0 0 0 0 608 416 0 0 0 0 0 0 0 1024 0 0 0 0 0 0 0 1024 0 
0 0 0 0 0 232 792 0 0 0 0 0 0 0 1024 0 0 0 0 0 0 0 1024 0 
0 0 0 0 0 15 1009 0 0 0 0 0 0 0 1024 0 0 0 0 0 0 0 1024 0 
0 0 0 0 0 44 980 0 0 0 0 0 0 0 1024 0 0 0 0 0 0 0 1024 0 
0 0 0 0 0 0 1024 0 0 0 0 0 0 0 1024 0 0 0 0 0 0 0 1024 0 
0 0 0 0 0 0 1024 0 0 0 0 0 0 0 1024 0 0 0 0 0 0 0 1024 0 
0 0 0 0 0 0 1024 0 0 0 0 0 0 0 1024 0 0 0 0 0 0 0 1020 4 
0 0 0 0 0 0 1024 0 0 0 0 0 0 0 1024 0 0 0 0 0 0 0 1009 15 
0 0 0 0 0 0 1024 0 0 0 0 0 0 0 1024 0 0 0 0 0 0 0 1017 7 
0 0 0 0 0 0 1024 0 0 0 0 0 0 0 1024 0 0 0 0 0 0 0 971 53 
0 0 0 0 0 0 1024 0 0 0 0 0 0 0 1024 0 0 0 0 0 0 0 910 114 
0 0 0 0 0 0 1024 0 0 0 0 0 0 0 1024 0 0 0 0 0 0 0 996 28 
0 0 0 0 0 0 1024 0 0 0 0 0 0 0 1024 0 0 0 0 0 0 0 856 168 
0 0 0 0 0 0 1024 0 0 0 0 0 0 0 1024 0 0 0 0 0 0 0 510 514 
0 0 0 0 0 0 1024 0 0 0 0 0 0 0 1024 0 0 0 0 0 0 0 395 629 
0 0 0 0 0 0 1024 0 0 0 0 0 0 0 1024 0 0 0 0 0 0 0 106 918 
0 0 0 0 0 0 1024 0 0 0 0 0 0 0 1024 0 0 0 0 0 0 0 93 931 
0 0 0 0 0 0 1024 0 0 0 0 0 0 0 1024 0 0 0 0 0 0 0 118 906 
0 0 0 0 0 0 1024 0 0 0 0 0 0 0 1024 0 0 0 0 0 0 0 29 995 
0 0 0 0 0 0 1024 0 0 0 0 0 0 0 1024 0 0 0 0 0 0 0 1 1023 
0 0 0 0 0 0 1024 0 0 0 0 0 0 0 1024 0 0 0 0 0 0 0 33 991 
0 0 0 0 0 0 1024 0 0 0 0 0 0 0 1024 0 0 0 0 0 0 0 10 1014 
0 0 0 0 0 0 1024 0 0 0 0 0 0 0 1024 0 0 0 0 0 0 0 6 1018 
0 0 0 0 0 0 1024 0 0 0 0 0 0 0 1024 0 0 0 0 0 0 0 4 1020 
0 0 0 0 0 0 1024 0 0 0 0 0 0 0 1024 0 0 0 0 0 0 0 5 1019 
0 0 0 0 0 0 1024 0 0 0 0 0 0 0 1024 0 0 0 0 0 0 0 2 1022 
0 0 0 0 0 0 1024 0 0 0 0 0 0 0 1024 0 0 0 0 0 0 0 30 994 
0 0 0 0 0 0 1024 0 0 0 0 0 0 0 1024 0 0 0 0 0 0 0 0 1024 
0 0 0 0 0 0 1024 0 0 0 0 0 0 0 1024 0 0 0 0 0 0 0 192 832 
0 0 2 11 21 25 959 6 0 0 2 12 22 24 959 5 0 0 5 9 23 23 237 727 
0 0 64 107 91 72 689 1 0 0 54 94 104 76 693 3 0 25 85 103 64 63 275 409 
0 0 2 1 4 3 1006 8 0 0 2 1 4 3 1005 9 0 0 2 1 3 4 353 661 
0 0 0 0 0 0 1023 1 0 0 0 0 0 0 1024 0 0 0 0 0 0 0 273 751 
0 0 0 0 0 0 1024 0 0 0 0 0 0 0 1024 0 0 0 0 0 0 0 153 871 
0 0 0 0 0 0 1024 0 0 0 0 0 0 0 1024 0 0 0 0 0 0 0 51 973 
0 0 0 0 0 0 1024 0 0 0 0 0 0 0 1024 0 0 0 0 0 0 0 153 871 
0 0 0 0 0 1023 1 0 0 0 0 0 0 542 482 0 0 0 0 0 0 0 1024 0 
0 0 0 0 0 1024 0 0 0 0 0 0 0 88 936 0 0 0 0 0 0 0 1024 0 
0 0 0 0 0 1004 20 0 0 0 0 0 0 0 1024 0 0 0 0 0 0 0 1024 0 
0 0 0 0 0 828 196 0 0 0 0 0 0 0 1024 0 0 0 0 0 0 0 1024 0 
0 0 0 0 0 485 539 0 0 0 0 0 0 0 1024 0 0 0 0 0 0 0 1024 0 
0 0 0 0 0 60 964 0 0 0 0 0 0 0 1024 0 0 0 0 0 0 0 1024 0 
0 0 0 0 0 0 1024 0 0 0 0 0 0 0 1024 0 0 0 0 0 0 0 1024 0 
0 0 0 0 0 6 1018 0 0 0 0 0 0 0 1024 0 0 0 0 0 0 0 1024 0 
0 0 0 0 0 0 1024 0 0 0 0 0 0 0 1024 0 0 0 0 0 0 0 1024 0 
0 0 0 0 0 0 1024 0 0 0 0 0 0 0 1024 0 0 0 0 0 0 0 1024 0 
0 0 0 0 0 0 1024 0 0 0 0 0 0 0 1024 0 0 0 0 0 0 0 1024 0 
0 0 0 0 0 0 1024 0 0 0 0 0 0 0 1024 0 0 0 0 0 0 0 1024 0 
0 0 0 0 0 0 1024 0 0 0 0 0 0 0 1024 0 0 0 0 0 0 0 1024 0 
0 0 0 0 0 0 1024 0 0 0 0 0 0 0 1024 0 0 0 0 0 0 0 1024 0 
0 0 0 0 0 0 1024 0 0 0 0 0 0 0 1024 0 0 0 0 0 0 0 1020 4 
0 0 0 0 0 0 1024 0 0 0 0 0 0 0 1024 0 0 0 0 0 0 0 989 35 
0 0 0 0 0 0 1024 0 0 0 0 0 0 0 1024 0 0 0 0 0 0 0 971 53 
0 0 0 0 0 0 1024 0 0 0 0 0 0 0 1024 0 0 0 0 0 0 0 803 221 
0 0 0 0 0 0 1024 0 0 0 0 0 0 0 1024 0 0 0 0 0 0 0 569 455 
0 0 0 0 0 0 1024 0 0 0 0 0 0 0 1024 0 0 0 0 0 0 0 452 572 
0 0 0 0 0 0 1024 0 0 0 0 0 0 0 1024 0 0 0 0 0 0 0 428 596 
0 0 0 0 0 0 1024 0 0 0 0 0 0 0 1024 0 0 0 0 0 0 0 185 839 
0 0 0 0 0 0 1024 0 0 0 0 0 0 0 1024 0 0 0 0 0 0 0 224 800 
0 0 0 0 0 0 1024 0 0 0 0 0 0 0 1024 0 0 0 0 0 0 0 161 863 
0 0 0 0 0 0 1024 0 0 0 0 0 0 0 1024 0 0 0 0 0 0 0 34 990 
0 0 0 0 0 0 1024 0 0 0 0 0 0 0 1024 0 0 0 0 0 0 0 22 1002 
0 0 0 0 0 0 1024 0 0 0 0 0 0 0 1024 0 0 0 0 0 0 0 25 999 
0 0 0 0 0 0 1024 0 0 0 0 0 0 0 1024 0 0 0 0 0 0 0 236 788 
0 0 0 0 0 0 1024 0 0 0 0 0 0 0 1024 0 0 0 0 0 0 0 3 1021 
0 0 0 0 0 0 1024 0 0 0 0 0 0 0 1024 0 0 0 0 0 0 0 623 401 
0 0 0 0 0 0 1024 0 0 0 0 0 0 0 1024 0 0 0 0 0 0 0 404 620 
0 0 0 0 0 0 1024 0 0 0 0 0 0 0 1024 0 0 0 0 0 0 0 659 365 
0 0 0 0 0 0 1024 0 0 0 0 0 0 0 1024 0 0 0 0 0 0 0 712 312 
0 11 196 229 132 168 272 16 0 2 200 231 140 164 270 17 0 57 203 199 130 146 239 50 
0 24 428 167 227 100 73 5 0 4 428 192 232 84 75 9 4 350 270 230 83 42 36 9 
0 0 17 104 184 193 462 64 0 0 21 104 188 189 450 72 0 4 88 165 122 141 381 123 
0 0 30 158 126 111 543 56 0 0 49 149 119 103 539 65 0 28 113 99 114 83 371 216 
0 0 39 94 184 146 542 19 0 0 38 94 177 145 527 43 0 2 64 115 190 102 366 185 
0 0 0 3 5 11 991 14 0 0 0 3 4 12 986 19 0 0 0 3 7 10 713 291 
0 0 0 0 0 0 1024 0 0 0 0 0 0 0 1024 0 0 0 0 0 0 0 360 664 
0 0 0 0 0 1024 0 0 0 0 0 0 0 565 459 0 0 0 0 0 0 0 1024 0 
0 0 0 0 0 1024 0 0 0 0 0 0 0 57 967 0 0 0 0 0 0 0 1024 0 
0 0 0 0 0 918 106 0 0 0 0 0 0 12 1012 0 0 0 0 0 0 0 1024 0 
0 0 0 0 0 815 209 0 0 0 0 0 0 0 1024 0 0 0 0 0 0 0 1024 0 
0 0 0 0 0 235 789 0 0 0 0 0 0 0 1024 0 0 0 0 0 0 0 1024 0 
0 0 0 0 0 109 915 0 0 0 0 0 0 0 1024 0 0 0 0 0 0 0 1024 0 
0 0 0 0 0 15 1009 0 0 0 0 0 0 0 1024 0 0 0 0 0 0 0 1024 0 
0 0 0 0 0 1 1023 0 0 0 0 0 0 0 1024 0 0 0 0 0 0 0 1024 0 
0 0 0 0 0 0 1024 0 0 0 0 0 0 0 1024 0 0 0 0 0 0 0 1024 0 
0 0 0 0 0 0 1024 0 0 0 0 0 0 0 1024 0 0 0 0 0 0 0 1024 0 
0 0 0 0 0 0 1024 0 0 0 0 0 0 0 1024 0 0 0 0 0 0 0 1024 0 
0 0 0 0 0 0 1024 0 0 0 0 0 0 0 1024 0 0 0 0 0 0 0 1024 0 
0 0 0 0 0 0 1024 0 0 0 0 0 0 0 1024 0 0 0 0 0 0 0 1024 0 
0 0 0 0 0 0 1024 0 0 0 0 0 0 0 1024 0 0 0 0 0 0 0 1024 0 
0 0 0 0 0 0 1024 0 0 0 0 0 0 0 1024 0 0 0 0 0 0 0 1021 3 
0 0 0 0 0 0 1024 0 0 0 0 0 0 0 1024 0 0 0 0 0 0 0 1020 4 
0 0 0 0 0 0 1024 0 0 0 0 0 0 0 1024 0 0 0 0 0 0 0 950 74 
0 0 0 0 0 0 1024 0 0 0 0 0 0 0 1024 0 0 0 0 0 0 0 986 38 
0 0 0 0 0 0 1024 0 0 0 0 0 0 0 1024 0 0 0 0 0 0 0 996 28 
0 0 0 0 0 0 1024 0 0 0 0 0 0 0 1024 0 0 0 0 0 0 0 1000 24 
0 0 0 0 0 0 1024 0 0 0 0 0 0 0 1024 0 0 0 0 0 0 0 900 124 
0 0 0 0 0 0 1024 0 0 0 0 0 0 0 1024 0 0 0 0 0 0 0 845 179 
0 0 0 0 0 0 1024 0 0 0 0 0 0 0 1024 0 0 0 0 0 0 0 558 466 
0 0 0 0 0 0 1024 0 0 0 0 0 0 0 1024 0 0 0 0 0 0 0 442 582 
0 0 0 0 0 0 1024 0 0 0 0 0 0 0 1024 0 0 0 0 0 0 0 565 459 
0 0 0 0 0 0 1024 0 0 0 0 0 0 0 1024 0 0 0 0 0 0 0 358 666 
0 0 0 0 0 0 1024 0 0 0 0 0 0 0 1024 0 0 0 0 0 0 0 531 493 
0 0 0 0 0 0 1024 0 0 0 0 0 0 0 1024 0 0 0 0 0 0 0 901 123 
0 0 0 0 0 0 1024 0 0 0 0 0 0 0 1024 0 0 0 0 0 0 0 604 420 
0 0 0 0 0 0 1024 0 0 0 0 0 0 0 1024 0 0 0 0 0 0 0 839 185 
0 0 0 0 0 0 1024 0 0 0 0 0 0 0 1024 0 0 0 0 0 0 0 985 39 
0 0 0 0 4 6 1014 0 0 0 0 0 4 6 1009 5 0 0 0 0 4 6 911 103 
0 0 60 68 84 114 628 70 0 0 68 69 79 118 613 77 0 24 56 61 73 109 522 179 
0 87 335 329 144 58 59 12 0 83 413 310 109 39 54 16 0 296 387 173 60 36 53 19 
0 166 605 214 27 12 0 0 0 188 616 181 27 11 1 0 2 665 288 48 18 3 0 0 
0 72 391 432 124 5 0 0 0 57 448 416 100 3 0 0 3 493 442 80 6 0 0 0 
0 268 433 274 41 7 1 0 0 214 460 303 36 10 1 0 2 646 311 52 10 3 0 0 
0 45 241 188 172 133 225 20 0 36 235 185 174 133 243 18 6 160 224 159 128 111 221 15 
0 0 35 42 33 52 834 28 0 0 24 53 32 54 844 17 0 19 34 35 36 43 749 108 
0 0 17 49 52 26 872 8 0 0 11 46 54 28 866 19 0 19 42 38 32 21 738 134 
0 0 0 0 0 1023 1 0 0 0 0 0 0 527 497 0 0 0 0 0 0 0 1024 0 
0 0 0 0 0 1022 2 0 0 0 0 0 0 36 988 0 0 0 0 0 0 0 1024 0 
0 0 0 0 0 783 241 0 0 0 0 0 0 18 1006 0 0 0 0 0 0 0 1024 0 
0 0 0 0 0 367 657 0 0 0 0 0 0 0 1024 0 0 0 0 0 0 0 1024 0 
0 0 0 0 0 231 793 0 0 0 0 0 0 0 1024 0 0 0 0 0 0 0 1024 0 
0 0 0 0 0 16 1008 0 0 0 0 0 0 0 1024 0 0 0 0 0 0 0 1024 0 
0 0 0 0 0 7 1017 0 0 0 0 0 0 0 1024 0 0 0 0 0 0 0 1024 0 
0 0 0 0 0 0 1024 0 0 0 0 0 0 0 1024 0 0 0 0 0 0 0 1024 0 
0 0 0 0 0 0 1024 0 0 0 0 0 0 0 1024 0 0 0 0 0 0 0 1024 0 
0 0 0 0 0 0 1024 0 0 0 0 0 0 0 1024 0 0 0 0 0 0 0 1024 0 
0 0 0 0 0 0 1024 0 0 0 0 0 0 0 1024 0 0 0 0 0 0 0 1024 0 
0 0 0 0 0 0 1024 0 0 0 0 0 0 0 1024 0 0 0 0 0 0 0 1024 0 
0 0 0 0 0 0 1024 0 0 0 0 0 0 0 1024 0 0 0 0 0 0 0 1024 0 
0 0 0 0 0 0 1024 0 0 0 0 0 0 0 1024 0 0 0 0 0 0 0 1024 0 
0 0 0 0 0 0 1024 0 0 0 0 0 0 0 1024 0 0 0 0 0 0 0 1024 0 
0 0 0 0 0 0 1024 0 0 0 0 0 0 0 1024 0 0 0 0 0 0 0 1024 0 
0 0 0 0 0 0 1024 0 0 0 0 0 0 0 1024 0 0 0 0 0 0 0 1024 0 
0 0 0 0 0 0 1024 0 0 0 0 0 0 0 1024 0 0 0 0 0 0 0 1021 3 
0 0 0 0 0 0 1024 0 0 0 0 0 0 0 1024 0 0 0 0 0 0 0 1020 4 
0 0 0 0 0 0 1024 0 0 0 0 0 0 0 1024 0 0 0 0 0 0 0 1024 0 
0 0 0 0 0 0 1024 0 0 0 0 0 0 0 1024 0 0 0 0 0 0 0 1024 0 
0 0 0 0 0 0 1024 0 0 0 0 0 0 0 1024 0 0 0 0 0 0 0 963 61 
0 0 0 0 0 0 1024 0 0 0 0 0 0 0 1024 0 0 0 0 0 0 0 1024 0 
0 0 0 0 0 0 1024 0 0 0 0 0 0 0 1024 0 0 0 0 0 0 0 1023 1 
0 0 0 0 0 0 1024 0 0 0 0 0 0 0 1024 0 0 0 0 0 0 0 1023 1 
0 0 0 0 0 0 1024 0 0 0 0 0 0 0 1024 0 0 0 0 0 0 0 965 59 
0 0 0 0 0 0 1024 0 0 0 0 0 0 0 1024 0 0 0 0 0 0 0 1020 4 
0 0 0 0 0 0 1024 0 0 0 0 0 0 0 1024 0 0 0 0 0 0 0 1024 0 
0 0 0 0 0 0 1024 0 0 0 0 0 0 0 1024 0 0 0 0 0 0 0 1018 6 
0 0 0 0 0 0 1024 0 0 0 0 0 0 0 1024 0 0 0 0 0 0 0 1022 2 
0 0 61 82 76 49 717 39 0 0 52 89 78 49 721 35 0 14 83 71 55 44 656 101 
0 0 253 363 187 89 123 9 0 0 174 381 228 104 118 19 0 187 359 182 92 83 93 28 
0 207 165 247 133 60 183 29 0 152 175 244 165 65 186 37 2 356 222 129 67 49 161 38 
0 231 301 252 135 51 48 6 0 178 294 343 118 33 40 18 10 557 228 102 57 26 41 3 
0 16 78 157 120 132 455 66 0 31 98 154 127 134 436 44 2 28 150 128 121 115 400 80 
0 236 397 157 87 69 69 9 0 264 405 139 72 74 63 7 18 483 219 94 67 67 68 8 
0 271 382 194 98 44 35 0 0 345 362 205 75 36 1 0 42 691 248 43 0 0 0 0 
0 23 159 278 332 119 92 21 0 32 210 453 180 77 50 22 16 379 388 107 40 32 52 10 
0 48 296 307 200 65 99 9 0 7 410 313 152 35 96 11 0 354 390 115 38 26 67 34 
0 0 101 250 140 80 443 10 0 0 64 253 139 96 442 30 0 59 224 158 91 62 415 15 
0 0 0 0 0 1023 1 0 0 0 0 0 0 770 254 0 0 0 0 0 0 0 1024 0 
0 0 0 0 0 956 68 0 0 0 0 0 0 186 838 0 0 0 0 0 0 0 1024 0 
0 0 0 0 0 797 227 0 0 0 0 0 0 36 988 0 0 0 0 0 0 0 1024 0 
0 0 0 0 0 205 819 0 0 0 0 0 0 0 1024 0 0 0 0 0 0 0 1024 0 
0 0 0 0 0 192 832 0 0 0 0 0 0 0 1024 0 0 0 0 0 0 0 1024 0 
0 0 0 0 0 6 1018 0 0 0 0 0 0 0 1024 0 0 0 0 0 0 0 1024 0 
0 0 0 0 0 0 1024 0 0 0 0 0 0 0 1024 0 0 0 0 0 0 0 1024 0 
0 0 0 0 0 0 1024 0 0 0 0 0 0 0 1024 0 0 0 0 0 0 0 1024 0 
0 0 0 0 0 0 1024 0 0 0 0 0 0 0 1024 0 0 0 0 0 0 0 1024 0 
0 0 0 0 0 0 1024 0 0 0 0 0 0 0 1024 0 0 0 0 0 0 0 1024 0 
0 0 0 0 0 0 1024 0 0 0 0 0 0 0 1024 0 0 0 0 0 0 0 1024 0 
0 0 0 0 0 0 1024 0 0 0 0 0 0 0 1024 0 0 0 0 0 0 0 1024 0 
0 0 0 0 0 0 1024 0 0 0 0 0 0 0 1024 0 0 0 0 0 0 0 1024 0 
0 0 0 0 0 0 1024 0 0 0 0 0 0 0 1024 0 0 0 0 0 0 0 1024 0 
0 0 0 0 0 0 1024 0 0 0 0 0 0 0 1024 0 0 0 0 0 0 0 1024 0 
0 0 0 0 0 0 1024 0 0 0 0 0 0 0 1024 0 0 0 0 0 0 0 1024 0 
0 0 0 0 0 0 1024 0 0 0 0 0 0 0 1024 0 0 0 0 0 0 0 1024 0 
0 0 0 0 0 0 1024 0 0 0 0 0 0 0 1024 0 0 0 0 0 0 0 1024 0 
0 0 0 0 0 0 1024 0 0 0 0 0 0 0 1024 0 0 0 0 0 0 0 1024 0 
0 0 0 0 0 0 1024 0 0 0 0 0 0 0 1024 0 0 0 0 0 0 0 1024 0 
0 0 0 0 0 0 1024 0 0 0 0 0 0 0 1024 0 0 0 0 0 0 0 1024 0 
0 0 0 0 0 0 1024 0 0 0 0 0 0 0 1024 0 0 0 0 0 0 0 1024 0 
0 0 0 0 0 0 1024 0 0 0 0 0 0 0 1024 0 0 0 0 0 0 0 1024 0 
0 0 0 0 0 0 1024 0 0 0 0 0 0 0 1024 0 0 0 0 0 0 0 1024 0 
0 0 0 0 0 0 1024 0 0 0 0 0 0 0 1024 0 0 0 0 0 0 0 1024 0 
0 0 0 0 0 0 1024 0 0 0 0 0 0 0 1024 0 0 0 0 0 0 0 1024 0 
0 0 0 0 0 1 1023 0 0 0 0 0 0 0 1024 0 0 0 0 0 0 1 1023 0 
0 0 47 165 71 49 671 21 0 0 27 182 75 49 674 17 0 19 140 81 55 39 640 50 
0 0 60 284 137 74 447 22 0 0 28 258 181 82 443 32 0 39 272 133 66 50 423 41 
0 0 4 18 21 23 949 9 0 0 4 18 21 23 949 9 0 0 6 17 22 21 946 12 
0 48 190 101 73 64 515 33 0 30 191 116 69 63 517 38 0 89 162 93 63 67 500 50 
0 104 427 220 121 76 68 8 0 81 424 238 125 77 71 8 2 257 325 179 122 62 69 8 
23 556 224 81 57 49 24 10 0 521 279 92 57 44 24 7 32 640 164 60 60 42 19 7 
5 622 281 57 15 18 20 6 0 500 386 75 17 18 19 9 71 713 144 40 15 16 19 6 
4 132 191 138 81 72 356 50 0 122 203 137 85 67 363 47 53 185 165 99 63 73 347 39 
0 11 246 408 217 87 48 7 0 15 378 381 151 46 49 4 0 431 327 148 34 32 47 5 
0 116 533 293 63 18 1 0 0 239 539 174 64 7 1 0 37 658 212 89 25 2 1 0 
0 245 430 203 78 41 27 0 0 152 542 226 58 41 5 0 71 607 246 58 40 2 0 0 
0 131 482 229 99 66 17 0 0 102 503 243 124 47 4 1 80 446 292 156 36 11 3 0 
0 1 51 234 202 120 387 29 0 1 49 232 198 122 389 33 0 52 226 179 103 100 351 13 
0 0 0 0 0 1019 5 0 0 0 0 0 0 983 41 0 0 0 0 0 0 0 1024 0 
0 0 0 0 0 970 54 0 0 0 0 0 0 527 497 0 0 0 0 0 0 0 1024 0 
0 0 0 0 0 894 130 0 0 0 0 0 0 43 981 0 0 0 0 0 0 0 1024 0 
0 0 0 0 0 350 674 0 0 0 0 0 0 0 1024 0 0 0 0 0 0 0 1024 0 
0 0 0 0 0 42 982 0 0 0 0 0 0 2 1022 0 0 0 0 0 0 0 1024 0 
0 0 0 0 0 0 1024 0 0 0 0 0 0 0 1024 0 0 0 0 0 0 0 1024 0 
0 0 0 0 0 0 1024 0 0 0 0 0 0 0 1024 0 0 0 0 0 0 0 1024 0 
0 0 0 0 0 6 1018 0 0 0 0 0 0 0 1024 0 0 0 0 0 0 0 1024 0 
0 0 0 0 0 0 1024 0 0 0 0 0 0 0 1024 0 0 0 0 0 0 0 1024 0 
0 0 0 0 0 0 1024 0 0 0 0 0 0 0 1024 0 0 0 0 0 0 0 1024 0 
0 0 0 0 0 0 1024 0 0 0 0 0 0 0 1024 0 0 0 0 0 0 0 1024 0 
0 0 0 0 0 0 1024 0 0 0 0 0 0 0 1024 0 0 0 0 0 0 0 1024 0 
0 0 0 0 0 0 1024 0 0 0 0 0 0 0 1024 0 0 0 0 0 0 0 1024 0 
0 0 0 0 0 0 1024 0 0 0 0 0 0 0 1024 0 0 0 0 0 0 0 1024 0 
0 0 0 0 0 0 1024 0 0 0 0 0 0 0 1024 0 0 0 0 0 0 0 1024 0 
0 0 0 0 0 0 1024 0 0 0 0 0 0 0 1024 0 0 0 0 0 0 0 1024 0 
0 0 0 0 0 0 1024 0 0 0 0 0 0 0 1024 0 0 0 0 0 0 0 1024 0 
0 0 0 0 14 44 965 1 0 0 0 0 18 43 962 1 0 0 0 1 32 35 955 1 
0 0 64 106 141 142 553 18 0 0 42 115 138 152 553 24 0 12 87 131 109 116 543 26 
0 0 5 60 89 94 764 12 0 0 6 61 94 91 760 12 0 5 42 91 57 85 738 6 
0 0 0 4 8 11 1000 1 0 0 0 4 8 10 1000 2 0 0 2 3 7 11 998 3 
0 0 0 0 0 0 1024 0 0 0 0 0 0 0 1024 0 0 0 0 0 0 0 1024 0 
0 0 0 0 0 0 1024 0 0 0 0 0 0 0 1024 0 0 0 0 0 0 0 1024 0 
0 0 0 12 10 12 985 5 0 0 0 12 10 12 984 6 0 0 2 10 13 14 981 4 
0 0 5 25 33 58 897 6 0 0 6 25 32 56 899 6 0 0 12 30 28 59 895 0 
0 0 159 161 111 92 498 3 0 0 117 188 115 103 497 4 0 21 222 121 94 87 477 2 
0 2 108 129 52 68 643 22 0 1 101 132 56 67 652 15 0 32 140 84 49 68 623 28 
0 13 453 369 112 31 37 9 0 3 399 408 134 33 36 11 0 304 449 148 58 22 36 7 
0 52 505 301 104 31 31 0 0 5 492 320 134 36 34 3 17 515 302 119 27 22 20 2 
0 233 314 130 86 69 174 18 0 89 430 146 94 71 172 22 8 395 184 117 77 59 174 10 
0 662 204 99 31 18 10 0 0 521 325 112 34 21 9 2 43 671 174 85 23 19 9 0 
0 528 373 102 16 5 0 0 0 317 534 146 23 4 0 0 100 777 114 24 9 0 0 0 
1 612 308 94 9 0 0 0 0 422 452 120 30 0 0 0 199 727 98 0 0 0 0 0 
17 596 337 67 6 1 0 0 0 538 377 101 7 1 0 0 194 712 94 18 6 0 0 0 
0 328 499 157 30 6 3 1 0 262 514 203 33 7 2 3 138 628 188 51 12 4 3 0 
0 79 393 344 124 78 6 0 0 33 444 339 136 65 7 0 76 508 250 105 68 14 3 0 
0 346 458 193 26 1 0 0 0 238 514 242 29 1 0 0 126 605 208 78 7 0 0 0 
0 141 348 425 88 22 0 0 0 82 390 444 100 8 0 0 115 650 198 47 14 0 0 0 
0 117 471 353 61 22 0 0 0 94 451 385 74 20 0 0 190 540 252 42 0 0 0 0 
0 137 592 254 31 8 2 0 0 123 567 293 30 8 3 0 125 680 186 18 11 4 0 0 
0 0 0 0 0 1024 0 0 0 0 0 0 0 1024 0 0 0 0 0 0 0 63 961 0 
0 0 0 0 0 982 42 0 0 0 0 0 0 911 113 0 0 0 0 0 0 6 1018 0 
0 0 0 0 0 693 331 0 0 0 0 0 0 512 512 0 0 0 0 0 0 0 1024 0 
0 0 0 0 0 245 779 0 0 0 0 0 0 145 879 0 0 0 0 0 0 0 1024 0 
0 0 0 0 0 18 1006 0 0 0 0 0 0 0 1024 0 0 0 0 0 0 0 1024 0 
0 0 0 0 0 49 975 0 0 0 0 0 0 1 1023 0 0 0 0 0 0 0 1024 0 
0 0 0 0 0 0 1024 0 0 0 0 0 0 0 1024 0 0 0 0 0 0 0 1024 0 
0 0 0 0 0 0 1024 0 0 0 0 0 0 0 1024 0 0 0 0 0 0 0 1024 0 
0 0 0 0 0 0 1024 0 0 0 0 0 0 0 1024 0 0 0 0 0 0 0 1024 0 
0 0 0 0 0 0 1024 0 0 0 0 0 0 0 1024 0 0 0 0 0 0 0 1024 0 
0 0 0 0 0 0 1024 0 0 0 0 0 0 0 1024 0 0 0 0 0 0 0 1024 0 
0 0 7 86 94 84 751 2 0 0 10 97 92 80 745 0 0 5 57 96 70 59 733 4 
0 0 0 0 6 10 1008 0 0 0 0 0 6 10 1008 0 0 0 0 0 6 11 1007 0 
0 0 0 0 0 0 1024 0 0 0 0 0 0 0 1024 0 0 0 0 0 0 0 1024 0 
0 0 74 132 83 84 643 8 0 0 31 168 86 88 642 9 0 11 158 72 82 66 633 2 
0 0 7 31 21 24 940 1 0 0 2 35 22 23 939 3 0 3 26 16 17 31 931 0 
0 0 0 0 0 0 1024 0 0 0 0 0 0 0 1024 0 0 0 0 0 0 0 1024 0 
0 0 23 87 93 111 708 2 0 0 19 83 105 99 714 4 0 4 66 94 84 68 704 4 
0 1 130 422 332 115 23 1 0 0 124 465 343 78 13 1 0 27 483 405 91 11 6 1 
0 1 69 288 409 152 88 17 0 0 78 413 334 119 77 3 0 33 467 315 105 54 50 0 
0 0 0 37 154 165 619 49 0 0 4 114 157 141 601 7 0 16 83 142 103 116 562 2 
0 0 3 4 5 9 1002 1 0 0 3 4 5 9 1002 1 0 0 4 4 4 9 1002 1 
0 0 7 47 35 52 879 4 0 0 7 44 39 51 880 3 0 0 27 31 33 59 872 2 
0 4 333 380 82 52 170 3 0 2 317 383 97 50 171 4 0 70 455 219 65 46 168 1 
0 14 151 352 266 166 72 3 0 1 157 365 281 146 70 4 0 81 354 305 146 79 56 3 
0 19 364 328 136 99 78 0 0 10 364 368 125 105 51 1 0 178 538 165 65 42 36 0 
0 113 308 323 93 42 139 6 0 32 315 363 124 44 139 7 13 387 332 78 44 37 127 6 
0 33 279 467 179 46 16 4 0 17 226 501 212 50 14 4 26 332 407 165 60 24 7 3 
0 184 756 62 22 0 0 0 0 29 885 88 22 0 0 0 41 921 52 10 0 0 0 0 
0 323 367 208 94 26 6 0 0 239 432 226 103 20 4 0 85 761 142 24 12 0 0 0 
1 494 395 128 6 0 0 0 0 426 380 207 11 0 0 0 262 696 64 2 0 0 0 0 
0 197 591 219 17 0 0 0 0 43 592 345 43 1 0 0 245 683 90 6 0 0 0 0 
0 53 441 487 43 0 0 0 0 18 282 616 107 1 0 0 185 694 143 2 0 0 0 0 
0 389 384 227 24 0 0 0 0 327 351 293 51 2 0 0 302 620 100 2 0 0 0 0 
0 389 539 81 14 1 0 0 0 190 664 144 24 2 0 0 411 528 66 16 3 0 0 0 
0 163 643 179 37 2 0 0 0 40 676 252 54 2 0 0 263 636 101 22 2 0 0 0 
10 624 322 46 22 0 0 0 0 515 434 56 19 0 0 0 571 426 26 1 0 0 0 0 
0 232 331 394 64 3 0 0 0 233 341 409 41 0 0 0 258 666 97 3 0 0 0 0 
0 361 631 32 0 0 0 0 0 173 798 53 0 0 0 0 737 287 0 0 0 0 0 0 
0 225 574 208 17 0 0 0 0 87 707 212 18 0 0 0 496 440 85 3 0 0 0 0 
0 0 0 0 0 1024 0 0 0 0 0 0 0 1024 0 0 0 0 0 0 0 520 504 0 
0 0 0 0 0 1017 7 0 0 0 0 0 0 1008 16 0 0 0 0 0 0 110 914 0 
0 0 0 0 0 1010 14 0 0 0 0 0 0 888 136 0 0 0 0 0 0 0 1024 0 
0 0 0 0 0 721 303 0 0 0 0 0 0 502 522 0 0 0 0 0 0 0 1024 0 
0 0 0 0 0 156 868 0 0 0 0 0 0 310 714 0 0 0 0 0 0 0 1024 0 
0 0 0 0 0 26 998 0 0 0 0 0 0 47 977 0 0 0 0 0 0 0 1024 0 
0 0 0 0 0 2 1022 0 0 0 0 0 0 2 1022 0 0 0 0 0 0 0 1024 0 
0 0 0 0 0 4 1020 0 0 0 0 0 0 10 1014 0 0 0 0 0 0 0 1024 0 
0 0 22 33 34 82 853 0 0 0 7 40 37 75 864 1 0 0 37 25 41 70 851 0 
0 0 27 103 135 138 619 2 0 0 23 108 140 142 610 1 0 3 71 145 102 117 586 0 
0 2 85 253 202 130 352 0 0 0 72 291 197 120 343 1 0 28 283 211 90 114 298 0 
0 1 82 263 288 205 173 12 0 0 100 319 285 209 108 3 0 57 248 302 227 116 73 1 
0 0 0 0 10 51 963 0 0 0 0 2 17 74 931 0 0 0 0 5 39 82 898 0 
0 0 1 23 72 67 860 1 0 0 1 28 78 59 857 1 0 0 14 81 37 43 848 1 
0 0 121 410 308 132 52 1 0 1 145 471 269 103 35 0 0 141 495 250 79 44 15 0 
0 0 0 159 293 186 367 19 0 0 3 254 258 161 345 3 0 25 263 189 120 125 301 1 
0 0 0 0 0 0 1024 0 0 0 0 0 0 0 1024 0 0 0 0 0 0 0 1024 0 
0 0 47 53 44 52 821 7 0 0 48 53 44 51 821 7 0 0 57 50 41 48 822 6 
0 0 116 339 259 188 107 15 0 0 160 385 231 157 78 13 0 60 385 298 125 94 53 9 
0 0 35 135 302 308 217 27 0 0 76 226 326 211 179 6 1 61 224 329 167 100 142 0 
0 0 62 86 74 114 687 1 0 0 52 93 77 118 684 0 0 13 79 70 72 116 674 0 
0 2 114 171 177 129 422 9 0 0 103 174 192 131 415 9 0 24 172 183 146 108 387 4 
0 7 342 429 153 49 44 0 0 0 291 487 148 58 40 0 0 122 594 180 56 36 36 0 
0 6 459 439 97 15 8 0 0 5 565 363 72 12 7 0 1 271 649 77 13 5 8 0 
0 14 583 364 52 7 4 0 0 5 720 255 35 6 3 0 0 531 422 57 9 4 1 0 
0 474 408 123 14 3 2 0 0 360 549 104 8 3 0 0 26 839 147 7 3 2 0 0 
0 466 473 76 9 0 0 0 0 275 643 96 10 0 0 0 96 819 96 13 0 0 0 0 
0 11 526 330 72 43 38 4 0 2 508 356 67 46 40 5 16 661 171 58 54 36 26 2 
0 144 776 103 1 0 0 0 0 82 872 69 1 0 0 0 82 916 25 1 0 0 0 0 
0 197 539 185 74 23 6 0 0 167 572 190 72 21 2 0 97 766 123 31 7 0 0 0 
0 355 620 49 0 0 0 0 0 214 705 102 3 0 0 0 318 690 16 0 0 0 0 0 
0 807 215 2 0 0 0 0 0 655 365 4 0 0 0 0 509 513 2 0 0 0 0 0 
0 171 598 255 0 0 0 0 0 81 579 354 10 0 0 0 371 609 44 0 0 0 0 0 
0 66 636 308 14 0 0 0 0 40 554 383 45 2 0 0 427 559 38 0 0 0 0 0 
3 456 447 108 10 0 0 0 0 225 605 181 13 0 0 0 554 441 28 1 0 0 0 0 
1 238 585 188 12 0 0 0 0 152 590 258 24 0 0 0 451 521 52 0 0 0 0 0 
0 189 587 163 69 16 0 0 0 52 679 211 75 7 0 0 303 577 121 23 0 0 0 0 
0 126 337 432 124 5 0 0 0 115 361 463 81 4 0 0 279 550 187 8 0 0 0 0 
0 616 288 117 3 0 0 0 0 477 446 99 2 0 0 0 751 258 15 0 0 0 0 0 
0 199 671 154 0 0 0 0 0 101 747 173 3 0 0 0 416 577 31 0 0 0 0 0 
0 0 0 0 0 1024 0 0 0 0 0 0 0 1024 0 0 0 0 0 0 0 1000 24 0 
0 0 0 0 0 1024 0 0 0 0 0 0 0 1024 0 0 0 0 0 0 0 845 179 0 
0 0 0 0 0 1024 0 0 0 0 0 0 0 1024 0 0 0 0 0 0 0 369 655 0 
0 0 0 0 0 989 35 0 0 0 0 0 0 1018 6 0 0 0 0 0 0 85 939 0 
0 0 0 0 0 735 289 0 0 0 0 0 0 959 65 0 0 0 0 0 0 1 1023 0 
0 0 0 0 0 556 468 0 0 0 0 0 0 697 327 0 0 0 0 0 0 14 1010 0 
0 0 0 0 0 206 818 0 0 0 0 0 0 451 573 0 0 0 0 0 0 21 1003 0 
0 0 0 1 4 124 895 0 0 0 0 1 4 156 863 0 0 0 0 1 4 21 998 0 
0 0 31 160 138 221 474 0 0 0 19 175 147 214 469 0 0 2 106 165 130 163 458 0 
0 0 17 140 306 271 286 4 0 0 29 169 314 270 240 2 0 11 96 265 245 229 178 0 
0 0 134 403 300 154 30 3 0 5 141 476 276 117 9 0 0 95 542 257 112 18 0 0 
0 0 96 489 308 109 22 0 0 0 162 517 270 68 7 0 0 141 580 250 46 4 3 0 
0 0 2 152 338 197 335 0 0 0 2 135 368 180 339 0 0 3 177 279 170 111 284 0 
0 0 9 169 243 210 393 0 0 0 15 190 290 134 395 0 0 16 191 232 106 123 356 0 
0 0 87 219 226 188 295 9 0 5 151 279 189 156 241 3 0 99 292 168 126 124 214 1 
0 0 153 332 294 150 85 10 0 1 161 479 214 98 68 3 2 110 490 199 104 76 43 0 
0 0 47 336 174 111 348 8 0 0 30 355 179 107 346 7 0 20 330 153 98 92 325 6 
0 0 98 256 198 128 338 6 0 0 69 283 201 128 336 7 0 10 199 207 168 116 321 3 
0 0 172 472 191 110 74 5 0 0 188 472 177 108 77 2 0 21 464 286 110 86 56 1 
0 0 12 243 251 164 344 10 0 0 31 278 234 167 313 1 0 17 190 257 145 140 274 1 
0 0 292 370 247 82 29 4 0 0 284 400 235 73 28 4 0 62 462 283 141 48 26 2 
0 112 499 250 138 24 1 0 0 84 513 286 116 24 1 0 0 290 552 119 47 15 1 0 
0 1 241 484 243 54 1 0 0 7 381 484 140 12 0 0 5 297 622 100 0 0 0 0 
0 49 413 315 121 103 23 0 0 65 451 318 142 47 1 0 8 502 440 72 2 0 0 0 
0 29 705 242 30 18 0 0 0 21 708 253 26 16 0 0 3 695 275 31 20 0 0 0 
0 208 700 109 7 0 0 0 0 123 765 129 7 0 0 0 13 835 165 11 0 0 0 0 
0 473 423 85 32 9 2 0 0 354 556 80 29 4 1 0 19 856 101 35 11 2 0 0 
0 100 735 151 31 7 0 0 0 95 749 146 29 5 0 0 64 870 87 3 0 0 0 0 
1 445 332 141 90 12 3 0 1 441 356 147 74 4 1 0 161 757 99 4 3 0 0 0 
13 892 116 2 1 0 0 0 2 837 181 3 1 0 0 0 363 655 5 1 0 0 0 0 
24 549 384 67 0 0 0 0 0 474 470 80 0 0 0 0 436 539 49 0 0 0 0 0 
6 511 396 59 45 7 0 0 5 482 415 73 44 5 0 0 461 498 47 18 0 0 0 0 
0 444 414 138 28 0 0 0 0 293 565 136 30 0 0 0 354 615 48 7 0 0 0 0 
3 484 399 113 25 0 0 0 6 419 477 107 15 0 0 0 559 426 39 0 0 0 0 0 
0 470 508 44 2 0 0 0 0 250 693 77 4 0 0 0 673 343 8 0 0 0 0 0 
0 489 513 20 2 0 0 0 0 364 619 37 4 0 0 0 660 356 8 0 0 0 0 0 
0 533 193 171 106 21 0 0 0 433 331 173 74 13 0 0 543 378 86 17 0 0 0 0 
45 336 251 302 79 11 0 0 0 396 282 296 50 0 0 0 526 445 53 0 0 0 0 0 
69 252 485 204 14 0 0 0 43 373 485 123 0 0 0 0 560 423 41 0 0 0 0 0 
0 444 503 77 0 0 0 0 2 606 381 35 0 0 0 0 628 387 9 0 0 0 0 0 
0 0 0 0 0 1024 0 0 0 0 0 0 0 1024 0 0 0 0 0 0 0 1024 0 0 
0 0 0 0 0 1024 0 0 0 0 0 0 0 1024 0 0 0 0 0 0 0 1024 0 0 
0 0 0 0 0 1024 0 0 0 0 0 0 0 1024 0 0 0 0 0 0 0 906 118 0 
0 0 0 16 19 988 1 0 0 0 0 13 20 989 2 0 0 0 4 15 18 755 232 0 
0 0 2 106 102 790 24 0 0 0 1 96 106 805 16 0 0 0 48 111 105 298 462 0 
0 0 0 14 59 932 19 0 0 0 0 9 60 933 22 0 0 0 2 37 49 685 251 0 
0 0 35 303 228 372 86 0 0 0 34 307 228 378 77 0 0 2 181 271 146 239 185 0 
0 0 6 97 129 565 227 0 0 0 4 112 135 636 137 0 0 0 36 120 144 424 300 0 
0 0 134 442 263 136 49 0 0 0 149 495 221 123 36 0 0 37 536 272 101 42 36 0 
0 24 520 345 113 22 0 0 0 3 490 423 92 16 0 0 0 112 807 88 17 0 0 0 
0 0 166 691 144 23 0 0 0 0 206 689 122 7 0 0 0 115 758 145 6 0 0 0 
0 0 202 635 150 26 11 0 0 1 227 645 123 19 9 0 0 289 628 78 20 9 0 0 
0 0 76 511 359 70 8 0 0 0 79 560 329 50 6 0 1 176 685 127 32 3 0 0 
0 14 193 522 279 16 0 0 0 0 196 533 279 16 0 0 0 215 717 90 2 0 0 0 
0 0 29 615 243 49 86 2 0 0 34 692 168 55 75 0 0 88 709 83 37 49 58 0 
0 2 289 437 160 72 50 14 0 9 306 472 128 67 41 1 0 252 500 146 66 47 13 0 
0 4 782 220 15 2 1 0 0 1 761 244 15 2 1 0 0 307 694 20 1 2 0 0 
0 10 470 286 110 70 56 22 0 28 538 247 101 64 31 15 2 279 467 137 69 51 15 4 
0 0 144 524 175 116 54 11 0 1 312 448 154 82 25 2 0 66 582 204 122 45 5 0 
0 0 99 559 250 102 14 0 0 0 191 547 225 51 10 0 0 35 529 307 126 21 6 0 
0 13 357 500 113 36 5 0 0 19 533 361 76 30 5 0 0 392 475 99 37 19 2 0 
0 160 439 278 136 11 0 0 0 210 567 201 45 1 0 0 5 579 421 19 0 0 0 0 
0 113 573 224 95 19 0 0 0 128 663 198 34 1 0 0 0 671 310 42 1 0 0 0 
0 294 691 39 0 0 0 0 0 280 707 37 0 0 0 0 3 881 138 2 0 0 0 0 
0 358 521 75 33 34 3 0 0 227 694 46 41 16 0 0 0 863 86 33 39 3 0 0 
0 387 449 105 54 28 1 0 0 427 472 60 56 9 0 0 12 803 122 56 29 2 0 0 
0 437 541 39 6 1 0 0 0 398 609 12 5 0 0 0 75 888 53 5 3 0 0 0 
33 873 118 0 0 0 0 0 0 887 137 0 0 0 0 0 415 609 0 0 0 0 0 0 
46 441 139 120 180 76 20 2 0 458 172 148 178 58 10 0 214 532 188 73 16 1 0 0 
4 217 281 254 200 60 8 0 17 210 275 298 199 25 0 0 232 569 202 11 10 0 0 0 
20 533 409 62 0 0 0 0 0 517 433 74 0 0 0 0 561 449 14 0 0 0 0 0 
121 743 102 28 28 2 0 0 71 767 129 35 22 0 0 0 750 244 28 2 0 0 0 0 
349 457 103 54 61 0 0 0 314 498 117 79 16 0 0 0 773 242 9 0 0 0 0 0 
441 550 33 0 0 0 0 0 333 652 39 0 0 0 0 0 898 126 0 0 0 0 0 0 
232 720 71 1 0 0 0 0 71 860 93 0 0 0 0 0 839 185 0 0 0 0 0 0 
93 814 117 0 0 0 0 0 29 906 89 0 0 0 0 0 831 193 0 0 0 0 0 0 
88 916 20 0 0 0 0 0 22 986 16 0 0 0 0 0 994 30 0 0 0 0 0 0 
609 415 0 0 0 0 0 0 500 523 1 0 0 0 0 0 1010 14 0 0 0 0 0 0 
856 163 3 2 0 0 0 0 816 202 4 2 0 0 0 0 985 36 3 0 0 0 0 0 
345 541 86 29 23 0 0 0 391 525 65 36 7 0 0 0 832 142 41 9 0 0 0 0 
0 0 0 3 42 979 0 0 0 0 0 3 41 980 0 0 0 0 0 6 42 976 0 0 
0 0 0 25 60 939 0 0 0 0 0 22 65 937 0 0 0 0 0 38 53 933 0 0 
0 0 0 0 42 982 0 0 0 0 0 0 45 979 0 0 0 0 0 7 43 974 0 0 
0 0 12 258 330 421 3 0 0 0 11 301 292 415 5 0 0 5 152 300 205 358 4 0 
0 0 53 306 339 258 68 0 0 0 57 389 348 226 4 0 0 8 352 418 161 83 2 0 
0 0 75 381 167 379 22 0 0 0 47 400 181 379 17 0 0 2 331 230 88 357 16 0 
0 0 57 494 317 125 31 0 0 0 195 536 249 41 3 0 0 74 588 322 37 3 0 0 
0 0 282 476 178 70 18 0 0 0 265 546 151 51 11 0 0 63 692 192 38 29 10 0 
0 3 287 516 184 31 3 0 0 1 219 594 191 19 0 0 0 135 686 186 16 1 0 0 
0 12 942 70 0 0 0 0 0 0 872 152 0 0 0 0 0 421 603 0 0 0 0 0 
0 1 713 304 6 0 0 0 0 0 812 210 2 0 0 0 0 195 829 0 0 0 0 0 
0 0 320 580 106 16 2 0 0 1 373 565 75 10 0 0 1 334 605 77 7 0 0 0 
0 19 495 348 100 55 7 0 0 17 528 353 85 37 4 0 1 464 413 94 46 6 0 0 
0 4 528 427 65 0 0 0 0 0 435 561 28 0 0 0 2 474 523 25 0 0 0 0 
0 8 520 480 16 0 0 0 0 3 612 400 9 0 0 0 0 357 651 16 0 0 0 0 
0 41 538 211 98 60 41 35 0 41 602 180 92 57 33 19 14 502 271 107 60 44 20 6 
0 89 723 109 29 21 24 29 0 74 755 103 30 21 25 16 7 573 338 31 26 24 22 3 
0 16 550 381 47 30 0 0 0 15 577 367 50 15 0 0 0 285 640 68 27 4 0 0 
0 4 446 457 41 33 32 11 0 8 529 390 27 40 23 7 1 253 636 55 31 33 14 1 
0 0 334 472 105 51 41 21 0 2 475 380 65 61 33 8 0 154 632 124 54 46 13 1 
0 18 395 366 146 87 12 0 0 6 500 334 129 53 2 0 0 132 605 155 101 30 1 0 
0 5 644 215 78 52 27 3 0 14 692 189 68 42 18 1 0 155 683 82 62 37 5 0 
0 622 249 70 62 21 0 0 0 517 383 82 33 9 0 0 2 768 190 40 22 2 0 0 
0 600 203 130 82 9 0 0 0 563 283 121 53 4 0 0 0 702 177 120 25 0 0 0 
0 884 50 67 19 3 1 0 0 890 68 54 10 2 0 0 2 906 79 29 7 1 0 0 
0 778 239 5 2 0 0 0 0 851 166 5 2 0 0 0 40 962 16 5 1 0 0 0 
0 625 307 63 25 4 0 0 0 684 274 44 20 2 0 0 92 867 45 17 3 0 0 0 
3 747 239 27 8 0 0 0 0 647 353 20 4 0 0 0 286 706 32 0 0 0 0 0 
151 676 167 29 1 0 0 0 92 650 249 33 0 0 0 0 540 472 12 0 0 0 0 0 
298 681 44 1 0 0 0 0 66 910 47 1 0 0 0 0 787 229 8 0 0 0 0 0 
196 465 266 70 27 0 0 0 126 539 271 65 23 0 0 0 702 294 28 0 0 0 0 0 
96 517 185 165 49 11 1 0 63 559 185 161 51 5 0 0 577 380 59 8 0 0 0 0 
371 370 118 67 52 41 5 0 362 360 183 60 46 13 0 0 824 139 51 10 0 0 0 0 
877 145 2 0 0 0 0 0 753 265 6 0 0 0 0 0 982 42 0 0 0 0 0 0 
557 280 171 16 0 0 0 0 425 393 194 12 0 0 0 0 953 64 7 0 0 0 0 0 
499 436 87 2 0 0 0 0 263 670 85 6 0 0 0 0 897 88 39 0 0 0 0 0 
158 622 171 47 23 3 0 0 69 709 177 51 18 0 0 0 800 148 42 30 4 0 0 0 
452 565 7 0 0 0 0 0 193 822 9 0 0 0 0 0 1018 6 0 0 0 0 0 0 
495 491 24 14 0 0 0 0 345 653 26 0 0 0 0 0 941 68 15 0 0 0 0 0 
569 289 75 47 44 0 0 0 537 358 70 45 14 0 0 0 834 115 54 21 0 0 0 0 
0 0 6 563 429 26 0 0 0 0 3 519 477 25 0 0 0 0 76 787 140 21 0 0 
0 0 2 427 514 81 0 0 0 0 1 466 517 40 0 0 0 0 101 712 199 12 0 0 
0 0 0 302 639 82 1 0 0 0 0 328 634 62 0 0 0 0 25 720 253 26 0 0 
0 0 421 425 159 19 0 0 0 0 380 483 144 17 0 0 0 7 580 368 61 8 0 0 
0 6 530 394 82 12 0 0 0 0 518 438 62 6 0 0 0 27 815 164 17 1 0 0 
0 0 470 475 70 9 0 0 0 0 454 524 43 3 0 0 0 53 862 100 9 0 0 0 
0 12 669 271 63 9 0 0 0 8 626 337 49 4 0 0 0 181 790 52 1 0 0 0 
0 230 462 145 129 50 7 1 0 66 663 144 120 29 2 0 1 451 446 109 15 2 0 0 
0 301 563 142 18 0 0 0 0 59 774 177 14 0 0 0 0 480 542 2 0 0 0 0 
0 52 953 19 0 0 0 0 0 4 1000 20 0 0 0 0 0 509 515 0 0 0 0 0 
0 159 827 38 0 0 0 0 0 18 987 19 0 0 0 0 0 735 289 0 0 0 0 0 
0 448 564 12 0 0 0 0 0 200 791 33 0 0 0 0 0 853 171 0 0 0 0 0 
0 498 385 68 43 29 1 0 0 357 536 69 44 18 0 0 8 838 99 45 31 3 0 0 
0 109 576 206 88 35 6 4 0 76 623 205 94 17 5 4 1 633 271 72 36 7 4 0 
0 78 448 331 72 43 24 28 0 73 472 329 67 36 36 11 21 598 284 51 25 31 13 1 
0 26 389 481 81 38 5 4 1 21 414 484 70 28 4 2 17 587 307 74 31 6 2 0 
0 65 768 181 10 0 0 0 0 52 773 186 13 0 0 0 13 743 264 4 0 0 0 0 
0 66 545 343 66 4 0 0 0 17 604 350 53 0 0 0 0 534 423 63 4 0 0 0 
0 1 553 462 8 0 0 0 0 6 679 337 2 0 0 0 0 463 556 5 0 0 0 0 
0 0 364 421 105 50 49 35 0 8 541 300 72 61 32 10 1 266 523 118 62 39 15 0 
0 218 488 216 82 20 0 0 0 161 600 192 60 11 0 0 1 537 388 70 28 0 0 0 
0 491 387 80 46 19 1 0 0 431 460 76 46 11 0 0 22 792 127 58 24 1 0 0 
2 213 211 223 190 111 59 15 8 284 251 215 144 85 33 4 50 339 268 191 113 51 12 0 
14 771 113 109 16 1 0 0 4 773 182 60 5 0 0 0 53 812 125 33 1 0 0 0 
156 536 232 100 0 0 0 0 33 694 225 72 0 0 0 0 130 681 175 38 0 0 0 0 
2 698 254 45 25 0 0 0 0 809 169 33 13 0 0 0 39 874 82 28 1 0 0 0 
0 627 375 17 5 0 0 0 0 752 261 11 0 0 0 0 34 918 70 2 0 0 0 0 
99 780 143 2 0 0 0 0 36 859 128 1 0 0 0 0 277 705 42 0 0 0 0 0 
511 474 25 10 4 0 0 0 282 697 34 10 1 0 0 0 780 222 12 9 1 0 0 0 
382 636 6 0 0 0 0 0 66 940 18 0 0 0 0 0 907 117 0 0 0 0 0 0 
394 481 142 7 0 0 0 0 366 517 137 4 0 0 0 0 908 114 2 0 0 0 0 0 
258 585 154 25 2 0 0 0 217 683 121 3 0 0 0 0 755 261 8 0 0 0 0 0 
234 712 70 8 0 0 0 0 140 721 156 7 0 0 0 0 891 113 19 1 0 0 0 0 
69 758 179 18 0 0 0 0 39 720 252 13 0 0 0 0 784 240 0 0 0 0 0 0 
10 576 415 23 0 0 0 0 14 679 329 2 0 0 0 0 844 175 5 0 0 0 0 0 
94 491 316 118 5 0 0 0 42 556 384 42 0 0 0 0 499 489 36 0 0 0 0 0 
49 286 448 209 32 0 0 0 58 299 567 92 8 0 0 0 400 440 164 20 0 0 0 0 
54 272 368 234 55 29 12 0 69 392 426 72 40 22 3 0 397 411 123 49 34 10 0 0 
191 319 312 188 14 0 0 0 124 524 352 24 0 0 0 0 538 445 40 1 0 0 0 0 
70 357 321 265 11 0 0 0 76 527 389 32 0 0 0 0 382 619 23 0 0 0 0 0 
0 0 72 711 238 3 0 0 0 0 120 836 66 2 0 0 0 0 162 825 37 0 0 0 
0 0 73 709 239 3 0 0 0 0 73 874 77 0 0 0 0 0 137 862 25 0 0 0 
0 0 2 392 577 53 0 0 0 0 4 786 213 21 0 0 0 0 164 773 84 3 0 0 
0 0 152 359 447 46 20 0 0 2 185 624 169 42 2 0 0 4 349 581 58 32 0 0 
0 17 489 327 185 6 0 0 0 14 597 381 32 0 0 0 0 26 770 209 19 0 0 0 
0 6 309 454 243 11 1 0 0 7 409 563 38 7 0 0 0 58 697 245 18 6 0 0 
0 3 417 368 207 16 2 11 0 4 559 418 26 5 3 9 0 103 788 114 4 3 5 7 
0 208 445 294 60 8 5 4 0 37 745 202 28 4 5 3 1 315 615 79 5 6 3 0 
0 283 337 339 65 0 0 0 0 84 714 223 3 0 0 0 0 418 559 47 0 0 0 0 
0 122 568 319 15 0 0 0 0 65 830 129 0 0 0 0 0 346 655 23 0 0 0 0 
0 200 441 328 55 0 0 0 0 177 669 174 4 0 0 0 0 428 571 23 2 0 0 0 
0 197 412 384 31 0 0 0 0 194 661 167 2 0 0 0 0 451 550 23 0 0 0 0 
0 68 332 471 133 14 1 5 0 82 576 345 14 2 4 1 0 389 574 54 1 3 3 0 
0 5 211 380 381 43 3 1 0 20 315 591 92 4 2 0 0 182 628 196 16 2 0 0 
0 23 269 528 195 9 0 0 0 18 439 529 38 0 0 0 0 370 594 59 1 0 0 0 
0 5 146 597 262 13 1 0 0 0 263 721 39 1 0 0 0 305 673 43 3 0 0 0 
0 2 261 520 231 10 0 0 0 7 477 510 30 0 0 0 5 386 575 58 0 0 0 0 
0 46 306 451 221 0 0 0 0 35 509 458 22 0 0 0 0 346 619 59 0 0 0 0 
0 0 159 654 211 0 0 0 0 4 460 554 6 0 0 0 0 237 771 16 0 0 0 0 
0 0 89 547 245 86 45 12 0 13 381 475 90 50 13 2 3 166 666 113 37 35 4 0 
0 20 204 342 362 72 13 11 0 12 338 547 97 17 5 8 0 177 641 171 19 7 9 0 
0 74 298 510 141 1 0 0 0 84 533 398 9 0 0 0 0 332 628 62 2 0 0 0 
0 47 334 317 217 83 25 1 0 130 434 311 98 44 7 0 7 414 401 130 50 22 0 0 
0 152 359 394 107 12 0 0 0 243 540 219 22 0 0 0 11 565 388 54 6 0 0 0 
0 231 376 226 134 57 0 0 0 316 444 225 39 0 0 0 14 592 376 42 0 0 0 0 
0 118 346 252 236 66 4 2 0 239 452 262 66 3 2 0 45 489 391 93 4 2 0 0 
1 236 325 238 141 71 12 0 3 291 495 179 50 6 0 0 44 617 305 56 2 0 0 0 
68 199 306 208 165 76 2 0 67 269 447 204 36 1 0 0 153 535 300 35 1 0 0 0 
15 435 203 127 195 49 0 0 12 505 250 233 23 1 0 0 348 403 237 30 6 0 0 0 
4 351 319 180 161 9 0 0 0 472 357 186 9 0 0 0 332 540 148 4 0 0 0 0 
0 358 267 209 187 3 0 0 1 457 371 187 8 0 0 0 368 482 166 8 0 0 0 0 
0 364 287 282 89 2 0 0 1 492 409 120 2 0 0 0 389 514 120 1 0 0 0 0 
5 331 404 221 60 3 0 0 18 449 454 92 11 0 0 0 435 466 120 3 0 0 0 0 
0 312 524 176 11 1 0 0 0 350 636 34 4 0 0 0 334 638 50 2 0 0 0 0 
0 166 595 235 28 0 0 0 0 360 607 53 4 0 0 0 449 532 41 2 0 0 0 0 
0 400 483 138 3 0 0 0 0 575 423 24 2 0 0 0 418 568 36 2 0 0 0 0 
0 286 449 262 27 0 0 0 0 403 512 109 0 0 0 0 275 525 214 10 0 0 0 0 
0 588 171 218 47 0 0 0 0 670 296 56 2 0 0 0 566 333 121 4 0 0 0 0 
1 772 202 48 1 0 0 0 1 896 114 13 0 0 0 0 685 315 24 0 0 0 0 0 
0 404 419 186 15 0 0 0 2 653 335 34 0 0 0 0 446 471 103 4 0 0 0 0 
0 0 0 644 380 0 0 0 0 0 0 847 177 0 0 0 0 0 90 909 25 0 0 0 
0 0 0 479 539 6 0 0 0 0 0 709 315 0 0 0 0 0 51 900 73 0 0 0 
0 0 0 205 787 30 2 0 0 0 0 488 527 8 1 0 0 0 109 766 141 8 0 0 
0 0 141 582 293 8 0 0 0 0 123 771 122 8 0 0 0 0 525 422 63 14 0 0 
0 0 294 691 39 0 0 0 0 0 409 615 0 0 0 0 0 0 960 64 0 0 0 0 
0 0 260 750 14 0 0 0 0 0 252 770 2 0 0 0 0 0 989 35 0 0 0 0 
0 0 428 507 74 7 4 4 0 0 440 545 27 7 2 3 0 30 933 48 3 5 3 2 
0 0 446 469 100 7 1 1 0 0 506 460 53 3 1 1 0 38 906 68 8 2 2 0 
0 0 542 467 15 0 0 0 0 0 585 436 3 0 0 0 0 61 950 13 0 0 0 0 
0 0 819 200 5 0 0 0 0 0 910 113 1 0 0 0 0 286 728 10 0 0 0 0 
0 0 675 254 79 16 0 0 0 0 831 172 20 1 0 0 0 562 440 21 1 0 0 0 
0 0 665 284 55 19 1 0 0 0 765 234 25 0 0 0 0 538 464 22 0 0 0 0 
0 0 386 370 234 34 0 0 0 4 490 493 37 0 0 0 1 438 553 32 0 0 0 0 
0 0 377 406 213 28 0 0 0 0 558 434 32 0 0 0 0 531 442 51 0 0 0 0 
0 0 337 514 146 24 3 0 0 0 485 472 60 7 0 0 0 427 523 60 14 0 0 0 
0 0 433 374 209 8 0 0 0 1 459 477 87 0 0 0 0 448 461 109 6 0 0 0 
0 0 618 343 59 4 0 0 0 3 768 243 10 0 0 0 0 623 371 30 0 0 0 0 
0 0 316 552 151 5 0 0 0 1 513 479 31 0 0 0 0 361 595 68 0 0 0 0 
0 0 460 514 46 4 0 0 0 1 606 404 12 1 0 0 0 375 625 21 3 0 0 0 
0 0 215 579 147 61 22 0 0 0 446 457 86 35 0 0 0 222 618 139 44 1 0 0 
0 0 152 745 102 9 13 3 0 0 346 635 26 12 5 0 0 191 754 57 12 8 2 0 
0 0 346 477 193 8 0 0 0 0 484 490 49 1 0 0 0 211 714 98 1 0 0 0 
0 0 205 536 227 56 0 0 0 6 473 428 107 10 0 0 1 304 548 147 24 0 0 0 
0 138 576 261 47 2 0 0 0 196 662 159 7 0 0 0 24 649 334 17 0 0 0 0 
0 499 362 124 33 6 0 0 0 543 383 85 13 0 0 0 65 805 132 21 1 0 0 0 
0 329 609 68 16 2 0 0 0 518 450 48 8 0 0 0 96 850 69 9 0 0 0 0 
0 290 624 83 27 0 0 0 0 462 497 64 1 0 0 0 196 767 57 4 0 0 0 0 
0 340 589 84 11 0 0 0 0 423 554 45 2 0 0 0 235 716 67 6 0 0 0 0 
0 721 228 60 15 0 0 0 0 768 230 25 1 0 0 0 542 442 38 2 0 0 0 0 
0 803 185 31 5 0 0 0 0 836 169 19 0 0 0 0 690 310 24 0 0 0 0 0 
0 776 225 23 0 0 0 0 0 814 193 17 0 0 0 0 767 257 0 0 0 0 0 0 
0 676 282 66 0 0 0 0 0 764 212 48 0 0 0 0 743 274 7 0 0 0 0 0 
11 563 279 105 61 5 0 0 16 608 289 81 30 0 0 0 745 220 55 4 0 0 0 0 
6 649 113 139 94 15 6 2 5 725 208 73 7 5 1 0 692 240 80 8 3 1 0 0 
0 663 278 50 25 7 1 0 0 760 231 27 6 0 0 0 844 143 29 7 1 0 0 0 
0 984 40 0 0 0 0 0 0 1003 21 0 0 0 0 0 988 36 0 0 0 0 0 0 
0 806 191 16 8 3 0 0 0 873 130 15 5 1 0 0 903 102 14 5 0 0 0 0 
0 978 46 0 0 0 0 0 0 977 47 0 0 0 0 0 993 31 0 0 0 0 0 0 
0 977 47 0 0 0 0 0 0 994 30 0 0 0 0 0 1002 22 0 0 0 0 0 0 
0 841 104 68 11 0 0 0 0 893 76 55 0 0 0 0 842 117 62 3 0 0 0 0 
0 0 0 3 688 333 0 0 0 0 0 2 685 337 0 0 0 0 0 19 681 324 0 0 
0 0 0 3 363 658 0 0 0 0 0 0 471 553 0 0 0 0 0 27 461 536 0 0 
0 0 0 0 173 851 0 0 0 0 0 0 249 775 0 0 0 0 0 19 223 782 0 0 
0 0 0 338 433 253 0 0 0 0 2 352 412 258 0 0 0 0 227 222 364 211 0 0 
0 0 9 565 411 39 0 0 0 0 10 720 292 2 0 0 0 4 541 385 94 0 0 0 
0 0 33 315 333 343 0 0 0 0 3 376 359 286 0 0 0 0 276 185 357 206 0 0 
0 0 37 783 203 1 0 0 0 0 224 766 34 0 0 0 0 78 861 85 0 0 0 0 
0 0 113 531 297 82 1 0 0 0 155 582 214 73 0 0 0 53 641 157 158 15 0 0 
0 0 156 739 129 0 0 0 0 0 218 698 108 0 0 0 0 65 828 130 1 0 0 0 
0 0 979 43 2 0 0 0 0 0 962 55 7 0 0 0 0 826 188 10 0 0 0 0 
0 0 788 234 2 0 0 0 0 0 969 55 0 0 0 0 0 722 301 1 0 0 0 0 
0 0 174 843 7 0 0 0 0 0 426 598 0 0 0 0 0 485 539 0 0 0 0 0 
0 0 233 717 74 0 0 0 0 0 368 638 18 0 0 0 0 378 620 26 0 0 0 0 
0 0 495 501 28 0 0 0 0 0 479 538 7 0 0 0 0 728 290 6 0 0 0 0 
0 0 109 779 114 17 5 0 0 5 334 624 54 7 0 0 4 376 569 65 10 0 0 0 
0 0 214 436 235 117 19 3 0 1 338 498 171 14 2 0 1 415 438 156 12 2 0 0 
0 0 709 227 77 11 0 0 0 0 784 193 45 2 0 0 0 724 248 49 3 0 0 0 
0 0 880 100 44 0 0 0 0 0 900 88 36 0 0 0 0 875 107 42 0 0 0 0 
0 0 623 364 31 4 2 0 0 0 791 221 7 5 0 0 0 487 514 18 5 0 0 0 
0 0 151 627 221 19 6 0 0 0 327 618 69 10 0 0 0 237 615 156 15 1 0 0 
0 0 148 622 251 3 0 0 0 0 243 639 142 0 0 0 0 197 513 287 27 0 0 0 
0 0 350 540 134 0 0 0 0 6 549 444 25 0 0 0 0 607 356 61 0 0 0 0 
0 70 642 237 74 1 0 0 0 148 675 188 13 0 0 0 8 837 173 5 1 0 0 0 
0 5 735 271 13 0 0 0 0 57 812 155 0 0 0 0 10 822 192 0 0 0 0 0 
0 23 748 216 37 0 0 0 0 31 828 163 2 0 0 0 3 786 226 9 0 0 0 0 
0 38 822 141 23 0 0 0 0 96 817 106 5 0 0 0 13 865 135 11 0 0 0 0 
0 326 612 52 22 11 1 0 0 487 484 38 13 2 0 0 151 806 51 14 2 0 0 0 
0 523 501 0 0 0 0 0 0 667 357 0 0 0 0 0 540 484 0 0 0 0 0 0 
0 457 513 54 0 0 0 0 0 366 611 47 0 0 0 0 447 577 0 0 0 0 0 0 
0 299 311 378 36 0 0 0 0 294 353 351 26 0 0 0 335 647 40 2 0 0 0 0 
0 278 623 123 0 0 0 0 0 372 580 72 0 0 0 0 694 330 0 0 0 0 0 0 
0 564 431 29 0 0 0 0 0 727 273 24 0 0 0 0 905 119 0 0 0 0 0 0 
0 660 194 158 12 0 0 0 0 755 163 105 1 0 0 0 922 101 1 0 0 0 0 0 
0 944 80 0 0 0 0 0 0 974 50 0 0 0 0 0 966 58 0 0 0 0 0 0 
0 791 233 0 0 0 0 0 0 932 92 0 0 0 0 0 1000 24 0 0 0 0 0 0 
0 768 256 0 0 0 0 0 0 858 166 0 0 0 0 0 993 31 0 0 0 0 0 0 
0 772 252 0 0 0 0 0 0 960 64 0 0 0 0 0 1015 9 0 0 0 0 0 0 
0 995 29 0 0 0 0 0 0 1012 12 0 0 0 0 0 1024 0 0 0 0 0 0 0 
0 860 164 0 0 0 0 0 0 903 121 0 0 0 0 0 1000 24 0 0 0 0 0 0 
0 650 366 8 0 0 0 0 0 858 163 3 0 0 0 0 975 43 6 0 0 0 0 0 
0 0 0 0 1002 22 0 0 0 0 0 0 998 26 0 0 0 0 0 0 1018 6 0 0 
0 0 0 0 992 32 0 0 0 0 0 0 992 32 0 0 0 0 0 0 992 32 0 0 
0 0 0 0 803 221 0 0 0 0 0 0 794 230 0 0 0 0 0 0 811 213 0 0 
0 0 0 4 738 282 0 0 0 0 0 4 734 286 0 0 0 0 0 5 739 280 0 0 
0 0 0 199 741 84 0 0 0 0 0 184 799 41 0 0 0 0 129 160 692 43 0 0 
0 0 0 0 516 508 0 0 0 0 0 0 622 402 0 0 0 0 0 0 612 412 0 0 
0 0 50 304 613 57 0 0 0 0 38 317 637 32 0 0 0 18 187 242 554 23 0 0 
0 0 0 215 469 340 0 0 0 0 0 223 500 301 0 0 0 0 26 258 449 291 0 0 
0 0 19 380 455 170 0 0 0 0 44 383 429 168 0 0 0 34 323 206 345 116 0 0 
0 0 349 566 107 2 0 0 0 0 391 562 70 1 0 0 0 280 626 105 13 0 0 0 
0 0 275 740 9 0 0 0 0 0 410 605 9 0 0 0 0 393 610 20 1 0 0 0 
0 0 272 711 39 2 0 0 0 0 492 519 13 0 0 0 0 556 455 13 0 0 0 0 
0 0 26 840 148 10 0 0 0 0 42 863 114 5 0 0 0 268 630 101 25 0 0 0 
0 0 67 651 238 68 0 0 0 0 57 680 261 26 0 0 0 264 454 105 197 4 0 0 
0 0 5 453 308 258 0 0 0 0 19 482 308 215 0 0 0 78 387 135 362 62 0 0 
0 0 173 387 356 108 0 0 0 0 246 387 320 71 0 0 0 232 298 306 168 20 0 0 
0 0 202 641 165 16 0 0 0 0 349 520 132 23 0 0 0 468 358 128 70 0 0 0 
0 0 174 518 267 65 0 0 0 0 220 527 223 54 0 0 0 197 411 236 169 11 0 0 
0 0 88 586 337 13 0 0 0 0 224 583 211 6 0 0 0 107 578 281 58 0 0 0 
0 0 12 612 339 61 0 0 0 0 99 651 230 44 0 0 0 58 592 274 95 5 0 0 
0 0 246 383 211 184 0 0 0 0 248 414 222 140 0 0 0 148 356 267 200 53 0 0 
0 9 552 439 24 0 0 0 0 3 572 430 19 0 0 0 0 541 423 60 0 0 0 0 
0 0 544 434 46 0 0 0 0 5 732 282 5 0 0 0 9 824 190 1 0 0 0 0 
0 0 481 421 120 2 0 0 0 0 692 309 23 0 0 0 7 880 137 0 0 0 0 0 
0 5 890 119 10 0 0 0 0 0 970 50 4 0 0 0 6 973 45 0 0 0 0 0 
0 0 894 124 6 0 0 0 0 0 968 56 0 0 0 0 19 948 57 0 0 0 0 0 
0 1 897 126 0 0 0 0 0 8 927 89 0 0 0 0 11 945 67 1 0 0 0 0 
0 43 942 37 2 0 0 0 0 99 905 18 2 0 0 0 200 803 19 2 0 0 0 0 
0 301 695 28 0 0 0 0 0 500 516 8 0 0 0 0 550 473 1 0 0 0 0 0 
0 269 505 162 83 5 0 0 0 515 300 175 34 0 0 0 537 403 71 13 0 0 0 0 
0 655 369 0 0 0 0 0 0 673 351 0 0 0 0 0 801 223 0 0 0 0 0 0 
0 138 826 60 0 0 0 0 0 253 722 49 0 0 0 0 625 395 4 0 0 0 0 0 
0 272 752 0 0 0 0 0 0 449 575 0 0 0 0 0 817 207 0 0 0 0 0 0 
0 297 660 67 0 0 0 0 0 438 547 39 0 0 0 0 809 215 0 0 0 0 0 0 
0 191 831 2 0 0 0 0 0 211 811 2 0 0 0 0 888 135 1 0 0 0 0 0 
0 173 845 6 0 0 0 0 0 188 832 4 0 0 0 0 841 183 0 0 0 0 0 0 
0 352 622 50 0 0 0 0 0 262 715 47 0 0 0 0 819 199 6 0 0 0 0 0 
0 52 575 369 28 0 0 0 0 115 680 224 5 0 0 0 440 560 24 0 0 0 0 0 
0 178 818 28 0 0 0 0 0 297 714 13 0 0 0 0 800 224 0 0 0 0 0 0 
0 146 855 23 0 0 0 0 0 346 678 0 0 0 0 0 878 146 0 0 0 0 0 0 
0 0 0 0 1024 0 0 0 0 0 0 0 1024 0 0 0 0 0 0 0 1024 0 0 0 
0 0 0 0 1024 0 0 0 0 0 0 0 1024 0 0 0 0 0 0 0 1024 0 0 0 
0 0 0 0 1024 0 0 0 0 0 0 0 1024 0 0 0 0 0 0 0 1024 0 0 0 
0 0 0 0 1024 0 0 0 0 0 0 0 1024 0 0 0 0 0 0 0 1024 0 0 0 
0 0 0 0 1024 0 0 0 0 0 0 0 1024 0 0 0 0 0 0 0 1024 0 0 0 
0 0 0 0 1002 22 0 0 0 0 0 0 1024 0 0 0 0 0 0 0 1024 0 0 0 
0 0 0 0 1016 8 0 0 0 0 0 0 1024 0 0 0 0 0 0 0 1024 0 0 0 
0 0 0 0 1008 16 0 0 0 0 0 0 1008 16 0 0 0 0 0 0 1003 21 0 0 
0 0 0 19 987 18 0 0 0 0 0 24 986 14 0 0 0 0 0 71 944 9 0 0 
0 0 51 457 505 11 0 0 0 0 51 537 434 2 0 0 0 27 365 447 185 0 0 0 
0 0 48 554 420 2 0 0 0 0 107 576 341 0 0 0 0 99 480 256 189 0 0 0 
0 0 227 739 58 0 0 0 0 0 503 496 25 0 0 0 0 421 555 46 2 0 0 0 
0 0 1 338 664 21 0 0 0 0 10 387 620 7 0 0 0 21 258 296 449 0 0 0 
0 0 0 0 837 187 0 0 0 0 0 0 971 53 0 0 0 0 0 0 1024 0 0 0 
0 0 144 455 360 65 0 0 0 0 221 555 227 21 0 0 0 252 446 155 171 0 0 0 
0 0 70 802 150 2 0 0 0 0 390 587 47 0 0 0 0 490 473 56 5 0 0 0 
0 0 0 45 569 410 0 0 0 0 0 65 713 246 0 0 0 3 34 112 875 0 0 0 
0 0 8 20 436 560 0 0 0 0 9 19 603 393 0 0 0 0 12 24 947 41 0 0 
0 0 171 270 402 181 0 0 0 0 204 266 395 159 0 0 0 145 199 195 471 14 0 0 
0 0 102 472 392 58 0 0 0 0 210 564 235 15 0 0 0 271 466 203 84 0 0 0 
0 0 2 192 440 390 0 0 0 0 26 207 575 216 0 0 0 11 89 264 618 42 0 0 
0 0 114 154 320 436 0 0 0 0 119 172 424 309 0 0 0 110 137 138 633 6 0 0 
0 0 323 379 244 78 0 0 0 0 425 290 235 74 0 0 0 463 180 165 202 14 0 0 
0 0 541 318 161 4 0 0 0 0 608 248 163 5 0 0 0 612 182 154 76 0 0 0 
0 0 694 314 16 0 0 0 0 0 829 194 1 0 0 0 3 894 124 3 0 0 0 0 
0 3 914 94 13 0 0 0 0 17 965 40 2 0 0 0 53 935 33 3 0 0 0 0 
0 139 854 31 0 0 0 0 0 178 820 26 0 0 0 0 472 515 37 0 0 0 0 0 
0 5 758 235 25 1 0 0 0 9 762 226 26 1 0 0 44 681 240 49 10 0 0 0 
0 2 735 263 24 0 0 0 0 11 803 188 22 0 0 0 273 687 38 24 2 0 0 0 
0 66 952 6 0 0 0 0 0 156 867 1 0 0 0 0 407 617 0 0 0 0 0 0 
0 50 974 0 0 0 0 0 0 145 879 0 0 0 0 0 786 238 0 0 0 0 0 0 
0 86 938 0 0 0 0 0 0 311 713 0 0 0 0 0 803 221 0 0 0 0 0 0 
0 147 877 0 0 0 0 0 0 343 680 1 0 0 0 0 855 169 0 0 0 0 0 0 
0 9 1001 14 0 0 0 0 0 9 991 24 0 0 0 0 712 312 0 0 0 0 0 0 
0 67 940 17 0 0 0 0 0 62 941 21 0 0 0 0 815 207 2 0 0 0 0 0 
0 83 935 6 0 0 0 0 0 151 867 6 0 0 0 0 922 102 0 0 0 0 0 0 
0 178 834 12 0 0 0 0 0 243 770 11 0 0 0 0 896 128 0 0 0 0 0 0 
0 102 790 131 1 0 0 0 0 118 865 41 0 0 0 0 640 382 2 0 0 0 0 0 
0 348 643 33 0 0 0 0 0 503 506 15 0 0 0 0 853 171 0 0 0 0 0 0 
0 420 602 2 0 0 0 0 0 556 468 0 0 0 0 0 975 49 0 0 0 0 0 0 
0 0 0 0 1024 0 0 0 0 0 0 0 1024 0 0 0 0 0 0 0 1024 0 0 0 
0 0 0 0 1024 0 0 0 0 0 0 0 1024 0 0 0 0 0 0 0 1024 0 0 0 
0 0 0 0 1024 0 0 0 0 0 0 0 1024 0 0 0 0 0 0 0 1024 0 0 0 
0 0 0 0 1024 0 0 0 0 0 0 0 1024 0 0 0 0 0 0 0 1024 0 0 0 
0 0 0 0 1024 0 0 0 0 0 0 0 1024 0 0 0 0 0 0 0 1024 0 0 0 
0 0 0 0 1024 0 0 0 0 0 0 0 1024 0 0 0 0 0 0 0 1024 0 0 0 
0 0 0 0 1024 0 0 0 0 0 0 0 1024 0 0 0 0 0 0 0 1024 0 0 0 
0 0 0 0 1024 0 0 0 0 0 0 0 1024 0 0 0 0 0 0 0 1024 0 0 0 
0 0 0 0 1024 0 0 0 0 0 0 0 1024 0 0 0 0 0 0 6 1018 0 0 0 
0 0 8 55 961 0 0 0 0 0 4 58 960 2 0 0 0 2 27 74 921 0 0 0 
0 0 129 478 412 5 0 0 0 0 174 450 398 2 0 0 0 154 335 239 295 1 0 0 
0 0 79 379 565 1 0 0 0 0 112 383 529 0 0 0 0 86 331 166 441 0 0 0 
0 0 29 231 738 26 0 0 0 0 58 314 652 0 0 0 0 41 251 207 524 1 0 0 
0 0 0 0 1024 0 0 0 0 0 0 0 1024 0 0 0 0 0 0 0 1024 0 0 0 
0 0 78 242 704 0 0 0 0 0 87 273 664 0 0 0 0 92 205 183 544 0 0 0 
0 0 238 447 335 4 0 0 0 0 331 384 309 0 0 0 0 414 281 134 195 0 0 0 
0 0 0 0 1008 16 0 0 0 0 0 0 1020 4 0 0 0 0 0 14 1010 0 0 0 
0 0 0 0 1024 0 0 0 0 0 0 0 1024 0 0 0 0 0 0 0 1024 0 0 0 
0 0 133 612 274 5 0 0 0 0 185 596 238 5 0 0 0 208 540 131 145 0 0 0 
0 0 221 723 80 0 0 0 0 0 441 541 42 0 0 0 0 619 315 75 15 0 0 0 
0 0 33 614 368 9 0 0 0 0 178 697 149 0 0 0 0 289 472 238 25 0 0 0 
0 0 0 5 900 119 0 0 0 0 0 15 956 53 0 0 0 0 11 39 971 3 0 0 
0 0 1 10 923 90 0 0 0 0 2 8 966 48 0 0 0 0 6 20 998 0 0 0 
0 0 88 110 803 23 0 0 0 0 95 106 801 22 0 0 0 65 99 60 799 1 0 0 
0 0 335 245 434 10 0 0 0 0 345 270 400 9 0 0 1 338 226 92 367 0 0 0 
0 0 435 329 257 3 0 0 0 2 447 342 229 4 0 0 10 418 277 143 176 0 0 0 
0 36 635 181 170 2 0 0 0 101 562 199 161 1 0 0 281 389 141 121 92 0 0 0 
0 0 699 298 26 1 0 0 0 4 770 230 19 1 0 0 40 793 139 46 6 0 0 0 
0 0 738 241 45 0 0 0 0 6 756 224 38 0 0 0 257 515 175 73 4 0 0 0 
0 0 780 207 36 1 0 0 0 5 811 176 32 0 0 0 278 637 82 21 6 0 0 0 
0 29 841 154 0 0 0 0 0 137 782 105 0 0 0 0 566 454 4 0 0 0 0 0 
0 134 890 0 0 0 0 0 0 222 801 1 0 0 0 0 793 231 0 0 0 0 0 0 
0 3 978 43 0 0 0 0 0 3 980 41 0 0 0 0 681 343 0 0 0 0 0 0 
0 145 841 38 0 0 0 0 0 208 780 36 0 0 0 0 700 324 0 0 0 0 0 0 
0 328 673 23 0 0 0 0 0 448 563 13 0 0 0 0 776 244 4 0 0 0 0 0 
0 117 796 96 15 0 0 0 0 124 810 88 2 0 0 0 494 463 63 4 0 0 0 0 
0 74 742 192 16 0 0 0 0 46 814 150 14 0 0 0 496 425 84 19 0 0 0 0 
0 109 823 92 0 0 0 0 0 203 793 28 0 0 0 0 467 521 36 0 0 0 0 0 
0 52 929 43 0 0 0 0 0 140 866 18 0 0 0 0 705 319 0 0 0 0 0 0 
0 49 958 17 0 0 0 0 0 134 878 12 0 0 0 0 931 93 0 0 0 0 0 0 
0 0 0 0 1024 0 0 0 0 0 0 0 1024 0 0 0 0 0 0 0 1024 0 0 0 
0 0 0 0 1024 0 0 0 0 0 0 0 1024 0 0 0 0 0 0 0 1024 0 0 0 
0 0 0 19 1005 0 0 0 0 0 0 19 1005 0 0 0 0 0 0 19 1005 0 0 0 
0 0 6 39 979 0 0 0 0 0 7 46 971 0 0 0 0 0 7 45 972 0 0 0 
0 0 6 52 966 0 0 0 0 0 7 54 963 0 0 0 0 0 15 49 960 0 0 0 
0 0 0 0 1024 0 0 0 0 0 0 0 1024 0 0 0 0 0 0 0 1024 0 0 0 
0 0 0 0 1024 0 0 0 0 0 0 0 1024 0 0 0 0 0 0 0 1024 0 0 0 
0 0 0 0 1024 0 0 0 0 0 0 0 1024 0 0 0 0 0 0 0 1024 0 0 0 
0 0 0 0 1024 0 0 0 0 0 0 0 1024 0 0 0 0 0 0 0 1024 0 0 0 
0 0 0 0 1024 0 0 0 0 0 0 0 1024 0 0 0 0 0 0 0 1024 0 0 0 
0 0 0 0 1024 0 0 0 0 0 0 0 1024 0 0 0 0 0 0 0 1024 0 0 0 
0 0 1 31 992 0 0 0 0 0 1 31 992 0 0 0 0 0 20 22 982 0 0 0 
0 0 0 42 982 0 0 0 0 0 0 49 975 0 0 0 0 0 13 74 937 0 0 0 
0 0 0 0 1024 0 0 0 0 0 0 0 1024 0 0 0 0 0 0 0 1024 0 0 0 
0 0 0 3 1021 0 0 0 0 0 0 0 1024 0 0 0 0 0 0 10 1014 0 0 0 
0 0 15 44 963 2 0 0 0 0 14 46 963 1 0 0 0 4 36 56 928 0 0 0 
0 0 0 0 1024 0 0 0 0 0 0 0 1024 0 0 0 0 0 0 0 1024 0 0 0 
0 0 0 0 1024 0 0 0 0 0 0 0 1024 0 0 0 0 0 0 0 1024 0 0 0 
0 0 71 235 718 0 0 0 0 0 68 245 711 0 0 0 0 50 154 220 600 0 0 0 
0 0 78 313 633 0 0 0 0 0 84 300 640 0 0 0 0 88 163 324 449 0 0 0 
0 0 0 117 907 0 0 0 0 0 0 131 893 0 0 0 0 0 55 199 770 0 0 0 
0 0 0 0 1024 0 0 0 0 0 0 0 1024 0 0 0 0 0 0 0 1024 0 0 0 
0 0 0 0 1024 0 0 0 0 0 0 0 1024 0 0 0 0 0 0 0 1024 0 0 0 
0 0 0 0 1024 0 0 0 0 0 0 0 1024 0 0 0 0 0 0 0 1024 0 0 0 
0 0 0 0 1024 0 0 0 0 0 0 0 1024 0 0 0 0 0 0 0 1024 0 0 0 
0 0 40 50 931 3 0 0 0 0 34 60 930 0 0 0 0 39 35 71 879 0 0 0 
0 0 21 71 932 0 0 0 0 0 16 67 941 0 0 0 0 14 55 48 907 0 0 0 
0 0 568 129 327 0 0 0 0 0 570 128 326 0 0 0 27 519 104 72 302 0 0 0 
0 0 892 128 4 0 0 0 0 0 922 98 4 0 0 0 63 882 72 7 0 0 0 0 
0 0 523 281 219 1 0 0 0 1 582 219 220 2 0 0 49 519 203 86 167 0 0 0 
0 13 590 289 132 0 0 0 0 24 577 293 130 0 0 0 54 478 274 143 75 0 0 0 
0 65 817 99 43 0 0 0 0 214 676 96 38 0 0 0 477 376 97 51 23 0 0 0 
0 30 681 243 70 0 0 0 0 89 635 237 63 0 0 0 234 436 209 130 15 0 0 0 
0 265 665 79 15 0 0 0 0 446 490 72 16 0 0 0 634 296 63 31 0 0 0 0 
0 423 582 19 0 0 0 0 0 604 404 16 0 0 0 0 778 228 18 0 0 0 0 0 
0 55 607 197 165 0 0 0 0 77 627 163 157 0 0 0 147 532 138 135 72 0 0 0 
0 13 529 382 100 0 0 0 0 24 635 283 82 0 0 0 199 496 179 115 35 0 0 0 
0 82 899 43 0 0 0 0 0 392 607 25 0 0 0 0 605 385 34 0 0 0 0 0 
0 98 746 172 8 0 0 0 0 137 779 108 0 0 0 0 521 462 38 3 0 0 0 0 
0 42 909 70 3 0 0 0 0 141 831 51 1 0 0 0 359 625 36 4 0 0 0 0 
0 0 0 2 1022 0 0 0 0 0 0 2 1022 0 0 0 0 0 0 2 1022 0 0 0 
0 0 0 0 1024 0 0 0 0 0 0 0 1024 0 0 0 0 0 0 0 1024 0 0 0 
0 0 0 0 1024 0 0 0 0 0 0 0 1024 0 0 0 0 0 0 0 1024 0 0 0 
0 0 0 0 1024 0 0 0 0 0 0 0 1024 0 0 0 0 0 0 0 1024 0 0 0 
0 0 0 0 1024 0 0 0 0 0 0 0 1024 0 0 0 0 0 0 0 1024 0 0 0 
0 0 0 0 1024 0 0 0 0 0 0 0 1024 0 0 0 0 0 0 0 1024 0 0 0 
0 0 0 0 1024 0 0 0 0 0 0 0 1024 0 0 0 0 0 0 0 1024 0 0 0 
0 0 0 0 1024 0 0 0 0 0 0 0 1024 0 0 0 0 0 0 0 1024 0 0 0 
0 0 0 0 1024 0 0 0 0 0 0 0 1024 0 0 0 0 0 0 0 1024 0 0 0 
0 0 0 0 1024 0 0 0 0 0 0 0 1024 0 0 0 0 0 0 0 1024 0 0 0 
0 0 0 0 1024 0 0 0 0 0 0 0 1024 0 0 0 0 0 0 0 1024 0 0 0 
0 0 0 0 1024 0 0 0 0 0 0 0 1024 0 0 0 0 0 0 0 1024 0 0 0 
0 0 0 0 1024 0 0 0 0 0 0 0 1024 0 0 0 0 0 0 0 1024 0 0 0 
0 0 0 0 1024 0 0 0 0 0 0 0 1024 0 0 0 0 0 0 0 1024 0 0 0 
0 0 0 0 1024 0 0 0 0 0 0 0 1024 0 0 0 0 0 0 0 1024 0 0 0 
0 0 0 0 1024 0 0 0 0 0 0 0 1024 0 0 0 0 0 0 0 1024 0 0 0 
0 0 0 0 1024 0 0 0 0 0 0 0 1024 0 0 0 0 0 0 0 1024 0 0 0 
0 0 0 0 1024 0 0 0 0 0 0 0 1024 0 0 0 0 0 0 0 1024 0 0 0 
0 0 0 0 1024 0 0 0 0 0 0 0 1024 0 0 0 0 0 0 0 1024 0 0 0 
0 0 0 0 1024 0 0 0 0 0 0 0 1024 0 0 0 0 0 0 0 1024 0 0 0 
0 0 0 0 1024 0 0 0 0 0 0 0 1024 0 0 0 0 0 0 0 1024 0 0 0 
0 0 0 0 1024 0 0 0 0 0 0 0 1024 0 0 0 0 0 0 0 1024 0 0 0 
0 0 0 0 1024 0 0 0 0 0 0 0 1024 0 0 0 0 0 0 0 1024 0 0 0 
0 0 0 0 1024 0 0 0 0 0 0 0 1024 0 0 0 0 0 0 0 1024 0 0 0 
0 0 0 0 1024 0 0 0 0 0 0 0 1024 0 0 0 0 0 0 0 1024 0 0 0 
0 0 0 0 1024 0 0 0 0 0 0 0 1024 0 0 0 0 0 0 0 1024 0 0 0 
0 0 0 0 1024 0 0 0 0 0 0 0 1024 0 0 0 0 0 0 0 1024 0 0 0 
0 0 10 35 979 0 0 0 0 0 8 36 980 0 0 0 0 2 25 43 954 0 0 0 
0 0 322 162 540 0 0 0 0 0 342 133 549 0 0 0 0 319 92 141 472 0 0 0 
0 0 220 164 640 0 0 0 0 0 219 160 645 0 0 0 0 258 102 83 581 0 0 0 
0 0 0 5 1019 0 0 0 0 0 0 5 1019 0 0 0 0 0 0 16 1008 0 0 0 
0 1 403 123 497 0 0 0 0 1 417 116 490 0 0 0 16 350 100 98 460 0 0 0 
0 22 803 151 48 0 0 0 0 42 817 139 26 0 0 0 103 695 145 76 5 0 0 0 
0 171 816 32 5 0 0 0 0 700 301 19 4 0 0 0 803 184 26 10 1 0 0 0 
0 133 743 47 101 0 0 0 0 343 536 42 103 0 0 0 600 276 39 63 46 0 0 0 
0 9 171 234 609 1 0 0 0 31 177 218 598 0 0 0 4 118 217 283 402 0 0 0 
0 9 777 112 126 0 0 0 0 235 600 77 112 0 0 0 379 390 100 88 67 0 0 0 
0 69 811 129 15 0 0 0 0 439 506 79 0 0 0 0 672 349 3 0 0 0 0 0 
0 0 579 405 40 0 0 0 0 40 776 186 22 0 0 0 259 611 98 56 0 0 0 0 
0 10 757 144 113 0 0 0 0 69 734 106 115 0 0 0 362 434 75 100 53 0 0 0 
0 0 0 820 204 0 0 0 0 0 0 532 492 0 0 0 0 0 0 654 370 0 0 0 
0 0 0 503 521 0 0 0 0 0 0 408 616 0 0 0 0 0 0 447 577 0 0 0 
0 0 0 420 604 0 0 0 0 0 0 344 680 0 0 0 0 0 0 410 614 0 0 0 
0 0 0 170 854 0 0 0 0 0 0 169 855 0 0 0 0 0 0 309 715 0 0 0 
0 0 0 49 975 0 0 0 0 0 0 49 975 0 0 0 0 0 0 49 975 0 0 0 
0 0 0 70 954 0 0 0 0 0 0 23 1001 0 0 0 0 0 0 32 992 0 0 0 
0 0 0 2 1022 0 0 0 0 0 0 2 1022 0 0 0 0 0 0 14 1010 0 0 0 
0 0 0 4 1020 0 0 0 0 0 0 4 1020 0 0 0 0 0 0 4 1020 0 0 0 
0 0 0 0 1024 0 0 0 0 0 0 0 1024 0 0 0 0 0 0 0 1024 0 0 0 
0 0 0 0 1024 0 0 0 0 0 0 0 1024 0 0 0 0 0 0 30 994 0 0 0 
0 0 0 0 1024 0 0 0 0 0 0 0 1024 0 0 0 0 0 0 3 1021 0 0 0 
0 0 0 0 1024 0 0 0 0 0 0 0 1024 0 0 0 0 0 0 48 976 0 0 0 
0 0 0 0 1024 0 0 0 0 0 0 0 1024 0 0 0 0 0 0 0 1024 0 0 0 
0 0 0 0 1024 0 0 0 0 0 0 0 1024 0 0 0 0 0 0 0 1024 0 0 0 
0 0 0 0 1024 0 0 0 0 0 0 0 1024 0 0 0 0 0 0 2 1022 0 0 0 
0 0 0 0 1024 0 0 0 0 0 0 0 1024 0 0 0 0 0 0 13 1011 0 0 0 
0 0 0 0 1024 0 0 0 0 0 0 0 1024 0 0 0 0 0 0 1 1023 0 0 0 
0 0 0 0 1024 0 0 0 0 0 0 0 1024 0 0 0 0 0 0 6 1018 0 0 0 
0 0 0 0 1024 0 0 0 0 0 0 0 1024 0 0 0 0 0 0 46 978 0 0 0 
0 0 0 0 1024 0 0 0 0 0 0 0 1024 0 0 0 0 0 0 16 1008 0 0 0 
0 0 0 0 1024 0 0 0 0 0 0 0 1024 0 0 0 0 0 0 29 995 0 0 0 
0 0 0 0 1024 0 0 0 0 0 0 0 1024 0 0 0 0 0 0 2 1022 0 0 0 
0 0 0 0 1024 0 0 0 0 0 0 0 1024 0 0 0 0 0 0 0 1024 0 0 0 
0 0 0 0 1024 0 0 0 0 0 0 0 1024 0 0 0 0 0 0 10 1014 0 0 0 
0 0 0 0 1024 0 0 0 0 0 0 0 1024 0 0 0 0 0 0 19 1005 0 0 0 
0 0 0 0 1024 0 0 0 0 0 0 0 1024 0 0 0 0 0 0 0 1024 0 0 0 
0 0 0 0 1024 0 0 0 0 0 0 0 1024 0 0 0 0 0 0 18 1006 0 0 0 
0 0 0 0 1024 0 0 0 0 0 0 0 1024 0 0 0 0 0 0 1 1023 0 0 0 
0 0 0 0 1024 0 0 0 0 0 0 0 1024 0 0 0 0 0 0 11 1013 0 0 0 
0 0 0 0 1024 0 0 0 0 0 0 0 1024 0 0 0 0 0 0 27 997 0 0 0 
0 0 0 0 1024 0 0 0 0 0 0 0 1024 0 0 0 0 0 0 8 1016 0 0 0 
0 1 184 116 723 0 0 0 0 1 182 123 718 0 0 0 4 158 83 196 583 0 0 0 
0 0 468 260 296 0 0 0 0 0 461 261 302 0 0 0 69 395 189 298 73 0 0 0 
0 25 519 306 174 0 0 0 0 23 532 311 158 0 0 0 89 438 222 232 43 0 0 0 
0 4 946 74 0 0 0 0 0 56 935 33 0 0 0 0 495 489 40 0 0 0 0 0 
0 1 838 144 41 0 0 0 0 235 668 103 18 0 0 0 386 493 94 41 10 0 0 0 
0 58 955 11 0 0 0 0 0 322 700 2 0 0 0 0 690 334 0 0 0 0 0 0 
0 72 930 22 0 0 0 0 0 373 646 5 0 0 0 0 656 366 2 0 0 0 0 0 
0 11 629 299 85 0 0 0 0 81 597 246 100 0 0 0 238 427 183 176 0 0 0 0 
0 0 48 106 870 0 0 0 0 0 50 114 860 0 0 0 0 47 36 597 344 0 0 0 
0 0 0 1023 1 0 0 0 0 0 0 1023 1 0 0 0 0 0 0 1023 1 0 0 0 
0 0 0 999 25 0 0 0 0 0 0 1021 3 0 0 0 0 0 0 1022 2 0 0 0 
0 0 0 1008 16 0 0 0 0 0 0 1009 15 0 0 0 0 0 0 1009 15 0 0 0 
0 0 0 983 41 0 0 0 0 0 0 999 25 0 0 0 0 0 0 1000 24 0 0 0 
0 0 0 992 32 0 0 0 0 0 0 992 32 0 0 0 0 0 0 970 54 0 0 0 
0 0 0 952 72 0 0 0 0 0 0 843 181 0 0 0 0 0 0 946 78 0 0 0 
0 0 0 772 252 0 0 0 0 0 0 772 252 0 0 0 0 0 0 776 248 0 0 0 
0 0 0 653 371 0 0 0 0 0 0 632 392 0 0 0 0 0 0 652 372 0 0 0 
0 0 0 626 398 0 0 0 0 0 0 626 398 0 0 0 0 0 0 778 246 0 0 0 
0 0 0 470 554 0 0 0 0 0 0 470 554 0 0 0 0 0 0 555 469 0 0 0 
0 0 0 481 543 0 0 0 0 0 0 470 554 0 0 0 0 0 0 780 244 0 0 0 
0 0 0 388 636 0 0 0 0 0 0 428 596 0 0 0 0 0 0 703 321 0 0 0 
0 0 0 322 702 0 0 0 0 0 0 327 697 0 0 0 0 0 0 629 395 0 0 0 
0 0 0 369 655 0 0 0 0 0 0 272 752 0 0 0 0 0 0 819 205 0 0 0 
0 0 0 301 723 0 0 0 0 0 0 239 785 0 0 0 0 0 0 866 158 0 0 0 
0 0 0 344 680 0 0 0 0 0 0 220 804 0 0 0 0 0 0 882 142 0 0 0 
0 0 0 258 766 0 0 0 0 0 0 86 938 0 0 0 0 0 0 705 319 0 0 0 
0 0 0 178 846 0 0 0 0 0 0 106 918 0 0 0 0 0 0 815 209 0 0 0 
0 0 0 153 871 0 0 0 0 0 0 75 949 0 0 0 0 0 0 777 247 0 0 0 
0 0 0 35 989 0 0 0 0 0 0 84 940 0 0 0 0 0 0 755 269 0 0 0 
0 0 0 72 952 0 0 0 0 0 0 86 938 0 0 0 0 0 0 704 320 0 0 0 
0 0 0 67 957 0 0 0 0 0 0 24 1000 0 0 0 0 0 0 665 359 0 0 0 
0 0 0 23 1001 0 0 0 0 0 0 22 1002 0 0 0 0 0 0 617 407 0 0 0 
0 0 0 29 995 0 0 0 0 0 0 4 1020 0 0 0 0 0 0 677 347 0 0 0 
0 0 0 66 958 0 0 0 0 0 0 29 995 0 0 0 0 0 0 674 350 0 0 0 
0 0 0 50 974 0 0 0 0 0 0 23 1001 0 0 0 0 0 0 726 298 0 0 0 
0 0 0 33 991 0 0 0 0 0 0 115 909 0 0 0 0 0 0 795 229 0 0 0 
0 0 0 31 993 0 0 0 0 0 0 103 921 0 0 0 0 0 0 807 217 0 0 0 
0 0 0 40 984 0 0 0 0 0 0 142 882 0 0 0 0 0 0 841 183 0 0 0 
0 0 0 111 913 0 0 0 0 0 0 128 896 0 0 0 0 0 0 886 138 0 0 0 
0 0 0 103 921 0 0 0 0 0 0 171 853 0 0 0 0 0 0 758 266 0 0 0 
0 0 0 95 929 0 0 0 0 0 0 207 817 0 0 0 0 0 0 857 167 0 0 0 
0 0 0 162 862 0 0 0 0 0 0 235 789 0 0 0 0 0 0 983 41 0 0 0 
0 0 18 504 502 0 0 0 0 0 23 590 411 0 0 0 0 0 92 891 41 0 0 0 
0 0 536 434 54 0 0 0 0 76 501 383 64 0 0 0 119 382 180 343 0 0 0 0 
0 1 925 98 0 0 0 0 0 161 819 44 0 0 0 0 577 436 11 0 0 0 0 0 
0 0 530 472 22 0 0 0 0 20 597 390 17 0 0 0 167 476 189 192 0 0 0 0 
0 3 558 415 48 0 0 0 0 110 500 385 29 0 0 0 266 312 234 204 8 0 0 0 
0 0 327 621 76 0 0 0 0 0 417 586 21 0 0 0 0 288 378 358 0 0 0 0 
0 0 68 328 628 0 0 0 0 0 72 466 486 0 0 0 0 62 54 899 9 0 0 0 
0 0 0 1024 0 0 0 0 0 0 0 1024 0 0 0 0 0 0 0 1024 0 0 0 0 
0 0 0 1024 0 0 0 0 0 0 0 1024 0 0 0 0 0 0 0 1024 0 0 0 0 
0 0 0 1024 0 0 0 0 0 0 0 1024 0 0 0 0 0 0 0 1024 0 0 0 0 
0 0 0 1024 0 0 0 0 0 0 0 1024 0 0 0 0 0 0 0 1024 0 0 0 0 
0 0 0 1024 0 0 0 0 0 0 0 1024 0 0 0 0 0 0 0 1024 0 0 0 0 
0 0 0 1024 0 0 0 0 0 0 0 1024 0 0 0 0 0 0 0 1024 0 0 0 0 
0 0 0 1024 0 0 0 0 0 0 0 1024 0 0 0 0 0 0 0 1024 0 0 0 0 
0 0 0 1024 0 0 0 0 0 0 0 1024 0 0 0 0 0 0 0 1024 0 0 0 0 
0 0 0 1024 0 0 0 0 0 0 0 1024 0 0 0 0 0 0 0 1024 0 0 0 0 
0 0 0 1024 0 0 0 0 0 0 0 1024 0 0 0 0 0 0 0 1024 0 0 0 0 
0 0 0 1024 0 0 0 0 0 0 0 1020 4 0 0 0 0 0 0 1024 0 0 0 0 
0 0 0 1024 0 0 0 0 0 0 0 1024 0 0 0 0 0 0 0 1024 0 0 0 0 
0 0 0 1021 3 0 0 0 0 0 0 1021 3 0 0 0 0 0 0 1024 0 0 0 0 
0 0 0 1024 0 0 0 0 0 0 0 1024 0 0 0 0 0 0 0 1024 0 0 0 0 
0 0 0 1024 0 0 0 0 0 0 0 1018 6 0 0 0 0 0 0 1024 0 0 0 0 
0 0 0 1023 1 0 0 0 0 0 0 1012 12 0 0 0 0 0 0 1024 0 0 0 0 
0 0 0 1007 17 0 0 0 0 0 0 1003 21 0 0 0 0 0 0 1024 0 0 0 0 
0 0 0 938 86 0 0 0 0 0 0 1010 14 0 0 0 0 0 0 1024 0 0 0 0 
0 0 0 1018 6 0 0 0 0 0 0 1006 18 0 0 0 0 0 0 1024 0 0 0 0 
0 0 0 1014 10 0 0 0 0 0 0 959 65 0 0 0 0 0 0 1024 0 0 0 0 
0 0 0 912 112 0 0 0 0 0 0 968 56 0 0 0 0 0 0 1024 0 0 0 0 
0 0 0 851 173 0 0 0 0 0 0 973 51 0 0 0 0 0 0 1024 0 0 0 0 
0 0 0 832 192 0 0 0 0 0 0 985 39 0 0 0 0 0 0 1024 0 0 0 0 
0 0 0 914 110 0 0 0 0 0 0 947 77 0 0 0 0 0 0 1024 0 0 0 0 
0 0 0 839 185 0 0 0 0 0 0 908 116 0 0 0 0 0 0 1024 0 0 0 0 
0 0 0 838 186 0 0 0 0 0 0 957 67 0 0 0 0 0 0 1024 0 0 0 0 
0 0 0 847 177 0 0 0 0 0 0 1017 7 0 0 0 0 0 0 1024 0 0 0 0 
0 0 0 964 60 0 0 0 0 0 0 1011 13 0 0 0 0 0 0 1024 0 0 0 0 
0 0 0 918 106 0 0 0 0 0 0 992 32 0 0 0 0 0 0 1024 0 0 0 0 
0 0 0 850 174 0 0 0 0 0 0 1014 10 0 0 0 0 0 0 1024 0 0 0 0 
0 0 0 1018 6 0 0 0 0 0 0 1024 0 0 0 0 0 0 0 1024 0 0 0 0 
0 0 0 1000 24 0 0 0 0 0 0 1017 7 0 0 0 0 0 0 1024 0 0 0 0 
0 0 0 970 54 0 0 0 0 0 0 1011 13 0 0 0 0 0 0 1024 0 0 0 0 
0 0 0 971 53 0 0 0 0 0 0 989 35 0 0 0 0 0 0 1024 0 0 0 0 
0 0 112 895 17 0 0 0 0 2 133 874 15 0 0 0 3 103 116 802 0 0 0 0 
0 0 495 529 0 0 0 0 0 42 471 511 0 0 0 0 109 379 149 387 0 0 0 0 
0 0 36 981 7 0 0 0 0 0 36 976 12 0 0 0 0 27 85 912 0 0 0 0 
0 0 0 970 54 0 0 0 0 0 0 1024 0 0 0 0 0 0 1 1023 0 0 0 0 
0 0 1 1011 12 0 0 0 0 0 4 1018 2 0 0 0 0 0 9 1015 0 0 0 0 
0 0 0 1024 0 0 0 0 0 0 0 1024 0 0 0 0 0 0 0 1024 0 0 0 0 
0 0 0 1024 0 0 0 0 0 0 0 1024 0 0 0 0 0 0 0 1024 0 0 0 0 
0 0 0 1024 0 0 0 0 0 0 0 1024 0 0 0 0 0 0 0 1024 0 0 0 0 
0 0 0 1024 0 0 0 0 0 0 0 1024 0 0 0 0 0 0 0 1024 0 0 0 0 
0 0 0 1024 0 0 0 0 0 0 0 1024 0 0 0 0 0 0 0 1024 0 0 0 0 
0 0 0 1024 0 0 0 0 0 0 0 1024 0 0 0 0 0 0 0 1024 0 0 0 0 
0 0 0 1024 0 0 0 0 0 0 0 1024 0 0 0 0 0 0 0 1024 0 0 0 0 
0 0 0 1024 0 0 0 0 0 0 0 1024 0 0 0 0 0 0 0 1024 0 0 0 0 
0 0 0 1024 0 0 0 0 0 0 0 1024 0 0 0 0 0 0 0 1024 0 0 0 0 
0 0 0 1024 0 0 0 0 0 0 0 1024 0 0 0 0 0 0 0 1024 0 0 0 0 
0 0 0 1024 0 0 0 0 0 0 0 1024 0 0 0 0 0 0 0 1024 0 0 0 0 
0 0 0 1024 0 0 0 0 0 0 0 1024 0 0 0 0 0 0 0 1024 0 0 0 0 
0 0 0 1024 0 0 0 0 0 0 0 1024 0 0 0 0 0 0 0 1024 0 0 0 0 
0 0 0 1024 0 0 0 0 0 0 0 1024 0 0 0 0 0 0 0 1024 0 0 0 0 
0 0 0 1024 0 0 0 0 0 0 0 1024 0 0 0 0 0 0 0 1024 0 0 0 0 
0 0 0 1024 0 0 0 0 0 0 0 1024 0 0 0 0 0 0 0 1024 0 0 0 0 
0 0 0 1024 0 0 0 0 0 0 0 1024 0 0 0 0 0 0 0 1024 0 0 0 0 
0 0 0 1024 0 0 0 0 0 0 0 1024 0 0 0 0 0 0 0 1024 0 0 0 0 
0 0 0 1024 0 0 0 0 0 0 0 1024 0 0 0 0 0 0 0 1024 0 0 0 0 
0 0 0 1024 0 0 0 0 0 0 0 1024 0 0 0 0 0 0 0 1024 0 0 0 0 
0 0 0 1024 0 0 0 0 0 0 0 1024 0 0 0 0 0 0 0 1024 0 0 0 0 
0 0 0 1024 0 0 0 0 0 0 0 1024 0 0 0 0 0 0 0 1024 0 0 0 0 
0 0 0 1024 0 0 0 0 0 0 0 1024 0 0 0 0 0 0 0 1024 0 0 0 0 
0 0 0 1024 0 0 0 0 0 0 0 1024 0 0 0 0 0 0 0 1024 0 0 0 0 
0 0 0 1024 0 0 0 0 0 0 0 1024 0 0 0 0 0 0 0 1024 0 0 0 0 
0 0 0 1024 0 0 0 0 0 0 0 1024 0 0 0 0 0 0 0 1024 0 0 0 0 
0 0 0 1024 0 0 0 0 0 0 0 1024 0 0 0 0 0 0 0 1024 0 0 0 0 
0 0 0 1024 0 0 0 0 0 0 0 1024 0 0 0 0 0 0 0 1024 0 0 0 0 
0 0 0 1024 0 0 0 0 0 0 0 1024 0 0 0 0 0 0 0 1024 0 0 0 0 
0 0 0 1024 0 0 0 0 0 0 0 1024 0 0 0 0 0 0 0 1024 0 0 0 0 
0 0 0 1024 0 0 0 0 0 0 0 1024 0 0 0 0 0 0 0 1024 0 0 0 0 
0 0 0 1024 0 0 0 0 0 0 0 1024 0 0 0 0 0 0 0 1024 0 0 0 0 
0 0 0 1024 0 0 0 0 0 0 0 1024 0 0 0 0 0 0 0 1024 0 0 0 0 
0 0 0 1024 0 0 0 0 0 0 0 1024 0 0 0 0 0 0 0 1024 0 0 0 0 
0 0 0 1024 0 0 0 0 0 0 0 1024 0 0 0 0 0 0 0 1024 0 0 0 0 
0 0 0 1024 0 0 0 0 0 0 0 1024 0 0 0 0 0 0 0 1024 0 0 0 0 
0 0 0 1024 0 0 0 0 0 0 0 1024 0 0 0 0 0 0 0 1024 0 0 0 0 
0 0 0 1024 0 0 0 0 0 0 0 1024 0 0 0 0 0 0 0 1024 0 0 0 0 
0 0 0 1024 0 0 0 0 0 0 0 1024 0 0 0 0 0 0 0 1024 0 0 0 0 
0 0 0 1024 0 0 0 0 0 0 0 1024 0 0 0 0 0 0 0 1024 0 0 0 0 
0 0 0 1024 0 0 0 0 0 0 0 1024 0 0 0 0 0 0 0 1024 0 0 0 0 
0 0 0 1024 0 0 0 0 0 0 0 1024 0 0 0 0 0 0 0 1024 0 0 0 0 
0 0 0 1024 0 0 0 0 0 0 0 1024 0 0 0 0 0 0 0 1024 0 0 0 0 
0 0 0 1024 0 0 0 0 0 0 0 1024 0 0 0 0 0 0 0 1024 0 0 0 0 
0 0 0 1024 0 0 0 0 0 0 0 1024 0 0 0 0 0 0 0 1024 0 0 0 0 
0 0 0 1024 0 0 0 0 0 0 0 1024 0 0 0 0 0 0 0 1024 0 0 0 0 
0 0 0 1024 0 0 0 0 0 0 0 1024 0 0 0 0 0 0 0 1024 0 0 0 0 
0 0 0 1024 0 0 0 0 0 0 0 1024 0 0 0 0 0 0 15 1009 0 0 0 0 
0 0 0 1024 0 0 0 0 0 0 0 1024 0 0 0 0 0 0 0 1024 0 0 0 0 
0 0 0 1024 0 0 0 0 0 0 0 1024 0 0 0 0 0 0 0 1024 0 0 0 0 
0 0 0 1024 0 0 0 0 0 0 0 1024 0 0 0 0 0 0 0 1024 0 0 0 0 
0 0 0 1024 0 0 0 0 0 0 0 1024 0 0 0 0 0 0 0 1024 0 0 0 0 
0 0 0 1024 0 0 0 0 0 0 0 1024 0 0 0 0 0 0 0 1024 0 0 0 0 
0 0 0 1024 0 0 0 0 0 0 0 1024 0 0 0 0 0 0 0 1024 0 0 0 0 
0 0 0 1024 0 0 0 0 0 0 0 1024 0 0 0 0 0 0 0 1024 0 0 0 0 
0 0 0 1024 0 0 0 0 0 0 0 1024 0 0 0 0 0 0 0 1024 0 0 0 0 
0 0 0 1024 0 0 0 0 0 0 0 1024 0 0 0 0 0 0 0 1024 0 0 0 0 
0 0 0 1024 0 0 0 0 0 0 0 1024 0 0 0 0 0 0 0 1024 0 0 0 0 
0 0 0 1024 0 0 0 0 0 0 0 1024 0 0 0 0 0 0 0 1024 0 0 0 0 
0 0 0 1024 0 0 0 0 0 0 0 1024 0 0 0 0 0 0 4 1020 0 0 0 0 
0 0 0 1024 0 0 0 0 0 0 0 1024 0 0 0 0 0 0 0 1024 0 0 0 0 
0 0 0 1024 0 0 0 0 0 0 0 1024 0 0 0 0 0 0 0 1024 0 0 0 0 
0 0 0 1024 0 0 0 0 0 0 0 1024 0 0 0 0 0 0 2 1022 0 0 0 0 
0 0 0 1024 0 0 0 0 0 0 0 1024 0 0 0 0 0 0 0 1024 0 0 0 0 
0 0 0 1024 0 0 0 0 0 0 0 1024 0 0 0 0 0 0 9 1015 0 0 0 0 
0 0 0 1024 0 0 0 0 0 0 0 1024 0 0 0 0 0 0 0 1024 0 0 0 0 
0 0 0 1024 0 0 0 0 0 0 0 1024 0 0 0 0 0 0 0 1024 0 0 0 0 
0 0 0 1024 0 0 0 0 0 0 0 1024 0 0 0 0 0 0 0 1024 0 0 0 0 
0 0 0 1024 0 0 0 0 0 0 0 1024 0 0 0 0 0 0 0 1024 0 0 0 0 
0 0 0 1024 0 0 0 0 0 0 0 1024 0 0 0 0 0 0 3 1021 0 0 0 0 
0 0 0 1024 0 0 0 0 0 0 0 1024 0 0 0 0 0 0 18 1006 0 0 0 0 
0 0 0 1024 0 0 0 0 0 0 0 1024 0 0 0 0 0 0 15 1009 0 0 0 0 
0 0 0 1024 0 0 0 0 0 0 0 1024 0 0 0 0 0 0 37 987 0 0 0 0 
0 0 0 1024 0 0 0 0 0 0 0 1024 0 0 0 0 0 0 30 994 0 0 0 0 
0 0 0 1024 0 0 0 0 0 0 0 1024 0 0 0 0 0 0 18 1006 0 0 0 0 
0 0 0 1024 0 0 0 0 0 0 0 1024 0 0 0 0 0 0 18 1006 0 0 0 0 
0 0 0 1024 0 0 0 0 0 0 0 1024 0 0 0 0 0 0 37 987 0 0 0 0 
0 0 0 1024 0 0 0 0 0 0 0 1024 0 0 0 0 0 0 49 975 0 0 0 0 
0 0 0 1024 0 0 0 0 0 0 0 1024 0 0 0 0 0 0 93 931 0 0 0 0 
0 0 0 1024 0 0 0 0 0 0 0 1024 0 0 0 0 0 0 113 911 0 0 0 0 
0 0 0 1024 0 0 0 0 0 0 0 1024 0 0 0 0 0 0 71 953 0 0 0 0 
