0 6 29 51 278 580 80 0 0 0 12 32 63 508 409 0 0 0 15 32 50 82 650 195 
0 0 0 0 0 1020 4 0 0 0 0 0 0 74 950 0 0 0 0 0 0 0 587 437 
0 0 2 4 17 972 29 0 0 0 0 3 5 35 979 2 0 0 0 1 3 7 138 875 
16 10 7 3 6 877 105 0 12 12 8 2 6 3 973 8 18 9 5 2 6 3 22 959 
18 46 69 94 101 550 143 3 13 29 67 79 100 91 614 31 32 61 83 74 69 57 97 551 
3 85 191 233 273 174 57 8 0 37 153 234 269 193 119 19 47 190 241 225 140 95 62 24 
6 37 78 141 213 223 193 133 0 22 73 118 178 236 197 200 17 84 155 179 119 141 141 188 
11 35 53 57 73 109 292 394 3 26 51 49 73 92 166 564 12 23 45 52 79 85 106 622 
0 0 0 0 0 244 89 691 0 0 0 0 0 0 274 750 0 0 0 0 0 0 2 1022 
0 0 0 0 0 839 126 59 0 0 0 0 0 0 868 156 0 0 0 0 0 0 0 1024 
0 0 0 0 0 1024 0 0 0 0 0 0 0 0 1024 0 0 0 0 0 0 0 0 1024 
2 7 33 78 213 632 59 0 1 4 11 42 108 319 538 1 3 15 45 67 90 107 600 97 
0 0 0 0 0 819 205 0 0 0 0 0 0 0 1022 2 0 0 0 0 0 0 224 800 
27 98 111 105 132 317 221 13 11 76 104 109 114 135 394 81 21 91 99 98 100 122 200 293 
226 82 62 48 64 82 436 24 196 92 62 51 56 69 359 139 222 81 59 35 62 68 91 406 
151 252 188 116 73 61 171 12 100 241 203 142 81 50 165 42 243 255 149 78 59 41 67 132 
90 320 279 139 131 56 9 0 25 278 303 181 131 83 23 0 301 390 196 102 26 8 1 0 
16 85 192 188 238 200 71 34 5 48 157 190 229 218 125 52 96 231 280 195 96 52 48 26 
6 31 52 69 75 92 646 53 4 20 50 50 81 80 283 456 13 41 58 66 76 77 102 591 
0 0 0 0 0 7 864 153 0 0 0 0 0 0 312 712 0 0 0 0 0 0 0 1024 
0 0 0 0 0 73 916 35 0 0 0 0 0 0 340 684 0 0 0 0 0 0 0 1024 
0 0 0 0 0 635 388 0 0 0 0 0 0 0 920 103 0 0 0 0 0 3 22 998 
0 12 74 189 222 234 293 0 0 4 35 129 241 205 369 41 41 148 177 133 88 99 180 158 
33 91 104 111 102 51 499 33 7 75 100 103 116 73 277 273 82 137 146 79 26 29 65 460 
29 149 235 167 94 97 224 29 10 87 224 197 121 97 178 110 58 229 191 119 85 68 115 159 
9 107 141 124 76 92 456 19 0 64 128 129 105 78 347 173 60 126 127 80 63 78 109 381 
107 252 131 107 86 73 229 39 50 260 160 93 102 75 185 99 185 236 116 89 78 68 58 194 
218 482 207 55 29 15 17 1 78 492 293 79 46 14 19 3 373 441 117 39 24 9 17 4 
17 137 230 211 200 169 59 1 10 68 217 219 209 187 104 10 132 298 277 209 88 19 1 0 
1 22 75 139 214 200 237 136 0 6 44 113 189 228 141 303 30 111 219 201 88 41 59 275 
0 1 29 80 98 83 696 37 0 0 7 45 92 122 138 620 2 46 118 90 28 14 43 683 
1 7 91 106 75 54 558 132 0 1 24 124 100 53 158 564 7 80 117 49 34 37 59 641 
45 188 315 167 126 104 71 3 22 103 289 241 138 112 81 36 185 379 199 117 48 40 37 16 
77 305 272 224 120 26 0 0 18 241 286 233 182 60 4 0 375 324 229 88 8 0 0 0 
29 134 254 311 227 65 4 0 11 71 215 333 272 103 19 0 194 370 317 129 14 0 0 0 
165 95 182 197 239 122 22 2 194 161 195 215 194 60 5 0 302 257 263 159 34 9 0 0 
252 452 200 72 18 19 8 3 213 435 273 67 21 12 3 0 446 441 95 21 15 6 0 0 
119 303 299 156 65 31 34 17 97 333 294 184 52 36 22 6 195 383 278 96 38 23 10 1 
57 402 311 180 61 12 1 0 64 443 295 182 35 3 2 0 121 550 250 83 18 2 0 0 
12 383 390 140 55 29 14 1 1 239 455 197 75 31 24 2 55 548 304 75 40 2 0 0 
32 274 246 261 133 60 17 1 8 199 229 252 199 95 39 3 137 375 328 139 38 6 1 0 
19 116 195 288 273 114 19 0 13 79 150 232 290 203 55 2 79 283 400 209 44 9 0 0 
51 269 360 227 91 14 9 3 33 153 321 301 158 43 12 3 142 404 336 112 15 9 4 2 
172 563 266 19 1 1 0 0 89 344 492 94 1 1 0 0 266 635 117 2 2 0 0 0 
110 177 171 221 241 92 12 0 63 187 170 202 232 146 23 1 278 315 292 121 17 1 0 0 
27 91 113 169 211 192 171 50 24 89 144 222 181 142 168 54 159 185 274 273 77 30 26 0 
13 65 109 163 247 255 132 40 37 103 161 212 228 158 98 27 125 185 233 310 123 27 19 2 
19 97 215 157 163 192 97 84 28 109 203 164 148 172 123 77 88 287 222 240 92 28 40 27 
18 145 195 150 153 221 127 15 18 147 198 159 142 163 168 29 142 306 257 222 94 3 0 0 
10 44 77 226 288 216 127 36 13 59 145 230 201 183 138 55 55 115 332 366 125 29 2 0 
9 61 136 206 227 166 150 69 8 52 126 209 218 170 158 83 75 150 284 239 163 92 21 0 
32 154 180 191 201 110 99 57 15 129 166 209 214 134 98 59 96 224 323 207 108 52 14 0 
2 13 77 262 274 225 126 45 2 8 63 234 279 252 138 48 10 110 394 323 137 30 20 0 
11 100 301 416 180 14 2 0 10 80 252 419 240 21 2 0 42 265 506 176 32 1 2 0 
148 278 336 178 53 25 2 2 112 242 348 217 58 34 7 3 272 442 227 59 18 3 1 0 
34 392 219 229 134 16 0 0 46 373 209 201 171 24 0 0 454 345 203 22 0 0 0 0 
4 139 210 238 293 87 47 6 7 132 231 398 126 82 48 0 194 325 353 101 38 13 0 0 
0 1 160 231 453 156 10 13 0 22 301 436 233 17 6 9 37 331 459 169 14 8 6 0 
0 24 537 250 102 33 35 43 0 48 625 208 43 25 40 35 30 648 208 45 28 54 11 0 
1 96 262 350 191 108 15 1 5 116 420 226 148 87 22 0 89 448 346 119 15 7 0 0 
0 180 175 554 96 19 0 0 0 235 355 362 66 6 0 0 132 421 422 48 1 0 0 0 
0 144 430 335 74 38 3 0 0 151 439 299 80 46 9 0 79 639 227 72 7 0 0 0 
3 264 545 201 11 0 0 0 0 231 483 290 20 0 0 0 122 648 237 17 0 0 0 0 
0 26 234 551 160 35 17 1 0 12 120 496 315 49 27 5 1 279 626 62 26 20 9 1 
4 311 225 151 82 72 71 108 3 179 314 163 94 80 75 116 68 383 165 103 75 75 54 101 
185 582 168 75 11 0 0 0 141 530 228 100 23 0 0 0 624 308 74 13 3 0 0 0 
76 592 319 37 0 0 0 0 82 598 316 28 0 0 0 0 714 300 10 0 0 0 0 0 
34 349 325 206 82 27 1 0 40 336 315 218 83 31 1 0 428 340 115 68 62 11 0 0 
3 16 258 355 283 103 6 0 2 44 298 358 201 119 2 0 40 304 286 165 170 59 0 0 
0 0 143 366 214 254 46 1 0 11 198 330 179 258 47 1 13 216 251 151 149 216 27 1 
0 4 188 311 174 178 162 7 0 10 297 243 143 130 195 6 1 291 231 127 81 155 131 7 
0 1 363 548 50 32 29 1 0 9 608 306 43 32 25 1 26 668 217 42 31 33 7 0 
0 0 179 631 209 5 0 0 0 7 238 605 171 3 0 0 17 619 384 4 0 0 0 0 
0 0 38 425 282 57 136 86 0 0 39 415 283 57 125 105 0 217 460 70 34 53 99 91 
0 0 5 52 39 48 193 687 0 0 3 38 50 44 132 757 0 15 50 32 36 26 147 718 
0 21 54 52 47 73 199 578 0 25 53 51 43 70 151 631 15 43 47 31 48 71 173 596 
85 339 517 54 20 4 3 0 106 529 318 43 18 5 2 0 574 361 53 22 8 2 1 0 
0 96 250 380 281 15 0 0 0 94 247 248 407 26 0 0 145 271 116 106 263 120 0 0 
2 66 65 101 651 136 0 0 2 64 65 93 625 172 0 0 51 58 40 104 599 168 0 0 
8 198 327 256 220 12 0 0 10 206 327 244 220 15 0 0 57 282 264 199 204 14 0 0 
0 28 107 125 400 362 0 0 0 30 106 119 386 381 0 0 3 75 90 104 369 378 0 0 
0 129 328 117 88 348 11 0 1 254 243 90 89 334 10 0 209 263 98 53 72 308 16 0 
0 367 647 7 1 0 0 0 1 824 190 7 0 0 0 0 797 217 7 1 0 0 0 0 
0 436 549 37 1 0 0 0 0 638 355 29 0 0 0 0 794 213 14 1 0 0 0 0 
6 111 240 250 147 115 152 0 8 119 185 264 166 110 168 0 56 194 160 143 180 131 157 0 
0 0 71 185 174 277 311 3 0 0 0 188 200 252 381 1 0 0 0 43 275 304 394 6 
1 3 14 52 138 358 435 20 1 3 14 39 125 352 451 35 1 8 14 34 107 367 463 26 
1 88 461 248 136 81 5 0 2 150 417 232 122 87 10 0 105 363 202 163 98 77 13 0 
