0 0 0 0 724 300 0 0 0 0 0 0 0 362 662 0 0 0 0 0 0 0 538 486 
0 0 0 0 602 422 0 0 0 0 0 0 0 248 776 0 0 0 0 0 0 0 352 672 
1 12 59 63 464 388 37 0 0 0 19 61 85 286 568 5 6 16 43 65 64 80 465 285 
0 11 12 42 506 381 72 0 0 0 11 19 57 204 710 23 1 5 29 56 61 51 484 337 
0 0 0 1 572 450 1 0 0 0 0 0 1 246 775 2 0 0 0 0 4 7 332 681 
0 0 0 36 614 374 0 0 0 0 0 0 0 270 754 0 0 0 0 0 0 0 355 669 
0 0 0 106 600 318 0 0 0 0 0 0 0 387 637 0 0 0 0 0 0 0 491 533 
0 0 0 158 622 244 0 0 0 0 0 0 0 537 487 0 0 0 0 0 0 0 775 249 
0 0 0 258 589 177 0 0 0 0 0 0 0 643 381 0 0 0 0 0 0 0 834 190 
0 0 0 314 613 96 0 0 0 0 0 0 0 696 328 0 0 0 0 0 0 0 925 98 
0 0 0 0 0 536 488 0 0 0 0 0 0 0 536 488 0 0 0 0 0 0 0 1024 
0 0 0 2 7 379 635 1 0 0 0 2 4 19 301 698 0 1 3 11 13 12 18 966 
1 7 11 52 121 284 534 14 1 3 12 38 102 204 334 330 9 39 102 125 133 111 139 366 
1 35 70 116 184 295 299 24 0 14 67 119 176 257 253 138 14 69 174 202 138 127 146 154 
2 9 13 45 51 299 597 8 0 9 15 42 50 50 269 589 16 42 49 43 23 25 29 797 
0 0 0 0 0 224 800 0 0 0 0 0 0 0 192 832 0 0 0 0 0 0 0 1024 
0 0 0 0 0 280 744 0 0 0 0 0 0 0 280 744 0 0 0 0 0 0 0 1024 
0 0 0 0 0 391 633 0 0 0 0 0 0 0 439 585 0 0 0 0 0 0 0 1024 
0 0 0 0 0 515 509 0 0 0 0 0 0 0 573 451 0 0 0 0 0 0 0 1024 
0 0 0 0 0 616 408 0 0 0 0 0 0 0 706 317 0 0 0 0 0 0 24 1000 
0 0 0 0 0 0 462 562 0 0 0 0 0 0 0 1024 0 0 0 0 0 0 0 1024 
0 0 0 0 0 0 199 825 0 0 0 0 0 0 3 1021 0 0 0 0 0 0 2 1022 
8 18 18 40 44 69 224 603 6 11 21 31 42 50 94 769 22 25 30 31 35 61 65 755 
23 112 159 205 211 131 126 57 15 92 176 213 210 128 115 75 68 164 181 188 150 114 98 61 
7 40 129 167 205 201 214 61 5 23 111 158 211 203 145 168 26 105 168 193 167 117 92 156 
1 4 11 31 74 110 259 534 1 4 15 35 66 117 129 657 6 37 66 80 75 83 91 586 
0 0 0 0 3 11 202 808 0 0 0 0 1 9 16 998 0 0 0 0 5 10 24 985 
0 0 2 12 30 111 404 465 0 0 6 12 36 96 98 776 4 28 26 40 79 57 68 722 
0 4 19 44 105 201 534 117 0 2 15 40 121 172 188 486 13 53 87 88 104 107 141 431 
0 0 0 0 13 85 717 208 0 0 0 2 40 88 48 845 0 32 61 24 32 26 53 794 
4 23 46 71 106 114 92 568 4 20 47 76 98 107 99 573 24 50 96 92 80 60 85 537 
0 5 22 63 108 91 44 691 0 5 26 78 108 83 41 683 9 57 124 78 41 29 26 660 
0 0 1 16 92 286 287 342 0 0 3 17 105 324 238 337 3 11 142 219 151 128 124 246 
31 52 120 197 251 176 107 90 54 75 146 218 240 143 94 54 134 189 239 198 126 54 53 31 
34 83 96 109 118 208 259 117 39 90 112 113 136 258 165 111 64 145 231 219 117 93 72 83 
13 51 64 86 142 179 158 331 14 54 87 97 180 174 95 323 94 166 173 123 66 49 74 279 
1 9 43 108 200 210 87 366 0 12 60 138 255 137 66 356 131 250 160 53 47 31 32 320 
8 43 106 209 257 261 95 45 10 61 147 233 301 178 51 43 320 336 186 58 49 29 29 17 
15 94 127 171 232 278 98 9 22 108 151 199 289 211 39 5 329 352 197 92 35 12 7 0 
8 66 77 186 229 336 120 0 13 66 96 261 301 282 2 0 320 477 213 13 0 0 0 0 
57 110 130 174 170 123 98 162 71 113 156 176 154 109 89 156 173 213 169 91 72 73 106 127 
167 156 192 183 146 81 79 20 191 174 217 147 122 76 69 28 353 258 168 74 59 59 50 3 
2 25 83 159 246 271 216 22 17 59 147 215 251 243 84 8 102 225 379 211 78 21 8 0 
40 57 136 163 198 235 153 42 66 102 157 195 262 196 34 12 219 257 269 164 77 23 15 0 
34 120 189 229 247 159 45 1 68 166 236 258 202 87 7 0 372 344 227 78 3 0 0 0 
13 79 185 262 259 194 32 0 28 124 230 254 288 97 3 0 371 397 214 39 3 0 0 0 
54 119 127 191 278 208 47 0 101 131 158 257 280 93 4 0 340 376 223 64 20 1 0 0 
204 188 187 167 161 89 28 0 286 213 178 171 125 49 2 0 600 249 126 39 9 1 0 0 
35 86 147 173 256 239 67 21 64 128 173 234 259 142 17 7 325 311 264 78 24 14 8 0 
0 2 34 128 330 416 112 0 0 10 98 253 424 232 5 0 165 384 365 104 5 0 0 0 
160 155 226 283 163 28 7 2 218 202 269 251 72 8 4 0 401 370 207 32 6 7 1 0 
570 168 113 79 64 25 5 0 647 167 94 78 29 9 0 0 713 156 93 48 14 0 0 0 
315 128 101 111 112 119 108 30 372 132 115 118 132 112 38 5 467 171 155 139 78 12 2 0 
44 70 81 157 220 235 175 42 97 86 148 213 250 182 44 4 216 243 286 150 89 31 9 0 
258 216 137 144 158 98 12 1 356 192 162 179 116 18 1 0 565 254 155 46 4 0 0 0 
155 161 166 166 157 147 63 9 227 182 178 174 165 83 15 0 434 221 222 114 31 2 0 0 
219 210 156 128 146 106 50 9 310 222 126 145 123 84 12 2 515 198 163 86 48 11 3 0 
560 216 107 91 41 9 0 0 668 163 104 68 20 1 0 0 799 146 59 16 4 0 0 0 
121 79 95 141 165 196 153 74 167 91 133 158 201 175 88 11 261 189 248 138 103 54 31 0 
16 85 237 224 197 170 93 0 40 224 229 218 194 112 5 0 320 264 221 178 40 0 0 0 
34 87 239 431 185 43 4 1 132 262 394 167 55 13 1 0 518 359 71 50 21 5 0 0 
142 273 334 175 72 26 2 0 425 382 136 63 15 3 0 0 820 132 66 6 0 0 0 0 
27 68 153 210 151 177 182 56 126 193 201 121 159 173 50 1 435 217 210 117 37 7 1 0 
207 91 99 111 131 172 168 45 287 112 131 121 178 144 50 1 392 222 217 118 50 24 1 0 
492 247 141 68 43 27 5 1 649 196 78 54 40 6 1 0 844 106 41 24 7 2 0 0 
324 250 172 106 91 58 23 0 508 225 123 91 52 25 0 0 720 172 79 37 13 3 0 0 
196 239 186 174 148 60 13 8 411 224 180 146 42 15 6 0 679 208 79 32 16 9 1 0 
339 411 151 85 31 7 0 0 729 178 79 29 9 0 0 0 915 87 19 3 0 0 0 0 
145 103 150 184 188 89 52 113 265 169 189 143 96 42 92 28 442 220 128 64 43 54 73 0 
26 200 274 298 152 66 5 0 237 333 264 117 64 8 0 0 538 312 120 48 5 0 0 0 
0 3 130 468 220 202 1 0 10 209 336 174 146 149 0 0 151 217 221 132 116 180 7 0 
0 9 287 445 268 15 0 0 51 511 235 180 47 0 0 0 599 197 110 90 28 0 0 0 
0 0 2 172 755 95 0 0 0 80 714 228 2 0 0 0 527 483 14 0 0 0 0 0 
17 82 149 321 375 55 25 0 218 363 362 52 29 0 0 0 801 154 46 23 0 0 0 0 
55 272 348 326 23 0 0 0 605 371 45 3 0 0 0 0 980 39 5 0 0 0 0 0 
28 41 126 382 442 5 0 0 85 403 524 12 0 0 0 0 907 111 6 0 0 0 0 0 
0 13 202 553 243 13 0 0 83 571 346 17 7 0 0 0 939 64 15 6 0 0 0 0 
0 123 366 533 2 0 0 0 324 675 25 0 0 0 0 0 1024 0 0 0 0 0 0 0 
0 10 49 419 401 63 77 5 24 188 608 91 59 50 4 0 721 160 44 62 35 2 0 0 
0 0 24 565 434 0 0 0 0 381 634 8 0 0 0 0 744 277 2 0 0 0 0 0 
0 0 14 994 14 0 0 0 0 43 919 61 0 0 0 0 0 349 616 58 0 0 0 0 
0 0 11 811 200 0 0 0 0 148 738 136 0 0 0 0 20 552 450 0 0 0 0 0 
0 0 0 253 756 14 0 0 0 64 922 37 0 0 0 0 465 558 0 0 0 0 0 0 
0 0 0 427 576 20 0 0 0 625 389 8 0 0 0 0 965 58 0 0 0 0 0 0 
0 0 14 1009 0 0 0 0 40 983 0 0 0 0 0 0 1024 0 0 0 0 0 0 0 
0 0 0 450 573 0 0 0 0 308 715 0 0 0 0 0 439 584 0 0 0 0 0 0 
0 0 0 837 186 0 0 0 0 369 654 0 0 0 0 0 884 139 0 0 0 0 0 0 
0 0 2 1021 0 0 0 0 0 1024 0 0 0 0 0 0 1024 0 0 0 0 0 0 0 
0 0 0 567 442 14 0 0 0 241 759 23 0 0 0 0 878 142 2 0 0 0 0 0 
0 0 0 1024 0 0 0 0 0 1024 0 0 0 0 0 0 1024 0 0 0 0 0 0 0 
