0 0 0 0 0 0 0 1024 0 0 0 0 0 0 0 1024 0 0 0 0 0 0 0 1024 
0 0 0 0 0 0 0 1024 0 0 0 0 0 0 0 1024 0 0 0 0 0 0 0 1024 
0 0 0 0 0 0 0 1024 0 0 0 0 0 0 0 1024 0 0 0 0 0 0 0 1024 
0 0 0 0 0 0 0 1024 0 0 0 0 0 0 0 1024 0 0 0 0 0 0 0 1024 
0 0 0 0 0 0 0 1024 0 0 0 0 0 0 0 1024 0 0 0 0 0 0 0 1024 
0 0 0 0 0 0 0 1024 0 0 0 0 0 0 0 1024 0 0 0 0 0 0 0 1024 
0 0 0 0 0 0 0 1024 0 0 0 0 0 0 0 1024 0 0 0 0 0 0 0 1024 
0 0 0 0 0 0 0 1024 0 0 0 0 0 0 0 1024 0 0 0 0 0 0 0 1024 
0 0 0 0 0 0 0 1024 0 0 0 0 0 0 0 1024 0 0 0 0 0 0 0 1024 
0 0 0 0 0 0 0 1024 0 0 0 0 0 0 0 1024 0 0 0 0 0 0 0 1024 
0 0 0 0 0 0 0 1024 0 0 0 0 0 0 0 1024 0 0 0 0 0 0 0 1024 
0 0 0 0 0 0 0 1024 0 0 0 0 0 0 0 1024 0 0 0 0 0 0 0 1024 
0 0 0 0 0 0 0 1024 0 0 0 0 0 0 0 1024 0 0 0 0 0 0 0 1024 
0 0 0 0 0 0 0 1024 0 0 0 0 0 0 0 1024 0 0 0 0 0 0 0 1024 
0 0 0 0 0 0 0 1024 0 0 0 0 0 0 0 1024 0 0 0 0 0 0 0 1024 
0 0 0 0 0 0 0 1024 0 0 0 0 0 0 0 1024 0 0 0 0 0 0 0 1024 
0 0 0 0 0 0 0 1024 0 0 0 0 0 0 0 1024 0 0 0 0 0 0 0 1024 
0 0 0 0 0 0 0 1024 0 0 0 0 0 0 0 1024 0 0 0 0 0 0 0 1024 
0 0 0 0 0 0 0 1024 0 0 0 0 0 0 0 1024 0 0 0 0 0 0 0 1024 
0 0 0 0 0 0 0 1024 0 0 0 0 0 0 0 1024 0 0 0 0 0 0 0 1024 
0 0 0 0 0 0 0 1024 0 0 0 0 0 0 0 1024 0 0 0 0 0 0 0 1024 
0 0 0 0 0 0 0 1024 0 0 0 0 0 0 0 1024 0 0 0 0 0 0 0 1024 
0 0 0 0 0 0 0 1024 0 0 0 0 0 0 0 1024 0 0 0 0 0 0 0 1024 
0 0 0 0 0 0 0 1024 0 0 0 0 0 0 0 1024 0 0 0 0 0 0 0 1024 
0 0 0 0 0 0 0 1024 0 0 0 0 0 0 0 1024 0 0 0 0 0 0 0 1024 
0 0 0 0 0 0 0 1024 0 0 0 0 0 0 0 1024 0 0 0 0 0 0 0 1024 
0 0 0 0 0 0 0 1024 0 0 0 0 0 0 0 1024 0 0 0 0 0 0 0 1024 
0 0 0 0 0 1 8 1015 0 0 0 0 0 1 4 1019 0 0 0 0 0 0 2 1022 
0 0 0 2 37 71 124 790 0 0 0 0 17 61 113 833 0 0 0 0 10 36 96 882 
0 0 0 18 206 213 184 403 0 0 0 5 98 256 180 485 0 0 0 0 78 231 187 528 
0 0 0 76 264 235 148 301 0 0 0 7 194 269 192 362 0 0 0 4 178 246 197 399 
0 0 0 4 88 123 172 637 0 0 0 1 40 127 160 696 0 0 0 0 16 107 164 737 
0 0 5 132 232 124 120 411 0 0 0 12 226 190 124 472 0 0 0 42 226 156 120 480 
0 0 15 338 301 137 92 141 0 0 0 48 406 267 113 190 0 0 3 253 314 157 116 181 
0 0 90 681 236 9 5 3 0 0 1 140 733 138 6 6 0 0 63 697 244 12 5 3 
0 0 16 494 354 95 37 28 0 0 0 51 609 262 53 49 0 0 7 412 373 148 41 43 
0 0 41 687 232 36 16 12 0 0 0 181 700 102 19 22 0 0 12 544 370 57 19 22 
0 0 79 825 120 0 0 0 0 0 4 299 707 14 0 0 0 0 51 799 174 0 0 0 
0 1 141 719 127 29 4 3 0 0 11 353 559 81 13 7 0 0 60 734 179 39 7 5 
0 2 369 612 31 7 3 0 0 0 44 640 316 21 0 3 0 1 388 564 55 13 2 1 
0 0 0 0 0 0 10 1014 0 0 0 0 0 0 3 1021 0 0 0 0 0 0 1 1023 
0 0 0 0 0 0 0 1024 0 0 0 0 0 0 0 1024 0 0 0 0 0 0 0 1024 
0 0 0 0 0 0 0 1024 0 0 0 0 0 0 0 1024 0 0 0 0 0 0 0 1024 
0 0 0 0 0 0 0 1024 0 0 0 0 0 0 0 1024 0 0 0 0 0 0 0 1024 
0 0 0 0 0 0 0 1024 0 0 0 0 0 0 0 1024 0 0 0 0 0 0 0 1024 
0 0 0 0 0 0 0 1024 0 0 0 0 0 0 0 1024 0 0 0 0 0 0 0 1024 
0 0 0 0 0 0 0 1024 0 0 0 0 0 0 0 1024 0 0 0 0 0 0 0 1024 
0 0 0 0 0 0 0 1024 0 0 0 0 0 0 0 1024 0 0 0 0 0 0 0 1024 
0 0 0 0 0 0 0 1024 0 0 0 0 0 0 0 1024 0 0 0 0 0 0 0 1024 
0 0 0 0 0 0 0 1024 0 0 0 0 0 0 0 1024 0 0 0 0 0 0 0 1024 
0 0 0 0 0 0 0 1024 0 0 0 0 0 0 0 1024 0 0 0 0 0 0 0 1024 
0 0 0 0 0 0 0 1024 0 0 0 0 0 0 0 1024 0 0 0 0 0 0 0 1024 
0 0 0 0 0 0 0 1024 0 0 0 0 0 0 0 1024 0 0 0 0 0 0 0 1024 
0 0 0 0 0 0 0 1024 0 0 0 0 0 0 0 1024 0 0 0 0 0 0 0 1024 
0 0 0 0 0 0 0 1024 0 0 0 0 0 0 0 1024 0 0 0 0 0 0 0 1024 
0 0 0 0 0 0 0 1024 0 0 0 0 0 0 0 1024 0 0 0 0 0 0 0 1024 
0 0 0 0 0 0 0 1024 0 0 0 0 0 0 0 1024 0 0 0 0 0 0 0 1024 
0 0 0 0 0 0 0 1024 0 0 0 0 0 0 0 1024 0 0 0 0 0 0 0 1024 
0 0 0 0 0 0 0 1024 0 0 0 0 0 0 0 1024 0 0 0 0 0 0 0 1024 
0 0 0 0 0 0 0 1024 0 0 0 0 0 0 0 1024 0 0 0 0 0 0 0 1024 
0 0 0 0 0 0 0 1024 0 0 0 0 0 0 0 1024 0 0 0 0 0 0 0 1024 
0 0 0 0 0 0 0 1024 0 0 0 0 0 0 0 1024 0 0 0 0 0 0 0 1024 
0 0 0 0 0 0 0 1024 0 0 0 0 0 0 0 1024 0 0 0 0 0 0 0 1024 
0 0 0 0 0 0 0 1024 0 0 0 0 0 0 0 1024 0 0 0 0 0 0 0 1024 
0 0 0 0 0 0 0 1024 0 0 0 0 0 0 0 1024 0 0 0 0 0 0 0 1024 
0 0 0 0 0 0 0 1024 0 0 0 0 0 0 0 1024 0 0 0 0 0 0 0 1024 
0 0 0 0 0 0 0 1024 0 0 0 0 0 0 0 1024 0 0 0 0 0 0 0 1024 
0 0 0 2 7 22 19 974 0 0 0 0 6 19 23 976 0 0 0 0 3 11 25 985 
0 0 0 12 99 158 140 615 0 0 0 1 48 153 153 669 0 0 0 0 34 132 156 702 
0 0 0 95 434 207 106 182 0 0 0 0 181 429 179 235 0 0 0 51 374 253 132 214 
0 0 7 192 393 153 80 199 0 0 0 20 312 332 122 238 0 0 0 113 398 176 105 232 
0 0 1 96 196 156 184 391 0 0 0 9 185 190 184 456 0 0 0 13 177 166 180 488 
0 0 12 236 236 176 136 228 0 0 1 40 322 231 140 290 0 0 0 129 223 191 158 323 
0 0 214 681 110 14 3 2 0 0 1 275 646 87 11 4 0 0 77 771 150 19 4 3 
0 1 131 663 166 32 19 12 0 0 1 224 625 125 26 23 0 0 56 594 290 46 21 17 
0 0 59 681 250 27 5 2 0 0 0 154 715 128 21 6 0 0 31 611 323 46 10 3 
0 1 107 700 201 15 0 0 0 0 4 257 672 86 5 0 0 0 50 661 291 22 0 0 
0 0 90 810 109 8 5 2 0 0 0 349 628 35 7 5 0 0 54 760 193 9 6 2 
0 0 123 671 183 35 6 6 0 0 5 258 633 97 19 12 0 0 70 630 261 48 8 7 
0 3 201 559 143 59 36 23 0 0 12 394 434 88 56 40 0 2 214 482 160 76 52 38 
0 0 0 0 3 27 60 934 0 0 0 0 0 10 52 962 0 0 0 0 0 6 45 973 
0 0 0 0 0 1 9 1014 0 0 0 0 0 0 4 1020 0 0 0 0 0 0 3 1021 
0 0 0 0 0 0 0 1024 0 0 0 0 0 0 0 1024 0 0 0 0 0 0 0 1024 
0 0 0 0 0 0 0 1024 0 0 0 0 0 0 0 1024 0 0 0 0 0 0 0 1024 
0 0 0 0 0 0 0 1024 0 0 0 0 0 0 0 1024 0 0 0 0 0 0 0 1024 
0 0 0 0 0 0 0 1024 0 0 0 0 0 0 0 1024 0 0 0 0 0 0 0 1024 
0 0 0 0 0 0 0 1024 0 0 0 0 0 0 0 1024 0 0 0 0 0 0 0 1024 
0 0 0 0 0 0 0 1024 0 0 0 0 0 0 0 1024 0 0 0 0 0 0 0 1024 
0 0 0 0 0 0 0 1024 0 0 0 0 0 0 0 1024 0 0 0 0 0 0 0 1024 
0 0 0 0 0 0 0 1024 0 0 0 0 0 0 0 1024 0 0 0 0 0 0 0 1024 
0 0 0 0 0 0 0 1024 0 0 0 0 0 0 0 1024 0 0 0 0 0 0 0 1024 
0 0 0 0 0 0 0 1024 0 0 0 0 0 0 0 1024 0 0 0 0 0 0 0 1024 
0 0 0 0 0 0 0 1024 0 0 0 0 0 0 0 1024 0 0 0 0 0 0 0 1024 
0 0 0 0 0 0 0 1024 0 0 0 0 0 0 0 1024 0 0 0 0 0 0 0 1024 
0 0 0 0 0 0 0 1024 0 0 0 0 0 0 0 1024 0 0 0 0 0 0 0 1024 
0 0 0 0 0 0 0 1024 0 0 0 0 0 0 0 1024 0 0 0 0 0 0 0 1024 
0 0 0 0 0 0 0 1024 0 0 0 0 0 0 0 1024 0 0 0 0 0 0 0 1024 
0 0 0 0 0 0 0 1024 0 0 0 0 0 0 0 1024 0 0 0 0 0 0 0 1024 
0 0 0 0 0 0 0 1024 0 0 0 0 0 0 0 1024 0 0 0 0 0 0 0 1024 
0 0 0 0 0 0 0 1024 0 0 0 0 0 0 0 1024 0 0 0 0 0 0 0 1024 
0 0 0 0 0 0 0 1024 0 0 0 0 0 0 0 1024 0 0 0 0 0 0 0 1024 
0 0 0 0 0 0 0 1024 0 0 0 0 0 0 0 1024 0 0 0 0 0 0 0 1024 
0 0 0 0 0 0 0 1024 0 0 0 0 0 0 0 1024 0 0 0 0 0 0 0 1024 
0 0 0 0 0 0 0 1024 0 0 0 0 0 0 0 1024 0 0 0 0 0 0 0 1024 
0 0 0 0 0 0 0 1024 0 0 0 0 0 0 0 1024 0 0 0 0 0 0 0 1024 
0 0 0 0 0 0 0 1024 0 0 0 0 0 0 0 1024 0 0 0 0 0 0 0 1024 
0 0 0 0 0 0 0 1024 0 0 0 0 0 0 0 1024 0 0 0 0 0 0 0 1024 
0 0 0 15 73 56 71 809 0 0 0 3 49 73 68 831 0 0 0 0 26 75 64 859 
0 0 1 119 193 134 85 492 0 0 0 21 215 150 110 528 0 0 0 43 179 144 124 534 
0 0 12 520 371 65 31 25 0 0 1 68 647 214 52 42 0 0 1 331 528 94 34 36 
0 0 53 536 272 64 34 65 0 0 1 151 595 145 56 76 0 0 9 446 365 82 47 75 
0 0 58 389 279 144 76 78 0 0 2 125 455 212 105 125 0 0 3 219 396 186 98 122 
0 0 47 404 411 100 39 23 0 0 1 127 526 266 59 45 0 0 5 251 520 160 46 42 
0 0 137 756 117 11 1 2 0 0 3 219 714 83 2 3 0 0 81 735 189 15 1 3 
0 0 91 655 250 22 3 3 0 0 5 149 697 153 14 6 0 0 56 670 253 36 4 5 
0 0 44 769 198 8 5 0 0 0 0 155 783 77 7 2 0 0 49 722 235 12 5 1 
0 1 166 763 92 2 0 0 0 0 3 282 701 37 1 0 0 0 79 836 105 4 0 0 
0 0 130 805 87 2 0 0 0 0 0 318 673 33 0 0 0 0 57 835 129 3 0 0 
0 0 89 792 142 1 0 0 0 0 1 275 696 52 0 0 0 0 63 786 173 2 0 0 
0 0 56 605 125 99 47 92 0 0 0 230 496 104 73 121 0 0 21 519 190 96 74 124 
0 0 0 17 298 197 150 362 0 0 0 0 56 333 181 454 0 0 0 0 117 268 182 457 
0 0 0 0 187 232 166 439 0 0 0 0 13 250 206 555 0 0 0 0 43 215 204 562 
0 0 0 0 0 4 7 1013 0 0 0 0 0 3 5 1016 0 0 0 0 0 1 5 1018 
0 0 0 0 0 0 0 1024 0 0 0 0 0 0 0 1024 0 0 0 0 0 0 0 1024 
0 0 0 0 0 0 0 1024 0 0 0 0 0 0 0 1024 0 0 0 0 0 0 0 1024 
0 0 0 0 0 0 0 1024 0 0 0 0 0 0 0 1024 0 0 0 0 0 0 0 1024 
0 0 0 0 0 0 0 1024 0 0 0 0 0 0 0 1024 0 0 0 0 0 0 0 1024 
0 0 0 0 64 55 25 880 0 0 0 0 1 65 59 899 0 0 0 0 2 86 38 898 
0 0 0 0 152 109 42 721 0 0 0 0 0 161 109 754 0 0 0 0 0 184 87 753 
0 0 0 0 0 0 0 1024 0 0 0 0 0 0 0 1024 0 0 0 0 0 0 0 1024 
0 0 0 0 0 0 0 1024 0 0 0 0 0 0 0 1024 0 0 0 0 0 0 0 1024 
0 0 0 0 0 0 10 1014 0 0 0 0 0 0 8 1016 0 0 0 0 0 0 1 1023 
0 0 0 0 0 0 0 1024 0 0 0 0 0 0 0 1024 0 0 0 0 0 0 0 1024 
0 0 0 0 0 0 0 1024 0 0 0 0 0 0 0 1024 0 0 0 0 0 0 0 1024 
0 0 0 0 31 132 75 786 0 0 0 0 0 42 137 845 0 0 0 0 0 70 122 832 
0 0 0 0 13 25 11 975 0 0 0 0 0 16 23 985 0 0 0 0 0 14 25 985 
0 0 0 0 0 0 0 1024 0 0 0 0 0 0 0 1024 0 0 0 0 0 0 0 1024 
0 0 0 0 0 0 0 1024 0 0 0 0 0 0 0 1024 0 0 0 0 0 0 0 1024 
0 0 0 0 31 15 16 962 0 0 0 0 2 30 17 975 0 0 0 0 3 34 14 973 
0 0 0 0 145 109 40 730 0 0 0 0 3 172 98 751 0 0 0 0 8 185 78 753 
0 0 0 0 26 60 45 893 0 0 0 0 0 40 57 927 0 0 0 0 0 37 61 926 
0 0 0 0 0 0 0 1024 0 0 0 0 0 0 0 1024 0 0 0 0 0 0 0 1024 
0 0 0 0 0 0 0 1024 0 0 0 0 0 0 0 1024 0 0 0 0 0 0 0 1024 
0 0 0 0 43 37 18 926 0 0 0 0 2 43 41 938 0 0 0 0 4 52 33 935 
0 0 0 0 0 0 0 1024 0 0 0 0 0 0 0 1024 0 0 0 0 0 0 0 1024 
0 0 0 0 0 0 0 1024 0 0 0 0 0 0 0 1024 0 0 0 0 0 0 0 1024 
0 0 0 10 176 98 25 715 0 0 0 0 22 237 38 727 0 0 0 0 67 189 38 730 
0 0 0 12 238 143 82 549 0 0 0 0 48 281 113 582 0 0 0 0 72 268 92 592 
0 0 2 155 233 111 100 423 0 0 0 29 261 170 104 460 0 0 0 56 222 156 99 491 
0 0 36 546 347 58 24 13 0 0 1 91 652 214 44 22 0 0 11 352 516 93 31 21 
0 1 76 591 249 74 23 10 0 0 2 174 586 189 53 20 0 0 25 489 363 98 34 15 
0 1 32 239 319 179 88 166 0 0 8 90 333 254 139 200 0 0 3 119 366 220 124 192 
0 0 26 312 247 130 104 205 0 0 1 69 359 233 113 249 0 0 3 206 274 185 98 258 
0 1 152 758 108 5 0 0 0 0 2 208 754 59 1 0 0 1 192 720 104 7 0 0 
0 2 179 788 53 2 0 0 0 0 3 349 650 20 2 0 0 0 162 813 46 3 0 0 
0 0 136 783 102 3 0 0 0 0 4 346 641 33 0 0 0 0 89 799 133 3 0 0 
0 0 137 741 140 6 0 0 0 0 4 285 672 59 4 0 0 0 133 723 150 17 1 0 
0 0 116 696 204 8 0 0 0 0 3 257 710 50 4 0 0 0 61 712 240 11 0 0 
0 0 73 799 141 11 0 0 0 0 4 241 724 49 6 0 0 0 48 760 200 15 1 0 
0 0 123 726 151 21 3 0 0 0 1 339 611 60 12 1 0 0 44 715 230 29 6 0 
0 0 0 34 598 220 96 76 0 0 0 0 176 552 164 132 0 0 0 1 464 320 115 124 
0 0 0 4 315 292 208 205 0 0 0 0 25 369 304 326 0 0 0 0 152 277 264 331 
0 0 0 0 228 112 54 630 0 0 0 0 8 263 95 658 0 0 0 0 36 258 69 661 
0 0 0 6 95 62 38 823 0 0 0 0 10 110 54 850 0 0 0 2 68 72 43 839 
0 0 0 32 496 47 29 420 0 0 0 0 164 367 48 445 0 0 0 0 180 357 43 444 
0 0 0 22 326 60 59 557 0 0 0 0 86 286 59 593 0 0 0 0 97 263 57 607 
0 0 0 2 204 111 118 589 0 0 0 0 9 238 126 651 0 0 0 0 4 238 117 665 
0 0 0 13 769 111 17 114 0 0 0 0 62 728 108 126 0 0 0 0 283 579 40 122 
0 0 0 28 786 99 28 83 0 0 0 0 56 782 79 107 0 0 0 0 329 522 64 109 
0 0 0 2 173 127 82 640 0 0 0 0 3 193 134 694 0 0 0 0 30 165 131 698 
0 0 0 0 467 120 57 380 0 0 0 0 49 451 95 429 0 0 0 0 80 451 74 419 
0 0 0 4 206 252 64 498 0 0 0 0 19 368 110 527 0 0 0 0 19 379 93 533 
0 0 0 0 134 178 62 650 0 0 0 0 10 262 73 679 0 0 0 0 4 253 81 686 
0 0 0 14 320 180 103 407 0 0 0 0 69 308 166 481 0 0 0 0 35 329 171 489 
0 0 0 0 725 248 34 17 0 0 0 0 21 760 207 36 0 0 0 0 112 749 127 36 
0 0 0 4 558 116 52 294 0 0 0 0 9 600 83 332 0 0 0 0 100 535 60 329 
0 0 0 0 17 150 115 742 0 0 0 0 0 52 153 819 0 0 0 0 1 51 141 831 
0 0 0 8 319 112 59 526 0 0 0 0 35 319 112 558 0 0 0 0 65 306 100 553 
0 0 0 12 764 179 41 28 0 0 0 0 145 710 117 52 0 0 0 0 165 721 89 49 
0 0 0 0 450 460 51 63 0 0 0 0 27 781 139 77 0 0 0 0 44 783 113 84 
0 0 0 20 464 195 118 227 0 0 0 0 50 503 164 307 0 0 0 0 147 422 152 303 
0 0 0 45 399 73 30 477 0 0 0 0 67 377 83 497 0 0 0 0 238 248 46 492 
0 0 0 6 429 115 32 442 0 0 0 0 15 442 100 467 0 0 0 0 137 371 52 464 
0 0 0 57 675 111 53 128 0 0 0 0 102 665 103 154 0 0 0 1 306 473 86 158 
0 0 0 53 430 65 40 436 0 0 0 0 49 431 72 472 0 0 0 1 269 242 49 463 
0 0 0 0 51 47 27 899 0 0 0 0 2 72 38 912 0 0 0 0 4 67 40 913 
0 0 0 78 634 129 34 149 0 0 0 0 276 533 55 160 0 0 0 2 432 376 53 161 
0 0 0 62 662 147 53 100 0 0 0 0 215 598 75 136 0 0 0 17 474 331 66 136 
0 0 1 114 171 120 108 510 0 0 0 9 134 195 126 560 0 0 0 87 129 118 116 574 
0 0 3 340 419 147 61 54 0 0 0 17 508 325 99 75 0 0 2 243 460 167 83 69 
0 1 32 411 405 96 36 43 0 0 1 76 548 282 53 64 0 0 9 316 450 149 43 57 
0 0 87 574 192 80 54 37 0 0 0 119 593 170 72 70 0 0 49 547 223 100 55 50 
0 0 105 533 221 71 53 41 0 0 0 150 562 166 76 70 0 0 43 506 256 99 57 63 
0 1 204 656 130 19 5 9 0 0 3 274 630 91 13 13 0 0 97 684 194 33 3 13 
0 1 143 683 171 18 5 3 0 0 0 226 666 111 15 6 0 0 62 677 250 23 8 4 
0 1 169 716 120 13 4 1 0 0 2 317 625 66 9 5 0 0 73 718 204 20 8 1 
0 0 183 797 40 4 0 0 0 0 5 408 592 17 2 0 0 0 161 787 70 6 0 0 
0 0 179 707 135 3 0 0 0 0 21 336 611 55 1 0 0 0 125 679 215 5 0 0 
0 0 110 774 134 6 0 0 0 0 0 201 733 86 4 0 0 0 88 752 173 11 0 0 
0 1 138 633 217 27 2 6 0 0 3 323 580 101 9 8 0 0 64 627 278 40 7 8 
0 0 0 88 790 135 10 1 0 0 0 2 376 600 41 5 0 0 0 39 825 143 15 2 
0 0 0 88 695 235 6 0 0 0 0 0 271 658 94 1 0 0 0 17 763 235 9 0 
0 0 0 135 672 146 32 39 0 0 0 1 244 637 87 55 0 0 0 91 568 267 44 54 
0 0 0 291 622 93 13 5 0 0 0 1 474 486 51 12 0 0 0 172 706 105 30 11 
0 0 0 150 822 43 7 2 0 0 0 0 608 392 17 7 0 0 0 25 752 228 15 4 
0 0 0 44 738 187 38 17 0 0 0 0 349 583 61 31 0 0 0 0 345 560 81 38 
0 0 0 12 324 369 151 168 0 0 0 0 78 467 235 244 0 0 0 0 91 426 241 266 
0 0 0 45 551 309 91 28 0 0 0 0 169 576 207 72 0 0 0 14 523 340 92 55 
0 0 0 9 932 68 11 4 0 0 0 0 498 494 27 5 0 0 0 0 509 491 18 6 
0 0 0 19 831 141 23 10 0 0 0 0 251 691 61 21 0 0 0 0 334 610 60 20 
0 0 0 14 830 117 31 32 0 0 0 0 328 609 40 47 0 0 0 0 240 689 41 54 
0 0 0 78 719 197 22 8 0 0 0 0 450 523 39 12 0 0 0 0 300 653 53 18 
0 0 0 88 720 205 10 1 0 0 0 0 434 569 19 2 0 0 0 0 290 707 23 4 
0 0 0 79 630 200 67 48 0 0 0 0 267 537 132 88 0 0 0 0 197 592 140 95 
0 0 0 10 931 75 6 2 0 0 0 0 264 733 23 4 0 0 0 0 315 684 21 4 
0 0 0 2 748 181 42 51 0 0 0 0 126 765 62 71 0 0 0 0 130 759 55 80 
0 0 0 41 389 313 126 155 0 0 0 1 137 452 222 212 0 0 0 0 113 488 200 223 
0 0 0 71 492 228 104 129 0 0 0 0 180 504 168 172 0 0 0 0 135 501 190 198 
0 0 0 7 441 290 135 151 0 0 0 0 149 513 162 200 0 0 0 0 81 528 176 239 
0 0 0 9 791 213 10 1 0 0 0 0 307 696 19 2 0 0 0 0 167 830 25 2 
0 0 0 16 656 315 30 7 0 0 0 0 284 674 54 12 0 0 0 0 184 757 68 15 
0 0 0 103 800 91 18 12 0 0 0 1 338 627 42 16 0 0 0 2 571 394 41 16 
0 0 0 46 701 215 44 18 0 0 0 0 185 713 93 33 0 0 0 2 346 567 77 32 
0 0 0 386 596 42 0 0 0 0 0 4 428 571 21 0 0 0 0 114 762 148 0 0 
0 0 0 198 791 34 1 0 0 0 0 0 335 647 41 1 0 0 0 42 899 79 4 0 
0 0 0 25 541 306 70 82 0 0 0 0 126 702 99 97 0 0 0 1 272 549 89 113 
0 0 0 27 649 256 63 29 0 0 0 0 255 638 83 48 0 0 0 4 373 517 85 45 
0 0 26 539 371 76 12 0 0 0 0 26 602 369 23 4 0 0 23 552 311 121 15 2 
0 0 97 639 203 53 16 16 0 0 0 117 643 190 45 29 0 0 51 656 218 55 22 22 
0 0 126 688 188 18 4 0 0 0 1 195 655 156 14 3 0 0 94 716 190 17 5 2 
0 1 47 550 388 31 5 2 0 0 2 119 612 273 15 3 0 1 52 675 258 30 6 2 
0 0 113 697 203 11 0 0 0 0 1 250 664 105 4 0 0 0 68 720 221 15 0 0 
0 2 187 706 127 2 0 0 0 0 5 321 632 64 2 0 0 0 143 723 151 7 0 0 
0 3 255 685 78 3 0 0 0 0 7 349 618 50 0 0 0 0 225 706 91 2 0 0 
0 0 135 571 156 76 51 35 0 0 3 257 505 124 63 72 0 0 55 508 257 93 50 61 
0 2 245 691 80 6 0 0 0 0 6 503 476 39 0 0 0 0 168 740 107 9 0 0 
0 1 292 609 103 17 2 0 0 0 13 549 403 55 4 0 0 0 295 598 102 27 2 0 
0 1 156 727 126 14 0 0 0 0 6 358 605 51 4 0 0 0 84 714 206 18 2 0 
0 10 178 672 160 4 0 0 0 0 69 434 487 34 0 0 0 3 137 665 211 8 0 0 
0 0 309 607 88 20 0 0 0 0 29 622 334 35 4 0 0 0 224 642 135 21 2 0 
0 0 12 412 572 25 2 1 0 0 0 49 762 205 5 3 0 0 0 269 710 41 3 1 
0 0 14 643 344 21 2 0 0 0 0 56 747 215 6 0 0 0 0 395 564 61 4 0 
0 0 0 517 490 16 1 0 0 0 0 7 681 332 4 0 0 0 1 487 503 31 2 0 
0 0 13 508 395 76 19 13 0 0 0 47 620 274 56 27 0 0 2 389 479 101 32 21 
0 0 0 222 684 69 29 20 0 0 0 3 522 420 44 35 0 0 0 141 708 106 35 34 
0 0 0 27 869 119 9 0 0 0 0 0 424 579 18 3 0 0 0 1 412 595 16 0 
0 0 0 15 746 233 24 6 0 0 0 0 175 761 71 17 0 0 0 9 355 579 68 13 
0 0 0 19 771 185 26 23 0 0 0 0 140 762 88 34 0 0 2 147 701 114 34 26 
0 0 0 25 745 227 19 8 0 0 0 0 417 546 48 13 0 0 0 0 400 566 42 16 
0 0 0 14 546 276 133 55 0 0 0 1 162 560 198 103 0 0 0 5 202 514 189 114 
0 0 0 19 824 155 15 11 0 0 0 0 280 686 41 17 0 0 0 10 488 485 27 14 
0 0 0 68 747 178 27 4 0 0 0 3 496 475 40 10 0 0 0 0 474 477 59 14 
0 0 0 51 878 76 13 6 0 0 0 2 711 280 21 10 0 0 0 0 448 535 28 13 
0 0 0 37 511 163 135 178 0 0 0 0 293 342 140 249 0 0 0 0 185 406 161 272 
0 0 0 30 712 182 48 52 0 0 0 0 372 503 84 65 0 0 0 0 227 622 91 84 
0 0 0 50 578 256 90 50 0 0 0 6 346 469 116 87 0 0 0 0 231 547 144 102 
0 0 0 14 305 204 174 327 0 0 0 5 149 297 185 388 0 0 0 1 56 338 187 442 
0 0 0 14 186 193 183 448 0 0 0 1 93 216 194 520 0 0 0 0 32 222 185 585 
0 0 0 6 198 274 182 364 0 0 0 3 97 328 186 410 0 0 0 0 25 322 200 477 
0 0 0 14 343 487 107 73 0 0 0 0 212 603 122 87 0 0 0 0 72 658 176 118 
0 0 0 18 412 398 93 103 0 0 0 3 243 533 124 121 0 0 0 0 106 582 188 148 
0 0 0 18 293 261 181 271 0 0 0 1 136 370 196 321 0 0 0 0 68 358 210 388 
0 0 0 145 544 177 88 70 0 0 0 6 300 496 122 100 0 0 0 22 420 342 123 117 
0 0 1 264 549 121 46 43 0 0 0 6 500 369 88 61 0 0 0 25 647 217 70 65 
0 0 0 131 652 166 40 35 0 0 0 5 426 462 84 47 0 0 0 20 559 312 83 50 
0 0 0 25 370 290 167 172 0 0 0 5 259 369 174 217 0 0 0 1 135 403 205 280 
0 0 6 336 511 119 37 15 0 0 0 19 465 442 68 30 0 0 2 264 450 227 53 28 
0 1 195 603 141 36 19 29 0 0 2 254 583 109 36 40 0 0 53 617 238 50 27 39 
0 2 62 328 245 101 118 168 0 0 5 169 365 167 105 213 0 0 11 216 307 155 107 228 
0 0 64 474 340 61 37 48 0 0 4 132 569 208 44 67 0 0 37 445 356 78 41 67 
0 2 172 628 174 32 9 7 0 0 10 241 617 128 14 14 0 0 142 648 176 43 6 9 
0 5 177 636 186 13 6 1 0 0 9 273 620 110 6 6 0 1 150 689 165 13 4 2 
0 1 191 666 157 8 1 0 0 0 3 282 636 99 3 1 0 3 283 646 85 6 1 0 
0 0 206 734 82 1 1 0 0 0 0 329 645 48 1 1 0 0 223 726 72 2 1 0 
0 0 141 755 122 6 0 0 0 0 1 282 683 53 5 0 0 0 124 761 133 5 1 0 
0 0 203 736 79 6 0 0 0 0 7 435 548 32 2 0 0 0 155 758 102 9 0 0 
0 0 153 788 69 14 0 0 0 0 1 483 507 30 3 0 0 0 93 807 106 17 1 0 
0 0 293 654 73 4 0 0 0 0 13 579 418 13 1 0 0 0 162 753 105 4 0 0 
0 11 316 657 40 0 0 0 0 1 117 682 222 2 0 0 0 3 209 749 62 1 0 0 
0 6 403 589 26 0 0 0 0 0 50 751 219 4 0 0 0 1 285 707 29 2 0 0 
0 0 2 235 694 75 13 5 0 0 0 29 599 364 22 10 0 0 0 130 734 135 17 8 
0 0 5 705 296 18 0 0 0 0 0 28 893 100 3 0 0 0 1 527 454 41 1 0 
0 0 2 862 156 4 0 0 0 0 0 10 967 43 4 0 0 0 2 868 148 4 2 0 
0 0 37 746 230 11 0 0 0 0 0 99 768 152 5 0 0 0 32 765 222 5 0 0 
0 0 23 738 255 8 0 0 0 0 0 68 813 138 5 0 0 0 18 725 266 15 0 0 
0 0 0 373 512 127 8 4 0 0 0 2 522 464 30 6 0 0 3 425 411 157 24 4 
0 0 2 82 666 260 14 0 0 0 0 16 345 619 43 1 0 0 1 81 501 416 25 0 
0 0 0 97 757 163 7 0 0 0 0 13 332 641 37 1 0 0 0 170 747 103 4 0 
0 0 1 105 671 246 1 0 0 0 0 5 305 669 45 0 0 0 2 255 521 241 5 0 
0 0 0 48 572 364 35 5 0 0 0 0 160 659 183 22 0 0 2 324 557 123 15 3 
0 0 0 47 835 142 0 0 0 0 0 1 345 663 15 0 0 0 0 244 706 74 0 0 
0 0 2 163 670 181 6 2 0 0 0 12 565 431 13 3 0 0 0 97 525 388 12 2 
0 0 0 139 801 80 4 0 0 0 0 15 781 220 7 1 0 0 0 1 512 497 12 2 
0 0 1 46 723 161 62 31 0 0 0 2 354 517 87 64 0 0 0 1 322 532 95 74 
0 0 0 29 677 251 48 19 0 0 0 0 256 640 83 45 0 0 0 0 259 611 105 49 
0 0 0 22 498 297 108 99 0 0 0 3 416 373 109 123 0 0 0 0 144 596 129 155 
0 0 2 46 255 174 150 397 0 0 0 8 185 214 169 448 0 0 0 3 101 244 179 497 
0 0 0 27 136 198 206 457 0 0 0 6 100 189 198 531 0 0 0 0 36 178 199 611 
0 0 0 4 148 220 201 451 0 0 0 1 103 227 198 495 0 0 0 0 23 209 218 574 
0 0 0 12 316 235 118 343 0 0 0 1 226 309 126 362 0 0 0 0 42 382 178 422 
0 0 0 10 216 282 249 267 0 0 0 3 139 322 234 326 0 0 0 0 34 328 258 404 
0 0 0 7 108 133 163 613 0 0 0 1 82 135 149 657 0 0 0 0 9 136 138 741 
0 0 0 23 183 134 144 540 0 0 0 3 145 151 147 578 0 0 0 0 53 188 134 649 
0 0 0 70 392 222 137 203 0 0 0 6 295 310 160 253 0 0 0 2 273 277 190 282 
0 0 3 92 400 166 79 284 0 0 2 27 284 295 107 309 0 0 0 10 301 246 128 339 
0 0 0 41 157 170 153 503 0 0 0 6 134 188 162 534 0 0 0 0 80 176 158 610 
0 0 9 208 244 145 118 300 0 0 0 61 296 187 123 357 0 0 1 85 232 194 136 376 
0 0 11 271 401 106 82 153 0 0 4 61 390 305 83 181 0 0 2 203 391 160 82 186 
0 1 119 558 199 52 31 64 0 0 1 164 586 149 46 78 0 0 74 585 188 62 43 72 
0 9 255 603 119 18 11 9 0 0 22 427 480 66 14 15 0 2 187 651 140 22 13 9 
0 17 325 380 183 50 36 33 0 0 45 422 366 98 47 46 0 6 276 445 174 51 37 35 
0 4 159 585 208 41 17 10 0 0 7 194 623 154 28 18 0 2 170 607 181 39 11 14 
0 1 184 701 96 19 5 18 0 0 3 338 595 57 12 19 0 0 207 681 90 17 9 20 
0 1 306 672 45 0 0 0 0 0 4 342 645 33 0 0 0 1 333 653 37 0 0 0 
0 4 279 640 97 4 0 0 0 0 5 369 588 62 0 0 0 3 279 645 91 6 0 0 
0 0 129 739 133 16 4 3 0 0 1 247 680 83 7 6 0 0 133 695 167 21 3 5 
0 0 191 743 87 3 0 0 0 0 4 324 649 47 0 0 0 0 140 772 108 4 0 0 
0 0 97 695 207 21 4 0 0 0 4 281 643 88 7 1 0 0 62 698 232 27 5 0 
0 6 237 564 137 48 21 11 0 0 50 485 367 73 29 20 0 1 165 601 158 60 23 16 
0 4 141 642 226 11 0 0 0 0 27 327 605 64 1 0 0 2 115 664 226 17 0 0 
0 0 52 598 362 8 3 1 0 0 0 216 708 95 2 3 0 0 48 537 420 15 1 3 
0 0 51 843 130 0 0 0 0 0 0 124 862 38 0 0 0 0 44 835 143 2 0 0 
0 0 36 850 138 0 0 0 0 0 0 73 918 33 0 0 0 0 15 911 98 0 0 0 
0 0 133 813 77 1 0 0 0 0 0 277 704 43 0 0 0 0 36 886 100 2 0 0 
0 0 108 689 201 26 0 0 0 0 0 170 698 141 15 0 0 0 68 768 174 14 0 0 
0 0 201 705 118 0 0 0 0 0 0 291 608 125 0 0 0 0 130 861 33 0 0 0 
0 0 46 599 346 30 3 0 0 0 0 52 595 358 18 1 0 0 127 705 179 10 3 0 
0 0 2 369 526 120 7 0 0 0 0 17 547 416 44 0 0 0 13 606 381 20 4 0 
0 0 47 406 506 65 0 0 0 0 0 56 505 443 20 0 0 0 53 576 363 32 0 0 
0 0 3 310 670 39 2 0 0 0 0 11 521 478 12 2 0 0 18 514 463 27 2 0 
0 0 2 158 804 60 0 0 0 0 0 11 510 496 7 0 0 0 4 375 612 30 3 0 
0 0 0 126 703 158 23 14 0 0 0 11 569 388 35 21 0 0 0 52 504 412 32 24 
0 0 0 73 800 125 11 15 0 0 0 20 656 305 24 19 0 0 0 14 410 549 30 21 
0 0 0 150 765 75 11 23 0 0 0 0 637 339 22 26 0 0 0 11 614 337 30 32 
0 0 0 85 768 147 16 8 0 0 0 1 402 573 31 17 0 0 0 5 566 400 35 18 
0 0 2 30 576 204 61 151 0 0 2 14 417 351 79 161 0 0 0 6 133 592 101 192 
0 0 0 84 378 209 150 203 0 0 0 10 327 263 171 253 0 0 0 0 164 360 192 308 
0 0 0 35 159 125 99 606 0 0 0 8 126 136 121 633 0 0 0 0 60 160 132 672 
0 0 0 6 194 136 107 581 0 0 0 4 131 185 97 607 0 0 0 0 22 218 119 665 
0 0 0 18 309 173 122 402 0 0 0 6 245 216 131 426 0 0 0 0 38 356 137 493 
0 0 0 16 252 243 124 389 0 0 0 6 181 294 117 426 0 0 0 0 31 315 200 478 
0 0 0 12 196 148 125 543 0 0 0 4 130 183 128 579 0 0 0 0 20 230 139 635 
0 0 0 24 232 144 116 508 0 0 0 0 155 200 132 537 0 0 0 0 98 203 137 586 
0 0 0 60 274 155 127 408 0 0 0 18 220 212 127 447 0 0 0 0 110 253 156 505 
0 0 0 27 152 134 96 615 0 0 0 25 161 120 91 627 0 0 0 0 37 154 146 687 
0 0 0 53 207 162 140 462 0 0 0 27 178 159 152 508 0 0 0 1 72 218 174 559 
0 0 14 181 241 122 81 385 0 0 0 20 271 213 100 420 0 0 2 151 172 154 102 443 
0 0 30 555 354 36 16 33 0 0 0 63 617 271 30 43 0 0 42 591 293 43 17 38 
0 0 55 618 238 68 22 23 0 0 2 120 668 149 52 33 0 0 91 611 197 70 26 29 
0 0 35 358 419 92 57 63 0 0 3 88 557 211 80 85 0 0 46 498 253 104 58 65 
0 14 336 509 103 26 18 18 0 1 38 536 352 48 26 23 0 2 338 515 99 29 19 22 
0 3 218 630 139 22 2 10 0 0 11 342 581 67 12 11 0 6 356 548 81 20 3 10 
0 4 140 565 199 49 35 32 0 0 16 284 504 123 46 51 0 1 103 553 233 59 37 38 
0 16 356 581 64 7 0 0 0 0 21 566 414 19 4 0 0 10 340 591 75 7 1 0 
0 4 243 527 134 49 35 32 0 0 21 435 388 90 45 45 0 2 128 573 183 57 40 41 
0 2 185 520 194 60 35 28 0 0 10 324 469 131 46 44 0 1 93 527 223 92 47 41 
0 0 246 586 154 25 8 5 0 0 27 481 422 73 14 7 0 0 128 596 235 43 15 7 
0 2 260 680 75 6 1 0 0 0 16 530 448 26 4 0 0 1 242 682 89 7 3 0 
0 0 332 593 87 12 0 0 0 0 3 485 477 54 5 0 0 0 319 612 80 12 1 0 
0 2 214 641 135 31 1 0 0 0 8 377 536 90 13 0 0 2 141 689 143 46 3 0 
0 0 6 643 357 17 1 0 0 0 0 118 762 136 8 0 0 0 25 653 323 20 3 0 
0 0 2 627 378 16 1 0 0 0 0 48 841 129 6 0 0 0 10 585 393 34 2 0 
0 0 47 856 110 7 4 0 0 0 0 193 783 42 5 1 0 0 60 849 105 6 4 0 
0 0 189 794 41 0 0 0 0 0 0 274 726 24 0 0 0 0 84 866 74 0 0 0 
0 0 192 639 189 4 0 0 0 0 1 291 667 65 0 0 0 0 119 636 262 7 0 0 
0 0 186 752 86 0 0 0 0 0 1 354 654 15 0 0 0 0 99 817 108 0 0 0 
0 0 403 575 46 0 0 0 0 0 2 483 499 40 0 0 0 0 411 582 31 0 0 0 
0 0 58 703 247 15 1 0 0 0 0 89 767 162 6 0 0 0 127 700 187 10 0 0 
0 0 84 596 278 59 7 0 0 0 0 95 654 239 32 4 0 1 140 693 177 12 1 0 
0 0 3 338 544 127 12 0 0 0 0 13 542 357 104 8 0 0 45 507 426 46 0 0 
0 0 32 360 516 97 10 9 0 0 0 140 596 246 32 10 0 0 3 243 606 144 17 11 
0 0 6 133 601 122 67 95 0 0 0 43 490 303 76 112 0 0 0 49 409 356 80 130 
0 0 0 83 644 141 55 101 0 0 0 12 522 303 60 127 0 0 0 0 252 553 80 139 
0 0 0 177 531 132 66 118 0 0 0 5 476 319 71 153 0 0 0 40 373 354 86 171 
0 0 1 193 706 90 11 23 0 0 0 3 440 519 34 28 0 0 0 17 666 283 28 30 
0 0 0 128 664 146 37 49 0 0 0 32 589 305 38 60 0 0 0 14 347 547 44 72 
0 0 1 89 486 158 99 191 0 0 0 15 372 306 108 223 0 0 0 1 155 487 122 259 
0 0 9 92 228 139 131 425 0 0 0 33 211 153 137 490 0 0 0 14 156 185 151 518 
0 0 0 47 498 162 99 218 0 0 0 5 305 359 113 242 0 0 0 1 154 483 113 273 
0 0 0 90 538 173 83 140 0 0 0 15 379 364 92 174 0 0 0 2 245 465 120 192 
0 0 0 25 535 156 67 241 0 0 0 7 349 332 87 249 0 0 0 0 90 530 113 291 
0 0 0 35 270 135 99 485 0 0 0 7 197 202 99 519 0 0 0 10 83 246 124 561 
0 0 0 49 271 149 95 460 0 0 0 4 210 221 98 491 0 0 0 0 107 265 123 529 
0 0 0 38 426 109 95 356 0 0 0 3 294 255 104 368 0 0 0 0 201 306 105 412 
0 0 4 74 449 101 81 315 0 0 3 34 270 292 86 339 0 0 0 10 324 228 88 374 
0 0 0 33 458 161 130 242 0 0 0 26 319 274 131 274 0 0 0 0 237 332 124 331 
0 0 43 301 379 101 73 127 0 0 0 83 487 215 83 156 0 0 29 270 356 137 74 158 
0 0 32 769 186 17 10 10 0 0 0 86 808 103 11 16 0 0 59 756 168 19 9 13 
0 0 40 658 266 34 18 8 0 0 0 150 711 123 23 17 0 0 70 695 200 32 18 9 
0 0 86 661 174 40 32 31 0 0 3 247 608 78 40 48 0 0 144 603 159 50 28 40 
0 9 317 490 131 36 23 18 0 0 51 456 393 71 26 27 0 0 236 525 173 46 23 21 
0 3 196 660 140 19 2 4 0 0 12 373 560 62 12 5 0 6 262 634 99 15 4 4 
0 5 271 582 139 19 7 1 0 0 14 380 526 84 15 5 0 4 307 561 123 19 8 2 
0 13 335 631 44 1 0 0 0 0 31 544 438 11 0 0 0 13 321 635 54 1 0 0 
0 2 132 617 172 61 24 16 0 0 7 300 553 91 43 30 0 0 115 609 178 71 27 24 
0 5 141 493 226 77 35 47 0 0 12 324 441 130 50 67 0 1 102 493 237 86 42 63 
0 1 282 642 66 19 4 10 0 0 12 576 369 45 10 12 0 1 216 666 96 25 6 14 
0 4 370 573 68 9 0 0 0 0 28 689 282 25 0 0 0 6 357 577 72 12 0 0 
0 0 416 540 59 7 2 0 0 0 12 680 291 36 4 1 0 4 441 513 56 8 2 0 
0 13 283 627 95 6 0 0 0 0 54 496 434 38 2 0 0 5 227 664 118 10 0 0 
0 0 34 741 230 19 0 0 0 0 0 218 745 55 6 0 0 0 19 718 262 24 1 0 
0 0 58 534 389 43 0 0 0 0 1 153 669 197 4 0 0 1 54 603 315 50 1 0 
0 0 88 808 122 6 0 0 0 0 2 202 770 48 2 0 0 0 39 809 164 10 2 0 
0 2 412 605 5 0 0 0 0 0 5 479 539 1 0 0 0 0 275 738 11 0 0 0 
0 0 342 624 58 0 0 0 0 0 10 467 540 7 0 0 0 0 187 734 103 0 0 0 
0 0 69 676 277 2 0 0 0 0 0 126 819 79 0 0 0 0 79 575 362 8 0 0 
0 1 235 722 66 0 0 0 0 0 2 395 618 9 0 0 0 0 306 664 54 0 0 0 
0 2 207 771 44 0 0 0 0 0 1 432 581 10 0 0 0 0 383 607 34 0 0 0 
0 0 88 697 227 12 0 0 0 0 0 120 765 136 3 0 0 0 210 630 163 21 0 0 
0 0 11 394 553 66 0 0 0 0 1 63 602 336 22 0 0 0 20 532 446 26 0 0 
0 0 3 309 646 61 4 1 0 0 0 25 609 372 17 1 0 0 2 208 664 143 4 3 
0 0 3 269 600 99 10 43 0 0 0 4 464 477 31 48 0 0 6 233 429 277 28 51 
0 0 0 164 738 77 21 24 0 0 0 3 729 230 28 34 0 0 0 5 570 379 32 38 
0 0 5 349 595 56 11 8 0 0 0 5 769 219 16 15 0 0 0 147 602 248 14 13 
0 0 0 368 645 11 0 0 0 0 0 2 738 284 0 0 0 0 0 73 866 85 0 0 
0 0 0 140 857 26 1 0 0 0 0 10 842 166 6 0 0 0 0 8 731 279 6 0 
0 0 0 52 914 47 6 5 0 0 0 2 819 189 5 9 0 0 0 1 589 416 9 9 
0 0 0 376 611 23 10 4 0 0 0 15 862 126 8 13 0 0 0 13 859 130 10 12 
0 0 0 127 698 101 45 53 0 0 0 7 600 290 55 72 0 0 0 0 451 429 64 80 
0 0 5 227 600 73 41 78 0 0 0 72 627 183 53 89 0 0 0 46 537 284 60 97 
0 0 1 121 804 98 0 0 0 0 0 14 691 318 1 0 0 0 0 13 384 624 3 0 
0 0 0 345 643 22 7 7 0 0 0 9 598 394 9 14 0 0 0 53 772 180 5 14 
0 0 2 164 622 86 37 113 0 0 0 21 589 231 60 123 0 0 0 19 563 254 61 127 
0 0 0 219 727 54 11 13 0 0 0 19 705 268 16 16 0 0 0 9 584 390 22 19 
0 0 1 180 705 64 36 38 0 0 0 7 726 192 51 48 0 0 0 4 658 256 45 61 
0 0 1 66 899 32 12 14 0 0 0 6 790 195 16 17 0 0 0 34 683 267 21 19 
0 2 59 552 405 5 1 0 0 0 2 92 801 128 1 0 0 1 61 643 313 5 1 0 
0 0 60 686 275 2 1 0 0 0 0 160 798 65 1 0 0 0 117 705 198 4 0 0 
0 3 314 667 39 1 0 0 0 0 12 504 496 12 0 0 0 7 401 599 17 0 0 0 
0 2 289 708 25 0 0 0 0 0 10 525 481 8 0 0 0 1 438 575 10 0 0 0 
0 3 372 603 44 2 0 0 0 0 16 556 427 24 1 0 0 5 509 480 27 3 0 0 
0 5 248 668 96 2 4 1 0 0 15 357 587 58 2 5 0 4 455 516 41 3 2 3 
0 1 243 660 110 8 2 0 0 0 2 314 626 77 4 1 0 5 424 510 74 9 2 0 
0 6 277 703 32 6 0 0 0 0 11 410 580 21 2 0 0 20 508 470 20 6 0 0 
0 11 335 580 84 8 3 3 0 0 23 511 435 43 7 5 0 8 356 544 100 7 5 4 
0 10 275 542 138 22 14 23 0 0 18 364 519 76 16 31 0 4 227 558 160 36 10 29 
0 6 378 475 109 25 14 17 0 0 30 577 327 53 16 21 0 2 290 513 140 44 12 23 
0 4 186 736 94 2 2 0 0 0 25 497 487 13 2 0 0 1 219 700 99 3 2 0 
0 5 408 579 29 3 0 0 0 0 8 590 409 16 1 0 0 5 442 551 24 2 0 0 
0 32 282 552 145 13 0 0 0 7 99 437 396 79 6 0 0 15 287 573 131 18 0 0 
0 0 33 672 297 19 2 1 0 0 0 158 730 126 7 3 0 0 74 680 241 25 4 0 
0 0 19 627 341 32 5 0 0 0 0 61 785 158 19 1 0 0 35 751 213 19 6 0 
0 0 81 716 221 3 2 1 0 0 1 223 700 94 3 3 0 0 47 763 206 4 3 1 
0 0 131 784 107 2 0 0 0 0 1 450 562 11 0 0 0 0 74 755 191 4 0 0 
0 4 384 605 25 6 0 0 0 0 19 546 439 18 2 0 0 0 280 706 31 7 0 0 
0 0 141 723 146 14 0 0 0 0 0 211 737 76 0 0 0 0 81 744 165 34 0 0 
0 6 427 530 57 4 0 0 0 0 6 537 440 39 2 0 0 11 591 400 22 0 0 0 
0 1 251 631 139 2 0 0 0 0 1 478 481 64 0 0 0 4 468 490 62 0 0 0 
0 0 68 608 289 58 1 0 0 0 1 185 539 252 47 0 0 4 273 621 122 4 0 0 
0 0 118 743 163 0 0 0 0 0 0 119 780 125 0 0 0 0 174 755 95 0 0 0 
0 0 61 718 245 0 0 0 0 0 0 66 684 273 1 0 0 0 91 785 147 1 0 0 
0 0 29 552 425 18 0 0 0 0 1 41 624 340 18 0 0 0 69 651 301 3 0 0 
0 0 9 602 408 5 0 0 0 0 0 30 851 142 1 0 0 0 1 312 686 25 0 0 
0 0 10 698 309 7 0 0 0 0 0 55 863 106 0 0 0 0 1 394 581 48 0 0 
0 0 9 342 669 4 0 0 0 0 0 11 788 224 1 0 0 0 0 95 801 128 0 0 
0 0 0 121 899 4 0 0 0 0 0 12 967 45 0 0 0 0 0 4 781 239 0 0 
0 0 0 129 856 39 0 0 0 0 0 0 929 95 0 0 0 0 0 1 785 238 0 0 
0 0 2 426 595 1 0 0 0 0 0 44 919 60 1 0 0 0 0 26 953 45 0 0 
0 0 0 253 744 27 0 0 0 0 0 69 849 106 0 0 0 0 0 16 717 289 2 0 
0 0 1 481 519 23 0 0 0 0 0 73 844 107 0 0 0 0 0 139 734 150 1 0 
0 0 9 349 536 124 6 0 0 0 0 52 770 195 7 0 0 0 0 68 661 279 16 0 
0 0 0 353 665 6 0 0 0 0 0 12 890 122 0 0 0 0 0 118 798 108 0 0 
0 0 4 269 687 45 18 1 0 0 0 32 825 135 29 3 0 0 0 61 792 137 27 7 
0 0 3 320 667 32 1 1 0 0 0 80 841 91 10 2 0 0 0 57 749 206 10 2 
0 0 0 104 820 57 22 21 0 0 0 4 828 139 30 23 0 0 0 4 718 240 34 28 
0 0 2 212 767 32 8 3 0 0 0 22 837 151 10 4 0 0 9 218 696 82 13 6 
0 0 46 657 319 2 0 0 0 0 0 122 810 92 0 0 0 0 107 715 200 2 0 0 
0 3 206 667 145 3 0 0 0 0 7 345 629 43 0 0 0 5 316 619 81 3 0 0 
0 5 413 578 28 0 0 0 0 0 19 565 430 10 0 0 0 12 546 459 7 0 0 0 
0 6 711 303 4 0 0 0 0 0 24 859 140 1 0 0 0 9 840 172 3 0 0 0 
0 12 698 299 15 0 0 0 0 0 50 785 183 6 0 0 0 7 784 224 9 0 0 0 
0 4 240 685 90 5 0 0 0 0 7 355 606 56 0 0 0 8 509 452 55 0 0 0 
0 7 294 642 76 5 0 0 0 0 9 387 580 45 3 0 0 10 529 438 43 4 0 0 
0 3 385 593 33 10 0 0 0 0 12 589 398 21 4 0 0 10 473 503 27 11 0 0 
0 1 302 647 63 10 1 0 0 0 17 544 430 28 5 0 0 0 304 642 66 11 1 0 
0 22 330 619 48 5 0 0 0 1 46 592 367 18 0 0 0 17 301 625 74 7 0 0 
0 11 252 682 76 3 0 0 0 0 23 582 385 33 1 0 0 4 264 682 70 4 0 0 
0 19 443 523 39 0 0 0 0 0 44 640 331 9 0 0 0 26 450 511 37 0 0 0 
0 3 297 684 40 0 0 0 0 0 15 532 453 24 0 0 0 9 546 445 24 0 0 0 
0 73 564 369 18 0 0 0 0 3 281 603 134 3 0 0 0 54 532 420 18 0 0 0 
0 0 63 622 291 48 0 0 0 0 0 203 663 158 0 0 0 0 54 636 236 98 0 0 
0 0 112 797 92 22 1 0 0 0 1 506 454 55 8 0 0 0 112 799 89 21 3 0 
0 0 41 822 161 0 0 0 0 0 0 414 571 39 0 0 0 0 75 870 79 0 0 0 
0 0 105 831 88 0 0 0 0 0 11 524 482 7 0 0 0 0 30 797 197 0 0 0 
0 2 358 619 44 1 0 0 0 0 26 422 561 15 0 0 0 0 361 618 41 4 0 0 
0 0 111 828 85 0 0 0 0 0 3 232 772 17 0 0 0 0 215 725 84 0 0 0 
0 10 639 366 9 0 0 0 0 0 37 656 321 10 0 0 0 8 804 211 1 0 0 0 
0 3 71 682 261 7 0 0 0 0 2 169 690 159 4 0 0 6 330 605 82 1 0 0 
0 0 183 714 124 3 0 0 0 0 5 393 518 108 0 0 0 1 450 548 21 4 0 0 
0 0 36 608 378 2 0 0 0 0 0 36 717 270 1 0 0 0 76 820 128 0 0 0 
0 0 58 850 114 2 0 0 0 0 1 46 831 143 3 0 0 1 177 795 51 0 0 0 
0 0 40 687 291 6 0 0 0 0 0 30 728 260 6 0 0 3 331 636 54 0 0 0 
0 0 170 539 314 1 0 0 0 0 0 234 541 248 1 0 0 0 129 840 55 0 0 0 
0 0 185 651 171 17 0 0 0 0 0 268 656 93 7 0 0 0 17 634 359 14 0 0 
0 0 18 430 570 6 0 0 0 0 0 18 718 288 0 0 0 0 0 323 654 47 0 0 
0 0 0 134 876 14 0 0 0 0 0 26 821 175 2 0 0 0 0 46 862 116 0 0 
0 0 1 172 742 93 12 4 0 0 0 20 818 167 15 4 0 0 0 8 687 306 18 5 
0 0 0 393 591 37 3 0 0 0 0 63 829 120 12 0 0 0 0 43 852 118 11 0 
0 0 0 294 717 13 0 0 0 0 0 50 906 68 0 0 0 0 0 23 850 151 0 0 
0 0 28 762 231 3 0 0 0 0 0 77 880 67 0 0 0 0 2 475 533 14 0 0 
0 0 8 481 407 127 1 0 0 0 0 80 755 184 5 0 0 0 0 195 599 221 9 0 
0 0 2 398 619 5 0 0 0 0 0 24 957 43 0 0 0 0 0 98 876 50 0 0 
0 0 14 364 578 59 9 0 0 0 0 73 837 85 26 3 0 0 0 108 767 115 30 4 
0 0 18 358 570 76 2 0 0 0 0 132 762 127 3 0 0 0 0 137 721 160 6 0 
0 0 0 88 845 91 0 0 0 0 0 6 728 289 1 0 0 0 0 107 698 219 0 0 
0 0 10 357 630 24 3 0 0 0 0 49 822 148 5 0 0 0 7 376 576 59 5 1 
0 1 36 691 251 6 4 35 0 0 2 124 790 65 6 37 0 0 35 706 231 9 5 38 
0 0 137 502 105 32 90 158 0 0 3 254 439 63 61 204 0 0 112 525 95 20 35 237 
0 0 126 540 97 32 62 167 0 0 5 285 430 68 41 195 0 0 154 483 104 38 22 223 
0 1 278 619 96 9 4 17 0 0 5 431 512 54 5 17 0 2 420 503 67 10 3 19 
0 24 472 441 82 5 0 0 0 0 81 495 388 58 2 0 0 14 535 419 54 2 0 0 
0 12 334 565 108 5 0 0 0 0 23 418 506 75 2 0 0 29 444 471 76 4 0 0 
0 15 409 523 73 4 0 0 0 0 22 514 442 45 1 0 0 18 532 406 64 3 1 0 
0 12 460 504 48 0 0 0 0 0 34 640 331 19 0 0 0 9 497 472 45 1 0 0 
0 19 352 564 84 5 0 0 0 0 32 526 432 31 3 0 0 15 437 509 60 3 0 0 
0 25 412 533 53 1 0 0 0 0 77 537 387 23 0 0 0 28 444 505 47 0 0 0 
0 13 202 700 106 3 0 0 0 3 31 478 481 31 0 0 0 12 203 666 138 5 0 0 
0 21 602 384 17 0 0 0 0 1 218 691 110 4 0 0 0 9 634 362 19 0 0 0 
0 25 443 546 10 0 0 0 0 2 118 814 89 1 0 0 0 11 510 490 13 0 0 0 
0 225 623 163 9 3 1 0 0 20 571 377 51 2 3 0 0 158 685 167 10 1 3 0 
0 0 20 732 260 12 0 0 0 0 0 134 827 63 0 0 0 0 127 732 153 12 0 0 
0 0 57 852 115 0 0 0 0 0 0 307 695 22 0 0 0 0 54 853 117 0 0 0 
0 5 108 786 125 0 0 0 0 0 6 473 543 2 0 0 0 5 77 704 238 0 0 0 
0 6 530 457 31 0 0 0 0 0 52 782 190 0 0 0 0 0 331 653 40 0 0 0 
0 18 629 366 10 1 0 0 0 0 93 748 176 7 0 0 0 4 614 391 13 2 0 0 
0 1 316 670 37 0 0 0 0 0 4 443 563 14 0 0 0 0 381 619 24 0 0 0 
0 30 657 324 13 0 0 0 0 0 72 667 277 8 0 0 0 19 707 290 8 0 0 0 
0 4 649 358 13 0 0 0 0 0 51 753 211 9 0 0 0 6 791 215 12 0 0 0 
0 0 315 616 90 3 0 0 0 0 0 325 610 86 3 0 0 1 578 431 14 0 0 0 
0 2 194 741 87 0 0 0 0 0 2 138 768 116 0 0 0 4 442 569 9 0 0 0 
0 1 235 704 84 0 0 0 0 0 3 264 682 75 0 0 0 1 469 537 17 0 0 0 
0 6 156 694 151 16 1 0 0 0 7 303 633 75 6 0 0 1 208 622 168 21 4 0 
0 5 180 695 138 6 0 0 0 0 7 289 671 56 1 0 0 0 98 783 137 6 0 0 
0 0 24 398 571 31 0 0 0 0 0 42 783 199 0 0 0 0 20 431 526 47 0 0 
0 3 247 697 77 0 0 0 0 0 0 179 776 69 0 0 0 0 80 855 89 0 0 0 
0 0 5 424 593 2 0 0 0 0 0 35 873 116 0 0 0 0 5 282 718 19 0 0 
0 0 3 238 693 90 0 0 0 0 0 36 768 218 2 0 0 0 0 103 663 254 4 0 
0 0 30 485 487 20 2 0 0 0 0 22 479 499 22 2 0 0 35 596 370 21 2 0 
0 0 0 337 655 32 0 0 0 0 0 69 762 190 3 0 0 0 0 124 796 104 0 0 
0 0 125 774 125 0 0 0 0 0 0 243 761 20 0 0 0 0 7 701 310 6 0 0 
0 0 27 526 406 65 0 0 0 0 0 157 779 87 1 0 0 0 0 372 519 131 2 0 
0 0 9 478 528 9 0 0 0 0 1 110 849 64 0 0 0 0 1 158 825 40 0 0 
0 0 0 279 662 77 6 0 0 0 0 72 806 123 23 0 0 0 0 84 781 127 32 0 
0 17 26 387 446 93 9 46 0 10 23 113 662 154 13 49 0 1 33 123 616 184 16 51 
0 53 32 155 412 47 33 292 0 36 43 59 457 94 31 304 0 2 71 61 425 126 25 314 
0 85 34 133 165 27 114 466 0 56 58 31 244 41 43 551 0 0 107 87 198 32 30 570 
0 70 70 27 32 28 88 709 0 68 70 16 34 27 29 780 0 4 126 21 27 29 28 789 
3 76 92 10 8 24 333 478 1 55 112 8 10 6 120 712 0 31 124 17 10 7 20 815 
2 86 107 5 14 29 302 479 1 96 97 3 12 14 101 700 0 45 147 5 4 16 34 773 
7 108 77 69 108 97 241 317 1 72 92 63 92 105 126 473 0 45 120 67 78 97 98 519 
1 47 197 323 80 76 76 224 0 19 126 208 253 75 81 262 0 47 192 262 101 58 78 286 
0 16 375 417 99 29 21 67 0 0 33 484 342 61 27 77 0 10 395 374 111 27 30 77 
0 49 602 359 14 0 0 0 0 0 67 687 265 5 0 0 0 58 696 255 15 0 0 0 
0 26 565 408 25 0 0 0 0 0 37 708 267 12 0 0 0 22 561 411 29 1 0 0 
0 5 205 674 138 2 0 0 0 0 13 343 598 69 1 0 0 6 227 663 126 2 0 0 
0 5 121 583 295 20 0 0 0 0 24 308 528 162 2 0 0 3 138 656 225 2 0 0 
0 8 416 410 172 18 0 0 0 0 26 529 371 96 2 0 0 17 502 328 165 12 0 0 
0 16 602 404 2 0 0 0 0 0 63 854 107 0 0 0 0 66 701 257 0 0 0 0 
0 25 567 413 19 0 0 0 0 3 125 786 108 2 0 0 0 54 657 297 16 0 0 0 
0 72 888 63 1 0 0 0 0 19 589 407 9 0 0 0 0 148 842 34 0 0 0 0 
0 0 220 778 26 0 0 0 0 0 2 507 509 6 0 0 0 0 491 523 10 0 0 0 
0 0 71 792 137 23 1 0 0 0 8 242 707 62 4 1 0 0 133 723 124 38 6 0 
0 0 262 746 16 0 0 0 0 0 4 498 518 4 0 0 0 3 438 579 4 0 0 0 
0 55 751 215 3 0 0 0 0 1 164 773 86 0 0 0 0 6 719 296 3 0 0 0 
0 20 488 498 18 0 0 0 0 0 63 723 238 0 0 0 0 7 524 472 21 0 0 0 
0 0 304 683 37 0 0 0 0 0 22 654 346 2 0 0 0 0 346 600 78 0 0 0 
0 1 269 703 51 0 0 0 0 0 16 575 429 4 0 0 0 4 348 628 44 0 0 0 
0 5 779 235 5 0 0 0 0 0 59 885 76 4 0 0 0 2 815 207 0 0 0 0 
0 13 661 341 9 0 0 0 0 0 30 665 326 3 0 0 0 6 727 286 5 0 0 0 
0 14 505 487 18 0 0 0 0 0 7 496 492 29 0 0 0 27 728 267 2 0 0 0 
0 2 471 545 6 0 0 0 0 0 2 418 598 6 0 0 0 2 607 413 2 0 0 0 
0 11 254 619 126 12 2 0 0 0 47 382 542 47 6 0 0 1 199 661 141 18 4 0 
0 0 453 536 35 0 0 0 0 0 20 584 402 18 0 0 0 0 304 677 43 0 0 0 
0 0 298 703 23 0 0 0 0 0 0 387 629 8 0 0 0 0 275 732 17 0 0 0 
0 0 542 405 77 0 0 0 0 0 0 520 482 22 0 0 0 0 304 616 102 2 0 0 
0 0 90 401 529 4 0 0 0 0 0 101 782 141 0 0 0 0 30 377 604 13 0 0 
0 0 21 372 623 8 0 0 0 0 0 62 701 260 1 0 0 0 16 325 657 26 0 0 
0 0 202 706 116 0 0 0 0 0 0 77 679 268 0 0 0 1 164 809 50 0 0 0 
0 0 62 684 277 1 0 0 0 0 0 21 629 374 0 0 0 0 67 811 146 0 0 0 
0 0 152 713 153 6 0 0 0 0 0 271 702 51 0 0 0 0 27 762 218 17 0 0 
0 0 62 477 440 45 0 0 0 0 0 171 794 59 0 0 0 0 9 381 542 91 1 0 
0 0 5 372 614 33 0 0 0 0 0 92 650 269 13 0 0 0 0 288 717 19 0 0 
0 0 0 128 787 109 0 0 0 0 0 21 485 513 5 0 0 0 1 159 782 81 1 0 
0 2 21 293 637 67 4 0 0 1 16 68 390 540 9 0 0 2 22 414 563 22 1 0 
0 84 98 479 357 6 0 0 0 21 117 88 551 247 0 0 0 29 147 550 294 4 0 0 
1 195 433 258 117 18 2 0 0 117 462 171 197 64 12 1 1 187 478 275 75 8 0 0 
1 158 260 534 70 1 0 0 0 94 112 373 410 35 0 0 0 134 445 388 56 1 0 0 
0 66 625 320 13 0 0 0 0 10 130 702 170 12 0 0 0 72 721 225 6 0 0 0 
0 137 691 182 14 0 0 0 0 13 233 606 166 6 0 0 1 182 704 132 5 0 0 0 
1 52 546 391 33 1 0 0 0 14 91 631 271 16 1 0 1 70 636 292 24 1 0 0 
4 122 443 386 66 3 0 0 0 73 248 426 253 23 1 0 3 152 539 279 50 1 0 0 
0 48 565 263 77 32 22 17 0 2 140 598 199 57 18 10 0 54 621 199 88 33 20 9 
0 43 661 275 37 5 2 1 0 0 61 675 255 26 4 3 0 37 719 217 41 7 2 1 
0 30 410 555 29 0 0 0 0 0 42 565 407 10 0 0 0 26 548 424 26 0 0 0 
0 3 189 595 198 38 1 0 0 0 5 266 622 106 25 0 0 3 182 614 174 39 12 0 
0 1 188 579 247 9 0 0 0 0 5 340 562 113 4 0 0 0 189 672 152 9 2 0 
0 3 328 578 112 3 0 0 0 0 38 458 486 42 0 0 0 5 406 559 53 1 0 0 
0 37 704 267 16 0 0 0 0 1 127 799 96 1 0 0 0 35 715 259 14 1 0 0 
1 36 734 250 3 0 0 0 0 2 166 807 49 0 0 0 0 87 684 252 1 0 0 0 
0 63 948 13 0 0 0 0 0 12 820 192 0 0 0 0 0 155 867 2 0 0 0 0 
0 0 327 692 5 0 0 0 0 0 2 659 362 1 0 0 0 5 762 257 0 0 0 0 
0 0 106 857 61 0 0 0 0 0 0 328 683 13 0 0 0 0 453 537 34 0 0 0 
0 8 161 838 17 0 0 0 0 0 15 468 540 1 0 0 0 1 486 533 4 0 0 0 
0 17 460 540 7 0 0 0 0 0 92 671 259 2 0 0 0 10 614 394 6 0 0 0 
0 2 392 612 18 0 0 0 0 0 50 743 230 1 0 0 0 0 451 550 23 0 0 0 
0 3 302 522 193 4 0 0 0 1 112 665 230 16 0 0 0 2 270 541 187 24 0 0 
0 1 215 640 161 7 0 0 0 0 1 479 515 29 0 0 0 2 360 496 158 8 0 0 
0 32 378 583 26 5 0 0 0 0 66 465 463 26 4 0 0 15 681 309 12 5 2 0 
0 44 584 364 23 9 0 0 0 0 117 631 256 18 2 0 0 9 591 386 25 13 0 0 
0 3 517 492 12 0 0 0 0 0 11 619 388 6 0 0 0 1 679 340 4 0 0 0 
0 7 524 482 11 0 0 0 0 0 0 427 573 24 0 0 0 7 685 332 0 0 0 0 
0 0 265 714 45 0 0 0 0 0 0 398 604 22 0 0 0 0 449 563 12 0 0 0 
0 1 320 677 26 0 0 0 0 0 4 537 476 7 0 0 0 0 287 719 18 0 0 0 
0 2 329 664 29 0 0 0 0 0 10 487 522 5 0 0 0 0 339 658 27 0 0 0 
0 0 174 598 250 2 0 0 0 0 3 269 668 84 0 0 0 0 144 553 326 1 0 0 
0 0 2 424 582 16 0 0 0 0 0 45 765 214 0 0 0 0 2 351 661 10 0 0 
0 0 100 618 202 103 1 0 0 0 0 119 731 173 1 0 0 0 96 658 256 14 0 0 
0 11 271 695 47 0 0 0 0 0 7 222 712 83 0 0 0 2 288 720 14 0 0 0 
0 6 343 603 51 8 9 4 0 0 6 252 641 111 9 5 0 0 295 689 26 5 9 0 
0 0 149 507 191 57 40 80 0 0 4 303 503 103 41 70 0 0 47 647 195 44 53 38 
0 0 15 275 307 187 153 87 0 0 4 176 448 281 48 67 0 0 13 300 490 142 33 46 
0 0 7 254 580 165 6 12 0 0 1 46 498 451 15 13 0 0 7 356 599 43 6 13 
0 0 8 364 588 63 1 0 0 0 2 26 580 397 19 0 0 0 20 519 461 23 1 0 
0 0 49 457 459 39 9 11 0 0 0 30 430 506 40 18 0 0 43 660 289 12 8 12 
0 0 11 390 569 49 3 2 0 0 0 17 383 573 46 5 0 0 78 741 188 13 2 2 
0 6 142 624 248 1 3 0 0 1 62 139 661 157 2 2 0 24 462 507 27 3 1 0 
40 81 120 327 249 83 105 19 0 53 69 149 334 237 119 63 0 95 199 371 114 84 124 37 
0 5 116 447 446 8 2 0 0 0 4 159 422 428 10 1 0 23 265 672 62 2 0 0 
0 64 508 383 62 7 0 0 0 1 148 590 240 39 6 0 0 84 698 217 25 0 0 0 
5 176 563 262 16 2 0 0 0 5 240 627 138 13 1 0 0 99 636 273 15 1 0 0 
7 158 471 317 69 2 0 0 0 7 158 592 255 11 1 0 3 81 559 306 72 2 1 0 
0 103 473 215 52 54 45 82 0 15 245 438 189 48 32 57 0 102 516 198 49 51 38 70 
0 61 538 179 61 45 56 84 0 1 139 559 145 62 45 73 0 46 514 208 64 62 44 86 
0 29 336 577 70 9 3 0 0 2 43 592 355 28 4 0 0 13 389 541 62 14 5 0 
0 12 443 534 31 2 1 1 0 0 64 680 271 6 2 1 0 26 624 360 11 1 2 0 
0 10 319 518 137 38 2 0 0 1 49 551 356 47 20 0 0 28 539 337 84 36 0 0 
0 1 202 483 282 51 5 0 0 0 16 491 379 129 9 0 0 2 198 519 258 44 3 0 
0 19 339 461 83 41 50 31 0 0 139 574 152 51 45 63 0 5 337 409 124 47 41 61 
0 32 624 357 11 0 0 0 0 0 121 804 99 0 0 0 0 26 688 300 10 0 0 0 
0 52 822 142 8 0 0 0 0 2 642 356 24 0 0 0 0 46 872 105 1 0 0 0 
0 20 603 397 4 0 0 0 0 0 112 762 149 1 0 0 0 31 868 123 2 0 0 0 
0 2 704 314 4 0 0 0 0 0 30 857 137 0 0 0 0 4 867 151 2 0 0 0 
0 0 597 425 2 0 0 0 0 0 3 797 223 1 0 0 0 1 797 226 0 0 0 0 
0 15 535 472 2 0 0 0 0 0 111 772 141 0 0 0 0 9 599 413 3 0 0 0 
0 5 746 273 0 0 0 0 0 0 98 860 66 0 0 0 0 4 746 274 0 0 0 0 
0 28 425 303 247 21 0 0 0 0 185 478 336 25 0 0 0 12 512 223 245 32 0 0 
0 3 261 618 126 16 0 0 0 0 16 538 434 36 0 0 0 6 479 429 95 15 0 0 
0 0 471 546 7 0 0 0 0 0 3 767 253 1 0 0 0 0 489 526 9 0 0 0 
0 18 506 402 96 2 0 0 0 0 36 573 337 78 0 0 0 38 653 329 4 0 0 0 
0 22 571 415 16 0 0 0 0 0 35 610 364 15 0 0 0 28 734 259 3 0 0 0 
0 5 190 783 46 0 0 0 0 0 0 203 769 51 1 0 0 10 444 566 4 0 0 0 
0 0 166 843 15 0 0 0 0 0 1 227 788 8 0 0 0 1 391 627 5 0 0 0 
0 1 305 664 54 0 0 0 0 0 5 573 421 25 0 0 0 2 294 678 50 0 0 0 
0 5 355 584 70 10 0 0 0 0 10 447 508 53 6 0 0 4 510 448 53 9 0 0 
0 4 255 736 29 0 0 0 0 0 10 483 529 2 0 0 0 3 304 650 67 0 0 0 
0 17 470 459 75 3 0 0 0 1 42 606 358 17 0 0 0 2 298 581 139 4 0 0 
0 8 578 372 60 6 0 0 0 0 17 641 330 36 0 0 0 1 409 535 72 7 0 0 
0 27 565 409 23 0 0 0 0 0 39 617 342 26 0 0 0 4 525 488 7 0 0 0 
0 20 388 402 199 15 0 0 0 0 53 450 457 63 1 0 0 1 260 545 198 20 0 0 
0 0 1 263 645 95 15 5 0 0 1 43 699 255 22 4 0 0 3 249 670 90 10 2 
0 0 10 194 630 156 32 2 0 0 9 74 573 337 28 3 0 1 12 200 665 124 19 3 
0 0 0 78 513 378 27 28 0 0 0 4 326 630 35 29 0 0 0 109 678 182 27 28 
0 0 10 446 522 45 1 0 0 0 0 24 739 256 5 0 0 0 37 530 422 33 2 0 
0 0 49 666 299 7 3 0 0 0 1 73 711 232 4 3 0 7 157 740 116 1 3 0 
0 4 131 777 111 1 0 0 0 0 2 105 770 147 0 0 1 83 490 446 4 0 0 0 
0 5 268 692 58 1 0 0 0 0 1 179 758 84 2 0 1 230 679 110 4 0 0 0 
0 1 53 302 355 172 122 19 0 1 33 83 389 305 142 71 0 13 198 228 249 159 131 46 
0 0 112 238 563 76 25 10 0 0 45 247 558 133 31 10 0 11 163 280 437 84 37 12 
1 34 244 339 361 45 0 0 0 20 206 410 348 40 0 0 1 47 283 362 314 17 0 0 
2 43 198 313 405 63 0 0 2 33 207 321 419 39 3 0 1 49 245 335 370 23 1 0 
10 35 103 371 446 59 0 0 3 24 83 312 514 83 5 0 4 27 124 353 464 47 5 0 
0 60 591 358 15 0 0 0 0 5 187 619 208 5 0 0 1 112 707 201 3 0 0 0 
0 78 334 328 112 81 41 50 0 9 135 394 243 94 89 60 0 62 338 329 95 73 71 56 
2 203 553 243 23 0 0 0 0 2 76 580 341 25 0 0 0 123 497 337 67 0 0 0 
0 36 291 337 299 47 11 3 0 0 221 428 297 70 8 0 0 32 574 291 104 18 5 0 
24 352 167 166 240 75 0 0 0 70 527 193 124 110 0 0 1 375 392 66 146 44 0 0 
0 1 174 431 314 104 0 0 0 0 12 467 391 140 14 0 0 0 221 342 337 120 4 0 
0 5 481 394 89 25 16 14 0 0 52 659 212 51 23 27 0 4 472 380 108 26 14 20 
2 5 295 609 97 13 3 0 0 0 44 645 301 20 10 4 0 0 207 654 130 18 8 7 
2 8 451 358 128 58 17 2 0 0 195 455 263 51 29 31 0 0 354 416 140 48 28 38 
0 6 958 60 0 0 0 0 0 0 87 928 9 0 0 0 0 28 986 10 0 0 0 0 
0 3 755 266 0 0 0 0 0 0 11 885 128 0 0 0 0 7 958 59 0 0 0 0 
0 0 465 556 3 0 0 0 0 0 1 662 361 0 0 0 0 9 872 143 0 0 0 0 
0 6 534 476 8 0 0 0 0 0 43 634 345 2 0 0 0 10 785 227 2 0 0 0 
0 38 610 345 30 1 0 0 0 3 222 700 92 7 0 0 0 44 745 226 9 0 0 0 
0 107 397 386 134 0 0 0 0 3 303 452 263 3 0 0 0 62 485 383 94 0 0 0 
0 6 515 485 18 0 0 0 0 0 56 615 349 4 0 0 0 39 805 164 16 0 0 0 
0 0 286 702 36 0 0 0 0 0 0 549 450 25 0 0 0 8 574 433 9 0 0 0 
0 0 73 730 220 1 0 0 0 0 1 114 784 125 0 0 0 15 660 348 1 0 0 0 
0 76 709 171 65 3 0 0 0 1 233 612 137 40 1 0 0 79 764 171 10 0 0 0 
0 5 459 506 54 0 0 0 0 0 53 646 318 7 0 0 0 5 634 355 29 1 0 0 
0 1 340 676 7 0 0 0 0 0 5 510 507 2 0 0 0 3 616 405 0 0 0 0 
0 1 220 786 17 0 0 0 0 0 3 410 607 4 0 0 0 0 401 619 4 0 0 0 
0 0 38 855 131 0 0 0 0 0 0 125 823 76 0 0 0 0 253 752 19 0 0 0 
0 0 37 490 473 24 0 0 0 0 0 94 623 302 5 0 0 0 148 675 200 1 0 0 
0 1 36 270 693 24 0 0 0 0 8 85 471 455 5 0 0 0 25 511 474 14 0 0 
0 1 193 389 403 38 0 0 0 0 25 275 396 316 12 0 0 0 159 522 305 36 2 0 
0 4 81 738 196 5 0 0 0 0 5 129 735 152 3 0 0 1 64 772 179 8 0 0 
0 1 14 611 379 19 0 0 0 0 0 58 801 160 5 0 0 1 13 603 369 38 0 0 
0 0 10 681 316 15 2 0 0 0 0 44 853 123 4 0 0 0 8 665 327 22 2 0 
0 0 22 429 558 15 0 0 0 0 3 78 771 170 2 0 0 0 10 334 653 27 0 0 
0 0 36 459 498 31 0 0 0 0 1 116 706 198 3 0 0 0 19 482 453 69 1 0 
0 3 217 673 131 0 0 0 0 0 4 370 587 63 0 0 0 0 162 777 85 0 0 0 
0 0 126 766 132 0 0 0 0 0 1 176 773 74 0 0 0 12 359 603 50 0 0 0 
0 52 658 300 14 0 0 0 0 0 25 539 443 17 0 0 7 544 455 18 0 0 0 0 
23 409 551 39 2 0 0 0 0 24 380 533 83 4 0 0 77 793 150 4 0 0 0 0 
2 102 583 227 108 2 0 0 0 0 66 512 353 92 1 0 15 548 289 112 59 1 0 0 
0 0 61 209 657 97 0 0 0 0 24 136 666 195 3 0 0 8 130 249 526 108 3 0 
0 9 96 275 612 32 0 0 0 9 98 259 520 138 0 0 0 13 128 448 433 2 0 0 
0 24 156 244 492 72 18 18 0 10 133 239 487 120 20 15 0 43 180 387 366 42 6 0 
5 50 69 288 435 156 18 3 2 41 65 237 461 183 30 5 1 45 83 294 419 151 26 5 
26 93 220 421 157 57 28 22 19 89 78 413 284 70 48 23 13 97 248 402 157 44 41 22 
12 108 216 270 212 102 45 59 7 69 100 290 286 131 68 73 2 83 201 285 206 123 52 72 
33 623 301 50 11 5 1 0 0 66 634 275 41 4 4 0 15 558 378 55 12 4 2 0 
12 192 190 135 279 148 65 3 0 14 234 237 198 210 108 23 4 201 269 109 213 149 74 5 
1 124 72 246 301 138 93 49 0 32 157 148 292 188 194 13 0 114 286 280 272 66 6 0 
0 0 42 665 238 77 2 0 0 0 9 564 327 103 21 0 0 0 42 651 260 63 8 0 
0 0 240 382 365 37 0 0 0 0 63 332 469 137 23 0 0 1 273 432 315 3 0 0 
0 29 254 523 145 51 22 0 0 0 24 506 338 25 36 95 0 0 16 520 318 27 34 109 
6 109 435 172 137 138 27 0 0 3 64 309 229 144 81 194 0 0 14 214 206 188 153 249 
0 29 893 102 0 0 0 0 0 0 257 756 11 0 0 0 0 57 966 1 0 0 0 0 
0 15 975 34 0 0 0 0 0 0 121 898 5 0 0 0 0 25 988 11 0 0 0 0 
0 3 771 250 0 0 0 0 0 0 56 857 111 0 0 0 0 31 949 44 0 0 0 0 
0 1 369 633 21 0 0 0 0 0 9 666 348 1 0 0 0 30 889 105 0 0 0 0 
0 0 177 818 29 0 0 0 0 0 8 562 448 6 0 0 0 9 853 162 0 0 0 0 
0 2 263 509 250 0 0 0 0 0 24 399 520 81 0 0 0 7 427 452 138 0 0 0 
0 4 691 327 2 0 0 0 0 0 96 831 97 0 0 0 0 10 851 160 3 0 0 0 
0 0 224 763 37 0 0 0 0 0 8 401 602 13 0 0 0 21 869 134 0 0 0 0 
0 7 115 820 82 0 0 0 0 0 9 125 794 96 0 0 1 27 733 261 2 0 0 0 
0 12 324 662 26 0 0 0 0 0 29 443 546 6 0 0 0 9 493 511 11 0 0 0 
0 1 207 670 146 0 0 0 0 0 18 406 565 35 0 0 0 4 430 569 21 0 0 0 
0 0 157 585 281 1 0 0 0 0 2 302 655 65 0 0 0 1 381 619 23 0 0 0 
0 0 331 683 10 0 0 0 0 0 0 414 604 6 0 0 0 0 562 459 3 0 0 0 
0 0 111 875 38 0 0 0 0 0 1 204 805 14 0 0 0 0 189 821 14 0 0 0 
0 0 27 846 151 0 0 0 0 0 0 68 880 76 0 0 0 0 60 910 54 0 0 0 
0 0 11 845 167 1 0 0 0 0 0 71 864 89 0 0 0 0 46 912 66 0 0 0 
0 0 5 594 409 16 0 0 0 0 0 5 720 295 4 0 0 0 5 756 259 4 0 0 
0 0 66 845 113 0 0 0 0 0 0 50 889 85 0 0 0 0 68 879 77 0 0 0 
0 0 78 841 101 4 0 0 0 0 0 129 826 67 2 0 0 0 59 853 108 4 0 0 
0 0 88 839 93 4 0 0 0 0 0 107 873 43 1 0 0 0 44 898 78 4 0 0 
0 0 49 763 209 3 0 0 0 0 0 193 769 62 0 0 0 0 96 690 233 5 0 0 
0 0 43 748 222 11 0 0 0 0 1 113 833 77 0 0 0 0 76 773 166 9 0 0 
0 0 43 645 330 6 0 0 0 0 0 145 608 271 0 0 0 0 33 737 251 3 0 0 
0 24 280 521 199 0 0 0 0 0 29 288 537 170 0 0 1 182 344 435 62 0 0 0 
24 418 527 55 0 0 0 0 0 40 319 581 83 1 0 0 64 786 171 3 0 0 0 0 
19 449 482 74 0 0 0 0 0 35 373 498 118 0 0 0 75 776 171 2 0 0 0 0 
2 296 658 68 0 0 0 0 0 0 230 624 169 1 0 0 51 815 155 3 0 0 0 0 
0 1 252 433 236 56 30 16 0 0 1 222 475 281 37 8 1 169 445 271 75 34 21 8 
0 14 73 334 495 73 18 17 0 0 16 236 307 417 33 15 0 43 177 615 145 22 10 12 
0 62 282 284 284 63 23 26 0 0 36 287 355 276 38 32 3 159 373 360 88 32 9 0 
6 94 376 322 141 56 17 12 0 24 160 241 412 116 51 20 5 166 443 185 133 55 27 10 
10 79 124 378 255 95 60 23 1 52 89 312 320 130 89 31 5 89 135 423 201 102 60 9 
15 31 138 218 388 140 63 31 7 27 70 188 388 212 79 53 5 30 125 237 351 162 69 45 
12 187 333 247 108 83 50 4 0 22 180 409 216 99 77 21 1 121 423 218 102 83 58 18 
0 1 50 480 402 87 4 0 0 0 1 121 537 339 25 1 0 0 199 382 383 53 7 0 
0 8 287 545 162 22 0 0 0 0 3 307 568 115 31 0 0 70 643 229 78 4 0 0 
0 1 401 609 13 0 0 0 0 0 46 783 194 1 0 0 0 4 440 572 8 0 0 0 
0 9 285 450 223 22 22 13 0 0 33 434 435 84 35 3 0 41 382 426 136 38 1 0 
0 0 84 831 80 19 6 4 0 0 22 463 485 34 12 8 0 2 179 708 100 19 8 8 
0 2 321 484 162 38 15 2 0 0 52 350 436 144 31 11 0 0 382 452 132 20 25 13 
0 0 347 671 6 0 0 0 0 0 1 468 530 25 0 0 0 11 826 187 0 0 0 0 
0 19 428 545 32 0 0 0 0 0 51 439 496 38 0 0 0 64 865 95 0 0 0 0 
0 102 709 211 2 0 0 0 0 0 247 587 188 2 0 0 2 238 744 40 0 0 0 0 
0 7 777 236 4 0 0 0 0 0 50 835 137 2 0 0 0 143 838 42 1 0 0 0 
0 1 421 581 21 0 0 0 0 0 4 555 451 14 0 0 0 63 795 166 0 0 0 0 
0 1 19 966 38 0 0 0 0 0 1 18 890 115 0 0 0 4 703 317 0 0 0 0 
0 4 203 676 141 0 0 0 0 0 19 269 642 94 0 0 0 12 587 425 0 0 0 0 
0 4 580 388 51 1 0 0 0 0 37 729 245 13 0 0 0 33 843 146 2 0 0 0 
0 0 518 498 8 0 0 0 0 0 6 794 218 6 0 0 0 2 927 95 0 0 0 0 
0 0 79 886 59 0 0 0 0 0 0 411 603 10 0 0 0 0 602 421 1 0 0 0 
0 0 31 685 307 1 0 0 0 0 0 100 724 200 0 0 0 0 176 817 31 0 0 0 
0 0 105 651 267 1 0 0 0 0 0 280 571 173 0 0 0 0 300 703 21 0 0 0 
0 0 49 786 189 0 0 0 0 0 0 185 727 112 0 0 0 0 195 772 57 0 0 0 
0 0 114 809 98 3 0 0 0 0 1 406 598 19 0 0 0 0 370 634 20 0 0 0 
0 0 195 788 41 0 0 0 0 0 4 379 632 9 0 0 0 1 289 718 16 0 0 0 
0 0 27 769 228 0 0 0 0 0 0 205 810 9 0 0 0 0 137 856 31 0 0 0 
0 0 29 576 400 19 0 0 0 0 2 53 801 167 1 0 0 1 46 721 249 7 0 0 
0 0 50 559 390 25 0 0 0 0 0 102 760 156 6 0 0 0 99 706 199 20 0 0 
0 2 132 643 206 39 2 0 0 0 7 381 547 79 10 0 0 2 155 671 156 39 1 0 
0 0 77 771 175 1 0 0 0 0 0 175 801 48 0 0 0 0 92 868 64 0 0 0 
0 0 79 714 219 10 2 0 0 0 3 350 621 48 2 0 0 0 130 739 148 7 0 0 
0 0 31 522 449 22 0 0 0 0 0 89 509 417 9 0 0 0 65 595 360 4 0 0 
0 9 191 561 263 0 0 0 0 0 12 208 558 246 0 0 0 16 240 616 152 0 0 0 
6 173 471 309 65 0 0 0 0 7 136 453 336 92 0 0 17 309 462 225 11 0 0 0 
83 759 180 2 0 0 0 0 0 183 608 230 3 0 0 0 91 834 99 0 0 0 0 0 
90 710 217 7 0 0 0 0 1 138 623 240 22 0 0 0 126 805 91 2 0 0 0 0 
43 582 386 13 0 0 0 0 0 52 506 449 17 0 0 0 107 814 100 3 0 0 0 0 
0 125 303 357 226 11 2 0 0 1 101 266 336 309 9 2 10 354 283 339 34 3 1 0 
0 40 315 576 69 21 3 0 0 1 51 627 297 43 5 0 6 176 429 374 27 12 0 0 
39 515 371 84 15 0 0 0 0 26 331 492 145 28 2 0 123 643 206 50 2 0 0 0 
37 259 545 114 37 23 6 3 3 23 158 444 315 60 14 7 67 656 208 47 22 17 4 3 
12 91 344 296 127 63 67 24 2 12 60 373 330 110 81 56 22 282 231 242 89 60 73 25 
5 53 156 376 238 111 68 17 1 24 92 364 293 135 81 34 6 45 215 411 173 94 65 15 
0 60 224 519 197 20 4 0 0 4 85 578 284 67 6 0 0 32 358 540 84 9 1 0 
0 44 383 501 84 10 2 0 0 1 128 573 286 31 4 1 1 41 628 300 49 3 2 0 
0 38 716 219 50 1 0 0 0 0 176 747 96 5 0 0 0 58 790 158 18 0 0 0 
0 4 796 221 3 0 0 0 0 0 68 908 46 2 0 0 0 20 852 150 2 0 0 0 
0 6 666 295 47 10 0 0 0 0 28 753 221 21 1 0 0 28 757 196 39 3 1 0 
0 68 650 306 0 0 0 0 0 2 143 802 77 0 0 0 0 124 694 206 0 0 0 0 
1 405 447 170 1 0 0 0 0 0 436 544 43 1 0 0 2 413 447 162 0 0 0 0 
0 0 404 618 2 0 0 0 0 0 2 404 611 7 0 0 0 51 846 127 0 0 0 0 
0 0 52 950 22 0 0 0 0 0 0 96 905 23 0 0 0 6 913 105 0 0 0 0 
0 17 179 809 19 0 0 0 0 0 21 198 784 21 0 0 0 42 863 116 3 0 0 0 
0 4 321 576 121 2 0 0 0 0 10 472 427 115 0 0 0 58 724 223 19 0 0 0 
0 0 10 490 517 7 0 0 0 0 0 11 502 509 2 0 0 3 256 723 42 0 0 0 
0 0 0 596 421 7 0 0 0 0 0 6 760 256 2 0 0 0 342 667 15 0 0 0 
0 0 49 563 405 7 0 0 0 0 4 212 740 67 1 0 0 3 273 713 34 1 0 0 
0 1 214 580 216 13 0 0 0 0 34 445 505 40 0 0 0 33 442 446 99 4 0 0 
0 9 818 165 32 0 0 0 0 0 342 580 102 0 0 0 0 10 858 150 6 0 0 0 
0 84 719 220 1 0 0 0 0 13 425 560 26 0 0 0 0 21 803 199 1 0 0 0 
0 29 550 439 6 0 0 0 0 1 286 594 143 0 0 0 0 1 520 498 5 0 0 0 
0 0 341 678 5 0 0 0 0 0 38 858 126 2 0 0 0 0 360 658 6 0 0 0 
0 0 18 971 35 0 0 0 0 0 0 549 475 0 0 0 0 0 46 975 3 0 0 0 
0 0 25 869 120 10 0 0 0 0 3 600 406 15 0 0 0 0 277 699 45 3 0 0 
0 0 100 785 131 8 0 0 0 0 0 509 498 17 0 0 0 0 318 650 56 0 0 0 
0 0 1 749 268 6 0 0 0 0 1 361 658 4 0 0 0 0 83 917 24 0 0 0 
0 0 0 554 430 40 0 0 0 0 0 70 891 63 0 0 0 0 10 832 179 3 0 0 
0 0 8 800 207 9 0 0 0 0 0 81 906 37 0 0 0 0 43 901 77 3 0 0 
0 0 45 935 38 6 0 0 0 0 0 259 751 14 0 0 0 0 68 924 26 6 0 0 
0 0 19 884 121 0 0 0 0 0 0 117 898 9 0 0 0 0 36 955 33 0 0 0 
0 0 4 827 190 3 0 0 0 0 0 89 902 33 0 0 0 0 9 928 87 0 0 0 
0 3 157 597 266 1 0 0 0 0 8 179 639 198 0 0 0 5 190 691 138 0 0 0 
2 182 559 258 23 0 0 0 0 5 247 555 209 8 0 0 0 210 587 218 9 0 0 0 
0 118 503 359 40 4 0 0 0 1 139 483 366 32 3 0 1 175 554 263 29 2 0 0 
24 383 345 234 26 7 3 2 0 48 341 405 204 15 7 4 21 533 398 52 12 5 1 2 
76 595 166 116 66 5 0 0 0 114 595 170 128 15 2 0 80 664 170 78 30 2 0 0 
133 572 126 58 117 8 3 7 0 250 468 144 137 11 5 9 83 656 97 117 57 4 4 6 
4 183 353 406 71 7 0 0 0 9 174 373 406 61 1 0 6 381 456 163 18 0 0 0 
0 20 114 757 131 2 0 0 0 2 72 710 235 5 0 0 9 71 450 478 16 0 0 0 
42 280 188 326 119 54 8 7 4 103 292 390 131 70 24 10 89 335 242 214 86 43 8 7 
45 206 444 90 117 73 35 14 3 54 156 473 167 104 36 31 69 440 201 79 114 71 40 10 
0 111 153 271 347 86 43 13 0 77 124 285 330 134 44 30 2 88 186 310 313 72 39 14 
1 18 279 669 57 0 0 0 0 4 210 716 89 5 0 0 0 24 411 557 32 0 0 0 
0 14 291 618 100 1 0 0 0 3 278 609 130 4 0 0 0 13 434 510 63 4 0 0 
0 6 385 523 96 14 0 0 0 3 267 569 171 14 0 0 0 9 553 356 97 9 0 0 
0 52 749 166 52 5 0 0 0 1 242 709 59 13 0 0 0 34 796 141 53 0 0 0 
0 158 822 44 0 0 0 0 0 1 261 760 2 0 0 0 0 153 825 45 1 0 0 0 
0 675 298 33 8 7 2 1 0 8 842 136 22 7 6 3 0 598 365 41 8 7 3 2 
8 630 335 49 2 0 0 0 0 175 653 180 16 0 0 0 13 610 348 51 2 0 0 0 
221 414 110 278 1 0 0 0 9 409 284 317 5 0 0 0 19 584 161 260 0 0 0 0 
0 0 315 707 2 0 0 0 0 0 1 432 589 2 0 0 0 23 903 98 0 0 0 0 
0 3 512 508 1 0 0 0 0 0 16 695 313 0 0 0 0 144 831 49 0 0 0 0 
0 1 230 764 29 0 0 0 0 0 1 436 570 17 0 0 0 28 879 114 3 0 0 0 
0 2 159 553 300 10 0 0 0 0 15 330 410 269 0 0 0 18 382 556 66 2 0 0 
0 3 71 643 301 6 0 0 0 0 43 250 623 108 0 0 0 14 226 656 128 0 0 0 
0 29 324 460 201 10 0 0 0 20 168 532 232 72 0 0 2 66 376 495 82 3 0 0 
0 59 293 565 107 0 0 0 0 47 268 554 152 3 0 0 5 88 391 517 23 0 0 0 
2 35 264 496 213 14 0 0 1 38 269 507 198 11 0 0 3 99 459 414 48 1 0 0 
0 32 743 216 33 0 0 0 0 16 579 367 62 0 0 0 0 49 826 149 0 0 0 0 
0 13 926 84 1 0 0 0 0 0 627 395 2 0 0 0 0 0 949 73 2 0 0 0 
0 9 629 386 0 0 0 0 0 3 303 695 23 0 0 0 0 7 688 324 5 0 0 0 
0 0 326 697 1 0 0 0 0 0 96 870 58 0 0 0 0 0 515 509 0 0 0 0 
0 0 27 996 1 0 0 0 0 0 1 545 478 0 0 0 0 0 99 925 0 0 0 0 
0 0 21 998 5 0 0 0 0 0 0 212 812 0 0 0 0 0 168 856 0 0 0 0 
0 0 35 982 7 0 0 0 0 0 0 222 802 0 0 0 0 0 182 841 1 0 0 0 
0 0 9 997 18 0 0 0 0 0 0 263 761 0 0 0 0 0 134 890 0 0 0 0 
0 0 0 833 191 0 0 0 0 0 0 3 998 23 0 0 0 0 8 984 32 0 0 0 
0 0 2 994 28 0 0 0 0 0 0 24 996 4 0 0 0 0 18 1001 5 0 0 0 
0 0 0 951 73 0 0 0 0 0 0 18 1003 3 0 0 0 0 7 1002 15 0 0 0 
0 4 32 921 59 8 0 0 0 0 18 65 928 13 0 0 0 0 41 945 29 9 0 0 
0 0 33 676 306 9 0 0 0 0 8 83 872 61 0 0 0 0 43 855 122 4 0 0 
0 11 319 632 62 0 0 0 0 0 40 426 508 50 0 0 0 15 548 455 6 0 0 0 
0 151 631 221 13 3 3 2 0 1 266 582 157 12 3 3 0 141 684 183 8 3 3 2 
2 64 326 334 144 104 34 16 0 10 105 366 297 155 62 29 2 78 400 295 112 89 33 15 
0 7 253 670 62 18 9 5 0 0 16 405 515 63 13 12 1 61 700 208 30 12 7 5 
0 15 340 437 219 13 0 0 0 0 32 446 481 63 2 0 3 221 503 181 116 0 0 0 
2 20 167 531 217 72 9 6 0 5 79 423 399 82 25 11 2 65 355 467 105 22 5 3 
0 4 168 595 179 70 8 0 0 0 1 220 682 113 8 0 0 17 614 325 62 6 0 0 
0 0 38 934 52 0 0 0 0 0 4 499 511 10 0 0 0 4 418 601 1 0 0 0 
0 1 104 823 66 10 10 10 0 1 98 647 235 22 1 20 0 5 536 422 35 6 17 3 
0 1 154 434 249 105 57 24 0 0 30 163 561 168 43 59 0 2 316 362 179 90 69 6 
1 16 154 322 304 130 64 33 1 18 152 320 278 142 69 44 1 13 222 329 268 111 64 16 
0 2 284 619 112 5 2 0 0 4 247 686 81 5 1 0 0 6 445 536 31 6 0 0 
0 1 222 713 87 1 0 0 0 1 225 709 88 1 0 0 0 2 454 543 25 0 0 0 
0 44 662 311 6 1 0 0 0 11 291 641 78 3 0 0 0 112 735 171 6 0 0 0 
0 41 711 248 20 4 0 0 0 4 152 761 97 9 1 0 0 70 811 131 10 2 0 0 
0 270 602 141 11 0 0 0 0 0 455 556 13 0 0 0 0 259 699 63 3 0 0 0 
1 459 402 133 29 0 0 0 0 82 748 134 60 0 0 0 3 431 437 120 33 0 0 0 
27 276 597 86 20 13 4 1 1 231 638 115 28 9 2 0 7 289 624 73 23 8 0 0 
31 136 461 391 5 0 0 0 2 129 317 568 8 0 0 0 12 134 433 440 5 0 0 0 
0 0 613 410 1 0 0 0 0 0 34 762 228 0 0 0 0 36 942 46 0 0 0 0 
0 0 297 724 3 0 0 0 0 0 5 334 681 4 0 0 0 37 813 174 0 0 0 0 
0 4 617 385 17 1 0 0 0 0 72 692 252 8 0 0 0 141 715 164 4 0 0 0 
0 11 617 354 42 0 0 0 0 0 94 827 96 7 0 0 0 95 795 104 30 0 0 0 
1 111 367 394 150 1 0 0 0 85 391 406 142 0 0 0 5 175 563 263 18 0 0 0 
5 103 404 439 73 0 0 0 2 92 374 478 78 0 0 0 9 167 647 196 5 0 0 0 
0 8 243 732 41 0 0 0 0 6 186 753 79 0 0 0 0 41 617 365 1 0 0 0 
0 0 250 673 101 0 0 0 0 0 15 754 255 0 0 0 0 4 536 463 21 0 0 0 
0 0 923 101 0 0 0 0 0 0 29 986 9 0 0 0 0 0 989 35 0 0 0 0 
0 0 434 590 0 0 0 0 0 0 3 969 52 0 0 0 0 0 998 26 0 0 0 0 
0 0 34 990 0 0 0 0 0 0 0 760 264 0 0 0 0 0 558 466 0 0 0 0 
0 0 281 741 2 0 0 0 0 0 0 945 79 0 0 0 0 0 871 153 0 0 0 0 
0 0 84 936 4 0 0 0 0 0 0 703 320 1 0 0 0 0 673 349 2 0 0 0 
0 0 69 951 4 0 0 0 0 0 0 501 522 1 0 0 0 0 674 350 0 0 0 0 
0 0 5 977 42 0 0 0 0 0 0 241 781 2 0 0 0 0 163 857 4 0 0 0 
0 0 0 1007 17 0 0 0 0 0 0 88 936 0 0 0 0 0 22 1002 0 0 0 0 
0 0 134 887 3 0 0 0 0 0 0 423 600 1 0 0 0 0 402 621 1 0 0 0 
0 0 361 659 4 0 0 0 0 0 0 626 396 2 0 0 0 0 665 359 0 0 0 0 
0 0 301 600 123 0 0 0 0 0 2 536 484 2 0 0 0 0 322 652 50 0 0 0 
0 0 6 824 162 9 3 20 0 0 0 44 945 6 8 21 0 0 9 895 88 9 3 20 
0 0 8 329 591 0 11 85 0 0 0 40 882 6 8 88 0 0 10 507 411 0 14 82 
0 0 54 539 316 9 8 98 0 0 14 222 652 25 7 104 0 4 161 566 182 7 7 97 
0 24 569 298 5 19 19 90 0 5 489 393 9 18 13 97 0 112 740 43 13 13 28 75 
2 94 416 204 152 22 6 128 0 57 427 216 160 29 7 128 3 119 418 190 142 18 12 122 
0 6 71 314 210 132 82 209 0 2 37 118 370 176 98 223 0 9 148 249 201 134 80 203 
0 5 107 388 253 39 13 219 0 0 56 319 344 72 14 219 0 25 207 285 242 32 15 218 
0 0 77 534 47 9 10 347 0 1 98 239 271 56 3 356 0 3 206 435 15 8 36 321 
0 1 47 350 160 57 128 281 0 0 27 131 334 115 123 294 0 2 142 353 78 86 143 220 
0 1 101 675 221 25 1 0 0 0 63 602 316 42 1 0 0 9 218 704 78 15 0 0 
5 14 79 656 187 38 5 40 1 16 93 627 216 24 7 40 5 20 299 503 138 15 6 38 
7 21 9 46 499 279 35 128 5 23 7 63 534 231 23 138 7 24 9 255 447 120 74 88 
0 0 4 180 599 136 73 32 0 0 8 166 651 95 59 45 0 0 31 314 535 45 79 20 
0 4 215 498 290 14 3 0 0 5 198 521 286 11 3 0 0 14 364 490 148 8 0 0 
0 0 35 908 80 1 0 0 0 0 15 875 134 0 0 0 0 0 326 682 16 0 0 0 
0 11 320 629 64 0 0 0 0 1 106 770 141 6 0 0 0 34 589 385 16 0 0 0 
0 0 112 709 200 3 0 0 0 0 50 662 300 12 0 0 0 2 331 610 81 0 0 0 
0 124 373 496 31 0 0 0 0 3 333 644 44 0 0 0 0 116 606 296 6 0 0 0 
0 45 462 503 14 0 0 0 0 8 357 635 23 1 0 0 0 31 503 476 14 0 0 0 
0 88 754 179 3 0 0 0 0 58 761 202 3 0 0 0 0 98 823 101 2 0 0 0 
0 127 609 264 19 5 0 0 1 90 590 317 19 7 0 0 3 137 715 148 16 5 0 0 
0 21 858 145 0 0 0 0 0 0 327 640 57 0 0 0 0 34 930 60 0 0 0 0 
0 0 787 236 1 0 0 0 0 0 143 762 118 1 0 0 0 35 955 34 0 0 0 0 
0 29 643 350 2 0 0 0 0 0 199 544 278 3 0 0 0 209 711 104 0 0 0 0 
0 25 754 231 14 0 0 0 0 0 192 787 44 1 0 0 0 158 794 71 1 0 0 0 
0 0 127 805 92 0 0 0 0 0 73 558 393 0 0 0 0 27 544 453 0 0 0 0 
0 2 191 812 19 0 0 0 0 0 50 372 602 0 0 0 0 20 801 203 0 0 0 0 
0 0 140 884 0 0 0 0 0 0 11 436 577 0 0 0 0 18 826 180 0 0 0 0 
0 0 329 694 1 0 0 0 0 0 6 920 98 0 0 0 0 4 999 21 0 0 0 0 
0 0 267 757 0 0 0 0 0 0 1 747 276 0 0 0 0 1 1021 2 0 0 0 0 
0 0 124 900 0 0 0 0 0 0 0 927 97 0 0 0 0 0 999 25 0 0 0 0 
0 0 230 793 1 0 0 0 0 0 0 912 112 0 0 0 0 0 998 26 0 0 0 0 
0 0 60 964 0 0 0 0 0 0 0 920 104 0 0 0 0 0 1019 5 0 0 0 0 
0 0 88 934 2 0 0 0 0 0 0 1010 14 0 0 0 0 0 881 141 2 0 0 0 
0 0 244 780 0 0 0 0 0 0 0 986 38 0 0 0 0 0 915 109 0 0 0 0 
0 0 123 896 5 0 0 0 0 0 0 512 512 0 0 0 0 0 272 749 3 0 0 0 
0 0 1 899 124 0 0 0 0 0 0 148 876 0 0 0 0 0 6 923 95 0 0 0 
0 0 18 817 189 0 0 0 0 0 0 262 762 0 0 0 0 0 405 495 124 0 0 0 
0 0 256 768 0 0 0 0 0 0 0 328 696 0 0 0 0 0 878 146 0 0 0 0 
0 0 284 732 8 0 0 0 0 0 0 422 597 5 0 0 0 0 643 378 3 0 0 0 
0 21 189 776 26 4 5 3 0 17 134 518 339 5 9 2 0 36 212 743 21 4 3 5 
3 195 177 345 147 84 30 43 1 192 145 293 258 55 39 41 4 154 249 315 186 46 20 50 
1 106 354 460 27 13 3 60 0 92 186 399 272 13 3 59 0 91 502 319 23 25 3 61 
1 99 716 135 9 4 13 47 0 95 365 489 11 4 15 45 0 115 752 76 17 1 12 51 
7 198 597 178 5 9 10 20 1 140 498 319 27 10 13 16 0 211 638 124 11 4 10 26 
104 282 302 275 46 15 0 0 14 274 319 311 84 19 3 0 34 296 366 252 58 16 2 0 
9 59 151 430 356 12 7 0 2 48 184 359 399 29 3 0 4 61 182 401 352 17 7 0 
228 112 130 370 159 18 2 5 98 205 172 422 99 21 2 5 124 218 183 436 50 6 2 5 
119 266 193 121 304 16 3 2 25 196 219 379 183 17 3 2 84 334 234 315 45 9 2 1 
0 12 97 767 141 7 0 0 0 9 70 715 228 2 0 0 2 18 373 594 37 0 0 0 
0 0 68 632 210 109 5 0 0 0 63 533 339 88 1 0 0 8 223 546 204 42 1 0 
0 0 13 188 451 361 11 0 0 0 10 146 553 308 7 0 0 2 62 225 542 189 4 0 
0 0 8 213 686 114 3 0 0 0 9 191 735 89 0 0 0 0 21 391 587 25 0 0 
0 4 50 554 403 13 0 0 0 5 28 427 531 33 0 0 0 8 141 680 191 4 0 0 
0 1 48 708 248 18 1 0 0 1 60 688 252 23 0 0 0 2 325 559 134 4 0 0 
0 1 25 515 470 13 0 0 0 1 25 487 502 9 0 0 0 4 76 693 250 1 0 0 
0 1 199 752 72 0 0 0 0 0 24 794 205 1 0 0 0 2 316 675 31 0 0 0 
0 37 442 476 66 3 0 0 0 7 276 662 74 4 1 0 0 52 536 414 19 3 0 0 
0 15 459 539 10 1 0 0 0 6 260 709 46 3 0 0 0 15 615 391 2 1 0 0 
0 14 916 94 0 0 0 0 0 3 421 598 2 0 0 0 0 63 940 21 0 0 0 0 
0 8 685 288 32 11 0 0 0 8 717 263 29 7 0 0 0 40 875 86 22 1 0 0 
0 42 931 51 0 0 0 0 0 3 528 481 12 0 0 0 0 124 876 24 0 0 0 0 
0 21 778 225 0 0 0 0 0 0 345 668 11 0 0 0 0 110 899 15 0 0 0 0 
0 8 713 303 0 0 0 0 0 0 246 744 34 0 0 0 0 108 888 28 0 0 0 0 
0 0 381 636 7 0 0 0 0 0 45 686 293 0 0 0 0 19 738 267 0 0 0 0 
0 0 110 906 8 0 0 0 0 0 11 175 838 0 0 0 0 16 819 189 0 0 0 0 
0 2 151 871 0 0 0 0 0 0 45 365 614 0 0 0 0 17 917 90 0 0 0 0 
0 0 632 392 0 0 0 0 0 0 51 914 59 0 0 0 0 23 998 3 0 0 0 0 
0 0 346 678 0 0 0 0 0 0 0 942 82 0 0 0 0 0 1022 2 0 0 0 0 
0 0 111 910 3 0 0 0 0 0 1 606 416 1 0 0 0 7 1012 5 0 0 0 0 
0 0 648 376 0 0 0 0 0 0 0 981 43 0 0 0 0 0 1013 11 0 0 0 0 
0 0 529 495 0 0 0 0 0 0 0 924 100 0 0 0 0 1 1010 13 0 0 0 0 
0 0 408 615 1 0 0 0 0 0 0 989 34 1 0 0 0 0 1013 11 0 0 0 0 
0 0 383 638 3 0 0 0 0 0 2 1011 10 1 0 0 0 0 872 151 1 0 0 0 
0 0 245 730 32 15 2 0 0 0 0 806 189 20 9 0 0 0 711 267 27 17 2 0 
0 0 631 390 3 0 0 0 0 0 0 857 167 0 0 0 0 0 696 326 2 0 0 0 
0 0 5 937 82 0 0 0 0 0 0 270 751 3 0 0 0 0 55 836 131 2 0 0 
0 0 1 665 299 52 7 0 0 0 0 46 889 72 17 0 0 0 49 586 317 54 17 1 
0 0 110 893 21 0 0 0 0 0 0 249 765 10 0 0 0 0 607 407 10 0 0 0 
0 0 13 813 173 25 0 0 0 0 0 84 867 70 3 0 0 0 98 664 222 40 0 0 
0 7 209 744 54 10 0 0 0 3 171 409 424 12 5 0 0 17 237 714 46 10 0 0 
4 73 409 372 155 11 0 0 0 48 419 273 281 3 0 0 1 139 473 316 95 0 0 0 
0 48 461 505 10 0 0 0 0 1 381 358 284 0 0 0 0 131 548 343 2 0 0 0 
0 97 812 114 1 0 0 0 0 8 631 372 13 0 0 0 0 248 746 30 0 0 0 0 
0 98 582 331 11 2 0 0 0 14 357 542 108 3 0 0 1 192 598 223 8 2 0 0 
17 134 629 223 20 1 0 0 1 29 160 602 212 20 0 0 24 287 596 107 9 1 0 0 
16 105 351 398 142 12 0 0 0 25 172 553 235 39 0 0 22 180 307 362 145 8 0 0 
28 130 358 499 9 0 0 0 2 33 219 401 346 23 0 0 41 164 597 217 5 0 0 0 
27 124 303 509 61 0 0 0 0 43 106 265 511 99 0 0 28 240 550 206 0 0 0 0 
0 7 161 735 108 13 0 0 0 1 31 397 500 95 0 0 1 30 578 385 30 0 0 0 
0 7 98 587 310 22 0 0 0 7 78 431 413 94 1 0 0 28 255 611 129 1 0 0 
0 0 33 437 506 48 0 0 0 0 8 128 751 137 0 0 0 7 176 674 156 11 0 0 
0 0 9 470 526 19 0 0 0 0 1 95 871 57 0 0 0 0 72 794 155 3 0 0 
0 2 20 428 521 50 3 0 0 0 3 159 792 67 3 0 0 2 85 646 274 17 0 0 
0 0 20 485 500 18 1 0 0 0 4 170 824 24 2 0 0 0 61 650 305 7 1 0 
0 1 40 568 413 2 0 0 0 0 3 344 662 15 0 0 0 3 87 681 253 0 0 0 
0 0 4 575 430 15 0 0 0 0 2 336 669 17 0 0 0 0 18 801 203 2 0 0 
0 0 56 878 86 4 0 0 0 0 1 576 436 10 1 0 0 0 264 740 20 0 0 0 
0 5 257 734 27 1 0 0 0 3 47 841 132 1 0 0 0 31 662 328 3 0 0 0 
0 5 472 533 14 0 0 0 0 1 170 788 65 0 0 0 0 25 866 132 1 0 0 0 
0 16 296 407 224 55 12 14 0 12 320 478 155 36 11 12 1 47 555 285 97 22 12 5 
0 292 704 27 1 0 0 0 0 16 748 255 5 0 0 0 1 525 490 8 0 0 0 0 
0 268 749 7 0 0 0 0 0 0 961 63 0 0 0 0 0 726 295 3 0 0 0 0 
0 59 955 10 0 0 0 0 0 0 800 223 1 0 0 0 0 584 439 1 0 0 0 0 
0 9 1009 6 0 0 0 0 0 0 356 668 0 0 0 0 0 314 710 0 0 0 0 0 
0 0 828 196 0 0 0 0 0 0 59 876 89 0 0 0 0 71 944 9 0 0 0 0 
0 0 509 473 42 0 0 0 0 0 177 672 175 0 0 0 0 19 716 272 17 0 0 0 
0 0 507 517 0 0 0 0 0 0 1 1020 3 0 0 0 0 0 972 52 0 0 0 0 
0 0 799 225 0 0 0 0 0 0 16 1008 0 0 0 0 0 0 1016 8 0 0 0 0 
0 0 332 692 0 0 0 0 0 0 20 783 221 0 0 0 0 1 1023 0 0 0 0 0 
0 0 718 306 0 0 0 0 0 0 0 987 37 0 0 0 0 5 1010 9 0 0 0 0 
0 0 792 229 3 0 0 0 0 0 0 1016 7 1 0 0 0 0 1020 2 2 0 0 0 
0 0 159 837 28 0 0 0 0 0 0 862 159 3 0 0 0 0 525 479 20 0 0 0 
0 0 573 449 2 0 0 0 0 0 4 998 22 0 0 0 0 0 931 93 0 0 0 0 
0 0 299 595 53 49 25 3 0 0 1 758 157 48 42 18 0 0 439 447 49 35 35 19 
0 0 184 732 97 11 0 0 0 0 0 393 588 42 1 0 0 0 322 540 132 30 0 0 
0 0 1 652 250 51 49 21 0 0 0 195 675 70 42 42 0 0 0 482 382 72 35 53 
0 0 0 288 509 135 71 21 0 0 0 91 628 180 92 33 0 0 0 146 578 155 92 53 
0 0 1 402 288 168 114 51 0 0 0 40 485 252 134 113 0 0 30 380 253 145 87 129 
0 0 0 400 415 102 61 46 0 0 0 157 581 154 59 73 0 0 0 137 587 160 60 80 
0 0 28 473 313 99 67 44 0 0 14 226 486 148 73 77 0 3 44 327 361 138 72 79 
0 0 131 294 467 68 47 17 0 0 128 132 586 102 46 30 0 15 136 186 513 91 38 45 
0 5 163 242 307 206 79 22 0 1 161 81 341 244 150 46 0 33 159 225 265 170 137 35 
0 20 239 438 236 68 19 4 0 0 192 262 405 123 29 13 0 82 276 341 231 58 21 15 
0 14 338 337 124 104 83 24 0 5 221 326 221 96 84 71 0 118 320 226 120 79 78 83 
0 38 350 535 77 17 3 4 0 8 204 636 136 29 6 5 0 153 584 211 51 17 3 5 
0 42 362 518 95 7 0 0 0 12 196 620 176 20 0 0 0 106 516 355 46 1 0 0 
2 39 229 614 138 2 0 0 0 22 154 204 525 119 0 0 2 65 468 469 20 0 0 0 
0 0 59 688 219 42 16 0 0 0 1 32 600 350 37 4 0 3 244 649 76 36 16 0 
0 2 70 769 183 0 0 0 0 0 3 69 553 399 0 0 0 18 370 627 9 0 0 0 
0 37 159 602 225 1 0 0 0 4 106 205 387 322 0 0 0 68 382 536 38 0 0 0 
0 0 5 434 526 52 7 0 0 0 1 37 493 491 2 0 0 1 100 809 106 8 0 0 
0 0 10 562 430 22 0 0 0 0 0 43 451 529 1 0 0 0 180 788 56 0 0 0 
0 0 1 627 391 4 1 0 0 0 0 43 565 414 2 0 0 0 217 749 56 2 0 0 
0 0 7 656 358 3 0 0 0 0 1 77 589 357 0 0 0 0 97 831 96 0 0 0 
0 0 5 675 342 2 0 0 0 0 0 41 647 336 0 0 0 0 190 729 105 0 0 0 
0 0 25 908 91 0 0 0 0 0 0 61 705 258 0 0 0 0 375 639 10 0 0 0 
0 0 48 907 69 0 0 0 0 0 0 78 788 158 0 0 0 0 639 385 0 0 0 0 
0 0 167 844 13 0 0 0 0 0 0 202 767 55 0 0 0 1 795 228 0 0 0 0 
0 1 317 688 18 0 0 0 0 0 0 205 803 16 0 0 0 75 844 105 0 0 0 0 
0 0 250 656 114 4 0 0 0 0 60 550 411 3 0 0 0 21 635 328 39 1 0 0 
0 39 983 2 0 0 0 0 0 0 944 80 0 0 0 0 0 370 654 0 0 0 0 0 
0 80 944 0 0 0 0 0 0 1 973 50 0 0 0 0 0 709 315 0 0 0 0 0 
0 3 960 61 0 0 0 0 0 0 630 394 0 0 0 0 0 494 529 1 0 0 0 0 
0 3 935 86 0 0 0 0 0 0 295 729 0 0 0 0 0 157 867 0 0 0 0 0 
0 0 501 522 1 0 0 0 0 0 7 1013 4 0 0 0 0 3 1002 19 0 0 0 0 
0 0 257 730 37 0 0 0 0 0 26 937 61 0 0 0 0 4 704 294 22 0 0 0 
0 0 481 543 0 0 0 0 0 0 3 1015 6 0 0 0 0 14 853 157 0 0 0 0 
0 0 505 519 0 0 0 0 0 0 95 929 0 0 0 0 0 8 1015 1 0 0 0 0 
0 0 706 318 0 0 0 0 0 0 44 980 0 0 0 0 0 1 1009 14 0 0 0 0 
0 0 581 438 5 0 0 0 0 0 0 978 45 1 0 0 0 18 975 30 1 0 0 0 
0 0 399 623 2 0 0 0 0 0 0 964 60 0 0 0 0 0 951 72 1 0 0 0 
0 0 120 709 191 4 0 0 0 0 2 566 441 15 0 0 0 0 149 660 208 7 0 0 
0 0 77 947 0 0 0 0 0 0 0 889 135 0 0 0 0 0 334 690 0 0 0 0 
0 0 12 981 19 7 5 0 0 0 0 607 403 5 9 0 0 0 107 887 16 7 7 0 
0 0 0 713 299 11 1 0 0 0 0 81 897 43 3 0 0 0 0 552 433 37 2 0 
0 0 2 449 269 129 132 43 0 0 0 281 390 138 136 79 0 0 0 210 437 131 132 114 
0 0 0 287 384 195 117 41 0 0 0 159 450 198 155 62 0 0 0 66 482 215 160 101 
0 0 9 127 153 172 115 448 0 0 0 102 131 183 129 479 0 0 0 48 145 181 143 507 
0 0 0 185 279 97 76 387 0 0 0 102 338 100 73 411 0 0 0 33 363 124 78 426 
0 0 4 213 195 92 173 347 0 0 3 156 227 97 143 398 0 0 0 54 293 109 118 450 
0 0 3 149 370 166 142 194 0 0 0 96 382 164 137 245 0 0 0 19 371 215 138 281 
0 0 2 177 300 221 216 108 0 0 1 82 332 205 217 187 0 0 0 58 345 180 209 232 
0 0 0 185 304 156 157 222 0 0 0 46 329 211 136 302 0 0 0 98 350 155 115 306 
0 0 84 430 234 89 80 107 0 0 2 306 369 131 83 133 0 2 206 298 216 90 76 136 
0 0 463 517 40 4 0 0 0 0 9 858 135 21 1 0 0 51 855 95 22 1 0 0 
0 0 235 662 120 7 0 0 0 0 19 571 411 23 0 0 0 26 481 478 36 3 0 0 
0 3 93 779 145 4 0 0 0 0 7 141 701 172 3 0 0 10 449 538 26 1 0 0 
1 71 205 310 203 159 75 0 1 37 159 207 287 229 100 4 1 67 293 242 160 171 90 0 
0 0 2 356 415 168 80 3 0 0 0 9 177 739 94 5 0 0 68 612 113 174 55 2 
0 0 4 323 697 0 0 0 0 0 0 0 93 928 3 0 0 0 95 910 19 0 0 0 
0 0 0 145 874 5 0 0 0 0 0 0 52 968 4 0 0 0 24 983 17 0 0 0 
0 0 0 101 911 12 0 0 0 0 0 0 42 969 13 0 0 0 20 960 44 0 0 0 
0 0 0 203 820 1 0 0 0 0 0 0 32 989 3 0 0 0 23 982 19 0 0 0 
0 0 0 300 724 0 0 0 0 0 0 0 65 958 1 0 0 0 71 949 4 0 0 0 
0 0 0 270 745 9 0 0 0 0 0 0 53 967 4 0 0 0 73 932 19 0 0 0 
0 0 0 320 704 0 0 0 0 0 0 0 93 931 0 0 0 0 104 919 1 0 0 0 
0 0 11 404 601 5 2 1 0 0 2 19 211 787 4 1 0 3 116 884 17 3 1 0 
0 0 11 682 217 71 43 0 0 0 0 42 457 455 68 2 0 4 322 568 66 63 1 0 
0 0 1 895 126 2 0 0 0 0 0 1 621 401 1 0 0 0 460 561 2 1 0 0 
0 10 86 670 238 17 3 0 0 0 40 342 493 145 4 0 0 20 264 616 109 15 0 0 
0 6 1014 4 0 0 0 0 0 0 714 310 0 0 0 0 0 229 795 0 0 0 0 0 
0 0 1013 10 1 0 0 0 0 0 684 337 3 0 0 0 0 344 675 5 0 0 0 0 
0 0 800 222 2 0 0 0 0 0 36 983 5 0 0 0 0 93 921 10 0 0 0 0 
0 0 1001 22 1 0 0 0 0 0 250 771 3 0 0 0 0 49 971 3 1 0 0 0 
0 0 702 317 5 0 0 0 0 0 175 836 12 1 0 0 0 24 866 133 1 0 0 0 
0 0 417 603 4 0 0 0 0 0 66 953 5 0 0 0 0 4 888 130 2 0 0 0 
0 0 447 576 1 0 0 0 0 0 97 920 7 0 0 0 0 2 827 194 1 0 0 0 
0 0 921 103 0 0 0 0 0 0 100 921 3 0 0 0 0 14 1010 0 0 0 0 0 
0 0 524 500 0 0 0 0 0 0 11 999 14 0 0 0 0 3 1017 4 0 0 0 0 
0 1 115 902 1 1 2 2 0 0 1 735 282 2 1 3 0 6 910 102 1 2 3 0 
0 0 34 990 0 0 0 0 0 0 0 626 398 0 0 0 0 0 542 482 0 0 0 0 
0 0 59 931 32 2 0 0 0 0 0 720 294 9 1 0 0 0 167 811 45 1 0 0 
0 0 0 979 45 0 0 0 0 0 0 577 443 4 0 0 0 0 1 912 108 3 0 0 
0 0 3 938 73 9 1 0 0 0 0 345 652 25 2 0 0 0 68 835 106 13 2 0 
0 0 1 848 163 12 0 0 0 0 0 44 955 19 6 0 0 0 0 812 200 12 0 0 
0 0 1 464 321 167 60 11 0 0 0 221 519 176 87 21 0 0 0 180 506 181 125 32 
0 0 0 235 301 239 167 82 0 0 0 107 377 220 186 134 0 0 0 37 401 216 194 176 
0 0 4 131 116 90 106 577 0 0 0 63 161 91 89 620 0 0 0 32 166 85 91 650 
0 0 2 101 139 107 163 512 0 0 0 58 154 119 136 557 0 0 0 14 136 132 115 627 
0 0 14 115 247 141 141 366 0 0 5 92 257 135 121 414 0 0 0 31 271 128 126 468 
0 0 2 150 211 187 243 231 0 0 0 94 251 165 211 303 0 0 0 13 274 162 195 380 
0 0 1 172 223 246 222 160 0 0 1 77 230 264 219 233 0 0 0 47 247 243 201 286 
0 0 1 141 175 118 227 362 0 0 1 70 210 119 176 448 0 0 0 45 208 126 136 509 
0 0 374 270 133 95 82 70 0 0 17 559 155 107 94 92 0 3 476 115 139 107 74 110 
0 16 733 245 24 6 0 0 0 0 408 533 70 12 1 0 0 224 719 63 15 3 0 0 
0 36 407 490 89 2 0 0 0 1 240 506 260 17 0 0 1 191 343 447 42 0 0 0 
0 4 238 682 97 3 0 0 0 0 44 497 429 53 1 0 0 43 573 381 26 1 0 0 
8 107 422 420 63 3 1 0 0 53 324 380 246 20 1 0 12 168 601 219 22 2 0 0 
20 192 268 199 182 147 16 0 5 149 263 200 199 184 24 0 13 204 260 228 147 149 23 0 
0 0 2 369 616 37 0 0 0 0 0 26 165 800 33 0 0 0 103 754 156 10 1 0 
0 0 0 191 827 6 0 0 0 0 0 0 42 966 16 0 0 0 20 951 53 0 0 0 
0 0 0 43 963 18 0 0 0 0 0 0 21 990 13 0 0 0 12 915 97 0 0 0 
0 0 0 29 986 9 0 0 0 0 0 0 12 998 14 0 0 0 14 977 33 0 0 0 
0 0 0 34 979 11 0 0 0 0 0 0 2 1017 5 0 0 0 37 974 13 0 0 0 
0 0 0 26 968 30 0 0 0 0 0 0 9 998 17 0 0 0 14 972 38 0 0 0 
0 0 0 39 955 30 0 0 0 0 0 0 10 1000 14 0 0 0 17 964 43 0 0 0 
0 0 0 151 865 8 0 0 0 0 0 0 57 961 6 0 0 0 42 965 17 0 0 0 
0 0 0 328 668 28 0 0 0 0 0 1 224 797 2 0 0 0 182 801 41 0 0 0 
0 0 0 598 416 10 0 0 0 0 0 0 581 441 2 0 0 0 321 683 20 0 0 0 
0 0 78 706 227 9 3 1 0 0 5 110 784 119 3 3 0 14 356 597 51 4 2 0 
0 2 976 46 0 0 0 0 0 0 320 704 0 0 0 0 0 215 809 0 0 0 0 0 
0 0 937 87 0 0 0 0 0 0 161 863 0 0 0 0 0 62 962 0 0 0 0 0 
0 0 675 349 0 0 0 0 0 0 17 901 106 0 0 0 0 11 1012 1 0 0 0 0 
0 0 979 45 0 0 0 0 0 0 120 904 0 0 0 0 0 9 1015 0 0 0 0 0 
0 0 973 51 0 0 0 0 0 0 227 794 3 0 0 0 0 38 982 4 0 0 0 0 
0 0 615 405 3 1 0 0 0 0 108 909 4 3 0 0 0 26 978 16 3 1 0 0 
0 0 748 276 0 0 0 0 0 0 175 846 3 0 0 0 0 29 994 1 0 0 0 0 
0 0 800 224 0 0 0 0 0 0 152 872 0 0 0 0 0 22 1002 0 0 0 0 0 
0 0 471 553 0 0 0 0 0 0 2 930 92 0 0 0 0 4 986 34 0 0 0 0 
0 0 459 557 8 0 0 0 0 0 8 861 152 3 0 0 0 22 906 93 3 0 0 0 
0 0 164 821 38 1 0 0 0 0 1 779 235 9 0 0 0 1 656 342 25 0 0 0 
0 0 5 942 74 3 0 0 0 0 0 496 517 11 0 0 0 0 51 861 111 1 0 0 
0 0 5 859 143 17 0 0 0 0 0 655 339 30 0 0 0 0 0 675 315 34 0 0 
0 0 3 333 427 218 41 2 0 0 0 108 472 348 85 11 0 0 2 195 367 339 101 20 
0 0 0 387 516 105 15 1 0 0 0 82 733 169 37 3 0 0 0 198 625 158 38 5 
0 0 0 303 367 166 156 32 0 0 0 190 439 173 135 87 0 0 0 144 420 188 138 134 
0 0 1 178 308 335 168 34 0 0 0 95 289 322 250 68 0 0 0 40 264 322 278 120 
0 0 0 60 138 323 361 142 0 0 0 31 124 215 388 266 0 0 0 10 94 183 345 392 
0 0 1 92 156 219 313 243 0 0 1 63 150 188 274 348 0 0 0 17 130 178 235 464 
0 0 0 131 336 177 260 120 0 0 0 84 335 177 203 225 0 0 0 17 322 213 150 322 
0 0 0 101 302 304 241 76 0 0 0 64 283 291 238 148 0 0 0 16 244 302 250 212 
0 0 11 106 137 104 210 456 0 0 3 83 145 104 146 543 0 0 0 39 140 112 124 609 
0 0 4 115 111 136 174 484 0 0 2 103 110 114 175 520 0 0 0 34 147 101 151 591 
0 0 188 397 139 101 114 85 0 0 16 429 247 109 104 119 0 12 376 168 131 88 99 150 
0 31 598 293 85 14 3 0 0 0 209 574 171 62 8 0 0 157 598 190 71 6 2 0 
0 26 297 472 177 48 4 0 0 1 203 458 271 81 9 1 0 67 310 437 160 46 4 0 
0 8 482 420 90 22 2 0 0 1 115 658 198 47 5 0 0 99 571 262 70 19 2 1 
2 28 207 660 118 7 2 0 0 20 89 431 402 79 3 0 1 53 521 410 36 3 0 0 
24 129 336 358 150 26 1 0 3 62 258 299 296 100 6 0 34 183 449 255 83 19 1 0 
1 14 61 251 380 218 90 9 1 10 56 149 324 352 108 24 1 11 85 332 264 201 116 14 
0 0 0 240 721 53 9 1 0 0 0 3 96 888 36 1 0 0 68 791 132 25 7 1 
0 0 0 123 857 44 0 0 0 0 0 0 77 909 38 0 0 0 31 791 202 0 0 0 
0 0 0 74 862 88 0 0 0 0 0 0 79 892 53 0 0 0 27 779 217 1 0 0 
0 0 0 44 872 108 0 0 0 0 0 0 45 951 28 0 0 0 7 802 214 1 0 0 
0 0 0 12 721 285 6 0 0 0 0 0 55 932 37 0 0 0 10 744 269 1 0 0 
0 0 0 36 758 230 0 0 0 0 0 0 80 924 20 0 0 0 52 716 256 0 0 0 
0 0 0 109 857 58 0 0 0 0 0 0 127 885 12 0 0 0 105 825 94 0 0 0 
0 0 0 226 786 12 0 0 0 0 0 0 139 885 0 0 0 0 271 732 21 0 0 0 
0 0 0 725 299 0 0 0 0 0 0 0 450 574 0 0 0 0 590 430 4 0 0 0 
0 0 30 719 269 6 0 0 0 0 0 36 812 172 4 0 0 1 516 486 20 1 0 0 
0 0 992 32 0 0 0 0 0 0 321 703 0 0 0 0 0 139 885 0 0 0 0 0 
0 0 532 487 5 0 0 0 0 0 0 1000 24 0 0 0 0 0 976 48 0 0 0 0 
0 0 464 560 0 0 0 0 0 0 24 994 6 0 0 0 0 1 1023 0 0 0 0 0 
0 0 443 581 0 0 0 0 0 0 153 871 0 0 0 0 0 0 900 124 0 0 0 0 
0 0 952 72 0 0 0 0 0 0 283 741 0 0 0 0 0 110 912 2 0 0 0 0 
0 0 235 788 1 0 0 0 0 0 9 974 41 0 0 0 0 0 666 358 0 0 0 0 
0 0 954 70 0 0 0 0 0 0 231 792 1 0 0 0 0 72 952 0 0 0 0 0 
0 0 617 403 4 0 0 0 0 0 46 953 25 0 0 0 0 49 927 48 0 0 0 0 
0 0 83 941 0 0 0 0 0 0 17 823 184 0 0 0 0 0 700 324 0 0 0 0 
0 0 6 847 159 12 0 0 0 0 0 349 639 36 0 0 0 0 23 856 132 13 0 0 
0 0 307 590 115 12 0 0 0 0 0 745 250 26 3 0 0 0 557 355 98 14 0 0 
0 0 49 945 26 1 3 0 0 0 0 682 332 7 1 2 0 0 720 292 9 1 2 0 
0 0 3 899 96 25 1 0 0 0 0 620 353 48 3 0 0 0 31 848 113 31 1 0 
0 0 12 261 329 169 140 113 0 0 0 100 366 240 133 185 0 0 0 113 351 220 133 207 
0 0 0 519 425 56 21 3 0 0 0 247 646 101 22 8 0 0 0 307 577 106 24 10 
0 0 0 275 510 195 38 6 0 0 0 238 476 237 66 7 0 0 0 194 460 276 81 13 
0 0 0 130 318 401 152 23 0 0 0 67 274 384 242 57 0 0 0 32 242 351 314 85 
0 0 1 38 252 387 279 67 0 0 0 14 199 356 311 144 0 0 0 2 153 312 326 231 
0 0 0 104 373 376 160 11 0 0 0 66 319 395 215 29 0 0 0 11 296 387 263 67 
0 0 0 211 518 184 102 9 0 0 0 120 550 214 121 19 0 0 0 104 504 232 135 49 
0 0 3 86 467 286 155 27 0 0 0 66 422 283 200 53 0 0 0 43 376 313 202 90 
0 0 2 110 221 320 219 152 0 0 0 79 187 319 221 218 0 0 0 25 186 278 262 273 
0 0 4 177 345 224 231 43 0 0 1 97 339 237 232 118 0 0 0 88 319 242 216 159 
0 0 13 370 313 218 106 4 0 0 0 176 435 251 140 22 0 0 63 304 249 243 135 30 
0 2 389 470 106 42 13 2 0 0 51 670 211 60 29 3 0 54 602 237 81 39 9 2 
0 11 445 400 150 18 0 0 0 2 113 512 306 87 4 0 0 123 476 325 91 9 0 0 
0 3 243 541 210 26 1 0 0 1 51 351 495 113 13 0 0 30 380 480 122 12 0 0 
0 0 189 634 185 16 0 0 0 0 32 421 454 110 7 0 0 12 443 476 89 4 0 0 
6 32 257 603 123 3 0 0 0 19 187 523 268 27 0 0 9 107 618 264 26 0 0 0 
27 270 310 220 67 111 16 3 10 286 314 218 60 100 33 3 24 347 346 133 40 83 48 3 
3 12 25 89 276 240 250 129 3 13 23 46 135 379 242 183 1 11 43 219 124 227 234 165 
0 0 1 337 631 37 15 3 0 0 0 1 139 845 30 9 0 0 127 783 89 8 16 1 
0 0 0 236 766 22 0 0 0 0 0 0 91 910 23 0 0 0 46 848 129 1 0 0 
0 0 0 232 773 19 0 0 0 0 0 0 126 886 12 0 0 0 26 889 109 0 0 0 
0 0 0 257 650 117 0 0 0 0 0 0 135 872 17 0 0 0 87 707 230 0 0 0 
0 0 3 380 639 2 0 0 0 0 0 0 203 820 1 0 0 0 162 839 23 0 0 0 
0 0 0 353 666 5 0 0 0 0 0 0 235 784 5 0 0 0 191 819 14 0 0 0 
0 0 0 715 308 1 0 0 0 0 0 0 297 726 1 0 0 0 447 574 3 0 0 0 
0 0 4 867 153 0 0 0 0 0 0 2 655 367 0 0 0 1 673 347 3 0 0 0 
0 0 129 784 111 0 0 0 0 0 0 22 832 170 0 0 0 21 734 269 0 0 0 0 
