733 175 101 14 1 0 0 0 348 468 136 68 4 0 0 0 941 78 5 0 0 0 0 0 
804 135 61 14 10 0 0 0 449 442 82 36 10 5 0 0 951 55 12 6 0 0 0 0 
238 479 210 82 15 0 0 0 19 384 413 167 38 3 0 0 884 117 22 1 0 0 0 0 
234 451 193 85 59 2 0 0 28 400 388 131 68 9 0 0 810 135 70 9 0 0 0 0 
237 364 285 114 24 0 0 0 37 340 407 185 54 1 0 0 699 264 57 4 0 0 0 0 
330 469 195 26 4 0 0 0 97 442 363 108 12 2 0 0 832 177 14 1 0 0 0 0 
477 414 128 5 0 0 0 0 177 540 254 53 0 0 0 0 852 160 12 0 0 0 0 0 
51 421 513 36 3 0 0 0 4 160 657 193 9 1 0 0 890 126 6 2 0 0 0 0 
0 280 689 55 0 0 0 0 0 96 676 252 0 0 0 0 963 61 0 0 0 0 0 0 
159 369 377 62 25 16 9 7 150 362 350 110 24 12 9 7 832 91 37 18 21 13 6 6 
0 90 412 251 95 62 61 53 1 159 458 170 72 52 50 62 498 203 70 51 58 47 49 48 
0 8 38 64 40 61 58 755 0 0 41 71 45 53 53 761 52 35 36 24 33 47 56 741 
0 0 0 0 0 0 0 1024 0 0 0 0 0 0 0 1024 0 0 0 0 0 0 0 1024 
0 0 0 0 0 0 0 1024 0 0 0 0 0 0 0 1024 0 0 0 0 0 0 0 1024 
0 0 0 0 0 0 0 1024 0 0 0 0 0 0 0 1024 0 0 0 0 0 0 0 1024 
0 0 0 0 0 0 0 1024 0 0 0 0 0 0 0 1024 0 0 0 0 0 0 0 1024 
0 0 0 0 0 0 0 1024 0 0 0 0 0 0 0 1024 0 0 0 0 0 0 0 1024 
0 0 0 0 0 0 0 1024 0 0 0 0 0 0 0 1024 0 0 0 0 0 0 0 1024 
0 0 0 0 0 0 0 1024 0 0 0 0 0 0 0 1024 0 0 0 0 0 0 0 1024 
0 0 0 0 0 0 0 1024 0 0 0 0 0 0 0 1024 0 0 0 0 0 0 0 1024 
0 0 0 0 0 0 0 1024 0 0 0 0 0 0 0 1024 0 0 0 0 0 0 0 1024 
0 0 0 0 0 0 0 1024 0 0 0 0 0 0 0 1024 0 0 0 0 0 0 0 1024 
0 0 0 0 0 0 0 1024 0 0 0 0 0 0 0 1024 0 0 0 0 0 0 0 1024 
0 0 0 0 0 0 0 1024 0 0 0 0 0 0 0 1024 0 0 0 0 0 0 0 1024 
0 0 0 0 0 0 0 1024 0 0 0 0 0 0 0 1024 0 0 0 0 0 0 0 1024 
0 0 0 0 0 0 0 1024 0 0 0 0 0 0 0 1024 0 0 0 0 0 0 0 1024 
0 0 0 0 0 0 0 1024 0 0 0 0 0 0 0 1024 0 0 0 0 0 0 0 1024 
0 0 0 0 0 0 0 1024 0 0 0 0 0 0 0 1024 0 0 0 0 0 0 0 1024 
0 0 0 0 0 0 0 1024 0 0 0 0 0 0 0 1024 0 0 0 0 0 0 0 1024 
0 0 0 0 0 0 0 1024 0 0 0 0 0 0 0 1024 0 0 0 0 0 0 0 1024 
0 0 0 0 0 0 0 1024 0 0 0 0 0 0 0 1024 0 0 0 0 0 0 0 1024 
0 0 0 0 0 0 0 1024 0 0 0 0 0 0 0 1024 0 0 0 0 0 0 0 1024 
0 0 0 0 0 0 0 1024 0 0 0 0 0 0 0 1024 0 0 0 0 0 0 0 1024 
0 0 0 0 0 0 0 1024 0 0 0 0 0 0 0 1024 0 0 0 0 0 0 0 1024 
0 0 0 0 0 0 0 1024 0 0 0 0 0 0 0 1024 0 0 0 0 0 0 0 1024 
0 0 0 0 0 0 0 1024 0 0 0 0 0 0 0 1024 0 0 0 0 0 0 0 1024 
0 0 0 0 0 0 0 1024 0 0 0 0 0 0 0 1024 0 0 0 0 0 0 0 1024 
0 0 0 0 0 0 0 1024 0 0 0 0 0 0 0 1024 0 0 0 0 0 0 0 1024 
0 0 0 0 0 0 0 1024 0 0 0 0 0 0 0 1024 0 0 0 0 0 0 0 1024 
0 0 0 0 0 0 54 970 0 0 0 0 0 0 0 1024 0 0 0 0 0 0 3 1021 
441 415 154 14 0 0 0 0 158 435 361 67 3 0 0 0 912 105 7 0 0 0 0 0 
369 486 163 5 1 0 0 0 98 499 392 34 1 0 0 0 912 110 2 0 0 0 0 0 
453 483 69 17 2 0 0 0 20 673 291 38 2 0 0 0 966 50 8 0 0 0 0 0 
373 501 109 36 5 0 0 0 190 536 226 56 16 0 0 0 850 146 23 5 0 0 0 0 
514 328 129 49 4 0 0 0 171 509 263 64 17 0 0 0 795 175 54 0 0 0 0 0 
506 474 39 5 0 0 0 0 246 536 220 17 5 0 0 0 943 73 7 1 0 0 0 0 
489 297 144 49 40 5 0 0 234 436 248 79 25 2 0 0 806 191 27 0 0 0 0 0 
9 241 760 14 0 0 0 0 1 45 748 230 0 0 0 0 910 114 0 0 0 0 0 0 
3 146 597 214 50 14 0 0 0 40 453 445 74 11 1 0 775 204 37 7 1 0 0 0 
13 167 437 189 133 72 12 1 5 81 401 260 152 105 17 3 569 278 124 45 7 0 1 0 
9 24 63 219 272 191 117 129 4 22 44 183 288 224 116 143 126 251 213 170 62 51 80 71 
0 0 4 158 445 216 72 129 0 0 6 90 514 215 72 127 40 232 368 183 47 42 48 64 
0 1 35 117 167 156 179 369 0 0 28 105 164 154 151 422 32 84 136 106 93 98 152 323 
0 0 0 0 0 0 76 948 0 0 0 0 0 0 7 1017 0 0 0 0 0 1 15 1008 
0 0 0 0 0 0 21 1003 0 0 0 0 0 0 0 1024 0 0 0 0 0 0 0 1024 
0 0 0 0 0 0 33 991 0 0 0 0 0 0 0 1024 0 0 0 0 0 0 1 1023 
0 0 0 0 0 0 42 982 0 0 0 0 0 0 0 1024 0 0 0 0 0 0 1 1023 
0 0 0 0 0 0 45 979 0 0 0 0 0 0 0 1024 0 0 0 0 0 0 0 1024 
0 0 0 0 0 0 11 1013 0 0 0 0 0 0 0 1024 0 0 0 0 0 0 0 1024 
0 0 0 0 0 0 4 1020 0 0 0 0 0 0 0 1024 0 0 0 0 0 0 0 1024 
0 0 0 0 0 0 0 1024 0 0 0 0 0 0 0 1024 0 0 0 0 0 0 0 1024 
0 0 0 0 0 0 0 1024 0 0 0 0 0 0 0 1024 0 0 0 0 0 0 0 1024 
0 0 0 0 0 0 2 1022 0 0 0 0 0 0 0 1024 0 0 0 0 0 0 3 1021 
0 0 0 0 0 0 0 1024 0 0 0 0 0 0 0 1024 0 0 0 0 0 0 2 1022 
0 0 0 0 0 0 0 1024 0 0 0 0 0 0 0 1024 0 0 0 0 0 0 0 1024 
0 0 0 0 0 0 0 1024 0 0 0 0 0 0 0 1024 0 0 0 0 0 0 0 1024 
0 0 0 0 0 0 0 1024 0 0 0 0 0 0 0 1024 0 0 0 0 0 0 0 1024 
0 0 0 0 0 0 0 1024 0 0 0 0 0 0 0 1024 0 0 0 0 0 0 0 1024 
0 0 0 0 0 0 0 1024 0 0 0 0 0 0 0 1024 0 0 0 0 0 0 0 1024 
0 0 0 0 0 0 0 1024 0 0 0 0 0 0 0 1024 0 0 0 0 0 0 0 1024 
0 0 0 0 0 0 0 1024 0 0 0 0 0 0 0 1024 0 0 0 0 0 0 0 1024 
0 0 0 0 0 0 0 1024 0 0 0 0 0 0 0 1024 0 0 0 0 0 0 0 1024 
0 0 0 0 0 0 0 1024 0 0 0 0 0 0 0 1024 0 0 0 0 0 0 0 1024 
0 0 0 0 0 0 0 1024 0 0 0 0 0 0 0 1024 0 0 0 0 0 0 0 1024 
0 0 0 0 0 0 0 1024 0 0 0 0 0 0 0 1024 0 0 0 0 0 0 0 1024 
0 0 0 0 0 0 0 1024 0 0 0 0 0 0 0 1024 0 0 0 0 0 0 0 1024 
0 0 0 0 0 0 0 1024 0 0 0 0 0 0 0 1024 0 0 0 0 0 0 0 1024 
0 0 0 0 0 0 0 1024 0 0 0 0 0 0 0 1024 0 0 0 0 0 0 0 1024 
0 0 0 0 0 0 0 1024 0 0 0 0 0 0 0 1024 0 0 0 0 0 0 0 1024 
0 0 0 0 0 0 0 1024 0 0 0 0 0 0 0 1024 0 0 0 0 0 0 0 1024 
272 517 106 34 65 23 5 2 43 436 390 59 55 30 8 3 874 87 43 11 4 5 0 0 
311 403 147 73 48 30 12 0 54 475 259 102 64 53 11 6 840 103 52 18 8 3 0 0 
324 558 138 4 0 0 0 0 83 611 294 36 0 0 0 0 986 38 0 0 0 0 0 0 
822 197 5 0 0 0 0 0 543 435 46 0 0 0 0 0 995 29 0 0 0 0 0 0 
742 126 40 71 34 11 0 0 367 469 60 70 39 19 0 0 879 100 32 13 0 0 0 0 
350 167 60 105 154 128 56 4 240 247 72 106 127 144 73 15 561 151 171 113 28 0 0 0 
62 185 337 276 120 39 4 1 35 110 297 332 164 72 13 1 628 283 85 26 2 0 0 0 
16 135 463 346 64 0 0 0 1 49 345 497 132 0 0 0 847 176 1 0 0 0 0 0 
8 78 389 395 134 19 1 0 2 51 333 474 139 22 3 0 682 266 59 14 3 0 0 0 
126 287 335 200 70 6 0 0 47 264 348 254 94 17 0 0 627 262 105 30 0 0 0 0 
60 243 336 251 107 21 6 0 15 169 305 334 158 32 10 1 456 328 169 48 14 8 1 0 
0 1 33 130 138 193 492 37 0 0 22 101 142 186 316 257 4 54 94 108 109 138 238 279 
0 0 0 0 12 23 925 64 0 0 0 0 9 20 179 816 0 0 0 1 12 24 111 876 
0 0 0 0 0 0 956 68 0 0 0 0 0 0 17 1007 0 0 0 0 0 0 2 1022 
0 0 0 0 0 0 712 312 0 0 0 0 0 0 1 1023 0 0 0 0 0 0 1 1023 
0 0 0 0 0 0 398 626 0 0 0 0 0 0 1 1023 0 0 0 0 0 0 3 1021 
0 0 0 0 0 0 177 847 0 0 0 0 0 0 0 1024 0 0 0 0 0 0 3 1021 
0 0 0 0 0 0 104 920 0 0 0 0 0 0 0 1024 0 0 0 0 0 0 4 1020 
0 0 0 0 0 0 55 969 0 0 0 0 0 0 0 1024 0 0 0 0 0 0 4 1020 
0 0 0 0 0 0 11 1013 0 0 0 0 0 0 0 1024 0 0 0 0 0 0 1 1023 
0 0 0 0 0 0 0 1024 0 0 0 0 0 0 0 1024 0 0 0 0 0 0 0 1024 
0 0 0 0 0 0 0 1024 0 0 0 0 0 0 0 1024 0 0 0 0 0 0 0 1024 
0 0 0 0 0 0 0 1024 0 0 0 0 0 0 0 1024 0 0 0 0 0 0 0 1024 
0 0 0 0 0 0 0 1024 0 0 0 0 0 0 0 1024 0 0 0 0 0 0 0 1024 
0 0 0 0 0 0 2 1022 0 0 0 0 0 0 0 1024 0 0 0 0 0 0 0 1024 
0 0 0 0 0 0 0 1024 0 0 0 0 0 0 0 1024 0 0 0 0 0 0 0 1024 
0 0 0 0 0 0 0 1024 0 0 0 0 0 0 0 1024 0 0 0 0 0 0 0 1024 
0 0 0 0 0 0 0 1024 0 0 0 0 0 0 0 1024 0 0 0 0 0 0 0 1024 
0 0 0 0 0 0 0 1024 0 0 0 0 0 0 0 1024 0 0 0 0 0 0 0 1024 
0 0 0 0 0 0 0 1024 0 0 0 0 0 0 0 1024 0 0 0 0 0 0 0 1024 
0 0 0 0 0 0 0 1024 0 0 0 0 0 0 0 1024 0 0 0 0 0 0 0 1024 
0 0 0 0 0 0 0 1024 0 0 0 0 0 0 0 1024 0 0 0 0 0 0 0 1024 
0 0 0 0 0 0 0 1024 0 0 0 0 0 0 0 1024 0 0 0 0 0 0 0 1024 
0 0 0 0 0 0 0 1024 0 0 0 0 0 0 0 1024 0 0 0 0 0 0 0 1024 
0 0 0 0 0 0 0 1024 0 0 0 0 0 0 0 1024 0 0 0 0 0 0 0 1024 
0 0 0 0 0 0 0 1024 0 0 0 0 0 0 0 1024 0 0 0 0 0 0 0 1024 
0 0 0 0 0 0 0 1024 0 0 0 0 0 0 0 1024 0 0 0 0 0 0 0 1024 
0 0 0 0 0 0 2 1022 0 0 0 0 0 0 0 1024 0 0 0 0 0 0 0 1024 
0 0 0 0 0 0 3 1021 0 0 0 0 0 0 0 1024 0 0 0 0 0 0 2 1022 
0 0 0 0 0 0 3 1021 0 0 0 0 0 0 0 1024 0 0 0 0 0 0 5 1019 
105 113 159 342 245 46 14 0 39 116 122 275 348 105 18 1 426 406 156 33 3 0 0 0 
329 366 124 84 61 38 22 0 167 386 216 100 65 53 31 6 812 105 61 28 18 0 0 0 
564 366 75 12 7 0 0 0 381 492 123 21 7 0 0 0 981 30 10 3 0 0 0 0 
350 229 201 115 63 44 21 1 222 277 230 132 92 47 21 3 668 176 88 58 29 5 0 0 
97 276 234 153 127 94 39 4 17 213 293 186 127 118 56 14 470 231 146 109 57 11 0 0 
145 348 278 184 55 14 0 0 53 327 311 202 104 27 0 0 688 229 87 20 0 0 0 0 
21 303 571 125 4 0 0 0 8 133 665 200 18 0 0 0 905 113 6 0 0 0 0 0 
7 254 521 185 47 10 0 0 0 53 588 312 58 13 0 0 853 147 23 1 0 0 0 0 
6 43 142 341 320 167 5 0 7 37 153 318 292 199 18 0 480 271 238 35 0 0 0 0 
13 34 160 567 224 24 2 0 10 38 155 551 245 23 2 0 699 286 33 6 0 0 0 0 
3 90 347 322 190 53 14 5 0 43 371 342 193 59 14 2 565 218 138 63 32 7 1 0 
0 1 44 119 105 100 158 497 0 0 40 125 107 87 97 568 54 76 71 81 52 65 122 503 
0 0 0 0 0 0 41 983 0 0 0 0 0 0 0 1024 0 0 0 0 0 0 1 1023 
0 0 0 0 0 0 83 941 0 0 0 0 0 0 0 1024 0 0 0 0 0 0 0 1024 
0 0 0 0 0 0 74 950 0 0 0 0 0 0 0 1024 0 0 0 0 0 0 0 1024 
0 0 0 0 0 0 26 998 0 0 0 0 0 0 0 1024 0 0 0 0 0 0 4 1020 
0 0 0 0 0 0 9 1015 0 0 0 0 0 0 0 1024 0 0 0 0 0 0 4 1020 
0 0 0 0 0 0 11 1013 0 0 0 0 0 0 0 1024 0 0 0 0 0 0 6 1018 
0 0 0 0 0 0 0 1024 0 0 0 0 0 0 0 1024 0 0 0 0 0 0 0 1024 
0 0 0 0 0 0 0 1024 0 0 0 0 0 0 0 1024 0 0 0 0 0 0 0 1024 
0 0 0 0 0 0 0 1024 0 0 0 0 0 0 0 1024 0 0 0 0 0 0 0 1024 
0 0 0 0 0 0 0 1024 0 0 0 0 0 0 0 1024 0 0 0 0 0 0 0 1024 
0 0 0 0 0 0 0 1024 0 0 0 0 0 0 0 1024 0 0 0 0 0 0 0 1024 
0 0 0 0 0 0 0 1024 0 0 0 0 0 0 0 1024 0 0 0 0 0 0 0 1024 
0 0 0 0 0 0 0 1024 0 0 0 0 0 0 0 1024 0 0 0 0 0 0 0 1024 
0 0 0 0 0 0 0 1024 0 0 0 0 0 0 0 1024 0 0 0 0 0 0 0 1024 
0 0 0 0 0 0 0 1024 0 0 0 0 0 0 0 1024 0 0 0 0 0 0 0 1024 
0 0 0 0 0 0 0 1024 0 0 0 0 0 0 0 1024 0 0 0 0 0 0 0 1024 
0 0 0 0 0 0 0 1024 0 0 0 0 0 0 0 1024 0 0 0 0 0 0 0 1024 
0 0 0 0 0 0 0 1024 0 0 0 0 0 0 0 1024 0 0 0 0 0 0 0 1024 
0 0 0 0 0 0 0 1024 0 0 0 0 0 0 0 1024 0 0 0 0 0 0 0 1024 
0 0 0 0 0 0 0 1024 0 0 0 0 0 0 0 1024 0 0 0 0 0 0 0 1024 
0 0 0 0 0 0 0 1024 0 0 0 0 0 0 0 1024 0 0 0 0 0 0 0 1024 
0 0 0 0 0 0 0 1024 0 0 0 0 0 0 0 1024 0 0 0 0 0 0 0 1024 
0 0 0 0 0 0 0 1024 0 0 0 0 0 0 0 1024 0 0 0 0 0 0 0 1024 
0 0 0 0 0 0 0 1024 0 0 0 0 0 0 0 1024 0 0 0 0 0 0 1 1023 
0 0 0 0 0 0 0 1024 0 0 0 0 0 0 0 1024 0 0 0 0 0 0 1 1023 
0 0 0 0 0 0 5 1019 0 0 0 0 0 0 0 1024 0 0 0 0 0 0 3 1021 
0 0 0 0 0 0 1 1023 0 0 0 0 0 0 0 1024 0 0 0 0 0 0 1 1023 
0 0 0 0 0 0 29 995 0 0 0 0 0 0 0 1024 0 0 0 0 0 0 2 1022 
747 242 35 0 0 0 0 0 366 520 133 5 0 0 0 0 1008 16 0 0 0 0 0 0 
525 374 81 44 0 0 0 0 230 621 119 49 5 0 0 0 931 78 15 0 0 0 0 0 
219 320 175 254 55 1 0 0 141 306 222 203 149 3 0 0 713 259 44 7 1 0 0 0 
300 295 113 126 166 23 1 0 132 313 234 189 140 15 1 0 757 206 58 3 0 0 0 0 
336 435 186 40 27 0 0 0 120 501 290 80 31 2 0 0 937 87 0 0 0 0 0 0 
230 458 298 34 4 0 0 0 87 467 395 72 3 0 0 0 876 139 8 1 0 0 0 0 
148 530 269 77 0 0 0 0 18 414 473 119 0 0 0 0 911 113 0 0 0 0 0 0 
55 675 289 5 0 0 0 0 2 364 616 42 0 0 0 0 990 34 0 0 0 0 0 0 
222 364 367 48 21 2 0 0 164 343 430 60 23 4 0 0 884 134 6 0 0 0 0 0 
6 52 261 434 154 60 49 8 1 36 290 460 132 53 39 13 395 385 79 45 49 33 29 9 
0 12 101 279 335 196 85 16 0 9 115 348 310 146 78 18 199 280 236 129 85 57 26 12 
0 4 8 43 114 148 357 350 0 2 10 43 102 151 170 546 16 41 58 82 77 121 186 443 
0 0 0 0 0 2 211 811 0 0 0 0 0 1 6 1017 0 0 0 0 1 4 17 1002 
0 0 0 0 0 0 300 724 0 0 0 0 0 0 1 1023 0 0 0 0 0 0 0 1024 
0 0 0 0 0 0 327 697 0 0 0 0 0 0 11 1013 0 0 0 0 0 0 2 1022 
0 0 0 0 0 0 363 661 0 0 0 0 0 0 20 1004 0 0 0 0 0 0 1 1023 
0 0 0 0 0 0 288 736 0 0 0 0 0 0 19 1005 0 0 0 0 0 0 0 1024 
0 0 0 0 0 0 339 685 0 0 0 0 0 0 1 1023 0 0 0 0 0 0 3 1021 
0 0 0 0 0 0 368 656 0 0 0 0 0 0 12 1012 0 0 0 0 0 1 24 999 
0 0 0 0 0 0 355 669 0 0 0 0 0 0 5 1019 0 0 0 0 0 0 2 1022 
0 0 0 0 0 0 335 689 0 0 0 0 0 0 3 1021 0 0 0 0 0 0 2 1022 
0 0 0 0 0 0 177 847 0 0 0 0 0 0 0 1024 0 0 0 0 0 0 1 1023 
0 0 0 0 0 0 19 1005 0 0 0 0 0 0 0 1024 0 0 0 0 0 0 0 1024 
0 0 0 0 0 0 22 1002 0 0 0 0 0 0 0 1024 0 0 0 0 0 0 3 1021 
0 0 0 0 0 0 22 1002 0 0 0 0 0 0 0 1024 0 0 0 0 0 0 0 1024 
0 0 0 0 0 0 0 1024 0 0 0 0 0 0 0 1024 0 0 0 0 0 0 0 1024 
0 0 0 0 0 0 2 1022 0 0 0 0 0 0 0 1024 0 0 0 0 0 0 0 1024 
0 0 0 0 0 0 0 1024 0 0 0 0 0 0 0 1024 0 0 0 0 0 0 2 1022 
0 0 0 0 0 0 1 1023 0 0 0 0 0 0 0 1024 0 0 0 0 0 0 4 1020 
0 0 0 0 0 0 0 1024 0 0 0 0 0 0 0 1024 0 0 0 0 0 0 0 1024 
0 0 0 0 0 0 0 1024 0 0 0 0 0 0 0 1024 0 0 0 0 0 0 0 1024 
0 0 0 0 0 0 0 1024 0 0 0 0 0 0 0 1024 0 0 0 0 0 0 0 1024 
0 0 0 0 0 0 2 1022 0 0 0 0 0 0 0 1024 0 0 0 0 0 0 0 1024 
0 0 0 0 0 0 17 1007 0 0 0 0 0 0 0 1024 0 0 0 0 0 0 3 1021 
0 0 0 0 0 0 116 908 0 0 0 0 0 0 1 1023 0 0 0 0 0 0 3 1021 
0 0 0 0 0 0 169 855 0 0 0 0 0 0 0 1024 0 0 0 0 0 0 0 1024 
0 0 0 0 0 0 150 874 0 0 0 0 0 0 0 1024 0 0 0 0 0 0 0 1024 
0 0 0 0 0 0 209 815 0 0 0 0 0 0 0 1024 0 0 0 0 0 0 0 1024 
0 0 0 0 0 0 217 807 0 0 0 0 0 0 9 1015 0 0 0 0 0 0 0 1024 
0 0 0 0 0 0 380 644 0 0 0 0 0 0 13 1011 0 0 0 0 0 0 1 1023 
273 662 89 0 0 0 0 0 32 498 480 14 0 0 0 0 1014 10 0 0 0 0 0 0 
105 316 333 223 39 8 0 0 18 192 380 342 72 18 2 0 698 259 54 13 0 0 0 0 
85 242 289 316 91 1 0 0 6 184 300 348 177 9 0 0 609 346 65 4 0 0 0 0 
40 295 237 231 201 20 0 0 3 150 333 255 245 38 0 0 673 308 43 0 0 0 0 0 
24 167 219 362 233 18 1 0 2 94 275 357 260 35 1 0 710 282 30 1 1 0 0 0 
5 94 294 431 188 12 0 0 2 55 263 492 197 15 0 0 574 377 73 0 0 0 0 0 
66 107 170 357 271 53 0 0 22 114 175 364 295 54 0 0 539 407 78 0 0 0 0 0 
53 279 366 211 101 14 0 0 22 215 426 288 71 2 0 0 918 106 0 0 0 0 0 0 
178 540 247 59 0 0 0 0 35 543 410 36 0 0 0 0 991 33 0 0 0 0 0 0 
331 518 146 19 7 1 2 0 58 666 254 31 11 2 2 0 942 65 13 2 2 0 0 0 
43 319 430 172 50 10 0 0 0 192 537 200 79 11 5 0 753 176 65 17 11 2 0 0 
1 18 188 251 232 195 137 2 0 5 164 239 244 195 166 11 197 169 177 180 115 80 96 10 
0 0 0 2 14 172 828 8 0 0 0 1 7 30 794 192 0 0 1 6 14 26 227 750 
0 0 0 0 0 229 795 0 0 0 0 0 0 0 821 203 0 0 0 0 0 0 149 875 
0 0 0 0 0 266 758 0 0 0 0 0 0 0 916 108 0 0 0 0 0 0 74 950 
0 0 0 0 0 269 755 0 0 0 0 0 0 0 944 80 0 0 0 0 0 0 146 878 
0 0 0 0 0 231 793 0 0 0 0 0 0 2 923 99 0 0 0 0 0 1 98 925 
9 53 89 60 81 207 525 0 2 34 83 79 70 81 592 83 49 67 51 49 55 64 220 469 
177 173 181 169 94 100 128 2 17 214 178 195 144 77 143 56 384 210 106 71 57 76 70 50 
0 3 16 48 66 232 659 0 0 0 13 23 74 82 683 149 0 22 39 43 48 52 195 625 
0 0 0 0 0 314 710 0 0 0 0 0 0 0 852 172 0 0 0 0 0 0 9 1015 
0 0 0 0 0 185 835 4 0 0 0 0 0 0 792 232 0 0 0 0 0 0 48 976 
0 0 0 0 0 155 846 23 0 0 0 0 0 0 673 351 0 0 0 0 0 0 12 1012 
0 0 0 0 0 81 867 76 0 0 0 0 0 0 590 434 0 0 0 0 0 0 10 1014 
0 0 0 0 0 19 839 166 0 0 0 0 0 0 527 497 0 0 0 0 0 0 10 1014 
0 0 0 0 0 3 841 180 0 0 0 0 0 0 530 494 0 0 0 0 0 0 6 1018 
4 38 56 59 42 56 581 188 0 4 63 66 49 39 392 411 53 29 46 43 28 37 105 683 
16 178 251 131 56 59 192 141 0 42 245 235 79 64 89 270 397 147 55 36 36 45 77 231 
6 119 193 91 52 55 236 272 0 25 189 159 61 51 110 429 255 115 43 47 38 45 98 383 
0 0 19 27 20 16 677 265 0 0 7 27 25 16 417 532 14 23 15 11 9 15 54 883 
0 0 0 0 0 0 784 240 0 0 0 0 0 0 462 562 0 0 0 0 0 0 0 1024 
0 0 0 0 0 0 838 186 0 0 0 0 0 0 391 633 0 0 0 0 0 0 3 1021 
0 0 0 0 0 0 821 203 0 0 0 0 0 0 402 622 0 0 0 0 0 0 5 1019 
0 0 0 0 0 0 946 78 0 0 0 0 0 0 367 657 0 0 0 0 0 0 0 1024 
0 0 0 0 0 0 1014 10 0 0 0 0 0 0 356 668 0 0 0 0 0 0 0 1024 
0 0 0 0 0 0 1015 9 0 0 0 0 0 0 559 465 0 0 0 0 0 0 8 1016 
0 0 0 0 0 0 1024 0 0 0 0 0 0 0 692 332 0 0 0 0 0 0 1 1023 
0 0 0 0 0 0 1023 1 0 0 0 0 0 0 789 235 0 0 0 0 0 0 4 1020 
0 0 0 0 0 1 1023 0 0 0 0 0 0 0 887 137 0 0 0 0 0 0 3 1021 
0 0 0 0 0 3 1021 0 0 0 0 0 0 0 969 55 0 0 0 0 0 0 39 985 
250 365 336 72 1 0 0 0 42 413 345 212 12 0 0 0 754 255 15 0 0 0 0 0 
661 232 91 40 0 0 0 0 432 394 128 67 3 0 0 0 935 89 0 0 0 0 0 0 
519 434 71 0 0 0 0 0 147 675 197 5 0 0 0 0 949 75 0 0 0 0 0 0 
136 636 233 19 0 0 0 0 4 475 497 48 0 0 0 0 951 72 1 0 0 0 0 0 
118 383 303 182 28 10 0 0 23 310 416 230 34 9 2 0 852 130 35 7 0 0 0 0 
298 235 148 217 105 20 1 0 232 293 136 197 141 22 3 0 686 245 80 13 0 0 0 0 
191 234 214 247 116 22 0 0 121 324 193 250 122 14 0 0 775 205 39 5 0 0 0 0 
2 107 370 362 145 38 0 0 3 179 445 290 100 7 0 0 891 132 1 0 0 0 0 0 
35 197 301 328 133 28 2 0 63 273 417 202 54 14 1 0 873 146 5 0 0 0 0 0 
135 437 384 55 12 1 0 0 77 499 413 27 7 1 0 0 981 31 11 1 0 0 0 0 
18 182 495 314 15 0 0 0 1 134 573 306 10 0 0 0 904 119 1 0 0 0 0 0 
0 136 540 272 59 17 0 0 0 31 570 324 74 17 8 0 795 135 42 26 9 12 5 0 
0 12 86 134 116 646 30 0 0 3 72 141 99 229 480 0 108 85 43 61 72 97 404 154 
0 0 0 0 0 1020 4 0 0 0 0 0 0 13 1011 0 0 0 0 0 0 0 645 379 
0 0 0 0 0 1019 5 0 0 0 0 0 0 4 1020 0 0 0 0 0 0 0 501 523 
0 0 0 0 0 1022 2 0 0 0 0 0 0 8 1016 0 0 0 0 0 0 0 421 603 
0 0 0 0 2 1016 6 0 0 0 0 0 1 16 1007 0 0 0 0 0 0 9 444 571 
0 4 60 190 224 517 29 0 0 7 80 215 175 182 365 0 13 96 140 99 110 111 278 177 
90 250 233 203 112 125 11 0 40 257 301 192 108 98 28 0 358 253 129 73 68 55 63 25 
3 41 90 162 268 408 52 0 3 33 88 189 224 178 309 0 30 105 144 127 123 145 228 122 
0 0 0 0 14 974 36 0 0 0 0 0 6 23 995 0 0 0 0 0 7 18 290 709 
0 0 0 0 0 869 155 0 0 0 0 0 0 0 1024 0 0 0 0 0 0 0 100 924 
0 0 0 0 0 834 190 0 0 0 0 0 0 0 1024 0 0 0 0 0 0 0 67 957 
0 0 0 0 0 685 339 0 0 0 0 0 0 1 1023 0 0 0 0 0 0 0 70 954 
0 0 0 0 0 563 461 0 0 0 0 0 0 0 1024 0 0 0 0 0 0 0 18 1006 
0 0 0 0 0 519 505 0 0 0 0 0 0 0 1024 0 0 0 0 0 0 0 48 976 
26 246 161 112 106 190 183 0 17 152 192 144 112 99 308 0 322 119 78 82 67 68 147 141 
68 355 365 175 61 0 0 0 10 258 490 219 47 0 0 0 811 197 16 0 0 0 0 0 
9 310 476 193 31 5 0 0 1 174 539 274 31 5 0 0 829 174 16 4 1 0 0 0 
0 30 210 224 129 80 351 0 0 12 166 265 114 79 376 12 253 190 76 61 49 69 133 193 
0 0 0 2 8 215 799 0 0 0 0 0 3 11 995 15 0 0 0 2 7 13 88 914 
0 0 0 0 0 222 802 0 0 0 0 0 0 0 996 28 0 0 0 0 0 0 33 991 
0 0 0 0 0 103 921 0 0 0 0 0 0 0 962 62 0 0 0 0 0 0 10 1014 
0 0 0 0 0 75 949 0 0 0 0 0 0 0 963 61 0 0 0 0 0 0 14 1010 
0 0 0 0 0 67 957 0 0 0 0 0 0 0 1012 12 0 0 0 0 0 0 2 1022 
0 0 0 0 0 66 958 0 0 0 0 0 0 0 1024 0 0 0 0 0 0 0 29 995 
0 0 0 0 0 141 883 0 0 0 0 0 0 0 1024 0 0 0 0 0 0 0 10 1014 
0 0 0 0 0 150 874 0 0 0 0 0 0 0 1023 1 0 0 0 0 0 0 94 930 
0 0 0 0 0 184 840 0 0 0 0 0 0 0 1024 0 0 0 0 0 0 0 126 898 
0 0 0 0 0 339 685 0 0 0 0 0 0 0 1024 0 0 0 0 0 0 0 125 899 
626 306 86 6 0 0 0 0 326 511 167 20 0 0 0 0 947 77 0 0 0 0 0 0 
676 301 47 0 0 0 0 0 469 484 71 0 0 0 0 0 999 25 0 0 0 0 0 0 
601 341 74 8 0 0 0 0 335 555 122 10 2 0 0 0 937 75 12 0 0 0 0 0 
390 529 105 0 0 0 0 0 206 498 314 6 0 0 0 0 970 54 0 0 0 0 0 0 
242 706 74 2 0 0 0 0 35 587 386 15 1 0 0 0 1005 18 1 0 0 0 0 0 
179 320 335 112 57 21 0 0 126 222 427 140 81 26 2 0 905 90 26 3 0 0 0 0 
268 582 172 2 0 0 0 0 190 731 99 4 0 0 0 0 1006 18 0 0 0 0 0 0 
242 487 223 67 5 0 0 0 246 593 177 8 0 0 0 0 992 32 0 0 0 0 0 0 
121 382 331 172 18 0 0 0 157 523 335 9 0 0 0 0 972 51 1 0 0 0 0 0 
88 257 407 258 14 0 0 0 66 499 414 40 4 1 0 0 946 61 11 5 0 1 0 0 
7 111 197 227 333 149 0 0 0 80 277 185 166 315 1 0 264 121 102 95 89 148 201 4 
0 12 116 181 329 385 1 0 0 2 96 191 165 567 3 0 82 111 90 89 78 106 463 5 
0 7 80 174 259 494 10 0 0 14 68 143 204 553 42 0 65 78 76 80 117 172 361 75 
0 0 0 0 59 965 0 0 0 0 0 0 0 918 106 0 0 0 0 0 0 0 844 180 
0 0 0 0 13 1011 0 0 0 0 0 0 0 862 162 0 0 0 0 0 0 0 809 215 
0 0 0 0 1 1023 0 0 0 0 0 0 0 785 239 0 0 0 0 0 0 0 773 251 
0 0 0 0 4 1020 0 0 0 0 0 0 0 763 261 0 0 0 0 0 0 0 669 355 
0 0 0 0 7 1017 0 0 0 0 0 0 4 742 278 0 0 0 0 0 0 5 699 320 
13 119 217 179 189 295 12 0 58 185 189 184 123 236 49 0 231 234 116 93 62 69 163 56 
0 0 0 0 28 996 0 0 0 0 0 2 10 660 352 0 0 0 0 0 5 10 637 372 
0 0 0 0 0 1024 0 0 0 0 0 0 0 614 410 0 0 0 0 0 0 0 598 426 
0 0 0 0 0 1024 0 0 0 0 0 0 0 527 497 0 0 0 0 0 0 0 422 602 
0 0 0 0 0 1024 0 0 0 0 0 0 0 435 589 0 0 0 0 0 0 0 389 635 
0 0 0 0 2 1022 0 0 0 0 0 0 0 294 730 0 0 0 0 0 0 1 290 733 
0 0 0 0 0 1024 0 0 0 0 0 0 0 254 770 0 0 0 0 0 0 0 285 739 
0 5 22 29 29 924 15 0 0 2 13 33 29 270 677 0 7 14 14 24 23 25 272 645 
9 108 216 262 139 288 2 0 15 129 212 265 124 129 150 0 266 247 127 50 45 38 152 99 
12 194 393 297 79 48 1 0 15 211 446 253 46 36 17 0 615 255 66 20 14 18 28 8 
22 218 492 252 40 0 0 0 8 243 492 267 14 0 0 0 844 172 8 0 0 0 0 0 
24 452 451 77 11 9 0 0 2 281 607 106 15 11 2 0 868 125 13 15 3 0 0 0 
0 35 143 167 90 585 4 0 0 20 141 143 99 108 513 0 162 115 61 61 47 74 256 248 
0 0 0 0 0 1022 2 0 0 0 0 0 0 11 1013 0 0 0 0 0 0 0 153 871 
0 0 0 0 0 986 38 0 0 0 0 0 0 11 1013 0 0 0 0 0 0 0 212 812 
0 0 0 0 0 1003 21 0 0 0 0 0 0 5 1019 0 0 0 0 0 0 0 185 839 
0 0 0 0 0 1011 13 0 0 0 0 0 0 16 1008 0 0 0 0 0 0 0 192 832 
0 0 0 0 0 1009 15 0 0 0 0 0 0 41 983 0 0 0 0 0 0 0 184 840 
0 0 0 0 0 1021 3 0 0 0 0 0 0 59 965 0 0 0 0 0 0 0 226 798 
0 0 0 0 0 1018 6 0 0 0 0 0 0 185 839 0 0 0 0 0 0 0 284 740 
0 0 0 0 0 1024 0 0 0 0 0 0 0 342 682 0 0 0 0 0 0 0 410 614 
0 0 0 0 0 1024 0 0 0 0 0 0 0 474 550 0 0 0 0 0 0 0 507 517 
466 366 156 35 1 0 0 0 316 565 115 27 1 0 0 0 975 47 2 0 0 0 0 0 
241 251 189 177 162 4 0 0 86 306 223 187 147 75 0 0 307 145 150 140 132 90 57 3 
283 414 164 100 63 0 0 0 219 411 181 104 76 33 0 0 718 84 68 60 53 33 8 0 
497 477 50 0 0 0 0 0 418 526 80 0 0 0 0 0 1012 12 0 0 0 0 0 0 
60 785 178 1 0 0 0 0 2 564 445 13 0 0 0 0 999 25 0 0 0 0 0 0 
23 488 464 48 1 0 0 0 9 399 540 76 0 0 0 0 955 66 3 0 0 0 0 0 
494 416 104 10 0 0 0 0 499 388 120 17 0 0 0 0 994 30 0 0 0 0 0 0 
401 556 67 0 0 0 0 0 379 630 15 0 0 0 0 0 1022 2 0 0 0 0 0 0 
254 644 123 3 0 0 0 0 62 875 87 0 0 0 0 0 1023 1 0 0 0 0 0 0 
283 522 112 41 56 10 0 0 30 687 189 50 20 48 0 0 842 60 28 27 14 18 28 7 
0 0 144 235 490 155 0 0 0 146 207 91 42 537 1 0 211 172 53 24 15 74 460 15 
0 25 128 366 280 209 7 9 22 176 334 158 43 282 3 6 259 314 111 35 23 26 256 0 
48 148 117 258 216 172 13 52 171 134 259 92 34 278 15 41 334 231 81 24 27 56 236 35 
22 258 240 115 163 226 0 0 189 283 151 18 19 364 0 0 439 168 24 16 10 37 289 41 
6 309 68 20 117 504 0 0 277 90 23 11 17 605 1 0 350 30 10 12 10 32 543 37 
0 0 1 2 261 760 0 0 0 0 1 1 8 1014 0 0 0 0 1 0 2 9 902 110 
0 0 0 0 109 915 0 0 0 0 0 0 0 1024 0 0 0 0 0 0 0 0 1000 24 
0 0 0 0 54 970 0 0 0 0 0 0 0 1024 0 0 0 0 0 0 0 0 892 132 
5 171 186 86 96 480 0 0 62 239 89 54 56 521 3 0 186 131 59 55 30 64 455 44 
0 0 0 0 26 998 0 0 0 0 0 0 0 1024 0 0 0 0 0 0 0 0 901 123 
0 0 0 0 7 1017 0 0 0 0 0 0 0 1024 0 0 0 0 0 0 0 0 772 252 
0 0 0 0 0 1024 0 0 0 0 0 0 0 1014 10 0 0 0 0 0 0 0 730 294 
0 0 0 0 0 1024 0 0 0 0 0 0 0 882 142 0 0 0 0 0 0 0 768 256 
0 16 42 29 29 908 0 0 0 3 36 27 31 713 214 0 26 29 19 20 17 30 684 199 
0 19 96 84 76 746 3 0 0 4 66 105 74 585 190 0 71 85 58 34 34 50 453 239 
0 0 0 4 11 1006 3 0 0 0 0 0 4 355 665 0 0 0 0 2 5 27 596 394 
0 0 14 42 50 900 18 0 0 0 19 36 46 331 592 0 4 20 27 19 30 55 637 232 
0 12 329 537 80 66 0 0 0 39 404 441 65 52 23 0 626 242 58 23 17 16 26 16 
1 193 658 143 26 3 0 0 17 281 612 95 19 0 0 0 847 167 10 0 0 0 0 0 
5 91 491 287 79 67 4 0 7 103 520 260 63 38 33 0 499 282 86 57 32 33 30 5 
0 61 116 71 75 670 31 0 0 53 111 64 66 133 597 0 76 76 64 41 50 92 495 130 
0 0 0 0 0 935 89 0 0 0 0 0 0 26 998 0 0 0 0 0 0 0 571 453 
0 0 0 0 0 864 160 0 0 0 0 0 0 1 1023 0 0 0 0 0 0 0 774 250 
0 0 0 0 0 905 119 0 0 0 0 0 0 0 1024 0 0 0 0 0 0 0 679 345 
0 0 0 0 0 958 66 0 0 0 0 0 0 7 1017 0 0 0 0 0 0 0 550 474 
0 0 0 0 0 949 75 0 0 0 0 0 0 2 1022 0 0 0 0 0 0 0 574 450 
0 0 0 0 0 1022 2 0 0 0 0 0 0 0 1024 0 0 0 0 0 0 0 658 366 
0 0 0 0 0 1024 0 0 0 0 0 0 0 37 987 0 0 0 0 0 0 0 735 289 
0 0 0 0 0 1024 0 0 0 0 0 0 0 190 834 0 0 0 0 0 0 0 830 194 
0 0 0 0 0 1024 0 0 0 0 0 0 0 502 522 0 0 0 0 0 0 0 809 215 
278 381 151 39 175 0 0 0 442 316 40 40 90 96 0 0 718 52 33 26 17 53 125 0 
5 25 109 270 615 0 0 0 0 10 47 158 383 426 0 0 5 11 23 94 190 292 409 0 
123 274 203 199 220 5 0 0 302 168 142 149 159 104 0 0 527 116 69 62 73 126 51 0 
146 322 293 148 112 3 0 0 271 289 202 127 104 31 0 0 558 111 128 79 54 49 45 0 
3 385 489 101 46 0 0 0 8 589 297 66 56 8 0 0 773 133 46 26 17 24 5 0 
22 464 461 76 1 0 0 0 17 333 577 88 9 0 0 0 796 189 35 3 1 0 0 0 
145 484 318 76 1 0 0 0 162 634 187 41 0 0 0 0 898 110 16 0 0 0 0 0 
440 539 39 5 1 0 0 0 246 761 13 3 1 0 0 0 991 18 6 6 3 0 0 0 
441 361 42 102 64 7 3 4 192 612 181 28 5 3 3 0 925 79 12 3 5 0 0 0 
119 104 307 426 56 8 4 0 99 531 338 45 7 4 0 0 846 159 10 9 0 0 0 0 
0 115 514 272 80 28 14 1 32 587 286 69 30 15 5 0 700 236 52 30 6 0 0 0 
15 333 358 246 53 18 1 0 227 521 201 52 21 2 0 0 792 174 47 10 1 0 0 0 
6 204 286 320 119 35 16 38 171 317 237 186 37 33 12 31 515 352 58 28 25 14 25 7 
1 160 334 254 124 54 21 76 85 213 342 190 70 41 22 61 347 391 100 63 40 25 40 18 
118 321 112 177 93 170 32 1 372 95 128 206 36 162 25 0 503 239 67 88 94 33 0 0 
47 256 71 160 286 204 0 0 230 90 97 189 80 338 0 0 349 277 29 16 13 20 311 9 
48 64 14 7 147 744 0 0 96 20 12 6 14 875 1 0 87 30 10 8 9 21 840 19 
0 0 0 0 49 975 0 0 0 0 0 0 0 1023 1 0 0 0 0 0 0 6 1000 18 
0 21 80 61 74 788 0 0 0 35 91 31 44 817 6 0 12 35 82 24 32 52 715 72 
0 0 0 0 0 1024 0 0 0 0 0 0 0 1020 4 0 0 0 0 0 0 0 1021 3 
0 0 0 3 15 1006 0 0 0 0 0 1 4 982 37 0 0 0 0 0 4 14 969 37 
0 0 0 3 5 1016 0 0 0 0 0 0 3 916 105 0 0 0 0 0 5 4 989 26 
0 0 0 6 11 1007 0 0 0 0 0 2 7 800 215 0 0 0 1 5 8 9 945 56 
0 3 49 92 82 797 1 0 0 5 41 86 62 495 335 0 23 59 47 41 32 61 681 80 
18 159 329 260 105 146 7 0 0 81 359 288 125 114 57 0 314 295 136 71 55 76 70 7 
53 323 345 104 99 99 1 0 1 171 387 226 88 121 30 0 629 145 68 35 45 87 15 0 
55 182 295 165 90 229 8 0 0 82 258 336 90 83 175 0 525 175 52 32 32 34 161 13 
13 156 487 357 11 0 0 0 7 172 678 165 2 0 0 0 600 392 32 0 0 0 0 0 
110 248 527 123 16 0 0 0 44 372 563 44 1 0 0 0 643 347 34 0 0 0 0 0 
137 558 300 21 4 4 0 0 22 399 541 52 4 4 2 0 831 177 6 4 3 3 0 0 
48 108 139 115 96 480 38 0 1 57 169 158 90 103 446 0 203 104 83 68 59 66 374 67 
0 0 0 0 0 959 65 0 0 0 0 0 0 0 1024 0 0 0 0 0 0 0 994 30 
0 0 3 13 4 959 45 0 0 0 0 12 7 17 988 0 0 0 0 11 7 5 884 117 
0 0 11 16 21 923 53 0 0 0 3 14 17 56 934 0 0 0 12 14 11 31 832 124 
0 0 11 17 21 950 25 0 0 0 4 17 19 57 927 0 0 0 12 13 12 25 712 250 
0 0 38 44 48 872 22 0 0 0 10 53 39 57 865 0 0 0 23 42 38 39 701 181 
0 0 0 4 10 982 28 0 0 0 0 0 7 37 980 0 0 0 2 4 5 11 906 96 
0 0 13 9 14 984 4 0 0 0 7 12 9 80 916 0 0 0 6 9 6 15 905 83 
0 1 14 29 35 945 0 0 0 0 2 26 30 323 643 0 0 0 6 19 27 30 910 32 
0 0 31 51 60 882 0 0 0 0 16 49 46 512 401 0 0 2 26 38 34 54 771 99 
145 407 219 92 161 0 0 0 507 124 98 126 82 87 0 0 598 136 72 39 22 36 119 2 
0 0 226 365 427 6 0 0 0 0 169 418 197 240 0 0 7 333 229 55 73 142 185 0 
61 111 335 245 262 10 0 0 148 201 211 259 102 103 0 0 406 264 153 49 47 35 70 0 
6 144 415 314 143 2 0 0 53 197 355 258 99 62 0 0 252 378 176 58 43 50 66 1 
6 49 572 328 69 0 0 0 8 374 444 141 49 8 0 0 541 358 41 58 20 6 0 0 
33 267 484 198 28 13 1 0 121 421 419 51 12 0 0 0 737 250 34 3 0 0 0 0 
239 449 298 38 0 0 0 0 517 377 126 4 0 0 0 0 934 89 1 0 0 0 0 0 
330 297 238 79 40 16 10 14 325 379 175 75 36 23 9 2 704 191 64 40 14 10 1 0 
39 335 469 140 17 19 5 0 300 328 215 152 16 13 0 0 656 226 112 24 4 2 0 0 
0 188 395 373 67 1 0 0 267 565 142 41 9 0 0 0 945 45 34 0 0 0 0 0 
13 315 369 231 91 5 0 0 378 468 150 21 7 0 0 0 942 62 16 4 0 0 0 0 
18 232 248 367 158 1 0 0 285 442 281 16 0 0 0 0 965 56 3 0 0 0 0 0 
2 39 54 184 347 398 0 0 43 117 204 65 585 10 0 0 360 66 598 0 0 0 0 0 
0 0 62 133 312 516 1 0 0 6 80 180 718 40 0 0 49 326 618 26 5 0 0 0 
460 83 72 117 164 123 5 0 483 77 93 151 176 44 0 0 597 137 198 75 17 0 0 0 
158 79 71 61 168 465 22 0 185 56 57 83 422 211 10 0 399 187 437 1 0 0 0 0 
0 71 463 295 86 109 0 0 4 124 135 351 251 158 1 0 564 123 106 41 32 51 104 3 
58 416 348 91 70 41 0 0 0 73 374 321 157 92 7 0 712 125 43 42 21 44 37 0 
22 200 363 238 66 135 0 0 0 34 303 344 168 172 3 0 466 226 81 54 37 56 103 1 
4 89 412 323 75 121 0 0 0 0 100 493 279 144 8 0 381 186 222 66 34 53 76 6 
0 6 374 401 66 177 0 0 0 0 27 366 398 226 7 0 392 174 184 46 43 49 130 6 
0 5 374 494 47 104 0 0 0 0 20 439 436 105 24 0 350 241 231 58 29 37 69 9 
0 6 455 445 63 55 0 0 0 0 33 492 417 71 11 0 437 251 174 54 40 40 28 0 
0 50 627 262 37 48 0 0 0 3 116 456 380 60 9 0 648 168 101 31 24 24 24 4 
19 279 527 195 4 0 0 0 0 87 224 478 234 1 0 0 841 156 24 3 0 0 0 0 
65 357 505 96 1 0 0 0 0 152 275 439 158 0 0 0 994 30 0 0 0 0 0 0 
237 263 433 91 0 0 0 0 64 252 201 365 142 0 0 0 997 27 0 0 0 0 0 0 
132 288 552 52 0 0 0 0 40 298 347 310 29 0 0 0 748 252 24 0 0 0 0 0 
357 218 346 96 7 0 0 0 225 327 207 185 80 0 0 0 826 192 6 0 0 0 0 0 
490 405 108 21 0 0 0 0 190 574 182 72 6 0 0 0 880 109 35 0 0 0 0 0 
143 148 322 328 42 39 2 0 11 248 270 330 112 30 23 0 320 407 184 46 27 22 17 1 
0 75 393 259 88 207 2 0 0 19 326 301 130 76 172 0 78 505 136 53 32 42 169 9 
0 88 365 220 116 225 10 0 0 0 297 334 139 105 149 0 43 208 407 91 49 56 139 31 
0 41 507 201 107 135 33 0 0 0 327 411 105 83 98 0 27 165 496 118 47 89 73 9 
0 26 386 252 106 233 21 0 0 0 206 419 114 120 165 0 1 72 401 187 82 86 160 35 
0 170 504 213 42 67 28 0 0 8 445 393 67 70 41 0 0 186 554 134 46 92 12 0 
0 258 453 81 38 193 1 0 0 8 524 212 66 79 135 0 7 303 412 68 32 131 63 8 
12 414 305 79 54 160 0 0 0 151 459 149 81 144 40 0 3 497 227 60 44 141 43 9 
65 465 223 62 62 147 0 0 0 244 435 122 56 147 20 0 1 492 268 40 59 108 53 3 
11 214 375 187 79 158 0 0 0 39 433 266 86 192 8 0 8 124 454 185 79 156 14 4 
116 382 332 138 54 2 0 0 465 264 162 82 45 6 0 0 807 173 44 0 0 0 0 0 
0 18 168 434 375 28 1 0 1 36 295 433 251 8 0 0 298 628 98 0 0 0 0 0 
60 234 317 260 133 20 0 0 233 267 256 196 67 5 0 0 642 298 84 0 0 0 0 0 
0 33 173 563 234 18 3 0 6 78 359 521 56 4 0 0 608 391 25 0 0 0 0 0 
23 111 456 258 131 30 15 0 92 355 383 147 32 12 3 0 698 267 38 11 7 3 0 0 
9 178 369 137 57 57 88 129 137 350 182 61 52 61 95 86 527 151 45 47 56 97 65 36 
281 453 136 43 26 55 19 11 567 256 53 41 42 40 19 6 834 65 17 25 47 27 9 0 
183 287 394 107 37 10 6 0 141 413 199 226 40 5 0 0 820 172 27 5 0 0 0 0 
12 261 594 131 22 4 0 0 159 266 397 197 5 0 0 0 918 106 0 0 0 0 0 0 
0 41 281 561 138 3 0 0 70 522 394 38 0 0 0 0 956 68 0 0 0 0 0 0 
6 185 546 228 59 0 0 0 288 598 129 9 0 0 0 0 1000 24 0 0 0 0 0 0 
0 0 137 649 233 5 0 0 7 299 652 66 0 0 0 0 910 114 0 0 0 0 0 0 
0 522 127 268 75 32 0 0 496 182 270 38 38 0 0 0 903 79 40 2 0 0 0 0 
90 762 89 33 31 19 0 0 783 145 45 21 27 3 0 0 766 113 67 23 23 18 10 4 
335 381 118 89 47 41 13 0 647 154 94 61 29 38 1 0 758 118 78 47 23 0 0 0 
129 280 125 95 147 82 61 105 262 226 78 101 145 73 49 90 539 147 55 74 59 51 66 33 
88 449 273 113 47 46 7 1 61 216 516 152 33 43 3 0 764 126 50 32 48 4 0 0 
242 559 95 28 89 11 0 0 10 399 374 139 86 16 0 0 886 10 17 87 24 0 0 0 
79 286 476 64 76 43 0 0 5 201 443 251 82 41 1 0 708 181 12 62 57 4 0 0 
232 276 311 77 20 100 8 0 34 276 424 161 9 99 21 0 744 150 2 3 44 81 0 0 
85 257 412 139 3 120 8 0 10 180 472 219 15 73 55 0 630 234 20 12 30 98 0 0 
50 255 407 165 21 105 21 0 12 129 420 310 26 67 60 0 542 292 36 18 37 97 2 0 
37 327 401 99 61 78 21 0 4 120 493 230 64 65 48 0 586 242 26 34 45 91 0 0 
51 309 357 140 52 80 35 0 5 120 405 261 101 66 66 0 577 242 18 43 49 95 0 0 
32 264 449 107 66 86 20 0 9 134 363 298 90 74 56 0 675 128 40 46 56 79 0 0 
4 311 453 74 82 81 19 0 0 112 406 308 73 74 51 0 662 145 30 65 38 84 0 0 
8 287 391 161 77 93 7 0 1 89 312 327 188 96 11 0 712 104 39 69 41 59 0 0 
2 246 457 162 85 72 0 0 2 104 225 467 148 78 0 0 687 118 89 54 70 6 0 0 
3 26 479 311 104 101 0 0 2 25 272 509 114 101 1 0 513 171 161 84 69 26 0 0 
15 158 195 115 284 251 6 0 3 96 195 160 267 260 43 0 309 67 89 194 252 113 0 0 
0 1 201 51 78 469 224 0 0 0 16 191 82 297 438 0 206 36 30 31 109 569 43 0 
0 9 63 49 27 187 689 0 0 8 29 60 42 59 823 3 23 36 53 31 30 649 195 7 
0 0 0 0 0 112 912 0 0 0 0 0 0 21 1003 0 0 0 0 0 0 611 413 0 
0 0 0 0 0 155 869 0 0 0 0 0 0 26 998 0 0 0 0 0 0 588 435 1 
0 0 0 0 0 243 781 0 0 0 0 0 0 44 980 0 0 0 0 0 0 628 396 0 
0 0 0 0 0 428 596 0 0 0 0 0 0 123 901 0 0 0 0 0 0 661 363 0 
0 0 0 0 0 625 399 0 0 0 0 0 0 183 841 0 0 0 0 0 0 678 346 0 
0 0 0 0 0 762 262 0 0 0 0 0 0 376 648 0 0 0 0 0 1 695 328 0 
0 0 0 0 0 882 142 0 0 0 0 0 0 543 481 0 0 0 0 0 11 728 285 0 
0 0 0 0 14 983 27 0 0 0 0 0 7 698 319 0 0 0 0 0 32 750 242 0 
169 379 274 125 59 18 0 0 535 198 180 99 12 0 0 0 886 124 13 1 0 0 0 0 
0 9 74 321 506 85 24 5 0 26 497 409 65 19 8 0 717 255 37 8 6 1 0 0 
28 136 360 175 96 46 70 113 115 320 251 84 42 55 79 78 569 154 44 41 50 70 79 17 
0 116 560 219 76 22 13 18 0 1 113 719 134 25 15 17 849 92 35 19 13 13 3 0 
91 251 516 137 28 1 0 0 262 294 137 300 30 1 0 0 946 75 3 0 0 0 0 0 
285 244 265 112 83 35 0 0 503 307 113 79 22 0 0 0 899 76 40 9 0 0 0 0 
41 154 601 153 49 26 0 0 78 79 109 393 349 16 0 0 875 60 20 32 36 1 0 0 
0 34 780 160 13 10 17 10 0 2 38 380 565 15 16 8 952 27 12 8 15 9 1 0 
35 258 450 64 25 30 34 128 0 48 222 338 224 38 28 126 755 38 20 30 24 40 70 47 
238 126 150 118 64 103 101 124 281 135 125 81 96 113 97 96 483 110 64 48 104 94 69 52 
610 141 147 63 25 13 8 17 724 169 60 25 12 9 10 15 871 76 29 10 10 9 15 4 
853 61 73 35 2 0 0 0 875 108 36 5 0 0 0 0 974 44 6 0 0 0 0 0 
982 23 9 10 0 0 0 0 998 13 13 0 0 0 0 0 1015 9 0 0 0 0 0 0 
914 94 15 1 0 0 0 0 962 53 9 0 0 0 0 0 987 36 1 0 0 0 0 0 
1021 3 0 0 0 0 0 0 1008 16 0 0 0 0 0 0 1008 16 0 0 0 0 0 0 
266 115 53 61 64 180 203 82 334 68 54 48 62 160 239 59 347 97 47 72 115 277 52 17 
0 0 0 7 60 297 556 104 0 0 0 14 74 235 609 92 0 0 11 88 127 652 123 23 
0 0 0 2 11 598 325 88 0 0 1 2 7 397 537 80 0 0 2 5 75 839 76 27 
0 0 0 0 71 855 98 0 0 0 0 0 38 820 166 0 0 0 0 25 265 734 0 0 
0 0 0 1 6 559 458 0 0 0 0 2 5 321 696 0 0 0 1 3 34 986 0 0 
0 0 0 0 0 99 925 0 0 0 0 0 0 21 1003 0 0 0 0 0 0 1017 7 0 
0 0 0 0 0 49 975 0 0 0 0 0 0 4 1020 0 0 0 0 0 0 1021 3 0 
0 0 0 0 0 98 926 0 0 0 0 0 0 7 1017 0 0 0 0 0 2 1016 6 0 
0 0 0 0 0 60 964 0 0 0 0 0 0 12 1012 0 0 0 0 0 2 1013 9 0 
0 0 0 0 0 153 871 0 0 0 0 0 0 18 1006 0 0 0 0 0 0 1018 6 0 
0 0 0 0 0 191 833 0 0 0 0 0 0 34 990 0 0 0 0 0 12 1012 0 0 
0 0 0 0 0 504 520 0 0 0 0 0 0 204 820 0 0 0 0 0 5 1019 0 0 
0 0 0 0 0 763 261 0 0 0 0 0 0 617 407 0 0 0 0 0 79 945 0 0 
0 0 0 0 0 816 208 0 0 0 0 0 0 571 453 0 0 0 0 0 98 926 0 0 
0 0 0 0 0 659 365 0 0 0 0 0 0 291 733 0 0 0 0 0 24 1000 0 0 
0 0 0 0 0 228 793 3 0 0 0 0 0 37 984 3 0 0 0 0 0 1014 10 0 
0 0 0 0 3 308 713 0 0 0 0 0 2 82 940 0 0 0 0 0 6 1003 15 0 
0 0 0 0 0 260 764 0 0 0 0 0 0 92 932 0 0 0 0 0 16 993 15 0 
0 0 0 0 0 363 661 0 0 0 0 0 0 90 934 0 0 0 0 0 6 1012 6 0 
0 0 0 0 0 379 645 0 0 0 0 0 0 112 912 0 0 0 0 0 0 1014 10 0 
0 0 4 51 49 441 469 10 0 1 10 61 47 175 722 8 0 4 66 49 22 854 26 3 
0 0 4 32 17 741 205 25 0 0 12 27 20 271 674 20 3 14 28 15 19 900 44 1 
0 0 0 0 0 955 69 0 0 0 0 0 0 516 508 0 0 0 0 0 7 1015 2 0 
0 0 0 0 7 990 27 0 0 0 0 0 0 864 160 0 0 0 0 0 35 985 4 0 
0 0 0 0 2 1018 4 0 0 0 0 0 0 955 69 0 0 0 0 0 10 1012 2 0 
274 239 118 96 185 60 43 9 239 319 98 150 130 41 40 7 593 58 148 120 61 35 4 5 
76 164 554 183 45 2 0 0 70 458 414 73 9 0 0 0 789 188 45 2 0 0 0 0 
327 497 188 12 0 0 0 0 507 470 47 0 0 0 0 0 1017 7 0 0 0 0 0 0 
23 663 307 31 0 0 0 0 27 286 443 262 6 0 0 0 932 81 11 0 0 0 0 0 
277 446 296 5 0 0 0 0 302 165 394 163 0 0 0 0 1020 4 0 0 0 0 0 0 
102 434 357 70 50 11 0 0 168 383 386 74 13 0 0 0 908 84 28 4 0 0 0 0 
3 339 658 24 0 0 0 0 3 191 658 171 1 0 0 0 869 154 1 0 0 0 0 0 
0 248 612 59 91 14 0 0 0 210 632 85 90 7 0 0 728 171 36 76 13 0 0 0 
16 619 302 15 56 16 0 0 0 58 566 315 75 10 0 0 929 12 20 57 6 0 0 0 
15 345 504 150 10 0 0 0 2 98 555 324 45 0 0 0 699 216 97 12 0 0 0 0 
237 210 186 207 171 13 0 0 280 231 128 203 170 12 0 0 548 95 150 164 66 1 0 0 
290 147 97 103 354 33 0 0 344 133 84 116 316 31 0 0 517 58 92 248 106 3 0 0 
382 87 65 121 203 165 1 0 397 86 94 96 186 164 1 0 505 106 75 120 188 30 0 0 
340 97 108 74 234 169 2 0 331 109 99 83 231 170 1 0 472 98 65 159 220 10 0 0 
350 162 82 85 198 147 0 0 323 196 81 81 177 166 0 0 499 103 67 138 209 8 0 0 
14 134 137 168 265 285 21 0 8 127 168 147 250 298 26 0 143 148 124 204 266 138 1 0 
0 0 13 32 86 867 26 0 0 1 10 25 60 639 289 0 0 10 13 40 131 726 104 0 
0 0 0 0 0 941 83 0 0 0 0 0 0 583 441 0 0 0 0 0 1 952 71 0 
0 0 0 0 84 849 91 0 0 0 0 0 33 762 229 0 0 0 0 1 173 848 2 0 
2 19 32 74 140 462 221 74 2 20 40 101 129 399 268 65 13 36 115 122 113 532 67 26 
0 0 0 9 42 413 555 5 0 0 2 15 54 215 735 3 0 0 7 35 116 801 65 0 
0 0 0 0 0 345 679 0 0 0 0 0 0 39 985 0 0 0 0 0 8 986 30 0 
0 0 0 0 0 364 660 0 0 0 0 0 0 44 980 0 0 0 0 0 2 997 25 0 
0 0 0 0 0 425 599 0 0 0 0 0 0 66 958 0 0 0 0 0 2 969 53 0 
0 0 0 0 0 370 654 0 0 0 0 0 0 70 954 0 0 0 0 0 2 1019 3 0 
0 0 0 0 0 329 695 0 0 0 0 0 0 97 927 0 0 0 0 0 3 1021 0 0 
0 0 0 0 0 455 569 0 0 0 0 0 0 236 788 0 0 0 0 0 0 1024 0 0 
0 0 0 0 0 710 314 0 0 0 0 0 0 387 637 0 0 0 0 0 1 1023 0 0 
0 0 0 0 0 773 251 0 0 0 0 0 0 346 678 0 0 0 0 0 8 1016 0 0 
0 0 0 0 7 586 425 6 0 0 0 0 11 328 681 4 0 0 0 7 54 958 5 0 
0 0 0 0 8 405 441 170 0 0 0 0 2 277 597 148 0 0 0 1 51 780 137 55 
0 0 0 0 1 573 383 67 0 0 0 0 4 246 710 64 0 0 0 2 26 929 28 39 
0 0 0 0 0 591 433 0 0 0 0 0 0 326 698 0 0 0 0 0 15 1009 0 0 
0 0 0 0 0 603 421 0 0 0 0 0 0 381 643 0 0 0 0 0 48 975 1 0 
0 0 0 0 7 762 255 0 0 0 0 0 2 432 590 0 0 0 0 2 60 962 0 0 
0 0 4 40 82 743 155 0 0 0 15 49 75 606 279 0 0 5 38 91 148 736 6 0 
0 0 0 0 0 995 29 0 0 0 0 0 0 748 276 0 0 0 0 0 95 929 0 0 
0 0 0 0 1 1002 21 0 0 0 0 0 0 852 172 0 0 0 0 0 44 980 0 0 
0 0 0 0 3 1019 2 0 0 0 0 0 0 975 49 0 0 0 0 0 30 994 0 0 
0 0 0 0 17 1007 0 0 0 0 0 0 4 1014 6 0 0 0 0 0 70 954 0 0 
535 441 48 0 0 0 0 0 198 733 93 0 0 0 0 0 1002 22 0 0 0 0 0 0 
491 211 309 13 0 0 0 0 400 374 250 0 0 0 0 0 771 251 2 0 0 0 0 0 
59 375 570 20 0 0 0 0 29 762 230 3 0 0 0 0 937 86 1 0 0 0 0 0 
5 385 620 14 0 0 0 0 9 882 130 3 0 0 0 0 937 85 2 0 0 0 0 0 
90 604 313 17 0 0 0 0 157 643 206 18 0 0 0 0 877 127 20 0 0 0 0 0 
63 533 328 88 12 0 0 0 123 472 382 47 0 0 0 0 854 156 14 0 0 0 0 0 
55 538 405 26 0 0 0 0 64 475 458 27 0 0 0 0 833 190 1 0 0 0 0 0 
16 487 450 59 9 3 0 0 5 422 457 133 5 2 0 0 764 228 22 7 3 0 0 0 
0 211 287 151 186 76 32 81 0 111 358 227 160 60 32 76 293 207 140 188 83 30 39 44 
0 53 361 416 176 13 2 3 0 26 343 412 219 18 2 4 80 312 345 236 47 2 2 0 
0 0 19 319 602 84 0 0 0 0 17 271 606 130 0 0 0 3 142 554 304 21 0 0 
0 0 10 147 634 231 2 0 0 0 7 103 577 334 3 0 0 7 57 321 565 74 0 0 
0 0 0 25 324 672 3 0 0 0 0 19 230 764 11 0 0 0 13 54 646 311 0 0 
0 0 0 0 176 833 15 0 0 0 0 0 104 837 83 0 0 0 0 8 505 511 0 0 
0 0 0 0 89 910 25 0 0 0 0 0 44 877 103 0 0 0 0 0 376 648 0 0 
0 0 0 5 26 941 52 0 0 0 0 1 20 871 132 0 0 0 5 9 187 823 0 0 
0 0 0 0 1 935 88 0 0 0 0 0 0 644 380 0 0 0 0 0 20 1001 3 0 
0 0 0 0 0 915 109 0 0 0 0 0 1 561 462 0 0 0 0 0 8 1016 0 0 
0 0 0 0 0 805 219 0 0 0 0 0 0 573 451 0 0 0 0 0 12 1012 0 0 
0 0 0 0 6 897 121 0 0 0 0 0 4 458 562 0 0 0 0 0 11 1013 0 0 
0 0 0 0 0 668 356 0 0 0 0 0 0 298 726 0 0 0 0 0 10 1014 0 0 
0 0 0 0 0 634 390 0 0 0 0 0 0 232 792 0 0 0 0 0 1 1023 0 0 
0 0 0 0 0 676 348 0 0 0 0 0 0 222 802 0 0 0 0 0 0 1024 0 0 
0 0 0 0 0 690 334 0 0 0 0 0 0 187 837 0 0 0 0 0 0 1024 0 0 
0 0 0 2 13 736 273 0 0 0 0 3 11 323 687 0 0 0 0 8 23 991 2 0 
0 0 1 1 12 497 407 106 0 0 1 1 21 288 639 74 0 0 2 3 116 803 86 14 
0 0 0 0 0 837 187 0 0 0 0 0 0 488 536 0 0 0 0 0 17 1007 0 0 
0 0 0 0 1 917 106 0 0 0 0 0 0 749 275 0 0 0 0 0 38 986 0 0 
0 0 0 0 0 885 139 0 0 0 0 0 0 690 334 0 0 0 0 0 35 989 0 0 
0 0 0 0 0 889 135 0 0 0 0 0 0 658 366 0 0 0 0 0 41 983 0 0 
0 0 0 0 0 848 176 0 0 0 0 0 0 592 432 0 0 0 0 0 15 1009 0 0 
0 0 0 0 0 824 200 0 0 0 0 0 0 536 488 0 0 0 0 0 59 965 0 0 
0 0 0 0 0 864 160 0 0 0 0 0 0 566 458 0 0 0 0 0 23 1001 0 0 
0 0 0 0 7 852 165 0 0 0 0 0 1 730 293 0 0 0 0 0 38 986 0 0 
0 0 0 0 0 926 98 0 0 0 0 0 0 730 294 0 0 0 0 0 71 953 0 0 
0 0 0 0 0 951 73 0 0 0 0 0 0 868 156 0 0 0 0 0 32 992 0 0 
0 0 0 0 8 1010 6 0 0 0 0 0 4 948 72 0 0 0 0 0 55 969 0 0 
0 0 0 0 7 1015 2 0 0 0 0 0 5 980 39 0 0 0 0 3 46 975 0 0 
0 0 0 0 11 1013 0 0 0 0 0 0 0 1016 8 0 0 0 0 0 134 890 0 0 
0 0 0 1 40 983 0 0 0 0 0 0 20 1001 3 0 0 0 0 12 204 808 0 0 
99 715 178 29 3 0 0 0 168 554 300 2 0 0 0 0 992 32 0 0 0 0 0 0 
122 629 212 61 0 0 0 0 167 680 172 5 0 0 0 0 951 73 0 0 0 0 0 0 
8 494 392 112 17 1 0 0 28 464 493 35 4 0 0 0 852 160 12 0 0 0 0 0 
166 299 466 90 3 0 0 0 205 379 416 21 3 0 0 0 713 282 26 3 0 0 0 0 
288 257 321 134 21 3 0 0 329 292 296 95 12 0 0 0 695 271 57 1 0 0 0 0 
111 500 325 86 2 0 0 0 178 588 250 8 0 0 0 0 769 213 42 0 0 0 0 0 
70 894 53 7 0 0 0 0 22 941 61 0 0 0 0 0 975 47 2 0 0 0 0 0 
40 982 2 0 0 0 0 0 1 1016 7 0 0 0 0 0 1023 1 0 0 0 0 0 0 
8 768 208 39 1 0 0 0 0 685 297 41 1 0 0 0 829 160 34 1 0 0 0 0 
1 337 514 156 16 0 0 0 1 195 594 203 31 0 0 0 425 428 144 26 1 0 0 0 
0 69 305 504 145 1 0 0 0 35 266 515 202 6 0 0 67 218 456 263 20 0 0 0 
0 2 47 325 493 157 0 0 0 0 32 248 505 238 1 0 0 28 186 425 341 44 0 0 
0 0 1 35 376 612 0 0 0 0 0 27 293 696 8 0 0 0 9 135 524 356 0 0 
0 0 1 14 86 915 8 0 0 0 1 10 63 933 17 0 0 0 5 29 258 732 0 0 
0 0 2 7 19 968 28 0 0 0 0 5 11 935 73 0 0 0 4 6 141 873 0 0 
0 0 5 19 23 959 18 0 0 0 0 14 22 916 72 0 5 14 8 15 113 867 2 0 
0 0 0 0 0 972 52 0 0 0 0 0 0 872 152 0 0 0 0 0 20 1004 0 0 
0 0 0 0 1 986 37 0 0 0 0 0 0 854 170 0 0 0 0 0 23 1001 0 0 
0 0 0 0 0 944 80 0 0 0 0 0 0 822 202 0 0 0 0 0 26 998 0 0 
0 0 0 0 0 936 88 0 0 0 0 0 0 730 294 0 0 0 0 0 21 1003 0 0 
0 0 0 0 1 898 125 0 0 0 0 0 0 639 385 0 0 0 0 0 50 974 0 0 
0 0 0 0 2 808 214 0 0 0 0 0 1 595 428 0 0 0 0 0 50 974 0 0 
0 0 0 0 0 847 177 0 0 0 0 0 0 563 461 0 0 0 0 0 23 1001 0 0 
0 0 0 0 0 891 133 0 0 0 0 0 0 501 523 0 0 0 0 0 32 992 0 0 
0 0 0 0 0 830 188 6 0 0 0 0 0 581 437 6 0 0 0 0 129 889 6 0 
0 0 13 26 21 778 121 65 0 0 13 27 20 577 325 62 0 11 17 20 146 762 37 31 
0 0 0 0 1 878 145 0 0 0 0 0 0 716 308 0 0 0 0 0 96 928 0 0 
0 0 0 0 4 964 56 0 0 0 0 0 1 793 230 0 0 0 0 2 133 889 0 0 
0 0 0 0 1 978 45 0 0 0 0 0 2 840 182 0 0 0 0 0 139 885 0 0 
0 0 0 0 7 967 50 0 0 0 0 0 0 888 136 0 0 0 0 12 200 812 0 0 
0 0 0 0 0 948 76 0 0 0 0 0 0 894 130 0 0 0 0 0 164 860 0 0 
0 0 0 0 4 965 55 0 0 0 0 0 2 852 170 0 0 0 0 0 256 768 0 0 
0 0 0 0 10 989 25 0 0 0 0 0 9 916 99 0 0 0 0 11 380 633 0 0 
0 0 0 0 3 963 58 0 0 0 0 0 1 825 198 0 0 0 0 0 120 904 0 0 
0 0 0 0 14 993 17 0 0 0 0 0 8 889 127 0 0 0 0 7 141 876 0 0 
0 0 0 0 5 1018 1 0 0 0 0 0 0 982 42 0 0 0 0 0 122 902 0 0 
0 0 0 0 7 1016 1 0 0 0 0 0 4 1008 12 0 0 0 0 0 161 863 0 0 
0 0 0 0 23 1001 0 0 0 0 0 0 8 1011 5 0 0 0 0 9 234 781 0 0 
0 0 0 0 39 985 0 0 0 0 0 0 26 997 1 0 0 0 0 8 291 725 0 0 
0 0 0 3 110 911 0 0 0 0 0 1 40 982 1 0 0 0 0 16 320 688 0 0 
169 429 231 180 15 0 0 0 331 442 234 17 0 0 0 0 864 160 0 0 0 0 0 0 
18 344 398 223 41 0 0 0 102 538 322 62 0 0 0 0 737 270 17 0 0 0 0 0 
83 463 281 185 12 0 0 0 166 535 292 31 0 0 0 0 754 251 19 0 0 0 0 0 
192 519 295 18 0 0 0 0 270 616 135 3 0 0 0 0 797 197 30 0 0 0 0 0 
217 737 64 6 0 0 0 0 141 826 52 5 0 0 0 0 963 51 10 0 0 0 0 0 
109 906 9 0 0 0 0 0 44 975 5 0 0 0 0 0 1021 3 0 0 0 0 0 0 
122 902 0 0 0 0 0 0 16 1005 3 0 0 0 0 0 1024 0 0 0 0 0 0 0 
27 985 12 0 0 0 0 0 1 1008 15 0 0 0 0 0 1020 4 0 0 0 0 0 0 
17 755 207 43 2 0 0 0 0 680 286 49 9 0 0 0 871 120 32 1 0 0 0 0 
1 340 418 206 58 1 0 0 0 272 432 247 72 1 0 0 444 364 165 50 1 0 0 0 
0 81 310 382 232 19 0 0 0 69 283 361 285 26 0 0 137 254 332 269 32 0 0 0 
0 9 81 309 535 90 0 0 0 3 72 256 536 156 1 0 9 75 240 458 231 11 0 0 
0 0 0 55 451 509 9 0 0 0 0 29 366 620 9 0 0 0 20 229 578 197 0 0 
0 0 5 8 123 885 3 0 0 0 5 6 66 935 12 0 0 5 5 23 368 623 0 0 
0 0 0 0 45 972 7 0 0 0 0 0 17 966 41 0 0 0 0 2 267 755 0 0 
0 0 0 0 13 997 14 0 0 0 0 0 7 951 66 0 0 0 0 2 117 905 0 0 
0 0 0 0 10 955 59 0 0 0 0 0 9 853 162 0 0 0 1 12 150 861 0 0 
0 0 0 0 0 1004 20 0 0 0 0 0 0 886 138 0 0 0 0 0 41 982 1 0 
0 0 0 0 2 1001 21 0 0 0 0 0 5 876 143 0 0 0 0 2 201 821 0 0 
0 0 0 0 1 983 40 0 0 0 0 0 0 880 144 0 0 0 0 0 78 946 0 0 
0 0 0 0 0 964 60 0 0 0 0 0 0 827 197 0 0 0 0 0 66 958 0 0 
0 0 0 0 0 953 71 0 0 0 0 0 0 694 330 0 0 0 0 0 57 967 0 0 
0 0 0 0 2 971 51 0 0 0 0 0 2 800 222 0 0 0 0 0 63 961 0 0 
0 0 0 0 6 992 26 0 0 0 0 0 4 847 173 0 0 0 0 2 161 861 0 0 
0 0 0 0 0 967 57 0 0 0 0 0 0 893 131 0 0 0 0 0 181 843 0 0 
0 0 0 0 0 962 62 0 0 0 0 0 0 850 174 0 0 0 0 0 175 849 0 0 
0 0 0 0 0 963 61 0 0 0 0 0 0 916 108 0 0 0 0 0 202 822 0 0 
0 0 0 0 11 957 56 0 0 0 0 0 10 960 54 0 0 0 0 12 335 677 0 0 
0 0 0 0 7 978 39 0 0 0 0 0 6 952 66 0 0 0 0 10 374 640 0 0 
0 0 0 0 11 1008 5 0 0 0 0 0 10 971 43 0 0 0 0 9 408 607 0 0 
0 0 0 0 4 1014 6 0 0 0 0 0 0 957 67 0 0 0 0 1 407 616 0 0 
0 0 0 0 8 1001 15 0 0 0 0 0 5 957 62 0 0 0 0 3 414 607 0 0 
0 0 0 0 28 996 0 0 0 0 0 0 24 973 27 0 0 0 0 24 470 530 0 0 
0 0 0 0 54 963 7 0 0 0 0 0 32 973 19 0 0 0 0 19 405 600 0 0 
0 0 0 0 33 991 0 0 0 0 0 0 18 988 18 0 0 0 0 12 196 816 0 0 
0 0 0 0 11 1007 6 0 0 0 0 0 8 994 22 0 0 0 0 0 348 676 0 0 
0 0 0 0 36 988 0 0 0 0 0 0 21 995 8 0 0 0 0 5 442 574 3 0 
0 0 0 0 33 991 0 0 0 0 0 0 13 1011 0 0 0 0 0 2 553 469 0 0 
0 0 0 10 224 790 0 0 0 0 0 8 140 876 0 0 0 0 7 47 570 400 0 0 
0 0 5 44 320 655 0 0 0 0 3 37 168 816 0 0 0 7 35 95 693 194 0 0 
190 771 60 2 1 0 0 0 226 706 89 2 1 0 0 0 970 50 4 0 0 0 0 0 
57 684 236 47 0 0 0 0 58 678 234 52 2 0 0 0 774 201 47 2 0 0 0 0 
33 825 146 20 0 0 0 0 12 805 187 20 0 0 0 0 910 98 15 1 0 0 0 0 
58 893 68 5 0 0 0 0 1 905 111 7 0 0 0 0 994 29 1 0 0 0 0 0 
12 876 105 29 2 0 0 0 0 872 119 31 2 0 0 0 964 49 11 0 0 0 0 0 
12 901 55 31 25 0 0 0 0 892 74 31 27 0 0 0 947 40 32 5 0 0 0 0 
9 839 97 42 36 1 0 0 0 814 130 45 33 2 0 0 920 51 45 8 0 0 0 0 
3 705 199 75 35 7 0 0 0 607 297 77 36 7 0 0 869 89 50 13 3 0 0 0 
0 489 360 103 47 25 0 0 0 329 495 124 45 31 0 0 779 153 51 38 3 0 0 0 
0 155 437 268 147 17 0 0 0 90 453 295 150 36 0 0 428 310 209 72 5 0 0 0 
0 7 185 351 395 85 1 0 0 2 169 323 418 110 2 0 79 191 377 313 64 0 0 0 
0 1 50 201 524 248 0 0 0 0 48 174 465 332 5 0 5 75 206 429 303 6 0 0 
0 0 6 47 413 557 1 0 0 0 3 36 297 682 6 0 0 6 40 289 657 32 0 0 
0 0 2 19 133 863 7 0 0 0 1 14 89 899 21 0 0 1 18 73 637 295 0 0 
0 0 0 2 32 977 13 0 0 0 0 1 16 954 53 0 0 0 1 8 479 536 0 0 
0 0 0 0 51 949 24 0 0 0 0 0 33 910 81 0 0 0 0 26 572 426 0 0 
0 0 0 0 2 985 37 0 0 0 0 0 2 874 148 0 0 0 0 3 323 698 0 0 
0 0 0 0 17 945 62 0 0 0 0 0 13 866 145 0 0 0 0 39 460 525 0 0 
0 0 0 0 4 994 26 0 0 0 0 0 4 914 106 0 0 0 0 4 408 612 0 0 
0 0 0 0 7 961 56 0 0 0 0 0 5 854 165 0 0 0 0 8 382 634 0 0 
0 0 0 0 8 1004 12 0 0 0 0 0 4 952 68 0 0 0 0 4 340 680 0 0 
0 0 0 0 38 959 27 0 0 0 0 0 33 857 134 0 0 0 0 42 465 517 0 0 
0 0 0 0 11 962 51 0 0 0 0 0 9 914 101 0 0 0 0 9 333 682 0 0 
0 0 0 0 1 978 45 0 0 0 0 0 1 934 89 0 0 0 0 3 277 744 0 0 
0 0 0 0 7 1003 14 0 0 0 0 0 5 971 48 0 0 0 0 5 431 588 0 0 
0 0 0 0 1 1003 20 0 0 0 0 0 1 982 41 0 0 0 0 5 539 480 0 0 
0 0 0 0 16 998 10 0 0 0 0 0 8 994 22 0 0 0 0 7 570 447 0 0 
0 0 0 0 18 995 11 0 0 0 0 0 10 1002 12 0 0 0 0 19 561 444 0 0 
0 0 0 0 3 1019 2 0 0 0 0 0 1 1011 12 0 0 0 0 1 344 679 0 0 
0 0 0 0 24 998 2 0 0 0 0 1 24 988 11 0 0 0 3 19 312 690 0 0 
0 0 0 0 29 993 2 0 0 0 0 0 31 971 22 0 0 0 0 19 471 534 0 0 
0 0 0 19 126 870 9 0 0 0 0 18 141 859 6 0 0 0 28 164 552 280 0 0 
0 0 0 0 64 956 4 0 0 0 0 0 50 968 6 0 0 0 0 39 557 428 0 0 
0 0 0 5 65 946 8 0 0 0 0 4 51 948 21 0 0 0 5 70 507 442 0 0 
0 0 0 5 115 904 0 0 0 0 0 5 94 923 2 0 0 0 6 94 311 613 0 0 
0 0 0 0 76 948 0 0 0 0 0 0 91 933 0 0 0 0 0 74 482 468 0 0 
0 0 0 0 93 931 0 0 0 0 0 0 84 940 0 0 0 0 0 64 530 430 0 0 
0 0 0 1 197 826 0 0 0 0 0 0 154 870 0 0 0 0 2 143 590 289 0 0 
0 0 1 13 191 819 0 0 0 0 2 16 102 904 0 0 0 1 27 85 592 319 0 0 
0 0 2 9 290 723 0 0 0 0 2 9 159 854 0 0 0 3 10 41 756 214 0 0 
10 443 340 156 60 10 5 0 0 301 477 174 57 9 6 0 684 208 83 38 8 3 0 0 
0 216 446 261 86 13 2 0 0 169 495 267 80 11 2 0 529 326 129 35 4 1 0 0 
0 220 451 271 74 8 0 0 0 112 529 289 87 7 0 0 534 324 143 21 2 0 0 0 
0 121 477 363 63 0 0 0 0 91 505 346 82 0 0 0 490 379 154 1 0 0 0 0 
0 132 391 305 166 21 9 0 0 99 396 315 178 29 7 0 403 334 218 51 15 3 0 0 
0 92 326 312 211 48 23 12 0 52 333 345 215 46 22 11 290 325 271 89 27 22 0 0 
0 60 208 275 253 136 51 41 0 29 222 274 295 112 58 34 214 208 273 163 91 46 28 1 
0 14 160 261 412 128 33 16 0 9 163 277 403 125 35 12 145 190 384 233 44 27 1 0 
0 3 117 233 460 154 34 23 0 1 110 253 430 181 32 17 45 214 386 286 61 23 9 0 
0 1 40 230 518 180 21 34 0 0 41 234 484 206 26 33 12 129 354 445 45 14 25 0 
0 0 6 127 573 247 55 16 0 0 3 133 506 327 45 10 0 46 287 551 105 33 2 0 
0 0 1 56 570 368 27 2 0 0 2 64 567 364 26 1 0 9 196 669 133 15 2 0 
0 0 0 19 405 579 19 2 0 0 0 13 370 626 14 1 0 5 83 557 370 9 0 0 
0 0 0 30 282 708 4 0 0 0 0 22 268 729 5 0 0 0 73 437 512 2 0 0 
0 0 0 24 330 658 12 0 0 0 0 30 328 657 9 0 0 7 101 428 477 11 0 0 
0 0 0 4 185 835 0 0 0 0 0 2 187 831 4 0 0 0 23 299 681 21 0 0 
0 0 0 14 161 829 20 0 0 0 0 16 176 807 25 0 1 14 54 241 668 46 0 0 
0 0 0 11 156 809 48 0 0 0 0 8 138 839 39 0 0 0 27 269 654 74 0 0 
0 0 0 0 77 903 43 1 0 0 0 0 72 920 32 0 0 0 2 117 800 104 1 0 
0 0 0 21 110 760 123 10 0 0 0 23 108 802 81 10 0 11 33 124 647 198 11 0 
0 0 0 21 127 763 99 14 0 0 0 22 126 744 119 13 0 9 68 173 541 224 9 0 
0 0 2 35 157 711 108 11 0 0 7 40 145 694 131 7 0 6 67 197 505 242 7 0 
30 39 24 37 75 699 107 13 38 35 25 35 70 693 113 15 55 32 29 94 478 296 38 2 
0 0 0 0 56 916 49 3 0 0 0 0 57 897 66 4 0 0 4 68 609 334 9 0 
0 0 0 3 32 983 6 0 0 0 0 6 36 973 9 0 0 0 13 43 542 426 0 0 
0 0 0 0 54 933 37 0 0 0 0 2 61 942 19 0 0 0 7 82 640 295 0 0 
0 0 0 4 60 931 29 0 0 0 0 4 61 924 35 0 0 0 9 84 670 261 0 0 
0 0 0 13 103 896 12 0 0 0 0 15 130 858 21 0 0 5 33 150 647 189 0 0 
0 0 0 10 73 934 7 0 0 0 0 6 73 943 2 0 0 0 12 97 688 227 0 0 
0 0 0 0 36 983 5 0 0 0 0 0 41 978 5 0 0 0 0 27 785 212 0 0 
0 0 0 2 59 958 5 0 0 0 0 5 64 952 3 0 0 0 7 55 713 249 0 0 
0 0 0 0 46 975 3 0 0 0 0 0 63 957 4 0 0 0 0 47 848 129 0 0 
0 0 0 7 73 942 2 0 0 0 0 10 97 917 0 0 0 1 18 91 728 186 0 0 
0 0 0 2 25 995 2 0 0 0 0 2 30 990 2 0 0 0 0 15 755 254 0 0 
0 0 0 8 101 910 5 0 0 0 0 11 131 878 4 0 0 0 10 138 774 102 0 0 
0 0 0 21 246 757 0 0 0 0 0 24 258 742 0 0 0 2 47 264 681 30 0 0 
0 0 0 2 128 892 2 0 0 0 0 4 128 888 4 0 0 0 20 96 777 131 0 0 
0 0 0 47 382 593 2 0 0 0 0 62 335 625 2 0 0 7 73 302 634 8 0 0 
0 0 0 7 409 535 21 52 0 0 0 8 377 566 34 39 0 0 19 308 620 35 32 10 
0 0 14 46 435 424 32 73 0 0 15 41 343 522 33 70 0 10 37 241 562 90 52 32 
0 0 1 80 298 407 178 60 0 0 7 103 393 376 93 52 0 39 378 386 140 54 27 0 
0 0 0 50 250 352 257 115 0 0 0 77 300 406 170 71 0 30 280 394 189 92 39 0 
0 0 0 24 243 295 265 197 0 0 0 62 318 317 197 130 3 50 293 296 194 141 47 0 
0 0 27 95 230 218 242 212 0 3 28 161 257 220 223 132 25 203 206 198 194 156 42 0 
0 0 28 88 209 175 245 279 0 0 43 101 274 175 257 174 32 91 238 222 223 165 50 3 
0 0 5 86 272 228 269 164 0 0 19 140 282 282 179 122 14 92 262 342 176 77 51 10 
0 0 7 92 259 314 218 134 0 0 15 124 314 310 176 85 6 102 308 326 173 97 12 0 
0 0 0 43 325 359 202 95 0 0 0 67 426 321 152 58 0 28 325 383 196 77 15 0 
0 0 0 20 329 492 153 30 0 0 0 39 471 401 94 19 0 15 295 542 142 26 4 0 
0 0 10 94 375 403 109 33 0 0 8 134 479 304 82 17 1 81 360 392 134 53 3 0 
0 0 5 80 266 447 130 96 0 0 5 85 322 425 111 76 1 36 223 433 187 105 39 0 
0 0 0 32 266 585 106 35 0 0 0 20 288 606 85 25 0 1 100 498 364 40 21 0 
0 0 0 0 148 847 28 1 0 0 0 0 133 861 29 1 0 0 0 254 748 21 1 0 
0 0 0 3 111 888 19 3 0 0 0 3 113 887 18 3 0 0 14 129 828 50 3 0 
0 0 0 7 91 897 29 0 0 0 0 5 86 908 25 0 0 2 27 86 819 90 0 0 
0 0 0 0 10 987 25 2 0 0 0 0 8 984 30 2 0 0 0 7 653 363 1 0 
0 0 0 0 20 960 39 5 0 0 0 0 13 968 39 4 0 0 1 15 732 276 0 0 
0 0 0 0 52 949 23 0 0 0 0 0 54 965 5 0 0 0 1 51 658 314 0 0 
0 0 0 0 0 1006 18 0 0 0 0 0 0 1015 9 0 0 0 0 2 757 265 0 0 
0 0 0 0 1 1008 15 0 0 0 0 0 2 1008 14 0 0 0 0 1 745 278 0 0 
0 0 0 0 9 993 22 0 0 0 0 0 13 992 19 0 0 0 0 14 815 195 0 0 
0 0 0 0 23 991 10 0 0 0 0 0 10 1005 9 0 0 0 0 15 666 343 0 0 
0 0 0 0 1 1020 3 0 0 0 0 0 0 1019 5 0 0 0 0 0 423 601 0 0 
0 0 0 0 0 1024 0 0 0 0 0 0 0 1007 17 0 0 0 0 0 207 817 0 0 
0 0 0 0 3 1021 0 0 0 0 0 0 4 1014 6 0 0 0 0 1 402 621 0 0 
0 0 0 0 22 993 9 0 0 0 0 0 20 998 6 0 0 0 0 16 613 395 0 0 
0 0 0 0 13 1004 7 0 0 0 0 0 13 1005 6 0 0 0 0 24 594 406 0 0 
0 0 0 0 28 995 1 0 0 0 0 0 25 998 1 0 0 0 1 40 715 268 0 0 
0 0 0 0 38 980 6 0 0 0 0 0 26 994 4 0 0 0 0 19 819 186 0 0 
0 0 0 0 15 1004 5 0 0 0 0 0 7 1015 2 0 0 0 0 2 698 324 0 0 
0 0 0 0 5 1019 0 0 0 0 0 0 7 1012 5 0 0 0 0 3 715 306 0 0 
0 0 0 0 92 927 5 0 0 0 0 0 71 953 0 0 0 0 0 142 676 206 0 0 
0 0 0 0 14 1006 4 0 0 0 0 0 14 1008 2 0 0 0 0 17 903 104 0 0 
0 0 0 0 2 1022 0 0 0 0 0 0 7 1016 1 0 0 0 0 3 690 331 0 0 
0 0 0 0 11 1013 0 0 0 0 0 0 3 1000 21 0 0 0 0 2 530 492 0 0 
0 0 0 0 75 949 0 0 0 0 0 0 67 952 5 0 0 0 0 45 687 292 0 0 
0 0 0 0 80 944 0 0 0 0 0 0 61 963 0 0 0 0 0 36 950 38 0 0 
0 0 0 10 203 811 0 0 0 0 0 8 167 849 0 0 0 2 16 111 863 32 0 0 
0 0 0 7 320 685 12 0 0 0 0 7 219 790 8 0 0 6 13 123 830 52 0 0 
0 0 7 74 527 416 0 0 0 0 9 77 289 649 0 0 0 4 79 198 715 28 0 0 
0 171 352 255 214 32 0 0 0 116 373 299 217 19 0 0 331 323 253 102 15 0 0 0 
0 84 323 336 247 34 0 0 0 68 338 335 241 42 0 0 226 347 318 125 8 0 0 0 
0 85 285 392 210 52 0 0 0 74 301 400 197 52 0 0 302 333 264 113 12 0 0 0 
0 89 379 310 232 13 1 0 0 69 408 316 221 9 1 0 356 267 326 74 1 0 0 0 
0 57 303 310 303 50 1 0 0 21 332 333 303 35 0 0 265 293 311 150 5 0 0 0 
0 22 259 372 320 51 0 0 0 20 286 382 284 52 0 0 179 358 345 115 27 0 0 0 
0 28 425 334 213 24 0 0 0 27 447 352 178 20 0 0 380 323 260 47 14 0 0 0 
0 30 499 327 160 8 0 0 0 25 525 335 135 4 0 0 497 313 181 33 0 0 0 0 
0 2 347 308 262 105 0 0 0 0 370 307 269 78 0 0 305 266 242 197 14 0 0 0 
0 0 117 329 352 226 0 0 0 0 123 342 347 212 0 0 84 257 322 305 56 0 0 0 
0 0 26 130 476 389 3 0 0 0 29 141 478 375 1 0 16 33 263 496 216 0 0 0 
0 0 0 41 486 494 3 0 0 0 0 42 440 542 0 0 0 4 91 560 369 0 0 0 
0 0 0 26 376 622 0 0 0 0 0 18 307 699 0 0 0 4 34 363 603 20 0 0 
0 0 0 4 109 909 2 0 0 0 0 2 81 938 3 0 0 0 2 93 870 59 0 0 
0 0 0 7 73 943 1 0 0 0 0 8 54 962 0 0 0 0 6 58 819 141 0 0 
0 0 1 16 51 953 3 0 0 0 1 16 47 960 0 0 0 1 16 57 870 80 0 0 
0 0 0 0 0 1020 4 0 0 0 0 0 0 1024 0 0 0 0 0 0 601 423 0 0 
0 0 0 0 16 1007 1 0 0 0 0 0 16 1003 5 0 0 0 0 1 683 340 0 0 
0 0 0 0 23 992 9 0 0 0 0 0 18 983 23 0 0 0 0 1 761 262 0 0 
0 0 0 0 1 1023 0 0 0 0 0 0 17 1007 0 0 0 0 0 20 878 126 0 0 
0 0 0 0 0 1008 16 0 0 0 0 0 0 1023 1 0 0 0 0 2 645 377 0 0 
0 0 0 0 0 1022 2 0 0 0 0 0 0 1023 1 0 0 0 0 0 514 510 0 0 
0 0 0 0 7 1007 10 0 0 0 0 0 5 1018 1 0 0 0 0 3 525 496 0 0 
0 0 0 0 5 1019 0 0 0 0 0 0 5 1016 3 0 0 0 0 0 367 657 0 0 
0 0 0 0 0 1023 1 0 0 0 0 0 0 1024 0 0 0 0 0 0 578 446 0 0 
0 0 0 0 2 1018 4 0 0 0 0 0 2 1022 0 0 0 0 0 9 583 432 0 0 
0 0 0 0 0 1024 0 0 0 0 0 0 0 1020 4 0 0 0 0 0 541 483 0 0 
0 0 0 0 7 1017 0 0 0 0 0 0 7 1015 2 0 0 0 0 1 742 281 0 0 
0 0 0 0 2 1022 0 0 0 0 0 0 0 1024 0 0 0 0 0 0 710 314 0 0 
0 0 0 0 1 1023 0 0 0 0 0 0 0 1024 0 0 0 0 0 0 538 486 0 0 
0 0 0 0 7 1017 0 0 0 0 0 0 0 1023 1 0 0 0 0 0 542 482 0 0 
0 0 0 0 16 1007 1 0 0 0 0 0 18 990 16 0 0 0 0 16 386 622 0 0 
0 0 0 0 5 1017 2 0 0 0 0 0 0 1018 6 0 0 0 0 0 298 726 0 0 
0 0 0 0 5 1018 1 0 0 0 0 0 0 1015 9 0 0 0 0 0 440 584 0 0 
0 0 0 0 21 1002 1 0 0 0 0 0 20 1003 1 0 0 0 0 6 495 522 1 0 
0 0 0 0 73 951 0 0 0 0 0 0 27 992 5 0 0 0 0 15 696 313 0 0 
0 0 0 0 58 966 0 0 0 0 0 0 7 1017 0 0 0 0 0 0 597 427 0 0 
0 0 0 0 110 914 0 0 0 0 0 0 43 981 0 0 0 0 0 6 567 451 0 0 
0 0 0 2 225 797 0 0 0 0 0 2 54 968 0 0 0 0 0 6 648 370 0 0 
0 0 0 0 351 673 0 0 0 0 0 0 63 961 0 0 0 0 0 0 672 352 0 0 
0 419 456 95 44 10 0 0 0 216 604 142 51 11 0 0 673 223 71 45 12 0 0 0 
0 276 342 152 119 135 0 0 1 94 485 158 118 168 0 0 477 176 133 105 133 0 0 0 
0 409 365 108 65 77 0 0 0 148 584 130 74 87 1 0 681 128 72 63 70 10 0 0 
0 193 453 111 91 176 0 0 0 43 580 118 88 195 0 0 568 147 60 135 114 0 0 0 
0 139 421 137 128 199 0 0 0 41 493 148 117 225 0 0 434 192 107 193 98 0 0 0 
0 169 460 124 125 146 0 0 0 80 492 160 123 169 0 0 548 167 101 119 89 0 0 0 
0 232 550 92 56 94 0 0 0 135 636 100 55 98 0 0 750 97 51 83 43 0 0 0 
0 147 592 99 79 107 0 0 0 76 624 126 87 111 0 0 711 91 81 78 63 0 0 0 
0 98 716 130 45 35 0 0 0 32 742 163 53 34 0 0 804 122 57 22 19 0 0 0 
0 14 609 272 97 32 0 0 0 6 563 310 110 35 0 0 504 324 130 55 11 0 0 0 
0 0 253 380 318 72 1 0 0 2 217 398 331 73 3 0 141 297 331 211 44 0 0 0 
0 2 175 319 438 90 0 0 0 0 164 308 427 125 0 0 113 188 287 323 113 0 0 0 
0 0 1 90 544 389 0 0 0 0 5 70 448 490 11 0 0 7 93 338 561 25 0 0 
0 0 0 14 235 771 4 0 0 0 0 8 133 859 24 0 0 0 11 76 777 160 0 0 
0 0 0 0 120 900 4 0 0 0 0 0 37 963 24 0 0 0 0 3 794 227 0 0 
0 0 0 0 124 899 1 0 0 0 0 0 42 976 6 0 0 0 0 10 800 214 0 0 
0 0 0 0 87 937 0 0 0 0 0 0 8 1011 5 0 0 0 0 0 630 394 0 0 
0 0 0 0 37 976 11 0 0 0 0 0 12 975 37 0 0 0 0 5 515 504 0 0 
0 0 0 0 48 971 5 0 0 0 0 0 0 994 30 0 0 0 0 0 703 321 0 0 
0 0 0 0 103 909 12 0 0 0 0 0 33 965 26 0 0 0 0 1 788 235 0 0 
0 0 0 0 23 1000 1 0 0 0 0 0 5 990 29 0 0 0 0 0 732 292 0 0 
0 0 0 0 15 1007 2 0 0 0 0 0 1 995 28 0 0 0 0 10 639 375 0 0 
0 0 0 0 4 1011 9 0 0 0 0 0 0 969 55 0 0 0 0 0 566 458 0 0 
0 0 0 0 4 978 42 0 0 0 0 0 0 959 65 0 0 0 0 0 478 546 0 0 
0 0 0 0 11 997 16 0 0 0 0 0 0 969 55 0 0 0 0 0 641 383 0 0 
0 0 0 0 13 992 19 0 0 0 0 0 0 966 58 0 0 0 0 0 765 259 0 0 
0 0 0 0 9 1010 5 0 0 0 0 0 0 1007 17 0 0 0 0 0 691 333 0 0 
0 0 0 0 32 987 5 0 0 0 0 0 11 1003 10 0 0 0 0 2 678 344 0 0 
0 0 0 0 103 916 5 0 0 0 0 0 29 976 19 0 0 0 0 4 735 285 0 0 
0 0 0 0 60 963 1 0 0 0 0 0 22 981 21 0 0 0 0 2 589 433 0 0 
0 0 0 0 46 947 31 0 0 0 0 0 2 989 33 0 0 0 0 0 571 453 0 0 
0 0 0 0 28 988 8 0 0 0 0 0 20 986 18 0 0 0 0 0 537 487 0 0 
0 0 0 0 45 939 40 0 0 0 0 0 0 992 32 0 0 0 0 0 483 541 0 0 
0 0 0 0 90 926 8 0 0 0 0 0 2 1003 19 0 0 0 0 0 465 559 0 0 
0 0 0 0 95 926 3 0 0 0 0 0 40 960 24 0 0 0 0 10 454 556 4 0 
0 0 0 0 182 841 1 0 0 0 0 0 81 906 37 0 0 0 0 0 537 487 0 0 
0 0 0 0 165 859 0 0 0 0 0 0 15 998 11 0 0 0 0 0 399 623 2 0 
0 0 0 0 156 868 0 0 0 0 0 0 35 988 1 0 0 0 0 0 477 547 0 0 
0 0 0 0 289 735 0 0 0 0 0 0 64 960 0 0 0 0 0 0 587 437 0 0 
0 0 0 0 419 605 0 0 0 0 0 0 110 914 0 0 0 0 0 0 674 350 0 0 
0 443 387 76 76 42 0 0 0 149 643 104 78 50 0 0 717 145 72 68 22 0 0 0 
0 357 285 181 87 114 0 0 0 181 425 185 100 133 0 0 505 195 136 94 94 0 0 0 
0 402 447 126 41 8 0 0 0 186 629 137 58 14 0 0 788 125 89 22 0 0 0 0 
0 487 358 99 55 25 0 0 0 181 641 108 65 29 0 0 744 136 71 45 28 0 0 0 
0 323 607 39 19 36 0 0 0 102 817 49 19 37 0 0 907 47 24 12 34 0 0 0 
0 289 591 77 17 50 0 0 0 135 700 119 14 55 1 0 854 83 23 13 51 0 0 0 
0 180 653 54 34 103 0 0 0 73 732 60 49 109 1 0 803 43 55 33 90 0 0 0 
0 174 746 60 25 19 0 0 0 80 823 74 24 22 1 0 871 89 33 22 9 0 0 0 
0 46 815 73 51 39 0 0 0 14 834 86 44 46 0 0 822 99 38 60 5 0 0 0 
0 44 707 133 103 37 0 0 0 10 704 174 95 41 0 0 697 147 114 38 28 0 0 0 
0 0 346 345 206 127 0 0 0 0 319 351 206 147 1 0 258 297 191 152 126 0 0 0 
0 0 59 221 518 225 1 0 0 0 46 188 509 271 10 0 29 102 180 429 277 7 0 0 
0 0 0 50 349 625 0 0 0 0 0 25 283 693 23 0 0 0 47 263 648 66 0 0 
0 0 0 6 411 593 14 0 0 0 0 1 277 720 26 0 0 0 12 256 629 127 0 0 
0 0 0 9 220 777 18 0 0 0 0 7 58 917 42 0 0 0 6 46 843 129 0 0 
0 0 2 48 332 640 2 0 0 0 0 27 204 753 40 0 0 0 12 106 774 129 3 0 
0 0 0 19 283 718 4 0 0 0 0 11 138 857 18 0 0 0 6 44 651 323 0 0 
0 0 0 32 331 647 14 0 0 0 0 9 218 753 44 0 0 0 2 61 663 298 0 0 
0 0 0 5 264 750 5 0 0 0 0 3 134 817 70 0 0 0 0 10 676 338 0 0 
0 0 0 3 285 733 3 0 0 0 0 1 133 846 44 0 0 0 0 23 750 251 0 0 
0 0 0 0 135 877 12 0 0 0 0 0 34 959 31 0 0 0 0 11 697 316 0 0 
0 0 0 0 51 951 22 0 0 0 0 0 0 925 99 0 0 0 0 0 586 438 0 0 
0 0 0 0 15 959 50 0 0 0 0 0 0 904 120 0 0 0 0 0 482 542 0 0 
0 0 0 0 33 970 21 0 0 0 0 0 0 986 38 0 0 0 0 0 527 497 0 0 
0 0 0 0 97 925 2 0 0 0 0 0 7 988 29 0 0 0 0 0 496 528 0 0 
0 0 0 0 151 869 4 0 0 0 0 0 23 972 29 0 0 0 0 0 744 280 0 0 
0 0 0 0 129 892 3 0 0 0 0 0 43 941 40 0 0 0 0 10 718 296 0 0 
0 0 0 8 188 823 5 0 0 0 0 5 127 844 48 0 0 0 0 60 768 196 0 0 
0 0 0 0 160 845 19 0 0 0 0 0 72 893 59 0 0 0 0 37 660 327 0 0 
0 0 0 4 87 903 30 0 0 0 0 2 33 944 45 0 0 0 0 15 676 333 0 0 
0 0 0 5 163 851 5 0 0 0 0 1 40 971 12 0 0 0 0 8 770 246 0 0 
0 0 0 0 115 890 19 0 0 0 0 0 0 956 68 0 0 0 0 0 435 589 0 0 
0 0 0 0 92 927 5 0 0 0 0 0 2 947 75 0 0 0 0 0 302 722 0 0 
0 0 0 0 249 769 6 0 0 0 0 0 39 937 48 0 0 0 0 0 492 532 0 0 
0 0 0 0 128 892 4 0 0 0 0 0 22 934 68 0 0 0 0 0 454 566 4 0 
0 0 0 0 211 811 2 0 0 0 0 0 26 977 21 0 0 0 0 0 493 531 0 0 
0 0 0 0 249 774 1 0 0 0 0 0 70 948 6 0 0 0 0 0 587 437 0 0 
0 0 0 0 364 660 0 0 0 0 0 0 165 859 0 0 0 0 0 0 595 429 0 0 
0 0 0 0 373 651 0 0 0 0 0 0 139 885 0 0 0 0 0 0 606 418 0 0 
0 0 0 0 516 508 0 0 0 0 0 0 142 880 2 0 0 0 0 0 521 503 0 0 
0 345 261 117 174 127 0 0 0 134 437 127 139 187 0 0 476 157 82 155 154 0 0 0 
0 415 192 142 100 175 0 0 0 238 332 165 104 185 0 0 516 119 119 88 182 0 0 0 
0 397 311 87 74 155 0 0 0 214 465 96 74 175 0 0 619 125 65 78 137 0 0 0 
0 262 497 57 91 117 0 0 0 59 681 59 102 121 2 0 693 99 64 67 100 1 0 0 
0 201 562 102 49 110 0 0 0 43 699 101 62 119 0 0 710 109 58 58 83 6 0 0 
0 210 634 62 37 81 0 0 0 109 707 84 38 83 3 0 816 74 32 59 43 0 0 0 
0 303 503 99 60 59 0 0 0 203 577 117 55 72 0 0 792 97 51 40 44 0 0 0 
0 350 611 36 17 10 0 0 0 215 720 59 15 14 1 0 952 39 18 10 5 0 0 0 
0 41 602 230 90 60 1 0 0 29 579 253 97 65 1 0 574 224 127 72 27 0 0 0 
0 12 542 304 138 28 0 0 0 2 510 323 161 28 0 0 474 270 184 81 15 0 0 0 
0 1 352 368 237 66 0 0 0 0 315 365 268 76 0 0 316 213 289 161 44 1 0 0 
0 0 47 235 564 178 0 0 0 0 36 199 548 241 0 0 15 66 244 440 242 17 0 0 
0 0 7 121 577 318 1 0 0 0 1 87 497 420 19 0 0 38 89 377 517 3 0 0 
0 0 2 45 496 468 13 0 0 0 4 36 298 659 27 0 0 6 42 215 681 80 0 0 
0 0 1 18 373 632 0 0 0 0 0 17 141 844 22 0 0 1 18 65 855 85 0 0 
0 0 9 31 458 521 5 0 0 0 7 18 240 744 15 0 0 5 11 168 763 77 0 0 
0 0 0 1 306 708 9 0 0 0 0 0 97 873 54 0 0 0 0 25 866 133 0 0 
0 0 0 6 237 772 9 0 0 0 0 4 54 899 67 0 0 0 3 13 811 197 0 0 
0 0 0 14 264 737 9 0 0 0 0 15 95 884 30 0 0 0 0 43 829 152 0 0 
0 0 0 0 130 886 8 0 0 0 0 0 22 936 66 0 0 0 0 11 651 362 0 0 
0 0 0 0 140 863 21 0 0 0 0 0 9 954 61 0 0 0 0 0 572 452 0 0 
0 0 0 0 116 908 0 0 0 0 0 0 6 975 43 0 0 0 0 0 663 361 0 0 
0 0 0 0 56 968 0 0 0 0 0 0 2 975 47 0 0 0 0 0 650 374 0 0 
0 0 0 0 74 949 1 0 0 0 0 0 2 979 43 0 0 0 0 0 645 379 0 0 
0 0 0 0 38 985 1 0 0 0 0 0 0 956 68 0 0 0 0 0 645 379 0 0 
0 0 0 0 78 921 25 0 0 0 0 0 2 943 79 0 0 0 0 0 685 339 0 0 
0 0 0 0 58 906 60 0 0 0 0 0 8 855 161 0 0 0 0 2 590 432 0 0 
0 0 0 0 68 949 7 0 0 0 0 0 7 960 57 0 0 0 0 2 799 223 0 0 
0 0 0 2 69 943 10 0 0 0 0 0 30 955 39 0 0 0 0 17 808 199 0 0 
0 0 0 7 45 968 4 0 0 0 0 4 27 978 15 0 0 0 0 19 747 258 0 0 
0 0 1 16 125 880 2 0 0 0 0 15 52 941 16 0 0 0 6 25 795 198 0 0 
0 0 0 0 147 875 2 0 0 0 0 0 0 995 29 0 0 0 0 0 719 305 0 0 
0 0 0 0 105 919 0 0 0 0 0 0 13 1009 2 0 0 0 0 0 908 116 0 0 
0 0 0 0 103 921 0 0 0 0 0 0 5 1000 19 0 0 0 0 0 676 348 0 0 
0 0 0 0 217 807 0 0 0 0 0 0 56 954 14 0 0 0 0 0 679 345 0 0 
0 0 0 11 378 635 0 0 0 0 0 8 218 798 0 0 0 0 4 33 719 268 0 0 
0 0 0 0 333 691 0 0 0 0 0 0 163 859 2 0 0 0 0 0 624 400 0 0 
0 0 0 0 480 544 0 0 0 0 0 0 280 744 0 0 0 0 0 1 828 195 0 0 
0 0 0 0 494 530 0 0 0 0 0 0 276 748 0 0 0 0 0 0 759 265 0 0 
0 0 0 0 649 375 0 0 0 0 0 0 372 652 0 0 0 0 0 9 768 247 0 0 
0 225 209 107 242 241 0 0 0 82 330 97 108 407 0 0 320 124 79 147 336 18 0 0 
0 73 173 84 336 358 0 0 0 19 193 95 274 443 0 0 179 95 50 321 374 5 0 0 
0 63 206 89 359 307 0 0 0 6 242 97 237 442 0 0 218 82 74 330 320 0 0 0 
0 162 304 73 81 404 0 0 0 38 395 91 77 423 0 0 402 94 76 98 354 0 0 0 
0 179 377 171 65 232 0 0 0 32 487 185 76 244 0 0 497 166 86 100 171 4 0 0 
0 173 420 99 101 231 0 0 0 20 558 101 104 241 0 0 514 114 74 100 222 0 0 0 
0 100 398 168 181 177 0 0 0 56 426 168 177 197 0 0 406 188 146 155 129 0 0 0 
0 109 428 151 191 145 0 0 0 77 467 128 183 169 0 0 515 130 88 210 81 0 0 0 
0 11 426 197 111 279 0 0 0 0 404 208 108 304 0 0 395 137 126 130 236 0 0 0 
0 3 125 252 253 391 0 0 0 0 126 254 239 405 0 0 99 125 263 169 368 0 0 0 
0 0 47 258 330 387 2 0 0 0 43 252 316 413 0 0 18 86 234 329 348 9 0 0 
0 0 0 66 459 497 2 0 0 0 0 31 432 524 37 0 0 2 72 336 530 84 0 0 
0 0 0 9 450 556 9 0 0 0 0 1 366 632 25 0 0 0 2 258 684 80 0 0 
0 0 1 59 473 483 8 0 0 0 0 45 357 610 12 0 0 5 69 222 665 63 0 0 
0 0 13 61 479 471 0 0 0 0 5 50 267 693 9 0 2 29 69 195 652 77 0 0 
0 0 0 1 398 611 14 0 0 0 0 1 202 802 19 0 0 0 2 110 779 133 0 0 
0 0 0 0 172 852 0 0 0 0 0 0 41 942 41 0 0 0 0 9 799 216 0 0 
0 0 0 1 251 736 36 0 0 0 0 0 52 877 95 0 0 0 0 5 836 183 0 0 
0 0 0 3 205 803 13 0 0 0 0 0 52 901 71 0 0 0 0 0 770 254 0 0 
0 0 0 0 443 581 0 0 0 0 0 0 31 951 42 0 0 0 0 0 856 168 0 0 
0 0 0 0 186 838 0 0 0 0 0 0 17 1007 0 0 0 0 0 0 754 270 0 0 
0 0 0 0 263 748 13 0 0 0 0 0 20 943 61 0 0 0 0 0 581 440 3 0 
0 0 0 0 135 885 4 0 0 0 0 0 23 964 37 0 0 0 0 0 538 485 1 0 
0 0 0 0 119 897 8 0 0 0 0 0 18 849 157 0 0 0 0 0 392 632 0 0 
0 0 0 3 224 790 7 0 0 0 0 0 25 886 113 0 0 0 0 4 439 577 4 0 
0 0 0 0 179 831 14 0 0 0 0 0 10 885 129 0 0 0 0 1 561 462 0 0 
0 0 0 2 225 793 4 0 0 0 0 0 42 913 69 0 0 0 0 6 646 372 0 0 
0 0 0 2 422 594 6 0 0 0 0 0 56 936 32 0 0 0 0 6 838 180 0 0 
0 0 0 15 286 723 0 0 0 0 0 7 142 844 31 0 0 0 0 65 877 82 0 0 
0 0 11 16 225 770 2 0 0 0 4 17 72 913 18 0 0 0 18 28 750 228 0 0 
0 0 0 6 225 793 0 0 0 0 0 5 53 955 11 0 0 0 2 9 810 203 0 0 
0 0 0 0 116 908 0 0 0 0 0 0 23 999 2 0 0 0 0 0 684 340 0 0 
0 0 0 0 101 918 5 0 0 0 0 0 8 940 76 0 0 0 0 0 598 426 0 0 
0 0 0 0 176 848 0 0 0 0 0 0 21 973 30 0 0 0 0 0 641 381 2 0 
0 0 0 0 107 917 0 0 0 0 0 0 13 1011 0 0 0 0 0 0 752 272 0 0 
0 0 0 0 315 709 0 0 0 0 0 0 145 879 0 0 0 0 0 0 899 125 0 0 
0 0 0 0 339 685 0 0 0 0 0 0 163 856 5 0 0 0 0 0 916 108 0 0 
0 0 0 0 332 692 0 0 0 0 0 0 146 878 0 0 0 0 0 0 879 145 0 0 
0 0 0 0 359 665 0 0 0 0 0 0 216 808 0 0 0 0 0 4 733 287 0 0 
0 0 0 8 655 361 0 0 0 0 0 0 507 517 0 0 0 0 0 20 732 272 0 0 
1 640 189 113 68 13 0 0 0 470 319 123 83 29 0 0 703 127 92 69 33 0 0 0 
0 564 185 131 75 69 0 0 0 422 292 144 69 97 0 0 622 128 101 46 110 17 0 0 
0 494 193 88 143 106 0 0 0 416 250 89 120 149 0 0 569 110 64 98 172 11 0 0 
0 553 317 109 14 31 0 0 0 241 601 122 29 31 0 0 806 103 73 10 32 0 0 0 
0 420 488 77 28 11 0 0 0 86 795 90 40 13 0 0 792 156 46 23 7 0 0 0 
0 364 497 80 36 47 0 0 0 67 755 108 42 52 0 0 747 176 24 37 40 0 0 0 
0 339 613 72 0 0 0 0 0 129 792 99 4 0 0 0 939 85 0 0 0 0 0 0 
0 277 700 39 8 0 0 0 0 93 847 75 9 0 0 0 968 46 10 0 0 0 0 0 
0 130 714 162 18 0 0 0 0 35 793 181 15 0 0 0 798 183 43 0 0 0 0 0 
0 104 491 318 103 8 0 0 0 13 558 329 108 16 0 0 510 274 172 62 6 0 0 0 
0 0 180 425 357 62 0 0 0 10 157 382 391 84 0 0 99 165 370 316 74 0 0 0 
0 0 17 292 617 98 0 0 0 0 13 257 580 172 2 0 0 56 241 478 244 5 0 0 
0 0 3 52 797 172 0 0 0 0 1 23 577 423 0 0 0 0 16 367 641 0 0 0 
0 0 2 51 723 248 0 0 0 0 1 20 486 515 2 0 0 0 17 253 629 125 0 0 
0 0 0 12 844 168 0 0 0 0 0 7 502 510 5 0 0 0 4 135 813 72 0 0 
0 0 4 13 465 542 0 0 0 0 3 10 142 848 21 0 0 1 7 47 743 226 0 0 
0 0 0 0 413 603 8 0 0 0 0 0 49 951 24 0 0 0 0 4 849 171 0 0 
0 0 0 0 221 802 1 0 0 0 0 0 57 925 42 0 0 0 0 9 840 175 0 0 
0 0 0 11 216 795 2 0 0 0 0 4 32 975 13 0 0 0 2 32 900 90 0 0 
0 0 0 0 329 695 0 0 0 0 0 0 17 900 107 0 0 0 0 0 914 110 0 0 
0 0 0 0 253 770 1 0 0 0 0 0 20 933 71 0 0 0 0 0 741 283 0 0 
0 0 0 0 146 869 9 0 0 0 0 0 2 971 51 0 0 0 0 0 691 333 0 0 
0 0 0 0 345 679 0 0 0 0 0 0 55 949 20 0 0 0 0 0 888 136 0 0 
0 0 0 0 255 769 0 0 0 0 0 0 22 965 37 0 0 0 0 2 782 240 0 0 
0 0 0 0 385 623 16 0 0 0 0 0 86 915 23 0 0 0 0 0 812 212 0 0 
0 0 0 13 272 736 3 0 0 0 0 4 32 959 29 0 0 0 0 16 764 244 0 0 
0 0 0 7 581 436 0 0 0 0 0 0 90 931 3 0 0 0 0 12 876 136 0 0 
0 0 12 39 436 532 5 0 0 0 11 32 89 844 48 0 0 2 34 46 795 147 0 0 
0 0 1 19 264 734 6 0 0 0 0 11 68 933 12 0 0 0 11 36 849 128 0 0 
0 0 0 5 231 788 0 0 0 0 0 1 48 962 13 0 0 0 0 15 821 188 0 0 
0 0 0 21 361 642 0 0 0 0 0 13 110 901 0 0 0 0 0 39 782 203 0 0 
0 0 0 8 322 694 0 0 0 0 0 3 89 927 5 0 0 0 0 16 845 163 0 0 
0 0 0 0 327 695 2 0 0 0 0 0 127 863 34 0 0 0 0 0 708 316 0 0 
0 0 0 0 545 479 0 0 0 0 0 0 338 683 3 0 0 0 0 0 795 229 0 0 
0 0 0 0 669 355 0 0 0 0 0 0 472 545 7 0 0 0 0 3 724 297 0 0 
0 0 0 0 652 371 1 0 0 0 0 0 482 539 3 0 0 0 0 11 735 278 0 0 
0 0 0 0 524 500 0 0 0 0 0 0 337 687 0 0 0 0 0 0 753 271 0 0 
0 0 0 0 456 568 0 0 0 0 0 0 282 742 0 0 0 0 0 1 801 222 0 0 
0 0 0 1 606 417 0 0 0 0 0 0 444 580 0 0 0 0 0 8 823 193 0 0 
0 0 53 89 741 141 0 0 0 0 51 71 552 350 0 0 10 46 56 148 721 43 0 0 
11 654 211 136 11 0 0 0 0 400 444 137 41 0 0 0 700 177 65 72 8 0 0 0 
0 313 318 254 134 3 0 0 0 100 441 315 158 8 0 0 403 198 240 102 75 4 0 0 
0 307 382 190 94 49 0 0 0 195 420 243 92 72 0 0 481 209 187 75 70 0 0 0 
0 312 424 134 100 52 0 0 0 108 601 140 81 91 0 0 536 212 131 84 59 0 0 0 
0 457 353 176 36 0 0 0 0 232 532 192 67 0 0 0 665 211 131 16 0 0 0 0 
1 350 449 184 38 0 0 0 0 156 587 235 41 3 0 0 729 216 56 22 0 0 0 0 
0 208 435 139 116 124 0 0 0 73 528 147 113 161 0 0 571 120 99 100 105 27 0 0 
0 20 379 60 92 470 0 0 0 0 372 84 54 512 0 0 388 46 30 76 452 28 0 0 
0 0 371 27 132 492 0 0 0 0 353 44 72 553 0 0 372 9 40 81 512 8 0 0 
0 0 176 116 172 558 0 0 0 0 145 115 171 592 0 0 179 62 83 153 472 73 0 0 
0 32 180 304 280 227 0 0 0 0 171 300 272 275 4 0 108 140 262 272 185 54 0 0 
0 0 158 281 468 115 0 0 0 0 94 246 528 153 1 0 49 155 216 400 179 24 0 0 
0 0 3 30 657 332 0 0 0 0 3 17 476 521 4 0 0 3 33 236 670 80 0 0 
0 1 16 211 617 177 0 0 0 0 8 164 552 299 0 0 1 9 161 358 489 3 0 0 
0 0 1 35 715 272 0 0 0 0 0 16 376 627 4 0 0 0 25 163 574 256 4 0 
0 0 0 0 593 430 0 0 0 0 0 0 68 955 0 0 0 0 0 0 803 220 0 0 
0 0 0 4 737 281 0 0 0 0 0 0 243 779 1 0 0 0 0 22 852 148 0 0 
0 0 0 6 468 548 0 0 0 0 0 1 198 784 40 0 0 0 0 40 504 480 0 0 
0 0 0 19 612 392 0 0 0 0 0 4 259 750 9 0 0 0 0 44 769 209 0 0 
0 0 0 0 747 276 0 0 0 0 0 0 107 916 0 0 0 0 0 3 926 94 0 0 
0 0 0 6 571 446 0 0 0 0 0 3 92 896 32 0 0 0 0 4 635 384 0 0 
0 0 0 0 523 500 0 0 0 0 0 0 116 907 0 0 0 0 0 0 668 355 0 0 
0 0 0 0 419 604 0 0 0 0 0 0 51 972 0 0 0 0 0 0 644 379 0 0 
0 0 0 0 329 694 0 0 0 0 0 0 65 948 9 0 0 0 0 0 713 308 1 0 
0 0 0 0 308 715 0 0 0 0 0 0 25 971 27 0 0 0 0 0 752 272 0 0 
0 0 0 0 260 763 0 0 0 0 0 0 9 990 24 0 0 0 0 0 835 188 0 0 
0 0 0 0 324 699 0 0 0 0 0 0 36 985 1 0 0 0 0 0 736 288 0 0 
0 0 0 3 400 620 0 0 0 0 0 0 140 883 0 0 0 0 0 9 920 94 0 0 
0 0 11 19 500 489 3 0 0 0 8 16 129 752 118 0 0 3 24 25 596 369 4 0 
0 0 0 19 427 576 1 0 0 0 0 11 123 758 131 0 0 0 0 35 539 449 0 0 
0 0 6 30 657 329 0 0 0 0 0 17 185 800 20 0 0 0 20 30 804 168 0 0 
0 0 0 0 569 454 0 0 0 0 0 0 140 883 0 0 0 0 0 0 817 206 0 0 
0 0 0 0 305 715 3 0 0 0 0 0 171 852 0 0 0 0 0 0 900 123 0 0 
0 0 0 0 297 726 0 0 0 0 0 0 148 875 0 0 0 0 0 1 678 344 0 0 
0 0 0 0 593 430 0 0 0 0 0 0 393 630 0 0 0 0 0 4 771 248 0 0 
0 0 0 0 686 337 0 0 0 0 0 0 428 595 0 0 0 0 0 19 750 254 0 0 
0 0 0 0 745 278 0 0 0 0 0 0 593 430 0 0 0 0 0 8 755 260 0 0 
0 0 0 0 492 531 0 0 0 0 0 0 304 720 0 0 0 0 0 0 619 404 0 0 
0 0 0 0 569 454 0 0 0 0 0 0 318 705 0 0 0 0 0 0 764 259 0 0 
0 0 9 67 756 190 0 0 0 0 9 38 452 523 0 0 0 17 17 78 697 212 0 0 
