0 1 25 170 184 204 184 256 0 0 0 1 56 209 294 464 0 0 2 73 202 198 217 332 
0 0 70 253 257 152 74 218 0 0 0 5 131 305 240 343 0 0 12 161 300 211 103 237 
0 0 102 327 246 152 90 107 0 0 0 78 298 240 203 205 0 0 3 207 357 220 108 129 
0 1 8 61 152 232 224 346 0 0 0 1 24 127 254 618 0 0 12 83 180 261 199 289 
0 0 12 201 348 262 156 45 0 0 0 0 48 271 406 299 0 0 44 299 345 203 120 13 
0 0 15 146 289 293 180 101 0 0 0 10 107 256 358 293 0 3 83 184 309 243 153 49 
0 2 152 157 222 225 175 91 0 0 5 158 154 226 247 234 0 1 77 300 259 220 140 27 
0 0 37 161 163 242 268 153 0 0 0 28 164 225 360 247 0 0 62 269 313 242 127 11 
0 17 461 337 146 50 13 0 0 0 27 397 352 166 63 19 0 26 479 399 96 21 3 0 
0 45 470 281 160 51 16 1 0 0 169 431 208 166 40 10 11 105 509 285 84 24 5 1 
0 138 427 227 117 82 30 3 0 0 145 380 219 153 94 33 2 216 493 216 67 27 3 0 
0 34 349 369 151 75 29 17 0 0 65 297 324 194 92 52 2 100 449 278 115 54 17 9 
3 489 282 97 70 38 24 21 0 37 575 168 75 82 38 49 20 510 297 88 50 22 19 18 
0 204 364 209 131 82 29 5 0 6 254 297 221 135 81 30 26 395 316 156 90 41 0 0 
9 426 450 107 26 6 0 0 0 23 431 409 118 30 12 1 42 602 292 69 17 2 0 0 
17 462 225 140 80 68 28 0 0 4 408 190 140 110 73 96 81 534 180 137 57 24 8 0 
0 18 258 369 254 87 32 6 0 0 0 69 313 384 195 63 0 5 130 409 289 137 45 9 
0 28 407 415 130 30 14 0 0 0 3 172 465 278 78 28 0 8 276 478 203 44 12 3 
0 26 215 296 223 136 105 23 0 0 4 96 260 278 200 186 0 10 139 332 254 174 90 25 
0 7 162 266 204 178 161 46 0 0 1 90 209 228 207 289 0 13 138 314 235 181 117 26 
0 3 196 420 268 81 42 14 0 0 0 70 310 376 185 83 0 15 232 450 227 72 22 6 
0 1 65 214 263 274 178 29 0 0 0 32 210 320 320 142 0 34 232 314 249 134 54 7 
0 3 207 246 227 206 106 29 0 0 13 258 214 231 204 104 0 7 165 412 246 148 39 7 
0 2 108 250 338 201 106 19 0 0 4 115 250 347 230 78 0 16 187 346 287 130 52 6 
0 11 330 398 211 60 12 2 0 0 20 306 422 231 41 4 1 69 461 363 106 20 4 0 
0 125 420 214 136 80 47 2 0 0 169 416 178 150 86 25 10 228 468 198 78 31 11 0 
0 108 307 247 210 129 23 0 0 4 148 312 269 181 102 8 26 356 357 180 93 11 1 0 
0 21 273 368 225 113 22 2 0 5 62 248 404 222 72 11 2 111 472 316 89 29 5 0 
1 133 437 325 99 25 4 0 0 35 215 419 263 66 23 3 11 324 509 148 23 8 1 0 
0 154 385 255 181 36 10 3 0 47 218 348 272 112 20 7 36 360 378 205 35 9 1 0 
20 424 408 151 20 1 0 0 0 129 457 316 102 19 1 0 53 571 334 59 7 0 0 0 
3 755 257 8 0 0 0 0 0 107 689 214 12 0 0 0 24 824 174 1 0 0 0 0 
0 62 508 347 75 25 7 0 0 0 7 266 478 207 46 20 0 28 282 493 175 34 10 2 
0 129 654 208 28 4 1 0 0 0 27 449 381 147 17 3 0 77 654 253 34 5 1 0 
0 62 376 363 140 60 23 0 0 0 15 207 362 262 114 64 2 75 413 319 134 61 19 1 
0 104 435 252 116 62 50 5 0 0 116 325 256 157 91 79 1 73 470 268 121 68 20 3 
0 84 358 278 159 81 51 13 0 3 42 274 287 207 105 106 5 83 331 320 166 73 36 10 
0 69 238 301 227 136 37 16 0 0 87 184 257 265 177 54 0 28 291 388 208 83 25 1 
2 43 124 207 263 201 150 34 0 1 29 106 172 268 226 222 2 44 163 267 244 179 120 5 
2 96 253 255 142 157 97 22 0 3 101 264 233 175 140 108 1 69 294 283 167 150 52 8 
1 84 255 323 202 120 38 1 0 15 98 323 339 203 40 6 2 86 336 337 166 93 3 1 
0 203 456 194 120 41 9 1 0 9 290 396 208 90 29 2 7 375 409 145 56 31 1 0 
1 124 255 240 177 174 50 3 0 35 189 249 268 197 73 13 46 310 329 161 117 52 9 0 
8 151 361 246 162 72 21 3 0 43 193 292 258 143 61 34 36 357 361 167 80 17 6 0 
7 415 359 157 61 21 4 0 0 69 433 308 115 58 29 12 36 538 307 108 32 3 0 0 
16 521 373 80 30 3 1 0 0 125 595 204 73 22 5 0 63 692 213 48 6 2 0 0 
29 596 297 81 13 6 2 0 0 180 533 250 42 13 6 0 106 712 170 30 3 3 0 0 
24 526 348 108 16 0 0 0 0 64 446 316 124 52 19 0 68 683 235 35 1 0 0 0 
0 121 425 232 133 81 26 6 0 0 156 396 193 131 88 60 1 8 362 344 228 55 17 9 
1 115 405 280 173 44 5 1 0 4 142 328 237 179 95 39 1 54 490 311 111 48 4 5 
1 484 351 119 45 18 6 0 0 40 548 262 105 52 14 3 4 195 629 134 45 13 4 0 
1 394 483 93 32 10 8 3 0 26 580 305 69 24 13 7 1 169 671 113 38 15 12 5 
0 548 377 69 16 11 2 1 0 17 643 276 57 17 11 3 0 168 683 133 24 14 1 1 
4 399 349 135 74 35 24 4 0 27 474 250 135 73 36 29 1 186 519 173 82 30 27 6 
9 241 289 167 124 97 73 24 0 16 264 266 152 126 95 105 6 195 322 189 138 102 58 14 
14 379 363 146 67 34 20 1 0 34 441 288 138 58 36 29 7 251 462 174 69 36 23 2 
6 466 343 151 48 8 2 0 0 85 477 283 130 40 7 2 4 369 404 181 56 8 1 1 
2 427 422 109 21 14 10 19 0 69 599 264 44 18 12 18 2 374 484 108 21 14 14 7 
6 207 340 288 101 28 24 30 1 45 310 305 191 95 40 37 12 241 393 236 74 31 29 8 
37 347 329 213 79 17 2 0 1 78 275 279 235 111 39 6 37 369 340 193 72 11 2 0 
67 505 305 122 22 3 0 0 0 180 403 273 134 30 4 0 45 538 319 105 13 4 0 0 
247 631 116 22 7 1 0 0 3 649 286 68 15 3 0 0 138 754 110 21 1 0 0 0 
395 592 35 2 0 0 0 0 3 770 236 13 2 0 0 0 238 750 34 2 0 0 0 0 
174 622 216 9 1 0 0 0 0 435 462 110 16 0 0 0 99 795 121 8 0 0 0 0 
2 32 208 136 201 190 212 43 0 2 65 178 71 106 186 416 0 15 170 207 273 231 113 15 
0 31 147 180 144 157 277 88 0 1 38 160 132 82 130 481 0 19 138 226 201 249 189 2 
2 66 110 115 137 199 323 72 0 51 99 86 84 70 163 471 1 75 121 119 222 308 178 0 
0 26 108 143 244 238 199 66 0 6 65 77 120 181 220 355 1 33 127 222 303 234 102 2 
5 314 135 80 68 150 202 70 0 56 298 80 54 66 133 337 0 187 276 120 146 225 67 3 
10 302 130 68 66 80 155 213 0 42 313 82 34 48 116 389 1 152 287 102 108 176 197 1 
11 218 186 102 73 78 148 208 0 45 205 128 110 82 104 350 12 194 216 126 116 182 177 1 
12 300 135 59 53 95 186 184 0 97 271 75 51 51 129 350 9 258 198 96 119 215 129 0 
22 355 49 46 55 109 207 181 0 217 157 43 29 63 127 388 6 331 124 70 166 222 105 0 
10 248 90 67 80 186 208 135 0 168 122 39 45 77 164 409 6 250 149 115 222 214 68 0 
2 92 138 159 143 185 221 84 0 35 94 107 110 109 215 354 7 127 206 243 230 194 17 0 
34 216 193 100 117 172 157 35 0 67 187 175 81 104 144 266 54 215 254 188 196 113 3 1 
95 305 209 138 123 105 47 2 1 204 216 144 101 111 122 125 112 367 262 160 89 32 2 0 
168 499 152 96 66 30 10 3 11 402 238 98 87 90 60 38 193 562 155 71 31 9 3 0 
186 309 228 159 93 39 10 0 24 264 124 130 167 152 114 49 169 529 180 109 33 4 0 0 
25 268 348 203 128 44 4 0 0 30 100 179 272 224 148 68 83 416 337 150 35 1 0 0 
0 18 125 173 176 197 245 90 0 0 5 69 146 155 216 433 1 19 138 217 226 216 187 20 
1 21 58 134 177 236 295 102 0 0 12 49 86 147 225 505 4 43 110 166 225 262 173 41 
3 100 338 124 91 107 166 95 0 1 99 266 177 98 103 280 8 107 362 146 114 160 119 8 
2 63 402 132 112 113 125 75 0 0 55 353 171 104 118 223 8 120 417 138 119 124 93 5 
0 38 485 85 53 57 118 188 0 0 26 444 135 57 61 301 8 55 478 118 62 132 158 13 
0 29 398 193 58 55 105 186 0 0 30 334 233 87 70 270 2 54 433 174 77 124 156 4 
0 26 263 291 117 100 103 124 0 0 27 209 321 142 124 201 6 70 346 240 121 116 117 8 
0 11 335 250 67 48 111 202 0 0 22 260 296 89 75 282 1 51 407 185 88 134 157 1 
0 12 279 299 65 70 116 183 0 0 15 200 362 86 98 263 1 64 393 198 98 143 126 1 
1 26 268 156 95 112 148 218 0 6 28 232 194 113 118 333 14 127 300 129 114 182 154 4 
2 61 179 167 101 128 160 226 1 32 49 140 187 118 139 358 22 169 233 139 150 172 126 13 
0 56 257 189 122 139 172 89 0 2 42 196 228 140 143 273 27 160 305 162 157 158 53 2 
0 108 408 125 120 111 111 41 0 0 130 346 139 111 111 187 25 329 307 136 115 86 25 1 
7 348 253 88 88 90 105 45 0 58 342 190 85 91 82 176 94 455 168 97 107 77 26 0 
5 475 108 73 77 102 124 60 0 55 443 77 71 65 99 214 99 488 104 100 116 99 17 1 
9 140 92 126 168 192 246 48 0 1 96 91 102 131 195 406 108 174 148 200 233 139 19 0 
0 35 293 351 154 97 52 42 0 0 58 144 395 194 118 115 0 10 210 379 195 112 60 58 
5 87 416 272 77 45 41 81 2 42 90 180 419 117 53 121 3 66 486 228 73 47 42 79 
0 27 447 319 69 53 48 61 0 15 20 104 502 208 65 110 2 48 566 211 61 51 33 52 
1 22 504 270 60 40 56 71 0 14 25 90 580 133 55 127 2 85 616 133 46 47 62 33 
0 21 397 308 94 57 72 75 0 12 13 123 445 212 71 148 5 49 507 232 79 64 66 22 
0 1 153 531 138 92 60 49 0 0 1 17 415 362 106 123 0 7 373 387 92 80 61 24 
0 0 76 440 322 71 47 68 0 0 0 14 215 490 183 122 0 8 279 453 149 49 51 35 
1 8 119 463 229 94 40 70 0 15 16 20 341 359 158 115 7 24 359 354 142 60 39 39 
0 8 142 274 137 96 109 258 0 3 13 47 327 190 117 327 8 53 340 189 104 124 175 31 
1 8 183 261 108 92 107 264 0 8 18 134 317 131 93 323 10 88 334 150 94 125 151 72 
4 27 144 92 132 157 146 322 1 21 67 134 99 143 164 395 6 67 127 79 84 133 190 338 
1 89 283 274 104 86 89 98 0 55 101 117 373 122 100 156 1 125 425 141 78 94 83 77 
0 17 600 195 85 41 37 49 0 0 11 503 295 86 46 83 0 200 542 108 68 36 39 31 
0 83 565 143 78 44 56 55 0 1 71 460 248 80 53 111 29 390 369 74 58 62 42 0 
1 203 564 65 59 47 45 40 0 0 149 604 70 56 56 89 19 513 292 59 58 52 31 0 
6 233 240 108 134 116 137 46 0 1 116 291 140 120 132 220 70 281 222 132 131 136 40 9 
1 7 198 210 148 114 185 161 0 0 4 79 257 189 124 371 5 15 183 223 154 141 179 124 
21 254 393 73 58 41 52 132 0 116 132 364 108 62 53 189 22 313 349 77 51 33 63 116 
66 410 208 51 36 63 69 121 1 211 265 203 51 52 61 180 65 397 248 47 64 49 67 87 
29 167 279 128 79 95 81 166 3 75 293 148 93 95 96 221 45 175 331 107 89 90 86 101 
25 235 197 91 55 72 99 250 1 122 291 116 57 67 72 298 41 174 278 90 72 99 149 121 
14 128 219 73 86 83 153 268 3 52 270 99 69 64 89 378 14 109 271 104 132 142 115 137 
13 275 375 89 46 42 39 145 0 168 431 138 41 47 40 159 15 290 405 67 44 47 72 84 
6 414 237 91 61 66 52 97 0 205 396 131 62 69 45 116 22 397 281 84 71 61 66 42 
17 372 376 58 31 21 33 116 0 319 278 216 39 19 36 117 5 492 296 42 35 27 49 78 
19 393 388 46 16 28 25 109 7 383 181 275 21 26 24 107 21 588 222 30 22 28 34 79 
34 450 490 39 11 0 0 0 2 463 128 415 16 0 0 0 27 755 201 33 8 0 0 0 
37 216 425 93 63 59 59 72 3 187 88 340 127 81 75 123 26 352 367 89 82 69 35 4 
1 56 513 142 71 66 76 99 0 2 29 429 237 87 80 160 24 291 373 98 84 90 60 4 
0 11 858 126 22 5 2 0 0 0 0 436 530 44 12 2 1 432 526 42 22 1 0 0 
0 66 774 97 57 16 9 5 0 0 11 586 314 71 24 18 4 389 464 74 57 17 15 4 
3 134 356 193 174 97 51 12 0 3 28 320 249 184 145 92 25 174 292 174 169 129 48 9 
0 5 84 110 135 160 278 252 0 0 2 30 112 151 172 557 2 15 82 135 164 205 256 165 
0 25 417 147 115 99 117 104 0 0 13 335 226 117 118 215 2 46 418 156 103 113 154 32 
0 35 465 163 84 70 103 104 0 0 13 265 343 110 67 226 3 83 442 175 107 89 105 20 
0 47 117 81 62 106 192 419 0 0 16 113 97 83 122 593 3 59 131 108 113 174 297 139 
0 4 21 21 33 93 213 639 0 0 6 24 25 45 142 782 4 12 25 45 104 180 362 292 
1 12 48 57 81 124 208 493 0 3 21 55 69 100 156 620 10 23 63 77 127 198 317 209 
0 27 168 119 121 90 119 380 0 0 37 160 133 133 108 453 8 44 182 128 123 129 161 249 
1 19 193 123 71 76 192 349 0 4 23 174 140 77 115 491 20 54 213 137 148 232 199 21 
0 16 219 138 76 64 145 366 0 1 25 215 149 81 97 456 6 69 232 135 98 172 265 47 
0 22 475 160 90 53 60 164 0 0 24 393 249 88 60 210 6 102 493 134 69 70 129 21 
0 1 416 414 104 39 24 26 0 0 1 340 454 137 43 49 0 4 435 359 132 43 23 28 
0 2 312 108 88 72 98 344 0 0 2 250 192 82 90 408 0 14 321 90 86 76 103 334 
0 18 690 135 47 37 37 60 0 0 0 455 379 49 43 98 0 109 654 90 41 41 31 58 
0 23 638 138 94 78 33 20 0 0 0 309 421 123 89 82 1 282 395 117 94 74 36 25 
0 67 739 108 45 31 28 6 0 0 0 304 565 65 42 48 0 364 465 81 39 38 23 14 
0 112 718 115 44 22 11 0 0 0 0 518 377 72 36 19 0 412 414 110 46 27 8 4 
0 3 28 88 131 137 224 413 0 0 0 4 15 101 194 710 3 28 50 87 132 147 199 378 
2 23 101 138 116 147 244 253 0 0 0 51 100 114 202 557 7 28 131 138 140 202 270 108 
0 7 48 74 130 157 304 304 0 0 4 19 58 95 189 659 4 36 73 100 177 270 272 92 
2 54 104 109 102 120 235 298 0 4 20 110 107 120 129 534 20 82 128 95 136 213 235 115 
0 4 98 130 96 101 159 436 0 0 2 63 154 117 116 572 0 0 28 139 88 107 124 538 
0 0 22 107 113 111 108 563 0 0 0 26 110 116 136 636 0 0 2 78 116 131 110 587 
0 1 121 171 63 36 55 577 0 0 1 73 202 88 53 607 0 3 51 195 107 70 79 519 
0 1 145 220 92 50 29 487 0 0 2 102 255 106 48 511 0 6 108 262 101 36 64 447 
0 5 261 304 96 48 43 267 0 0 10 174 359 124 55 302 0 9 185 361 110 69 44 246 
0 0 537 379 54 24 15 15 0 0 0 121 751 94 26 32 0 1 445 459 59 23 21 16 
0 0 469 398 60 26 29 42 0 0 0 79 724 115 34 72 0 1 459 405 62 30 41 26 
3 23 262 239 103 84 108 202 0 9 18 91 379 136 96 295 11 26 282 216 102 91 111 185 
0 3 341 220 142 113 129 76 0 0 0 131 368 177 138 210 0 12 346 193 141 118 125 89 
2 22 561 191 72 57 48 71 0 5 14 96 581 136 69 123 8 144 503 148 61 67 52 41 
0 52 834 39 16 16 40 27 0 0 1 126 783 23 24 67 0 598 318 18 21 27 31 11 
0 174 793 25 6 0 9 14 0 0 0 516 462 20 0 24 0 780 201 14 3 3 14 6 
0 12 132 275 249 189 119 44 0 0 0 4 70 155 288 505 4 125 226 243 170 115 87 51 
10 74 170 249 189 162 89 76 0 0 12 81 174 179 243 332 70 136 249 221 106 119 70 49 
6 40 123 160 172 194 166 160 0 4 21 55 115 170 209 448 19 96 157 194 192 155 145 64 
0 6 44 66 89 125 260 430 0 0 6 44 61 91 138 680 2 12 66 72 96 215 311 247 
0 0 40 174 64 10 12 721 0 0 0 38 96 145 17 727 0 0 0 29 55 151 57 729 
0 0 2 14 10 12 59 923 0 0 0 0 19 10 36 957 0 0 0 10 12 10 51 938 
0 14 211 420 102 53 74 147 0 2 19 51 524 153 53 219 2 19 104 462 153 61 68 151 
0 12 262 601 64 19 21 42 0 4 14 96 697 134 19 57 0 14 151 680 98 17 19 42 
0 0 140 230 42 66 34 509 0 0 0 53 283 70 68 548 0 0 21 285 93 42 57 522 
0 0 8 49 17 46 23 878 0 0 0 2 51 27 46 896 0 0 4 46 19 29 44 878 
0 4 147 320 57 49 32 413 0 0 6 32 364 128 53 439 2 12 147 317 66 38 61 377 
0 0 492 260 40 23 83 123 0 0 0 59 659 78 23 202 0 2 494 258 42 36 36 153 
0 0 812 157 29 19 4 0 0 0 0 36 896 59 23 8 0 4 870 106 19 19 4 0 
0 6 945 66 4 2 0 0 0 0 0 83 904 32 2 2 0 89 885 44 2 2 0 0 
4 117 712 104 34 19 29 2 0 14 98 200 605 53 17 34 51 307 550 57 36 21 0 0 
0 85 808 105 20 3 0 0 0 0 0 204 720 88 6 3 0 512 382 109 17 3 0 0 
