329 257 122 59 58 105 94 0 234 311 140 63 61 98 117 0 445 195 78 48 47 54 134 23 
10 23 30 37 34 47 843 0 5 22 28 39 32 38 860 0 11 20 28 36 27 25 427 450 
0 0 0 0 0 185 839 0 0 0 0 0 0 0 1024 0 0 0 0 0 0 0 752 272 
0 0 0 0 0 588 436 0 0 0 0 0 0 0 1024 0 0 0 0 0 0 0 996 28 
0 0 0 0 1 462 460 101 0 0 0 0 0 250 653 121 0 0 0 0 0 0 569 455 
0 0 0 0 61 908 55 0 0 0 0 0 0 807 217 0 0 0 0 0 0 0 969 55 
0 0 0 0 2 738 284 0 0 0 0 0 0 357 667 0 0 0 0 0 0 0 977 47 
0 0 0 0 0 820 204 0 0 0 0 0 0 461 563 0 0 0 0 0 0 0 926 98 
0 0 0 0 0 4 954 66 0 0 0 0 0 0 941 83 0 0 0 0 0 0 212 812 
0 0 0 0 0 0 210 814 0 0 0 0 0 0 312 712 0 0 0 0 0 0 0 1024 
16 30 15 20 6 11 442 484 16 31 13 20 8 10 522 404 3 37 16 16 12 8 52 880 
48 39 15 19 17 126 709 51 50 37 14 19 17 85 758 44 17 52 25 15 19 23 209 664 
68 32 14 18 8 192 690 2 74 26 12 16 12 80 802 2 26 68 10 14 16 10 544 336 
326 387 203 88 15 4 1 0 271 395 220 105 27 5 1 0 544 321 124 31 1 2 1 0 
55 123 131 151 150 148 264 2 26 105 128 138 150 189 286 2 78 114 126 126 119 147 241 73 
30 41 27 33 71 503 319 0 9 50 25 26 35 230 649 0 36 36 20 28 29 105 762 8 
48 105 86 59 63 644 19 0 29 88 107 59 53 326 362 0 79 100 73 40 43 85 600 4 
0 0 0 0 0 752 205 67 0 0 0 0 0 153 787 84 0 0 0 0 0 0 873 151 
0 0 0 0 0 457 221 346 0 0 0 0 0 314 346 364 0 0 0 0 0 0 540 484 
0 0 0 0 0 980 28 16 0 0 0 0 0 699 302 23 0 0 0 0 0 0 980 44 
0 0 0 0 0 864 160 0 0 0 0 0 0 310 714 0 0 0 0 0 0 0 990 34 
0 0 0 0 0 345 679 0 0 0 0 0 0 80 942 2 0 0 0 0 0 0 940 84 
0 0 0 0 0 350 663 11 0 0 0 0 0 123 889 12 0 0 0 0 0 0 857 167 
21 16 16 7 9 233 579 143 16 20 15 7 9 113 697 147 6 28 15 7 9 13 662 284 
21 12 13 12 27 88 518 333 20 14 12 12 25 86 544 311 12 16 13 10 22 43 341 567 
34 48 54 26 36 138 660 28 34 66 42 18 38 122 684 20 10 48 54 38 32 28 466 348 
336 293 195 101 90 8 1 0 317 273 207 112 91 23 1 0 538 294 126 65 1 0 0 0 
261 347 242 146 27 1 0 0 155 364 246 207 47 5 0 0 444 340 176 48 15 1 0 0 
71 207 214 292 169 70 1 0 29 182 183 294 189 137 9 1 142 244 286 143 99 95 15 0 
92 256 246 238 153 39 0 0 74 231 215 244 160 96 4 0 221 286 227 147 72 67 4 0 
112 178 146 105 131 267 85 0 49 180 145 120 101 257 172 0 135 187 129 88 80 131 273 1 
2 10 18 27 28 705 227 7 0 5 14 24 23 387 562 9 3 12 19 20 19 33 885 33 
0 0 0 0 0 754 268 2 0 0 0 0 0 586 436 2 0 0 0 0 0 0 1000 24 
0 0 0 0 15 988 21 0 0 0 0 0 0 907 117 0 0 0 0 0 0 0 1024 0 
0 0 0 0 194 812 18 0 0 0 0 0 0 893 131 0 0 0 0 0 0 36 988 0 
0 3 5 10 486 501 19 0 0 1 2 9 18 945 49 0 0 0 3 6 9 462 544 0 
10 24 8 12 173 793 4 0 3 23 13 10 23 922 30 0 0 23 15 9 13 283 680 1 
8 7 8 23 72 426 426 54 8 5 7 21 59 331 565 28 5 7 8 17 38 115 758 76 
0 6 112 20 6 122 720 38 0 42 84 12 6 66 804 10 0 0 88 42 10 6 722 156 
764 227 32 1 0 0 0 0 742 243 38 1 0 0 0 0 848 157 18 1 0 0 0 0 
255 403 249 93 20 3 1 0 256 388 246 103 27 3 1 0 541 353 103 24 3 0 0 0 
196 366 287 137 34 3 1 0 133 338 318 179 44 11 1 0 447 380 144 38 14 1 0 0 
152 376 274 171 47 4 0 0 94 355 260 222 81 11 1 0 400 417 148 41 16 2 0 0 
129 402 264 159 51 19 0 0 49 366 294 192 87 32 4 0 445 376 144 48 11 0 0 0 
41 104 146 132 117 484 0 0 20 87 124 138 105 528 22 0 102 141 125 76 44 156 380 0 
0 0 0 0 0 1024 0 0 0 0 0 0 0 1022 2 0 0 0 0 0 0 0 1024 0 
0 0 0 0 88 936 0 0 0 0 0 0 0 1000 24 0 0 0 0 0 0 88 936 0 
0 0 0 0 965 59 0 0 0 0 0 0 0 1024 0 0 0 0 0 0 0 840 184 0 
0 0 0 0 1024 0 0 0 0 0 0 0 0 1024 0 0 0 0 0 0 0 1024 0 0 
0 0 0 0 1024 0 0 0 0 0 0 0 0 1024 0 0 0 0 0 0 0 1011 13 0 
0 0 0 4 868 152 0 0 0 0 0 0 14 1010 0 0 0 0 0 0 4 668 352 0 
6 168 34 8 578 230 0 0 6 168 34 8 14 794 0 0 0 54 144 10 10 432 374 0 
152 318 313 185 55 1 0 0 165 370 329 137 23 0 0 0 435 410 150 29 0 0 0 0 
216 497 202 100 9 0 0 0 191 531 210 90 2 0 0 0 552 372 95 5 0 0 0 0 
33 154 324 431 77 5 0 0 36 175 416 356 41 0 0 0 206 541 255 20 2 0 0 0 
9 131 416 435 32 1 0 0 4 128 542 332 17 1 0 0 168 647 201 7 1 0 0 0 
158 307 303 208 45 2 1 0 108 291 319 213 83 9 1 0 422 417 161 20 3 1 0 0 
22 106 206 298 226 166 0 0 9 73 184 260 233 262 3 0 113 249 224 100 113 159 66 0 
0 42 76 155 264 487 0 0 0 3 86 43 250 641 1 0 0 0 62 62 211 506 183 0 
0 116 82 232 376 218 0 0 0 10 169 28 265 550 2 0 0 1 152 47 258 539 27 0 
1 190 65 176 592 0 0 0 0 34 198 34 236 522 0 0 0 7 206 49 231 531 0 0 
1 208 58 127 627 3 0 0 0 46 212 14 251 501 0 0 0 12 232 26 234 518 2 0 
0 154 100 117 653 0 0 0 0 40 203 38 257 486 0 0 0 13 216 36 232 527 0 0 
1 120 116 29 758 0 0 0 1 22 198 20 268 515 0 0 1 11 200 26 209 577 0 0 
92 276 86 50 518 2 0 0 96 192 156 22 252 306 0 0 70 190 166 30 176 384 8 0 
95 417 317 162 31 2 0 0 222 460 247 84 11 0 0 0 482 363 152 24 3 0 0 0 
71 410 373 145 25 0 0 0 115 477 320 101 11 0 0 0 398 474 132 20 0 0 0 0 
15 202 521 219 61 6 0 0 34 362 465 139 21 3 0 0 227 601 164 30 2 0 0 0 
21 366 559 70 7 1 0 0 53 414 510 43 3 1 0 0 248 654 118 2 2 0 0 0 
135 391 403 43 18 19 12 3 152 270 481 73 14 14 16 4 295 407 246 35 11 3 18 9 
29 128 333 426 93 4 7 4 32 123 211 395 239 13 7 4 95 152 228 268 249 23 5 4 
0 2 60 800 162 0 0 0 0 0 11 201 806 6 0 0 0 0 3 90 884 47 0 0 
0 2 44 898 80 0 0 0 0 0 5 208 810 1 0 0 0 0 3 72 919 30 0 0 
0 0 30 728 266 0 0 0 0 0 7 138 878 1 0 0 0 0 3 67 931 23 0 0 
0 0 8 505 511 0 0 0 0 0 0 89 935 0 0 0 0 0 0 58 953 13 0 0 
0 0 3 184 836 1 0 0 0 0 0 27 987 10 0 0 0 0 0 8 803 213 0 0 
0 0 10 164 850 0 0 0 0 0 6 69 901 48 0 0 0 0 3 35 686 300 0 0 
170 190 4 152 508 0 0 0 172 186 6 92 538 30 0 0 160 198 4 44 426 192 0 0 
0 1007 17 0 0 0 0 0 0 1017 7 0 0 0 0 0 630 394 0 0 0 0 0 0 
2 900 106 16 0 0 0 0 0 853 152 19 0 0 0 0 84 866 62 12 0 0 0 0 
1 271 666 71 12 3 0 0 0 173 726 106 15 4 0 0 12 545 407 55 5 0 0 0 
1 221 752 45 4 1 0 0 2 76 841 99 5 1 0 0 4 523 456 39 2 0 0 0 
33 153 519 232 25 26 23 13 43 122 382 384 45 35 12 1 70 151 455 268 40 24 14 2 
62 162 355 391 37 9 8 0 92 155 201 461 101 10 4 0 121 151 183 430 128 10 1 0 
83 133 240 454 89 16 9 0 103 114 149 402 236 13 7 0 130 105 124 316 330 15 4 0 
117 136 256 471 44 0 0 0 119 131 146 458 170 0 0 0 126 146 112 367 270 3 0 0 
112 124 143 475 112 15 21 22 124 108 98 379 263 14 21 17 145 111 128 290 303 30 10 7 
48 159 205 403 140 16 37 16 69 134 155 342 257 36 21 10 123 103 158 336 275 16 6 7 
0 5 133 578 299 2 5 2 0 1 54 416 533 12 3 5 0 1 41 367 575 33 3 4 
0 11 293 626 93 1 0 0 1 6 115 653 246 3 0 0 1 5 112 610 291 5 0 0 
338 150 124 318 88 6 0 0 394 118 146 232 132 2 0 0 416 114 160 178 154 2 0 0 
28 996 0 0 0 0 0 0 9 1015 0 0 0 0 0 0 383 641 0 0 0 0 0 0 
10 773 219 21 1 0 0 0 3 675 307 38 1 0 0 0 57 766 182 19 0 0 0 0 
2 222 653 143 4 0 0 0 0 126 656 230 12 0 0 0 2 211 657 151 3 0 0 0 
3 188 695 129 9 0 0 0 1 90 671 243 18 1 0 0 3 164 697 149 11 0 0 0 
0 93 677 248 6 0 0 0 0 23 416 561 24 0 0 0 0 41 471 494 18 0 0 0 
0 58 459 503 4 0 0 0 0 7 224 695 98 0 0 0 0 6 204 677 137 0 0 0 
0 34 352 635 3 0 0 0 0 2 143 693 186 0 0 0 0 0 98 546 380 0 0 0 
0 34 351 638 1 0 0 0 0 1 172 688 163 0 0 0 0 0 112 541 371 0 0 0 
0 15 282 709 18 0 0 0 0 0 150 653 221 0 0 0 0 0 97 527 400 0 0 0 
0 8 237 764 15 0 0 0 0 0 120 721 183 0 0 0 0 0 99 634 291 0 0 0 
0 22 342 630 30 0 0 0 0 3 166 676 179 0 0 0 0 2 140 631 251 0 0 0 
5 56 410 441 98 13 1 0 15 101 312 517 69 9 1 0 27 136 325 470 60 5 1 0 
506 174 138 118 76 12 0 0 576 146 136 100 60 6 0 0 596 148 142 104 34 0 0 0 
81 902 40 1 0 0 0 0 28 929 66 1 0 0 0 0 257 741 25 1 0 0 0 0 
15 761 231 17 0 0 0 0 5 607 387 25 0 0 0 0 19 698 288 19 0 0 0 0 
4 325 580 114 1 0 0 0 2 203 639 173 7 0 0 0 3 238 621 159 3 0 0 0 
7 315 586 108 8 0 0 0 2 155 655 196 16 0 0 0 2 193 650 166 13 0 0 0 
0 226 667 131 0 0 0 0 0 62 612 339 11 0 0 0 0 84 608 325 7 0 0 0 
0 119 667 238 0 0 0 0 0 19 451 544 10 0 0 0 0 14 389 584 37 0 0 0 
0 155 577 292 0 0 0 0 0 15 425 576 8 0 0 0 0 9 330 632 53 0 0 0 
0 101 644 279 0 0 0 0 0 6 385 626 7 0 0 0 0 1 268 717 38 0 0 0 
0 114 526 384 0 0 0 0 0 9 395 600 20 0 0 0 0 2 312 639 71 0 0 0 
0 64 541 417 2 0 0 0 0 8 393 600 23 0 0 0 0 3 326 651 44 0 0 0 
3 66 572 326 50 7 0 0 13 40 407 516 45 3 0 0 16 33 373 554 45 3 0 0 
78 225 261 278 158 24 0 0 138 266 273 234 109 4 0 0 184 270 277 215 76 2 0 0 
770 104 56 56 30 8 0 0 794 98 44 60 28 0 0 0 812 88 56 52 16 0 0 0 
130 885 8 0 0 0 0 0 18 978 26 0 0 0 0 0 98 914 10 0 0 0 0 0 
34 728 221 40 0 0 0 0 18 656 293 56 0 0 0 0 26 720 229 48 0 0 0 0 
5 352 581 85 0 0 0 0 2 282 621 114 2 0 0 0 2 266 626 125 2 0 0 0 
2 370 565 85 0 0 0 0 2 237 645 136 2 0 0 0 2 224 637 157 2 0 0 0 
0 357 552 114 0 0 0 0 0 165 669 184 5 0 0 0 0 104 698 216 5 0 0 0 
0 290 661 72 0 0 0 0 0 122 690 210 0 0 0 0 0 98 650 272 2 0 0 0 
0 304 640 77 0 0 0 2 0 98 594 325 2 0 0 2 0 96 520 402 2 0 0 2 
0 186 720 117 0 0 0 0 0 50 682 290 0 0 0 0 0 24 562 437 0 0 0 0 
0 194 677 152 0 0 0 0 0 40 698 285 0 0 0 0 0 10 608 400 5 0 0 0 
0 208 634 181 0 0 0 0 0 77 642 304 0 0 0 0 0 45 576 400 2 0 0 0 
45 194 394 285 93 10 0 0 82 162 400 322 56 0 0 0 96 146 378 368 34 0 0 0 
386 266 125 136 85 24 0 0 432 282 133 114 56 5 0 0 445 280 146 96 50 5 0 0 
1024 0 0 0 0 0 0 0 1024 0 0 0 0 0 0 0 1024 0 0 0 0 0 0 0 
