0 35 76 169 313 274 155 2 0 30 73 120 305 288 204 4 10 62 121 202 228 188 197 16 
3 202 306 267 173 70 3 0 1 154 291 278 183 94 23 0 48 310 337 185 78 19 40 7 
0 18 114 151 118 413 208 2 0 7 84 149 129 131 469 55 2 44 148 118 81 68 117 446 
0 0 0 0 19 398 607 0 0 0 0 0 0 0 793 231 0 0 0 0 0 0 5 1019 
0 0 0 0 0 576 448 0 0 0 0 0 0 0 990 34 0 0 0 0 0 0 0 1024 
0 0 0 0 0 873 151 0 0 0 0 0 0 0 1024 0 0 0 0 0 0 0 0 1024 
0 0 0 0 0 1024 0 0 0 0 0 0 0 0 1024 0 0 0 0 0 0 0 0 1024 
0 0 0 0 89 935 0 0 0 0 0 0 0 12 1012 0 0 0 0 0 0 0 0 1024 
0 0 0 0 393 631 0 0 0 0 0 0 0 281 743 0 0 0 0 0 0 0 150 874 
6 92 126 61 646 93 0 0 0 22 123 98 51 640 90 0 0 39 134 77 39 33 549 153 
28 370 232 176 116 65 34 3 2 297 290 199 126 68 39 3 150 390 215 120 62 45 38 4 
6 413 383 105 72 39 6 0 5 396 397 107 74 42 3 0 57 587 236 102 38 4 0 0 
0 70 242 260 256 132 64 0 0 35 243 254 251 159 71 11 8 155 288 244 184 71 52 22 
0 0 2 20 73 131 791 7 0 0 1 13 54 137 786 33 0 0 3 27 91 79 143 681 
0 0 0 0 0 0 1024 0 0 0 0 0 0 0 1023 1 0 0 0 0 0 0 0 1024 
0 0 0 0 0 35 989 0 0 0 0 0 0 0 1024 0 0 0 0 0 0 0 5 1019 
0 0 0 0 1 324 699 0 0 0 0 0 0 2 1022 0 0 0 0 0 0 1 8 1015 
0 3 29 22 36 693 241 0 0 0 13 25 33 38 908 7 0 5 23 21 23 29 167 756 
5 115 214 150 116 414 10 0 0 50 194 165 118 118 378 1 13 130 184 121 81 85 156 254 
40 401 292 123 100 68 0 0 6 240 391 170 77 96 44 0 112 415 234 89 49 28 85 12 
68 490 235 126 77 25 3 0 42 472 258 139 82 27 4 0 353 417 151 80 15 7 1 0 
77 516 256 97 61 17 0 0 17 517 285 119 63 23 0 0 203 541 179 73 26 2 0 0 
19 258 270 236 153 77 11 0 4 237 255 222 195 88 23 0 65 376 320 167 70 26 0 0 
0 3 11 30 88 146 746 0 0 1 7 27 74 109 795 11 0 2 17 52 88 74 408 383 
0 4 51 94 108 111 654 2 0 1 42 77 112 111 649 32 0 12 64 98 99 86 206 459 
0 0 0 0 0 0 1024 0 0 0 0 0 0 0 1024 0 0 0 0 0 0 0 14 1010 
0 1 20 55 53 44 845 6 0 1 6 34 60 51 840 32 0 11 37 43 34 31 176 692 
10 211 357 289 100 20 36 1 1 107 285 358 192 39 36 6 70 400 348 127 31 10 25 13 
43 285 322 258 93 21 2 0 14 261 310 272 136 27 4 0 157 428 302 111 24 2 0 0 
174 462 256 95 36 1 0 0 62 491 297 123 44 7 0 0 365 469 159 30 1 0 0 0 
50 329 247 254 113 30 1 0 48 316 226 255 136 41 2 0 294 426 209 71 24 0 0 0 
32 418 279 127 121 44 3 0 19 415 292 142 111 45 0 0 238 451 164 114 42 15 0 0 
7 354 483 157 21 2 0 0 5 263 449 274 28 5 0 0 87 678 232 21 6 0 0 0 
0 41 334 402 126 71 50 0 0 14 284 523 79 60 62 2 20 310 446 99 36 52 51 10 
0 0 22 342 320 195 143 2 0 0 47 390 244 171 165 7 0 57 340 183 120 147 141 36 
0 26 136 142 100 83 537 0 0 14 103 158 118 61 563 7 6 73 169 118 61 38 346 213 
5 137 336 272 67 63 144 0 0 72 267 347 120 50 163 5 47 361 299 85 34 33 91 74 
46 330 264 178 119 60 25 2 15 264 319 245 110 62 9 0 179 422 269 105 46 3 0 0 
29 312 201 146 140 150 46 0 20 309 216 162 161 132 22 2 211 334 213 191 63 11 1 0 
135 460 177 114 92 43 3 0 119 481 182 106 94 38 3 1 413 363 157 70 18 3 0 0 
0 118 328 293 173 93 19 0 1 100 295 323 204 85 16 0 378 481 129 32 4 0 0 0 
82 431 220 176 73 37 5 0 36 441 227 188 100 30 2 0 318 450 195 54 7 0 0 0 
36 440 367 134 40 7 0 0 3 322 446 191 54 7 1 0 214 583 190 34 3 0 0 0 
29 334 417 186 51 7 0 0 18 245 396 288 70 7 0 0 193 503 249 69 10 0 0 0 
11 191 311 392 112 6 1 0 7 148 297 425 132 14 1 0 103 385 417 110 8 1 0 0 
9 126 235 411 222 20 1 0 3 101 175 423 288 34 0 0 70 321 437 175 21 0 0 0 
50 280 466 183 44 1 0 0 31 181 387 335 82 8 0 0 188 534 241 59 2 0 0 0 
279 321 275 112 36 1 0 0 174 382 279 146 35 8 0 0 408 418 158 39 1 0 0 0 
391 469 99 44 17 2 2 0 319 540 104 39 16 4 2 0 614 315 63 28 3 1 0 0 
238 417 150 101 80 26 10 2 211 454 148 135 52 19 5 0 448 320 161 69 13 12 1 0 
39 286 250 113 101 75 114 46 51 367 216 100 104 71 87 28 236 350 149 103 72 57 43 14 
13 172 340 283 119 40 21 36 10 235 320 290 93 21 28 27 88 371 352 125 18 22 25 23 
11 143 328 440 99 3 0 0 4 122 283 455 154 6 0 0 107 438 404 70 5 0 0 0 
17 198 383 271 98 50 7 0 9 139 375 341 150 10 0 0 122 505 306 83 8 0 0 0 
18 274 315 267 105 24 19 2 9 195 362 285 128 23 20 2 94 487 290 91 33 22 7 0 
14 281 492 184 51 2 0 0 7 205 537 211 63 1 0 0 95 608 273 46 2 0 0 0 
28 233 315 300 97 35 15 1 16 209 324 335 91 33 15 1 125 465 298 83 35 16 2 0 
286 386 133 125 50 40 4 0 200 450 150 140 73 7 4 0 419 384 156 55 4 4 2 0 
354 441 166 50 9 4 0 0 268 512 165 62 12 5 0 0 509 398 94 19 4 0 0 0 
178 340 232 118 64 43 32 17 171 391 220 120 45 46 28 3 349 377 157 56 51 27 7 0 
0 122 544 130 76 73 78 1 0 129 543 146 67 101 38 0 107 579 120 71 101 46 0 0 
0 257 398 268 50 23 25 3 0 191 439 309 41 25 18 1 20 597 310 42 24 22 9 0 
0 156 588 279 1 0 0 0 0 6 610 397 11 0 0 0 0 839 185 0 0 0 0 0 
0 19 775 163 67 0 0 0 0 0 640 345 39 0 0 0 0 780 244 0 0 0 0 0 
0 15 608 341 41 18 1 0 0 9 386 564 44 20 1 0 4 518 432 43 23 4 0 0 
0 0 316 665 43 0 0 0 0 0 84 855 85 0 0 0 0 357 587 79 1 0 0 0 
0 174 648 145 41 16 0 0 0 73 625 256 50 20 0 0 11 737 210 49 17 0 0 0 
0 558 333 83 50 0 0 0 0 368 520 111 25 0 0 0 150 733 138 3 0 0 0 0 
1 638 358 25 2 0 0 0 0 511 466 42 5 0 0 0 203 784 35 2 0 0 0 0 
17 439 355 152 56 5 0 0 3 417 414 143 45 2 0 0 156 629 182 51 6 0 0 0 
0 0 408 580 36 0 0 0 0 0 310 678 36 0 0 0 224 768 32 0 0 0 0 0 
0 300 538 154 32 0 0 0 0 84 724 196 20 0 0 0 56 888 80 0 0 0 0 0 
0 146 878 0 0 0 0 0 0 10 1004 10 0 0 0 0 4 1020 0 0 0 0 0 0 
0 2 792 228 2 0 0 0 0 0 588 434 2 0 0 0 0 814 208 2 0 0 0 0 
0 0 66 858 100 0 0 0 0 0 14 882 128 0 0 0 0 116 744 138 26 0 0 0 
0 0 112 328 464 120 0 0 0 0 26 338 454 206 0 0 0 44 246 268 338 126 2 0 
0 0 792 174 56 2 0 0 0 0 494 448 72 10 0 0 0 748 178 70 28 0 0 0 
0 436 584 4 0 0 0 0 0 296 702 26 0 0 0 0 34 976 14 0 0 0 0 0 
0 854 170 0 0 0 0 0 0 704 320 0 0 0 0 0 100 924 0 0 0 0 0 0 
0 548 376 98 2 0 0 0 0 506 418 100 0 0 0 0 144 758 120 2 0 0 0 0 
