0 381 320 79 72 42 40 90 314 341 127 52 42 28 55 65 445 221 110 60 39 33 54 62 
0 778 173 28 10 4 11 20 10 823 139 16 4 7 9 16 21 762 160 44 5 5 13 14 
0 933 89 2 0 0 0 0 2 990 30 2 0 0 0 0 1 958 57 8 0 0 0 0 
0 711 313 0 0 0 0 0 0 978 46 0 0 0 0 0 0 896 128 0 0 0 0 0 
0 601 415 8 0 0 0 0 1 821 198 4 0 0 0 0 0 696 311 17 0 0 0 0 
0 951 72 1 0 0 0 0 30 975 19 0 0 0 0 0 3 993 27 1 0 0 0 0 
3 926 95 0 0 0 0 0 69 914 41 0 0 0 0 0 18 898 103 5 0 0 0 0 
0 388 486 150 0 0 0 0 35 782 194 13 0 0 0 0 21 652 306 45 0 0 0 0 
0 566 340 115 1 0 0 0 23 896 104 0 0 0 0 0 0 877 143 2 0 0 0 0 
0 449 266 27 23 20 33 206 452 250 35 25 16 19 38 189 530 186 28 25 12 22 54 167 
0 55 258 49 32 26 73 531 32 257 64 32 16 40 89 494 134 179 45 31 26 35 97 477 
0 246 145 78 69 30 60 396 0 368 42 93 42 33 81 365 0 367 41 89 51 33 89 354 
0 238 261 46 103 61 62 253 0 457 53 94 71 55 49 245 0 445 68 56 107 59 48 241 
0 77 342 62 56 75 124 288 0 244 179 61 70 86 111 273 0 151 269 75 81 119 65 264 
0 211 152 19 42 36 84 480 33 315 24 21 45 74 42 470 47 305 26 19 51 80 35 461 
0 524 318 27 19 16 18 102 142 667 55 19 11 20 24 86 146 555 164 23 10 21 28 77 
0 13 563 265 175 8 0 0 2 692 330 0 0 0 0 0 0 561 458 5 0 0 0 0 
0 268 454 300 0 0 0 0 5 787 230 0 0 0 0 0 9 699 314 0 0 0 0 0 
0 65 225 177 195 157 123 82 24 186 220 184 131 148 84 47 36 238 236 146 110 137 83 38 
0 199 366 95 118 172 34 40 158 391 94 76 172 79 17 37 369 218 83 71 206 26 13 38 
0 110 437 255 53 88 81 0 119 647 31 12 66 122 27 0 517 263 18 24 88 107 7 0 
0 113 570 122 20 35 142 22 159 571 60 27 29 67 111 0 430 335 36 26 34 155 8 0 
0 224 498 100 35 25 96 46 231 547 50 23 25 55 93 0 566 240 32 27 34 117 8 0 
0 136 365 129 82 101 91 120 166 406 107 87 130 71 28 29 354 284 107 146 60 59 14 0 
0 349 500 38 20 9 30 78 318 514 52 15 15 26 29 55 429 348 112 13 24 19 36 43 
0 846 173 5 0 0 0 0 113 870 41 0 0 0 0 0 37 840 146 1 0 0 0 0 
0 915 107 1 0 0 0 0 250 733 40 0 0 0 0 0 69 875 79 0 0 0 0 0 
0 7 130 303 236 160 104 84 0 118 351 230 145 97 61 22 4 221 354 189 121 85 40 10 
0 14 125 368 193 145 98 81 15 215 301 186 134 95 58 20 68 299 248 167 119 77 42 4 
0 6 68 628 163 83 46 30 9 586 88 177 84 49 25 6 99 538 112 148 64 44 17 2 
0 141 188 342 137 152 61 3 107 526 29 107 116 121 18 0 260 383 40 127 174 40 0 0 
0 113 156 360 45 219 126 5 78 494 62 24 136 213 17 0 212 393 41 53 209 113 3 0 
0 188 234 75 69 182 196 80 97 324 86 82 181 192 59 3 254 208 97 163 220 79 3 0 
1 463 297 70 53 46 45 49 117 615 93 48 56 54 35 6 184 561 89 59 81 36 12 2 
0 821 100 28 28 18 18 11 285 613 41 28 23 14 17 3 85 776 85 28 19 18 12 1 
0 1014 9 0 0 0 0 0 375 648 0 0 0 0 0 0 129 893 1 0 0 0 0 0 
0 0 100 337 245 176 100 66 0 108 318 253 169 105 50 21 4 208 297 221 161 82 44 7 
0 1 49 287 334 218 91 44 1 54 298 329 207 86 35 14 6 123 374 281 149 57 29 5 
0 0 10 531 240 125 69 49 0 8 490 287 123 66 37 13 0 56 617 171 96 59 20 5 
0 224 98 239 446 17 0 0 82 232 119 461 130 0 0 0 188 135 210 477 14 0 0 0 
0 191 162 66 267 332 6 0 104 245 50 150 464 11 0 0 217 155 57 375 217 3 0 0 
0 112 218 182 158 174 63 117 27 301 188 171 160 56 49 72 143 276 187 195 75 48 62 38 
1 149 176 130 107 133 157 171 64 237 135 124 128 153 57 126 139 212 140 147 141 74 61 110 
1 278 167 132 131 124 104 87 117 278 139 133 118 99 85 55 122 312 136 128 113 98 71 44 
0 880 118 19 5 0 0 0 431 542 36 11 2 0 0 0 136 837 36 12 1 0 0 0 
0 5 245 394 218 111 43 8 1 220 394 234 117 51 7 0 11 309 387 188 93 32 4 0 
0 2 116 346 272 171 81 36 0 144 337 269 164 74 27 9 11 283 345 203 111 51 17 3 
0 3 167 225 117 151 144 217 0 117 270 114 124 152 105 142 10 198 232 106 130 133 89 126 
0 16 322 264 78 11 30 303 1 250 313 97 22 17 32 292 29 266 297 82 10 19 32 289 
0 199 385 124 148 35 45 88 61 473 145 105 87 31 55 67 252 326 131 136 28 33 53 65 
0 143 245 253 83 107 98 95 60 320 273 67 108 95 34 67 162 386 145 89 109 43 29 61 
1 139 178 228 132 183 142 21 65 217 233 149 215 120 16 9 115 255 195 256 159 28 12 4 
3 316 258 193 118 66 26 44 166 313 216 148 89 44 33 15 207 303 197 146 80 45 34 12 
0 47 250 290 161 97 80 96 29 262 258 180 93 79 54 65 83 293 235 148 101 59 59 41 
0 5 27 40 125 146 88 593 0 26 38 88 161 83 186 442 3 31 39 110 151 71 191 428 
0 151 405 108 85 52 66 157 56 468 123 87 54 59 65 112 153 425 113 67 50 64 85 67 
0 101 346 325 195 21 16 20 67 374 236 263 48 18 18 0 150 337 284 202 25 22 4 0 
0 0 0 354 200 68 86 316 0 0 79 447 69 62 100 267 0 0 173 372 62 67 107 243 
0 0 4 12 21 90 298 599 0 0 8 23 52 174 354 413 0 0 9 26 63 194 384 348 
0 13 181 148 70 79 118 415 11 96 193 85 67 115 142 315 15 134 151 97 69 130 178 250 
0 3 81 90 133 147 176 394 0 22 101 113 146 162 215 265 2 38 100 108 152 182 243 199 
0 24 343 317 135 60 49 96 15 215 386 165 69 60 39 75 30 268 351 149 65 53 42 66 
0 2 258 370 205 94 57 34 1 232 403 197 100 54 18 16 19 396 299 178 64 36 25 5 
0 0 0 0 0 287 123 614 0 0 0 0 260 124 301 339 0 0 0 32 276 91 216 409 
0 23 46 57 51 199 73 575 2 65 51 41 199 69 64 533 16 57 50 82 173 57 64 525 
0 23 42 119 292 169 108 271 1 58 61 301 188 106 118 191 10 51 93 306 191 87 129 157 
0 0 79 245 103 115 200 282 0 17 216 178 136 151 249 77 0 52 237 165 141 148 230 51 
0 0 139 192 208 111 177 197 0 15 255 206 145 182 159 62 0 23 281 221 164 173 125 37 
0 0 10 81 160 149 230 394 0 1 41 153 149 192 298 190 0 4 45 165 148 202 282 178 
0 0 0 12 45 45 173 749 0 0 3 27 54 82 538 320 0 0 3 30 52 77 551 311 
0 102 194 388 81 53 34 172 74 109 325 226 59 42 45 144 82 105 288 258 60 43 42 146 
0 215 288 224 197 66 29 2 104 350 244 215 70 26 11 0 169 346 247 179 52 23 4 0 
0 82 264 47 56 160 149 266 10 322 53 48 133 107 150 201 171 175 52 85 122 94 153 172 
0 28 89 72 176 218 234 207 10 105 46 162 217 213 199 72 48 76 53 212 190 213 183 49 
0 0 0 2 42 286 418 276 0 0 0 30 229 418 238 109 0 0 0 69 320 350 182 103 
0 0 39 142 59 197 397 190 0 18 132 84 168 373 240 9 0 33 161 73 283 351 118 5 
0 2 57 369 256 264 48 28 0 23 322 315 270 57 34 3 1 59 417 337 141 34 32 3 
0 0 4 101 289 171 141 318 0 1 86 274 175 118 178 192 0 9 181 235 133 119 173 174 
0 0 0 80 147 104 211 482 0 0 32 176 99 116 475 126 0 0 103 130 104 126 454 107 
0 15 5 45 272 68 122 497 4 14 18 278 68 84 198 360 6 12 27 291 51 90 204 343 
0 246 122 288 166 76 29 94 155 136 190 303 98 27 25 86 190 101 186 308 90 34 26 84 
0 0 16 66 225 222 252 240 0 27 62 241 171 232 195 92 2 49 158 180 205 222 169 35 
0 0 0 59 272 250 225 216 0 1 40 310 224 192 186 69 0 8 239 222 175 184 150 42 
0 0 0 7 210 309 298 197 0 0 39 238 247 261 177 59 0 10 227 177 200 237 138 32 
0 0 0 32 196 263 232 299 0 0 33 283 174 175 216 141 0 1 224 213 125 176 200 82 
0 0 28 237 155 187 125 290 0 16 234 240 119 109 171 131 2 39 366 161 90 125 176 62 
0 0 11 226 152 225 175 232 0 4 210 237 176 157 168 68 0 36 290 237 141 161 133 23 
0 0 41 503 405 48 11 13 0 0 367 572 55 14 13 1 0 2 587 385 26 11 10 0 
0 0 144 496 362 20 0 0 0 2 349 630 41 0 0 0 0 0 469 546 8 0 0 0 
0 0 117 458 347 100 0 0 0 0 326 540 156 0 0 0 0 0 306 606 110 0 0 0 
