0 0 0 1009 15 0 0 0 0 0 0 0 1024 0 0 0 0 0 0 0 1024 0 0 0 
0 0 0 990 34 0 0 0 0 0 0 0 1024 0 0 0 0 0 0 0 1024 0 0 0 
0 0 0 887 137 0 0 0 0 0 0 0 1024 0 0 0 0 0 0 0 1024 0 0 0 
0 0 0 944 80 0 0 0 0 0 0 0 1024 0 0 0 0 0 0 0 1024 0 0 0 
0 0 0 799 225 0 0 0 0 0 0 0 1024 0 0 0 0 0 0 0 1024 0 0 0 
0 0 0 519 505 0 0 0 0 0 0 0 1024 0 0 0 0 0 0 0 1024 0 0 0 
0 0 0 356 668 0 0 0 0 0 0 0 1024 0 0 0 0 0 0 0 1024 0 0 0 
0 0 0 119 905 0 0 0 0 0 0 0 1024 0 0 0 0 0 0 0 1020 4 0 0 
0 0 0 0 1024 0 0 0 0 0 0 0 1024 0 0 0 0 0 0 0 1007 17 0 0 
0 0 0 1 1023 0 0 0 0 0 0 0 1024 0 0 0 0 0 0 0 995 29 0 0 
0 0 0 0 1024 0 0 0 0 0 0 0 1024 0 0 0 0 0 0 0 875 149 0 0 
0 0 0 6 1018 0 0 0 0 0 0 0 1023 1 0 0 0 0 0 0 734 290 0 0 
0 0 0 0 1024 0 0 0 0 0 0 0 1020 4 0 0 0 0 0 0 471 553 0 0 
0 0 0 0 1024 0 0 0 0 0 0 0 1020 4 0 0 0 0 0 0 246 778 0 0 
0 0 0 0 1024 0 0 0 0 0 0 0 1023 1 0 0 0 0 0 0 135 889 0 0 
0 0 0 0 1024 0 0 0 0 0 0 0 1023 1 0 0 0 0 0 0 21 1003 0 0 
0 0 0 0 1024 0 0 0 0 0 0 0 977 47 0 0 0 0 0 0 101 923 0 0 
0 0 0 0 1024 0 0 0 0 0 0 0 990 34 0 0 0 0 0 0 5 1019 0 0 
0 0 0 0 1024 0 0 0 0 0 0 0 963 61 0 0 0 0 0 0 38 986 0 0 
0 0 0 0 1024 0 0 0 0 0 0 0 946 78 0 0 0 0 0 0 0 1024 0 0 
0 0 0 0 1024 0 0 0 0 0 0 0 901 123 0 0 0 0 0 0 4 1020 0 0 
0 0 0 0 1024 0 0 0 0 0 0 0 884 140 0 0 0 0 0 0 3 1021 0 0 
0 0 0 0 1024 0 0 0 0 0 0 0 731 293 0 0 0 0 0 0 0 1024 0 0 
0 0 0 0 1024 0 0 0 0 0 0 0 777 247 0 0 0 0 0 0 2 1022 0 0 
0 0 0 0 1024 0 0 0 0 0 0 0 747 277 0 0 0 0 0 0 0 1024 0 0 
0 0 0 0 1024 0 0 0 0 0 0 0 558 466 0 0 0 0 0 0 8 1016 0 0 
0 0 0 0 1024 0 0 0 0 0 0 0 691 333 0 0 0 0 0 0 1 1023 0 0 
0 0 0 0 1024 0 0 0 0 0 0 0 790 234 0 0 0 0 0 0 0 1024 0 0 
0 0 0 0 1024 0 0 0 0 0 0 0 759 265 0 0 0 0 0 0 1 1023 0 0 
0 0 0 0 1024 0 0 0 0 0 0 0 789 235 0 0 0 0 0 0 0 1024 0 0 
0 0 0 0 1024 0 0 0 0 0 0 0 828 196 0 0 0 0 0 0 2 1022 0 0 
0 0 0 0 1024 0 0 0 0 0 0 0 881 143 0 0 0 0 0 0 14 1010 0 0 
0 0 0 0 1024 0 0 0 0 0 0 0 864 160 0 0 0 0 0 0 8 1016 0 0 
0 0 0 0 1024 0 0 0 0 0 0 0 871 153 0 0 0 0 0 0 3 1021 0 0 
0 0 0 0 1024 0 0 0 0 0 0 0 894 130 0 0 0 0 0 0 54 970 0 0 
0 0 0 0 1024 0 0 0 0 0 0 0 866 158 0 0 0 0 0 0 1 1023 0 0 
0 0 0 0 1024 0 0 0 0 0 0 0 916 108 0 0 0 0 0 0 2 1022 0 0 
0 0 0 0 1024 0 0 0 0 0 0 0 979 45 0 0 0 0 0 0 17 1007 0 0 
0 0 0 0 1024 0 0 0 0 0 0 0 989 35 0 0 0 0 0 0 22 1002 0 0 
0 0 0 0 1024 0 0 0 0 0 0 0 967 57 0 0 0 0 0 0 36 988 0 0 
0 0 0 0 1024 0 0 0 0 0 0 0 994 30 0 0 0 0 0 0 40 984 0 0 
0 0 0 6 1018 0 0 0 0 0 0 0 996 28 0 0 0 0 0 0 141 883 0 0 
0 0 0 1 1023 0 0 0 0 0 0 0 1021 3 0 0 0 0 0 0 187 837 0 0 
0 0 0 26 998 0 0 0 0 0 0 0 1021 3 0 0 0 0 0 0 473 551 0 0 
0 0 0 19 1005 0 0 0 0 0 0 0 1024 0 0 0 0 0 0 0 340 684 0 0 
0 0 0 40 984 0 0 0 0 0 0 0 1024 0 0 0 0 0 0 0 661 363 0 0 
0 0 0 204 820 0 0 0 0 0 0 0 1024 0 0 0 0 0 0 0 755 269 0 0 
0 0 0 471 553 0 0 0 0 0 0 0 1024 0 0 0 0 0 0 0 994 30 0 0 
0 0 0 1017 7 0 0 0 0 0 0 0 1024 0 0 0 0 0 0 0 1024 0 0 0 
0 0 0 954 70 0 0 0 0 0 0 0 1024 0 0 0 0 0 0 0 1024 0 0 0 
0 0 0 784 240 0 0 0 0 0 0 0 1024 0 0 0 0 0 0 0 1024 0 0 0 
0 0 0 736 288 0 0 0 0 0 0 0 1024 0 0 0 0 0 0 0 1024 0 0 0 
0 0 0 585 439 0 0 0 0 0 0 0 1024 0 0 0 0 0 0 0 1024 0 0 0 
0 0 0 346 678 0 0 0 0 0 0 0 1024 0 0 0 0 0 0 0 1023 1 0 0 
0 0 0 70 954 0 0 0 0 0 0 0 1024 0 0 0 0 0 0 0 999 25 0 0 
0 0 0 79 945 0 0 0 0 0 0 0 1024 0 0 0 0 0 0 0 978 46 0 0 
0 0 0 17 1007 0 0 0 0 0 0 0 1024 0 0 0 0 0 0 0 962 62 0 0 
0 0 0 25 999 0 0 0 0 0 0 0 1024 0 0 0 0 0 0 0 858 166 0 0 
0 0 0 0 1024 0 0 0 0 0 0 0 1023 1 0 0 0 0 0 0 800 224 0 0 
0 0 0 0 1024 0 0 0 0 0 0 0 1023 1 0 0 0 0 0 0 748 276 0 0 
0 0 0 0 1024 0 0 0 0 0 0 0 1006 18 0 0 0 0 0 0 342 682 0 0 
0 0 0 0 1024 0 0 0 0 0 0 0 968 56 0 0 0 0 0 0 141 883 0 0 
0 0 0 0 1024 0 0 0 0 0 0 0 961 63 0 0 0 0 0 0 32 992 0 0 
0 0 0 0 1024 0 0 0 0 0 0 0 890 134 0 0 0 0 0 0 34 990 0 0 
0 0 0 0 1024 0 0 0 0 0 0 0 761 263 0 0 0 0 0 0 15 1009 0 0 
0 0 0 0 1024 0 0 0 0 0 0 0 657 367 0 0 0 0 0 0 35 989 0 0 
0 0 0 0 1024 0 0 0 0 0 0 0 666 358 0 0 0 0 0 0 20 1004 0 0 
0 0 0 0 1024 0 0 0 0 0 0 0 522 502 0 0 0 0 0 0 0 1024 0 0 
0 0 0 0 1024 0 0 0 0 0 0 0 148 876 0 0 0 0 0 0 17 1007 0 0 
0 0 0 0 1024 0 0 0 0 0 0 0 127 897 0 0 0 0 0 0 0 1024 0 0 
0 0 0 0 1024 0 0 0 0 0 0 0 45 979 0 0 0 0 0 0 0 1024 0 0 
0 0 0 0 1024 0 0 0 0 0 0 0 22 1002 0 0 0 0 0 0 2 1022 0 0 
0 0 0 0 1024 0 0 0 0 0 0 0 17 1007 0 0 0 0 0 0 0 1024 0 0 
0 0 0 0 1024 0 0 0 0 0 0 0 10 1014 0 0 0 0 0 0 0 1024 0 0 
0 0 0 0 1024 0 0 0 0 0 0 0 38 986 0 0 0 0 0 0 0 1024 0 0 
0 0 0 0 1024 0 0 0 0 0 0 0 77 947 0 0 0 0 0 0 0 1024 0 0 
0 0 0 0 1024 0 0 0 0 0 0 0 72 952 0 0 0 0 0 0 0 1024 0 0 
0 0 0 0 1024 0 0 0 0 0 0 0 103 921 0 0 0 0 0 0 7 1017 0 0 
0 0 0 0 1024 0 0 0 0 0 0 0 36 988 0 0 0 0 0 0 8 1016 0 0 
0 0 0 0 1024 0 0 0 0 0 0 0 175 849 0 0 0 0 0 0 1 1023 0 0 
0 0 0 0 1024 0 0 0 0 0 0 0 172 852 0 0 0 0 0 0 32 992 0 0 
0 0 0 0 1024 0 0 0 0 0 0 0 121 903 0 0 0 0 0 0 1 1023 0 0 
0 0 0 2 1022 0 0 0 0 0 0 0 167 857 0 0 0 0 0 0 10 1014 0 0 
0 0 0 0 1024 0 0 0 0 0 0 0 82 942 0 0 0 0 0 0 0 1024 0 0 
0 0 0 0 1024 0 0 0 0 0 0 0 302 722 0 0 0 0 0 0 0 1024 0 0 
0 0 0 0 1024 0 0 0 0 0 0 0 395 629 0 0 0 0 0 0 8 1016 0 0 
0 0 0 0 1024 0 0 0 0 0 0 0 388 636 0 0 0 0 0 0 0 1024 0 0 
0 0 0 0 1024 0 0 0 0 0 0 0 404 620 0 0 0 0 0 0 0 1024 0 0 
0 0 0 0 1024 0 0 0 0 0 0 0 647 377 0 0 0 0 0 0 12 1012 0 0 
0 0 0 0 1024 0 0 0 0 0 0 0 716 308 0 0 0 0 0 0 30 994 0 0 
0 0 0 1 1023 0 0 0 0 0 0 0 849 175 0 0 0 0 0 0 60 964 0 0 
0 0 0 7 1017 0 0 0 0 0 0 0 993 31 0 0 0 0 0 0 81 943 0 0 
0 0 0 0 1024 0 0 0 0 0 0 0 1022 2 0 0 0 0 0 0 196 828 0 0 
0 0 0 19 1005 0 0 0 0 0 0 0 1022 2 0 0 0 0 0 0 370 654 0 0 
0 0 0 278 746 0 0 0 0 0 0 0 1001 23 0 0 0 0 0 0 417 607 0 0 
0 0 0 144 880 0 0 0 0 0 0 0 1024 0 0 0 0 0 0 0 896 128 0 0 
0 0 0 1011 13 0 0 0 0 0 0 0 1024 0 0 0 0 0 0 0 1024 0 0 0 
0 0 0 1010 14 0 0 0 0 0 0 0 1024 0 0 0 0 0 0 0 1024 0 0 0 
0 0 0 944 80 0 0 0 0 0 0 0 1024 0 0 0 0 0 0 0 1024 0 0 0 
0 0 0 408 616 0 0 0 0 0 0 0 1024 0 0 0 0 0 0 0 1024 0 0 0 
0 0 0 202 822 0 0 0 0 0 0 0 1024 0 0 0 0 0 0 0 1024 0 0 0 
0 0 0 108 916 0 0 0 0 0 0 0 1024 0 0 0 0 0 0 0 1024 0 0 0 
0 0 0 31 993 0 0 0 0 0 0 0 1024 0 0 0 0 0 0 0 999 25 0 0 
0 0 0 15 1009 0 0 0 0 0 0 0 1024 0 0 0 0 0 0 0 975 49 0 0 
0 0 0 8 1016 0 0 0 0 0 0 0 1024 0 0 0 0 0 0 0 915 109 0 0 
0 0 0 30 994 0 0 0 0 0 0 0 1024 0 0 0 0 0 0 0 796 228 0 0 
0 0 0 0 1024 0 0 0 0 0 0 0 1024 0 0 0 0 0 0 0 837 187 0 0 
0 0 0 5 1019 0 0 0 0 0 0 0 1020 4 0 0 0 0 0 0 642 382 0 0 
0 0 0 0 1024 0 0 0 0 0 0 0 1019 5 0 0 0 0 0 0 365 659 0 0 
0 0 0 0 1024 0 0 0 0 0 0 0 958 66 0 0 0 0 0 0 284 740 0 0 
0 0 0 0 1024 0 0 0 0 0 0 0 893 131 0 0 0 0 0 0 127 897 0 0 
0 0 0 0 1024 0 0 0 0 0 0 0 910 114 0 0 0 0 0 0 117 907 0 0 
0 0 0 0 1024 0 0 0 0 0 0 0 761 263 0 0 0 0 0 0 44 980 0 0 
0 0 0 0 1024 0 0 0 0 0 0 0 602 422 0 0 0 0 0 0 2 1022 0 0 
0 0 0 0 1024 0 0 0 0 0 0 0 583 441 0 0 0 0 0 0 67 957 0 0 
0 0 0 0 1024 0 0 0 0 0 0 0 733 291 0 0 0 0 0 0 1 1023 0 0 
0 0 0 0 1024 0 0 0 0 0 0 0 577 447 0 0 0 0 0 0 0 1024 0 0 
0 0 0 0 1024 0 0 0 0 0 0 0 306 718 0 0 0 0 0 0 17 1007 0 0 
0 0 0 0 1024 0 0 0 0 0 0 0 84 940 0 0 0 0 0 0 18 1006 0 0 
0 0 0 0 1024 0 0 0 0 0 0 0 59 965 0 0 0 0 0 0 0 1024 0 0 
0 0 0 0 1024 0 0 0 0 0 0 0 35 989 0 0 0 0 0 0 0 1024 0 0 
0 0 0 0 1024 0 0 0 0 0 0 0 8 1016 0 0 0 0 0 0 0 1024 0 0 
0 0 0 0 1024 0 0 0 0 0 0 0 80 944 0 0 0 0 0 0 0 1024 0 0 
0 0 0 0 1024 0 0 0 0 0 0 0 38 986 0 0 0 0 0 0 0 1024 0 0 
0 0 0 0 1024 0 0 0 0 0 0 0 67 957 0 0 0 0 0 0 0 1024 0 0 
0 0 0 0 1024 0 0 0 0 0 0 0 53 971 0 0 0 0 0 0 1 1023 0 0 
0 0 0 0 1024 0 0 0 0 0 0 0 28 996 0 0 0 0 0 0 0 1024 0 0 
0 0 0 0 1024 0 0 0 0 0 0 0 36 988 0 0 0 0 0 0 4 1020 0 0 
0 0 0 0 1024 0 0 0 0 0 0 0 41 983 0 0 0 0 0 0 0 1024 0 0 
0 0 0 0 1024 0 0 0 0 0 0 0 86 938 0 0 0 0 0 0 0 1024 0 0 
0 0 0 0 1024 0 0 0 0 0 0 0 27 997 0 0 0 0 0 0 2 1022 0 0 
0 0 0 0 1024 0 0 0 0 0 0 0 56 968 0 0 0 0 0 0 0 1024 0 0 
0 0 0 0 1024 0 0 0 0 0 0 0 91 933 0 0 0 0 0 0 0 1024 0 0 
0 0 0 0 1024 0 0 0 0 0 0 0 138 886 0 0 0 0 0 0 3 1021 0 0 
0 0 0 0 1024 0 0 0 0 0 0 0 196 828 0 0 0 0 0 0 12 1012 0 0 
0 0 0 0 1024 0 0 0 0 0 0 0 507 517 0 0 0 0 0 0 1 1023 0 0 
0 0 0 0 1024 0 0 0 0 0 0 0 714 310 0 0 0 0 0 0 20 1004 0 0 
0 0 0 0 1024 0 0 0 0 0 0 0 841 183 0 0 0 0 0 0 3 1021 0 0 
0 0 0 0 1024 0 0 0 0 0 0 0 734 290 0 0 0 0 0 0 46 978 0 0 
0 0 0 3 1021 0 0 0 0 0 0 0 988 36 0 0 0 0 0 0 48 976 0 0 
0 0 0 9 1015 0 0 0 0 0 0 0 1016 8 0 0 0 0 0 0 131 893 0 0 
0 0 0 19 1005 0 0 0 0 0 0 0 1016 8 0 0 0 0 0 0 209 815 0 0 
0 0 0 44 980 0 0 0 0 0 0 0 1009 15 0 0 0 0 0 0 489 535 0 0 
0 0 0 162 862 0 0 0 0 0 0 0 1024 0 0 0 0 0 0 0 846 178 0 0 
0 0 0 1014 10 0 0 0 0 0 0 0 1024 0 0 0 0 0 0 0 1024 0 0 0 
0 0 0 1004 20 0 0 0 0 0 0 0 1024 0 0 0 0 0 0 0 1024 0 0 0 
0 0 0 916 108 0 0 0 0 0 0 0 1024 0 0 0 0 0 0 0 1024 0 0 0 
0 0 0 765 259 0 0 0 0 0 0 0 1024 0 0 0 0 0 0 0 1024 0 0 0 
0 0 0 234 790 0 0 0 0 0 0 0 1024 0 0 0 0 0 0 0 1021 3 0 0 
0 0 0 29 995 0 0 0 0 0 0 0 1024 0 0 0 0 0 0 0 1013 11 0 0 
0 0 0 17 1007 0 0 0 0 0 0 0 1024 0 0 0 0 0 0 0 1011 13 0 0 
0 0 0 8 1016 0 0 0 0 0 0 0 1024 0 0 0 0 0 0 0 990 34 0 0 
0 0 0 14 1010 0 0 0 0 0 0 0 1024 0 0 0 0 0 0 0 995 29 0 0 
0 0 0 16 1008 0 0 0 0 0 0 0 1024 0 0 0 0 0 0 0 820 204 0 0 
0 0 0 0 1024 0 0 0 0 0 0 0 1024 0 0 0 0 0 0 0 917 107 0 0 
0 0 0 0 1024 0 0 0 0 0 0 0 1024 0 0 0 0 0 0 0 599 425 0 0 
0 0 0 0 1024 0 0 0 0 0 0 0 1022 2 0 0 0 0 0 0 606 418 0 0 
0 0 0 0 1024 0 0 0 0 0 0 0 1018 6 0 0 0 0 0 0 351 673 0 0 
0 0 0 0 1024 0 0 0 0 0 0 0 1009 15 0 0 0 0 0 0 243 781 0 0 
0 0 0 0 1024 0 0 0 0 0 0 0 983 41 0 0 0 0 0 0 221 803 0 0 
0 0 0 0 1024 0 0 0 0 0 0 0 971 53 0 0 0 0 0 0 76 948 0 0 
0 0 0 0 1024 0 0 0 0 0 0 0 831 193 0 0 0 0 0 0 68 956 0 0 
0 0 0 0 1024 0 0 0 0 0 0 0 867 157 0 0 0 0 0 0 14 1010 0 0 
0 0 0 0 1024 0 0 0 0 0 0 0 895 129 0 0 0 0 0 0 121 903 0 0 
0 0 0 0 1024 0 0 0 0 0 0 0 922 102 0 0 0 0 0 0 15 1009 0 0 
0 0 0 0 1024 0 0 0 0 0 0 0 701 323 0 0 0 0 0 0 76 948 0 0 
0 0 0 0 1024 0 0 0 0 0 0 0 558 466 0 0 0 0 0 0 4 1020 0 0 
0 0 0 0 1024 0 0 0 0 0 0 0 486 538 0 0 0 0 0 0 128 896 0 0 
0 0 0 28 996 0 0 0 0 0 0 7 666 351 0 0 0 0 0 4 225 795 0 0 
0 0 247 108 669 0 0 0 0 0 47 251 405 321 0 0 0 0 62 240 226 496 0 0 
0 0 647 50 327 0 0 0 0 0 486 175 200 163 0 0 0 0 579 87 101 257 0 0 
0 0 376 72 576 0 0 0 0 0 309 77 299 339 0 0 0 0 338 63 167 456 0 0 
0 0 10 11 1003 0 0 0 0 0 5 7 517 495 0 0 0 0 5 8 92 919 0 0 
0 0 0 0 1024 0 0 0 0 0 0 0 319 705 0 0 0 0 0 0 0 1024 0 0 
0 0 0 0 1024 0 0 0 0 0 0 0 125 899 0 0 0 0 0 0 0 1024 0 0 
0 0 0 0 1024 0 0 0 0 0 0 0 50 974 0 0 0 0 0 0 5 1019 0 0 
0 0 0 0 1024 0 0 0 0 0 0 0 98 926 0 0 0 0 0 0 0 1024 0 0 
0 0 0 0 1024 0 0 0 0 0 0 0 91 933 0 0 0 0 0 0 10 1014 0 0 
0 0 0 0 1024 0 0 0 0 0 0 0 125 899 0 0 0 0 0 0 8 1016 0 0 
0 0 0 0 1024 0 0 0 0 0 0 0 103 921 0 0 0 0 0 0 0 1024 0 0 
0 0 0 0 1024 0 0 0 0 0 0 0 139 885 0 0 0 0 0 0 0 1024 0 0 
0 0 0 0 1024 0 0 0 0 0 0 0 319 705 0 0 0 0 0 0 0 1024 0 0 
0 0 0 0 1024 0 0 0 0 0 0 0 387 637 0 0 0 0 0 0 0 1024 0 0 
0 0 0 0 1024 0 0 0 0 0 0 0 418 606 0 0 0 0 0 0 0 1024 0 0 
0 0 0 0 1024 0 0 0 0 0 0 0 660 364 0 0 0 0 0 0 5 1019 0 0 
0 0 0 0 1024 0 0 0 0 0 0 0 781 243 0 0 0 0 0 0 10 1014 0 0 
0 0 0 0 1024 0 0 0 0 0 0 0 904 120 0 0 0 0 0 0 4 1020 0 0 
0 0 0 0 1024 0 0 0 0 0 0 0 943 81 0 0 0 0 0 0 32 992 0 0 
0 0 0 1 1023 0 0 0 0 0 0 0 1013 11 0 0 0 0 0 0 108 916 0 0 
0 0 0 42 982 0 0 0 0 0 0 0 1011 13 0 0 0 0 0 0 287 737 0 0 
0 0 0 11 1013 0 0 0 0 0 0 0 1005 19 0 0 0 0 0 0 358 666 0 0 
0 0 0 91 933 0 0 0 0 0 0 0 1024 0 0 0 0 0 0 0 852 172 0 0 
0 0 0 1021 3 0 0 0 0 0 0 0 1024 0 0 0 0 0 0 0 1024 0 0 0 
0 0 0 999 25 0 0 0 0 0 0 0 1024 0 0 0 0 0 0 0 1024 0 0 0 
0 0 0 951 73 0 0 0 0 0 0 0 1024 0 0 0 0 0 0 0 1024 0 0 0 
0 0 0 662 362 0 0 0 0 0 0 0 1024 0 0 0 0 0 0 0 1024 0 0 0 
0 0 0 499 525 0 0 0 0 0 0 0 1024 0 0 0 0 0 0 0 1024 0 0 0 
0 0 0 67 957 0 0 0 0 0 0 0 1024 0 0 0 0 0 0 0 1022 2 0 0 
0 0 0 93 931 0 0 0 0 0 0 0 1024 0 0 0 0 0 0 0 997 27 0 0 
0 0 0 21 1003 0 0 0 0 0 0 0 1024 0 0 0 0 0 0 0 995 29 0 0 
0 0 0 0 1024 0 0 0 0 0 0 0 1024 0 0 0 0 0 0 0 991 33 0 0 
0 0 0 9 1015 0 0 0 0 0 0 0 1024 0 0 0 0 0 0 0 982 42 0 0 
0 0 0 6 1018 0 0 0 0 0 0 0 1024 0 0 0 0 0 0 0 931 93 0 0 
0 0 0 0 1024 0 0 0 0 0 0 0 1024 0 0 0 0 0 0 0 897 127 0 0 
0 0 0 0 1024 0 0 0 0 0 0 0 1024 0 0 0 0 0 0 0 613 411 0 0 
0 0 0 0 1024 0 0 0 0 0 0 0 1021 3 0 0 0 0 0 0 650 374 0 0 
0 0 0 0 1024 0 0 0 0 0 0 0 1022 2 0 0 0 0 0 0 671 353 0 0 
0 0 0 0 1024 0 0 0 0 0 0 0 1022 2 0 0 0 0 0 0 436 588 0 0 
0 0 0 0 1024 0 0 0 0 0 0 0 1012 12 0 0 0 0 0 0 280 744 0 0 
0 0 0 0 1024 0 0 0 0 0 0 0 970 54 0 0 0 0 0 0 346 678 0 0 
0 0 0 0 1024 0 0 0 0 0 0 0 1011 13 0 0 0 0 0 0 309 715 0 0 
0 0 0 0 1024 0 0 0 0 0 0 0 1013 11 0 0 0 0 0 0 502 522 0 0 
0 0 0 0 1024 0 0 0 0 0 0 0 995 29 0 0 0 0 0 0 528 496 0 0 
0 0 0 0 1024 0 0 0 0 0 0 0 1016 8 0 0 0 0 0 0 347 677 0 0 
0 0 0 0 1024 0 0 0 0 0 0 0 988 36 0 0 0 0 0 0 422 602 0 0 
0 0 0 238 786 0 0 0 0 0 0 4 998 22 0 0 0 0 0 0 790 234 0 0 
0 0 21 724 279 0 0 0 0 0 0 225 799 0 0 0 0 0 0 197 804 23 0 0 
0 0 449 547 28 0 0 0 0 0 40 673 311 0 0 0 0 0 31 664 329 0 0 0 
0 28 992 4 0 0 0 0 0 0 885 139 0 0 0 0 0 0 878 145 1 0 0 0 
0 14 1010 0 0 0 0 0 0 0 1022 2 0 0 0 0 0 0 1023 1 0 0 0 0 
0 0 810 48 166 0 0 0 0 0 710 115 182 17 0 0 0 0 743 85 157 39 0 0 
0 0 502 87 435 0 0 0 0 0 187 341 438 58 0 0 0 0 238 291 300 195 0 0 
0 0 158 97 769 0 0 0 0 0 22 151 660 191 0 0 0 0 26 149 315 534 0 0 
0 0 0 4 1020 0 0 0 0 0 0 0 474 550 0 0 0 0 0 0 111 913 0 0 
0 0 0 0 1024 0 0 0 0 0 0 0 515 509 0 0 0 0 0 0 100 924 0 0 
0 0 0 0 1024 0 0 0 0 0 0 0 441 583 0 0 0 0 0 0 8 1016 0 0 
0 0 0 0 1024 0 0 0 0 0 0 0 552 472 0 0 0 0 0 0 32 992 0 0 
0 0 0 0 1024 0 0 0 0 0 0 0 470 554 0 0 0 0 0 0 10 1014 0 0 
0 0 0 0 1024 0 0 0 0 0 0 0 213 811 0 0 0 0 0 0 28 996 0 0 
0 0 0 0 1024 0 0 0 0 0 0 0 223 801 0 0 0 0 0 0 0 1024 0 0 
0 0 0 0 1024 0 0 0 0 0 0 0 490 534 0 0 0 0 0 0 3 1021 0 0 
0 0 0 0 1024 0 0 0 0 0 0 0 473 551 0 0 0 0 0 0 0 1024 0 0 
0 0 0 0 1024 0 0 0 0 0 0 0 595 429 0 0 0 0 0 0 1 1023 0 0 
0 0 0 0 1024 0 0 0 0 0 0 0 695 329 0 0 0 0 0 0 11 1013 0 0 
0 0 0 0 1024 0 0 0 0 0 0 0 895 129 0 0 0 0 0 0 0 1024 0 0 
0 0 0 0 1024 0 0 0 0 0 0 0 942 82 0 0 0 0 0 0 11 1013 0 0 
0 0 0 0 1024 0 0 0 0 0 0 0 1016 8 0 0 0 0 0 0 139 885 0 0 
0 0 0 3 1021 0 0 0 0 0 0 0 1008 16 0 0 0 0 0 0 92 932 0 0 
0 0 0 30 994 0 0 0 0 0 0 0 1012 12 0 0 0 0 0 0 328 696 0 0 
0 0 0 100 924 0 0 0 0 0 0 0 1024 0 0 0 0 0 0 0 837 187 0 0 
0 0 0 1017 7 0 0 0 0 0 0 0 1024 0 0 0 0 0 0 0 1024 0 0 0 
0 0 0 1011 13 0 0 0 0 0 0 0 1024 0 0 0 0 0 0 0 1024 0 0 0 
0 0 0 964 60 0 0 0 0 0 0 0 1024 0 0 0 0 0 0 0 1024 0 0 0 
0 0 0 752 272 0 0 0 0 0 0 0 1024 0 0 0 0 0 0 0 1024 0 0 0 
0 0 0 679 345 0 0 0 0 0 0 0 1024 0 0 0 0 0 0 0 1024 0 0 0 
0 0 0 256 768 0 0 0 0 0 0 0 1024 0 0 0 0 0 0 0 1024 0 0 0 
0 0 0 125 899 0 0 0 0 0 0 0 1024 0 0 0 0 0 0 0 1024 0 0 0 
0 0 0 23 1001 0 0 0 0 0 0 0 1024 0 0 0 0 0 0 0 1008 16 0 0 
0 0 0 14 1010 0 0 0 0 0 0 0 1024 0 0 0 0 0 0 0 1008 16 0 0 
0 0 0 7 1017 0 0 0 0 0 0 0 1024 0 0 0 0 0 0 0 1006 18 0 0 
0 0 0 2 1022 0 0 0 0 0 0 0 1024 0 0 0 0 0 0 0 910 114 0 0 
0 0 0 0 1024 0 0 0 0 0 0 0 1024 0 0 0 0 0 0 0 875 149 0 0 
0 0 0 0 1024 0 0 0 0 0 0 0 1024 0 0 0 0 0 0 0 893 131 0 0 
0 0 0 0 1024 0 0 0 0 0 0 0 1024 0 0 0 0 0 0 0 873 151 0 0 
0 0 0 0 1024 0 0 0 0 0 0 0 1023 1 0 0 0 0 0 0 860 164 0 0 
0 0 0 0 1024 0 0 0 0 0 0 0 1023 1 0 0 0 0 0 0 770 254 0 0 
0 0 0 0 1024 0 0 0 0 0 0 0 1022 2 0 0 0 0 0 0 812 212 0 0 
0 0 0 0 1024 0 0 0 0 0 0 0 1024 0 0 0 0 0 0 0 862 162 0 0 
0 0 0 0 1024 0 0 0 0 0 0 0 1024 0 0 0 0 0 0 0 829 195 0 0 
0 0 0 3 1021 0 0 0 0 0 0 0 1024 0 0 0 0 0 0 0 914 110 0 0 
0 0 0 0 1024 0 0 0 0 0 0 0 1024 0 0 0 0 0 0 0 935 89 0 0 
0 0 0 36 988 0 0 0 0 0 0 0 1023 1 0 0 0 0 0 0 855 169 0 0 
0 0 0 513 511 0 0 0 0 0 0 0 1024 0 0 0 0 0 0 0 1023 1 0 0 
0 0 0 908 116 0 0 0 0 0 0 0 1024 0 0 0 0 0 0 2 1022 0 0 0 
0 0 0 990 34 0 0 0 0 0 0 51 973 0 0 0 0 0 0 52 972 0 0 0 
0 0 172 836 16 0 0 0 0 0 0 582 442 0 0 0 0 0 0 562 462 0 0 0 
0 0 934 90 0 0 0 0 0 0 506 511 7 0 0 0 0 0 418 598 8 0 0 0 
0 0 1024 0 0 0 0 0 0 0 940 84 0 0 0 0 0 0 900 124 0 0 0 0 
0 0 994 30 0 0 0 0 0 0 848 173 3 0 0 0 0 0 778 244 2 0 0 0 
0 0 1024 0 0 0 0 0 0 0 349 675 0 0 0 0 0 0 515 509 0 0 0 0 
0 0 1013 9 2 0 0 0 0 0 25 993 6 0 0 0 0 0 150 869 5 0 0 0 
0 0 627 259 138 0 0 0 0 0 3 768 252 1 0 0 0 0 24 758 225 17 0 0 
0 0 116 409 499 0 0 0 0 0 0 319 666 39 0 0 0 0 0 328 369 327 0 0 
0 0 3 95 926 0 0 0 0 0 0 49 743 232 0 0 0 0 0 54 387 583 0 0 
0 0 0 0 1024 0 0 0 0 0 0 0 659 365 0 0 0 0 0 0 32 992 0 0 
0 0 0 0 1024 0 0 0 0 0 0 0 467 557 0 0 0 0 0 0 28 996 0 0 
0 0 0 0 1024 0 0 0 0 0 0 0 273 751 0 0 0 0 0 0 0 1024 0 0 
0 0 0 0 1024 0 0 0 0 0 0 0 106 918 0 0 0 0 0 0 14 1010 0 0 
0 0 0 0 1024 0 0 0 0 0 0 0 265 759 0 0 0 0 0 0 0 1024 0 0 
0 0 0 0 1024 0 0 0 0 0 0 0 602 422 0 0 0 0 0 0 0 1024 0 0 
0 0 0 0 1024 0 0 0 0 0 0 0 484 540 0 0 0 0 0 0 0 1024 0 0 
0 0 0 0 1024 0 0 0 0 0 0 0 774 250 0 0 0 0 0 0 0 1024 0 0 
0 0 0 0 1024 0 0 0 0 0 0 0 976 48 0 0 0 0 0 0 6 1018 0 0 
0 0 0 0 1024 0 0 0 0 0 0 0 1000 24 0 0 0 0 0 0 16 1008 0 0 
0 0 0 0 1024 0 0 0 0 0 0 0 1004 20 0 0 0 0 0 0 26 998 0 0 
0 0 0 5 1019 0 0 0 0 0 0 0 1008 16 0 0 0 0 0 0 147 877 0 0 
0 0 0 12 1012 0 0 0 0 0 0 0 1008 16 0 0 0 0 0 0 216 808 0 0 
0 0 0 30 994 0 0 0 0 0 0 0 1024 0 0 0 0 0 0 0 693 331 0 0 
0 0 0 1006 18 0 0 0 0 0 0 0 1024 0 0 0 0 0 0 0 1024 0 0 0 
0 0 0 1018 6 0 0 0 0 0 0 0 1024 0 0 0 0 0 0 0 1024 0 0 0 
0 0 0 969 55 0 0 0 0 0 0 0 1024 0 0 0 0 0 0 0 1024 0 0 0 
0 0 0 933 91 0 0 0 0 0 0 0 1024 0 0 0 0 0 0 0 1024 0 0 0 
0 0 0 541 483 0 0 0 0 0 0 0 1024 0 0 0 0 0 0 0 1024 0 0 0 
0 0 0 217 807 0 0 0 0 0 0 0 1024 0 0 0 0 0 0 0 1024 0 0 0 
0 0 0 160 864 0 0 0 0 0 0 0 1024 0 0 0 0 0 0 0 1024 0 0 0 
0 0 0 27 997 0 0 0 0 0 0 0 1024 0 0 0 0 0 0 0 1020 4 0 0 
0 0 0 0 1024 0 0 0 0 0 0 0 1024 0 0 0 0 0 0 0 1024 0 0 0 
0 0 0 6 1018 0 0 0 0 0 0 0 1024 0 0 0 0 0 0 0 1005 19 0 0 
0 0 0 9 1015 0 0 0 0 0 0 0 1024 0 0 0 0 0 0 0 982 42 0 0 
0 0 0 0 1024 0 0 0 0 0 0 0 1024 0 0 0 0 0 0 0 954 70 0 0 
0 0 0 2 1022 0 0 0 0 0 0 0 1024 0 0 0 0 0 0 0 984 40 0 0 
0 0 0 0 1024 0 0 0 0 0 0 0 1024 0 0 0 0 0 0 0 900 124 0 0 
0 0 0 4 1020 0 0 0 0 0 0 0 1024 0 0 0 0 0 0 0 991 33 0 0 
0 0 0 12 1012 0 0 0 0 0 0 0 1024 0 0 0 0 0 0 0 997 27 0 0 
0 0 0 3 1021 0 0 0 0 0 0 0 1024 0 0 0 0 0 0 0 996 28 0 0 
0 0 0 5 1019 0 0 0 0 0 0 0 1024 0 0 0 0 0 0 0 1005 19 0 0 
0 0 0 1 1023 0 0 0 0 0 0 0 1024 0 0 0 0 0 0 0 987 37 0 0 
0 0 0 0 1024 0 0 0 0 0 0 0 1024 0 0 0 0 0 0 0 1017 7 0 0 
0 0 0 185 839 0 0 0 0 0 0 0 1024 0 0 0 0 0 0 0 1023 1 0 0 
0 0 0 746 278 0 0 0 0 0 0 0 1024 0 0 0 0 0 0 0 1024 0 0 0 
0 0 0 965 59 0 0 0 0 0 0 0 1024 0 0 0 0 0 0 0 1024 0 0 0 
0 0 0 984 40 0 0 0 0 0 0 1 1023 0 0 0 0 0 0 5 1019 0 0 0 
0 0 0 691 333 0 0 0 0 0 0 11 1013 0 0 0 0 0 0 62 962 0 0 0 
0 0 0 362 662 0 0 0 0 0 0 43 981 0 0 0 0 0 0 8 1016 0 0 0 
0 0 288 511 225 0 0 0 0 0 52 418 554 0 0 0 0 0 49 414 561 0 0 0 
0 0 1017 7 0 0 0 0 0 0 566 457 1 0 0 0 0 0 553 470 1 0 0 0 
0 0 1014 10 0 0 0 0 0 0 92 932 0 0 0 0 0 0 84 940 0 0 0 0 
0 0 929 95 0 0 0 0 0 0 26 986 12 0 0 0 0 0 48 965 11 0 0 0 
0 0 702 322 0 0 0 0 0 0 1 986 37 0 0 0 0 0 4 974 46 0 0 0 
0 0 781 243 0 0 0 0 0 0 2 1014 8 0 0 0 0 0 3 1018 3 0 0 0 
0 0 401 623 0 0 0 0 0 0 0 940 84 0 0 0 0 0 0 953 71 0 0 0 
0 0 206 795 23 0 0 0 0 0 0 635 386 3 0 0 0 0 0 632 392 0 0 0 
0 0 126 517 381 0 0 0 0 0 0 386 626 12 0 0 0 0 0 390 429 205 0 0 
0 0 0 139 885 0 0 0 0 0 0 26 891 107 0 0 0 0 0 24 577 423 0 0 
0 0 0 0 1024 0 0 0 0 0 0 0 642 382 0 0 0 0 0 0 267 757 0 0 
0 0 0 0 1024 0 0 0 0 0 0 0 601 423 0 0 0 0 0 0 3 1021 0 0 
0 0 0 0 1024 0 0 0 0 0 0 0 571 453 0 0 0 0 0 0 0 1024 0 0 
0 0 0 0 1024 0 0 0 0 0 0 0 925 99 0 0 0 0 0 0 0 1024 0 0 
0 0 0 0 1024 0 0 0 0 0 0 0 746 278 0 0 0 0 0 0 44 980 0 0 
0 0 0 0 1024 0 0 0 0 0 0 0 922 102 0 0 0 0 0 0 180 844 0 0 
0 0 0 0 1024 0 0 0 0 0 0 0 947 77 0 0 0 0 0 0 88 936 0 0 
0 0 0 0 1024 0 0 0 0 0 0 0 1018 6 0 0 0 0 0 0 126 898 0 0 
0 0 0 1 1023 0 0 0 0 0 0 0 1011 13 0 0 0 0 0 0 75 949 0 0 
0 0 0 8 1016 0 0 0 0 0 0 0 1001 23 0 0 0 0 0 0 162 862 0 0 
0 0 0 6 1018 0 0 0 0 0 0 0 998 26 0 0 0 0 0 0 228 796 0 0 
0 0 0 66 958 0 0 0 0 0 0 0 1024 0 0 0 0 0 0 0 727 297 0 0 
0 0 0 1024 0 0 0 0 0 0 0 0 1024 0 0 0 0 0 0 0 1024 0 0 0 
0 0 0 1022 2 0 0 0 0 0 0 0 1024 0 0 0 0 0 0 0 1024 0 0 0 
0 0 0 1014 10 0 0 0 0 0 0 0 1024 0 0 0 0 0 0 0 1024 0 0 0 
0 0 0 943 81 0 0 0 0 0 0 0 1024 0 0 0 0 0 0 0 1024 0 0 0 
0 0 0 767 257 0 0 0 0 0 0 0 1024 0 0 0 0 0 0 0 1024 0 0 0 
0 0 0 436 588 0 0 0 0 0 0 0 1024 0 0 0 0 0 0 0 1024 0 0 0 
0 0 0 287 737 0 0 0 0 0 0 0 1024 0 0 0 0 0 0 0 1024 0 0 0 
0 0 0 93 931 0 0 0 0 0 0 0 1024 0 0 0 0 0 0 0 1024 0 0 0 
0 0 0 19 1005 0 0 0 0 0 0 0 1024 0 0 0 0 0 0 0 1024 0 0 0 
0 0 0 3 1021 0 0 0 0 0 0 0 1024 0 0 0 0 0 0 0 1013 11 0 0 
0 0 0 4 1020 0 0 0 0 0 0 0 1024 0 0 0 0 0 0 0 1024 0 0 0 
0 0 0 0 1024 0 0 0 0 0 0 0 1024 0 0 0 0 0 0 0 1013 11 0 0 
0 0 0 7 1017 0 0 0 0 0 0 0 1024 0 0 0 0 0 0 0 1011 13 0 0 
0 0 0 0 1024 0 0 0 0 0 0 0 1024 0 0 0 0 0 0 0 1010 14 0 0 
0 0 0 34 990 0 0 0 0 0 0 0 1024 0 0 0 0 0 0 0 1023 1 0 0 
0 0 0 16 1008 0 0 0 0 0 0 0 1024 0 0 0 0 0 0 0 1022 2 0 0 
0 0 0 14 1010 0 0 0 0 0 0 0 1024 0 0 0 0 0 0 0 1024 0 0 0 
0 0 0 73 951 0 0 0 0 0 0 0 1024 0 0 0 0 0 0 0 1024 0 0 0 
0 0 0 110 914 0 0 0 0 0 0 0 1024 0 0 0 0 0 0 0 1024 0 0 0 
0 0 0 499 525 0 0 0 0 0 0 0 1024 0 0 0 0 0 0 0 1024 0 0 0 
0 0 0 687 337 0 0 0 0 0 0 0 1024 0 0 0 0 0 0 0 1024 0 0 0 
0 0 0 774 250 0 0 0 0 0 0 0 1024 0 0 0 0 0 0 0 1024 0 0 0 
0 0 0 670 354 0 0 0 0 0 0 0 1024 0 0 0 0 0 0 0 1024 0 0 0 
0 0 0 738 286 0 0 0 0 0 0 8 1016 0 0 0 0 0 0 23 1001 0 0 0 
0 0 0 760 264 0 0 0 0 0 0 0 1024 0 0 0 0 0 0 0 1024 0 0 0 
0 0 0 935 89 0 0 0 0 0 0 52 972 0 0 0 0 0 0 49 975 0 0 0 
0 0 85 939 0 0 0 0 0 0 0 697 327 0 0 0 0 0 0 633 391 0 0 0 
0 0 642 382 0 0 0 0 0 0 1 1023 0 0 0 0 0 0 0 1024 0 0 0 0 
0 0 854 170 0 0 0 0 0 0 0 1023 1 0 0 0 0 0 0 1023 1 0 0 0 
0 0 780 244 0 0 0 0 0 0 0 1024 0 0 0 0 0 0 0 1024 0 0 0 0 
0 0 507 517 0 0 0 0 0 0 0 971 53 0 0 0 0 0 0 975 49 0 0 0 
0 0 312 712 0 0 0 0 0 0 0 1016 8 0 0 0 0 0 0 1024 0 0 0 0 
0 0 154 870 0 0 0 0 0 0 0 1024 0 0 0 0 0 0 0 1024 0 0 0 0 
0 0 545 479 0 0 0 0 0 0 0 1024 0 0 0 0 0 0 0 1024 0 0 0 0 
0 0 447 577 0 0 0 0 0 0 0 1024 0 0 0 0 0 0 0 1024 0 0 0 0 
0 0 373 627 24 0 0 0 0 0 0 940 84 0 0 0 0 0 0 956 68 0 0 0 
0 0 220 437 367 0 0 0 0 0 0 427 588 9 0 0 0 0 0 438 480 106 0 0 
0 0 17 190 817 0 0 0 0 0 0 109 903 12 0 0 0 0 0 111 526 387 0 0 
0 0 0 0 1024 0 0 0 0 0 0 0 981 43 0 0 0 0 0 0 383 641 0 0 
0 0 0 0 1024 0 0 0 0 0 0 0 929 95 0 0 0 0 0 0 147 877 0 0 
0 0 0 0 1024 0 0 0 0 0 0 0 986 38 0 0 0 0 0 0 37 987 0 0 
0 0 0 0 1024 0 0 0 0 0 0 0 980 44 0 0 0 0 0 0 123 901 0 0 
0 0 0 0 1024 0 0 0 0 0 0 0 998 26 0 0 0 0 0 0 123 901 0 0 
0 0 0 0 1024 0 0 0 0 0 0 0 1008 16 0 0 0 0 0 0 122 902 0 0 
0 0 0 0 1024 0 0 0 0 0 0 0 1010 14 0 0 0 0 0 0 57 967 0 0 
0 0 0 0 1024 0 0 0 0 0 0 0 985 39 0 0 0 0 0 0 177 847 0 0 
0 0 0 18 1006 0 0 0 0 0 0 0 1007 17 0 0 0 0 0 0 269 755 0 0 
0 0 0 6 1018 0 0 0 0 0 0 0 1024 0 0 0 0 0 0 0 713 311 0 0 
0 0 0 1024 0 0 0 0 0 0 0 0 1024 0 0 0 0 0 0 0 1024 0 0 0 
0 0 0 1022 2 0 0 0 0 0 0 0 1024 0 0 0 0 0 0 0 1024 0 0 0 
0 0 0 1024 0 0 0 0 0 0 0 0 1024 0 0 0 0 0 0 0 1024 0 0 0 
0 0 0 952 72 0 0 0 0 0 0 0 1024 0 0 0 0 0 0 0 1024 0 0 0 
0 0 0 968 56 0 0 0 0 0 0 0 1024 0 0 0 0 0 0 0 1024 0 0 0 
0 0 0 834 190 0 0 0 0 0 0 0 1024 0 0 0 0 0 0 0 1024 0 0 0 
0 0 0 631 393 0 0 0 0 0 0 0 1024 0 0 0 0 0 0 0 1024 0 0 0 
0 0 0 384 640 0 0 0 0 0 0 0 1024 0 0 0 0 0 0 0 1024 0 0 0 
0 0 0 124 900 0 0 0 0 0 0 0 1024 0 0 0 0 0 0 0 1024 0 0 0 
0 0 0 102 922 0 0 0 0 0 0 0 1024 0 0 0 0 0 0 0 1024 0 0 0 
0 0 0 42 982 0 0 0 0 0 0 0 1024 0 0 0 0 0 0 0 1024 0 0 0 
0 0 0 6 1018 0 0 0 0 0 0 0 1024 0 0 0 0 0 0 0 1024 0 0 0 
0 0 0 23 1001 0 0 0 0 0 0 0 1024 0 0 0 0 0 0 0 1024 0 0 0 
0 0 0 1 1023 0 0 0 0 0 0 0 1024 0 0 0 0 0 0 0 1022 2 0 0 
0 0 0 97 927 0 0 0 0 0 0 0 1024 0 0 0 0 0 0 0 1024 0 0 0 
0 0 0 77 947 0 0 0 0 0 0 0 1024 0 0 0 0 0 0 0 1024 0 0 0 
0 0 0 267 757 0 0 0 0 0 0 0 1024 0 0 0 0 0 0 0 1024 0 0 0 
0 0 0 512 512 0 0 0 0 0 0 0 1024 0 0 0 0 0 0 0 1024 0 0 0 
0 0 0 774 250 0 0 0 0 0 0 0 1024 0 0 0 0 0 0 0 1024 0 0 0 
0 0 0 966 58 0 0 0 0 0 0 14 1010 0 0 0 0 0 0 0 1024 0 0 0 
0 0 0 978 46 0 0 0 0 0 0 72 952 0 0 0 0 0 0 19 1005 0 0 0 
0 0 0 1024 0 0 0 0 0 0 0 31 993 0 0 0 0 0 0 25 999 0 0 0 
0 0 0 981 43 0 0 0 0 0 0 1 1023 0 0 0 0 0 0 0 1024 0 0 0 
0 0 0 844 180 0 0 0 0 0 0 1 1023 0 0 0 0 0 0 1 1023 0 0 0 
0 0 0 671 353 0 0 0 0 0 0 1 1023 0 0 0 0 0 0 12 1012 0 0 0 
0 0 0 958 66 0 0 0 0 0 0 11 1013 0 0 0 0 0 0 13 1011 0 0 0 
0 0 98 896 30 0 0 0 0 0 0 690 334 0 0 0 0 0 0 654 370 0 0 0 
0 0 671 353 0 0 0 0 0 0 0 1024 0 0 0 0 0 0 0 1024 0 0 0 0 
0 0 779 245 0 0 0 0 0 0 1 1023 0 0 0 0 0 0 4 1020 0 0 0 0 
0 0 729 295 0 0 0 0 0 0 8 1016 0 0 0 0 0 0 24 1000 0 0 0 0 
0 0 482 542 0 0 0 0 0 0 0 1024 0 0 0 0 0 0 0 1024 0 0 0 0 
0 0 2 1022 0 0 0 0 0 0 0 987 37 0 0 0 0 0 0 1000 24 0 0 0 
0 0 0 1024 0 0 0 0 0 0 0 780 244 0 0 0 0 0 0 774 250 0 0 0 
0 0 19 1005 0 0 0 0 0 0 0 938 86 0 0 0 0 0 0 973 51 0 0 0 
0 0 147 877 0 0 0 0 0 0 0 1024 0 0 0 0 0 0 0 1024 0 0 0 0 
0 0 192 832 0 0 0 0 0 0 0 1022 2 0 0 0 0 0 0 1016 8 0 0 0 
0 0 317 707 0 0 0 0 0 0 0 1024 0 0 0 0 0 0 0 1024 0 0 0 0 
0 0 449 575 0 0 0 0 0 0 1 987 36 0 0 0 0 0 6 997 21 0 0 0 
0 0 14 771 239 0 0 0 0 0 0 425 599 0 0 0 0 0 0 376 644 4 0 0 
0 0 0 414 610 0 0 0 0 0 0 112 912 0 0 0 0 0 0 53 834 137 0 0 
0 0 0 42 982 0 0 0 0 0 0 0 1016 8 0 0 0 0 0 0 546 478 0 0 
0 0 0 0 1024 0 0 0 0 0 0 0 1011 13 0 0 0 0 0 0 345 679 0 0 
0 0 0 0 1024 0 0 0 0 0 0 0 1014 10 0 0 0 0 0 0 329 695 0 0 
0 0 0 2 1022 0 0 0 0 0 0 0 1024 0 0 0 0 0 0 0 332 692 0 0 
0 0 0 4 1020 0 0 0 0 0 0 0 1024 0 0 0 0 0 0 0 188 836 0 0 
0 0 0 12 1012 0 0 0 0 0 0 0 1018 6 0 0 0 0 0 0 426 598 0 0 
0 0 0 6 1018 0 0 0 0 0 0 0 1021 3 0 0 0 0 0 0 304 720 0 0 
0 0 0 46 978 0 0 0 0 0 0 0 1024 0 0 0 0 0 0 0 778 246 0 0 
0 0 0 1024 0 0 0 0 0 0 0 0 1024 0 0 0 0 0 0 0 1024 0 0 0 
0 0 0 1024 0 0 0 0 0 0 0 0 1024 0 0 0 0 0 0 0 1024 0 0 0 
0 0 0 1019 5 0 0 0 0 0 0 0 1024 0 0 0 0 0 0 0 1024 0 0 0 
0 0 0 1012 12 0 0 0 0 0 0 0 1024 0 0 0 0 0 0 0 1024 0 0 0 
0 0 0 1017 7 0 0 0 0 0 0 0 1024 0 0 0 0 0 0 0 1024 0 0 0 
0 0 0 976 48 0 0 0 0 0 0 0 1024 0 0 0 0 0 0 0 1024 0 0 0 
0 0 0 967 57 0 0 0 0 0 0 0 1024 0 0 0 0 0 0 0 1024 0 0 0 
0 0 0 597 427 0 0 0 0 0 0 0 1024 0 0 0 0 0 0 0 1024 0 0 0 
0 0 0 520 504 0 0 0 0 0 0 0 1024 0 0 0 0 0 0 0 1024 0 0 0 
0 0 0 490 534 0 0 0 0 0 0 0 1024 0 0 0 0 0 0 0 1024 0 0 0 
0 0 0 394 630 0 0 0 0 0 0 0 1024 0 0 0 0 0 0 0 1024 0 0 0 
0 0 0 728 296 0 0 0 0 0 0 0 1024 0 0 0 0 0 0 0 1024 0 0 0 
0 0 0 460 564 0 0 0 0 0 0 0 1024 0 0 0 0 0 0 0 1024 0 0 0 
0 0 0 507 517 0 0 0 0 0 0 9 1015 0 0 0 0 0 0 3 1021 0 0 0 
0 0 0 772 252 0 0 0 0 0 0 303 721 0 0 0 0 0 0 206 818 0 0 0 
0 0 0 960 64 0 0 0 0 0 0 472 552 0 0 0 0 0 0 414 610 0 0 0 
0 0 30 973 21 0 0 0 0 0 0 620 404 0 0 0 0 0 0 580 444 0 0 0 
0 0 0 1024 0 0 0 0 0 0 0 752 272 0 0 0 0 0 0 730 294 0 0 0 
0 0 0 1011 13 0 0 0 0 0 0 762 262 0 0 0 0 0 0 439 585 0 0 0 
0 0 1 1007 16 0 0 0 0 0 0 390 634 0 0 0 0 0 0 164 860 0 0 0 
0 0 0 763 261 0 0 0 0 0 0 13 1011 0 0 0 0 0 0 12 1012 0 0 0 
0 0 0 377 647 0 0 0 0 0 0 0 1024 0 0 0 0 0 0 0 942 82 0 0 
0 0 0 22 1002 0 0 0 0 0 0 0 1021 3 0 0 0 0 0 0 844 180 0 0 
0 0 0 0 1024 0 0 0 0 0 0 0 1020 4 0 0 0 0 0 0 830 194 0 0 
0 0 0 88 936 0 0 0 0 0 0 0 1023 1 0 0 0 0 0 0 969 55 0 0 
0 0 0 643 381 0 0 0 0 0 0 108 916 0 0 0 0 0 0 137 886 1 0 0 
0 0 0 1009 15 0 0 0 0 0 0 615 409 0 0 0 0 0 0 587 435 2 0 0 
0 0 2 1022 0 0 0 0 0 0 0 716 308 0 0 0 0 0 0 740 284 0 0 0 
0 0 3 1021 0 0 0 0 0 0 0 715 309 0 0 0 0 0 0 746 278 0 0 0 
0 0 88 905 31 0 0 0 0 0 0 662 362 0 0 0 0 0 0 682 342 0 0 0 
0 0 74 753 197 0 0 0 0 0 0 541 483 0 0 0 0 0 0 536 488 0 0 0 
0 0 6 617 401 0 0 0 0 0 0 362 662 0 0 0 0 0 0 347 676 1 0 0 
0 0 0 887 137 0 0 0 0 0 0 407 617 0 0 0 0 0 0 423 601 0 0 0 
0 0 0 1014 10 0 0 0 0 0 0 614 410 0 0 0 0 0 0 655 369 0 0 0 
0 0 31 954 39 0 0 0 0 0 0 825 199 0 0 0 0 0 0 741 283 0 0 0 
0 0 147 659 218 0 0 0 0 0 0 630 394 0 0 0 0 0 0 602 422 0 0 0 
0 0 192 457 375 0 0 0 0 0 0 389 635 0 0 0 0 0 0 374 650 0 0 0 
0 0 344 573 107 0 0 0 0 0 0 473 551 0 0 0 0 0 0 462 562 0 0 0 
0 0 41 971 12 0 0 0 0 0 0 464 560 0 0 0 0 0 0 358 666 0 0 0 
0 0 3 1021 0 0 0 0 0 0 0 400 624 0 0 0 0 0 0 272 752 0 0 0 
0 0 0 950 74 0 0 0 0 0 0 266 758 0 0 0 0 0 0 208 816 0 0 0 
0 0 0 608 416 0 0 0 0 0 0 24 1000 0 0 0 0 0 0 23 983 18 0 0 
0 0 0 442 582 0 0 0 0 0 0 2 1022 0 0 0 0 0 0 0 1019 5 0 0 
0 0 0 383 641 0 0 0 0 0 0 7 1017 0 0 0 0 0 0 14 994 16 0 0 
0 0 0 315 709 0 0 0 0 0 0 29 995 0 0 0 0 0 0 29 933 62 0 0 
0 0 10 266 748 0 0 0 0 0 0 30 994 0 0 0 0 0 0 17 978 29 0 0 
0 0 0 183 841 0 0 0 0 0 0 0 1012 12 0 0 0 0 0 0 957 67 0 0 
0 0 0 88 936 0 0 0 0 0 0 0 1024 0 0 0 0 0 0 0 926 98 0 0 
0 0 0 1024 0 0 0 0 0 0 0 0 1024 0 0 0 0 0 0 0 1024 0 0 0 
0 0 0 1024 0 0 0 0 0 0 0 0 1024 0 0 0 0 0 0 0 1024 0 0 0 
0 0 0 1024 0 0 0 0 0 0 0 0 1024 0 0 0 0 0 0 0 1024 0 0 0 
0 0 0 1016 8 0 0 0 0 0 0 0 1024 0 0 0 0 0 0 0 1024 0 0 0 
0 0 0 1023 1 0 0 0 0 0 0 0 1024 0 0 0 0 0 0 0 1024 0 0 0 
0 0 0 1009 15 0 0 0 0 0 0 0 1024 0 0 0 0 0 0 0 1024 0 0 0 
0 0 0 1019 5 0 0 0 0 0 0 0 1024 0 0 0 0 0 0 0 1024 0 0 0 
0 0 0 944 80 0 0 0 0 0 0 0 1024 0 0 0 0 0 0 0 1024 0 0 0 
0 0 0 972 52 0 0 0 0 0 0 15 1009 0 0 0 0 0 0 2 1022 0 0 0 
0 0 0 971 53 0 0 0 0 0 0 210 814 0 0 0 0 0 0 163 861 0 0 0 
0 0 0 993 31 0 0 0 0 0 0 400 624 0 0 0 0 0 0 387 637 0 0 0 
0 0 0 1018 6 0 0 0 0 0 0 520 504 0 0 0 0 0 0 497 527 0 0 0 
0 0 61 961 2 0 0 0 0 0 0 706 318 0 0 0 0 0 0 693 331 0 0 0 
0 0 92 932 0 0 0 0 0 0 0 932 92 0 0 0 0 0 0 912 112 0 0 0 
0 0 17 1007 0 0 0 0 0 0 0 977 47 0 0 0 0 0 0 946 78 0 0 0 
0 0 4 1020 0 0 0 0 0 0 0 881 143 0 0 0 0 0 0 779 245 0 0 0 
0 0 4 1020 0 0 0 0 0 0 0 824 200 0 0 0 0 0 0 701 323 0 0 0 
0 0 1 971 52 0 0 0 0 0 0 494 530 0 0 0 0 0 0 355 669 0 0 0 
0 0 0 496 528 0 0 0 0 0 0 98 926 0 0 0 0 0 0 27 990 7 0 0 
0 0 0 101 923 0 0 0 0 0 0 3 1021 0 0 0 0 0 0 0 998 26 0 0 
0 0 0 0 1024 0 0 0 0 0 0 0 1022 2 0 0 0 0 0 0 950 74 0 0 
0 0 0 0 1024 0 0 0 0 0 0 0 1021 3 0 0 0 0 0 0 729 295 0 0 
0 0 0 0 1024 0 0 0 0 0 0 0 992 32 0 0 0 0 0 0 575 449 0 0 
0 0 0 0 1024 0 0 0 0 0 0 0 1019 5 0 0 0 0 0 0 517 507 0 0 
0 0 0 36 988 0 0 0 0 0 0 0 1014 10 0 0 0 0 0 0 669 355 0 0 
0 0 0 37 987 0 0 0 0 0 0 0 1000 24 0 0 0 0 0 0 825 199 0 0 
0 0 0 159 865 0 0 0 0 0 0 2 1007 15 0 0 0 0 0 2 794 228 0 0 
0 0 0 281 743 0 0 0 0 0 0 0 1002 22 0 0 0 0 0 0 961 63 0 0 
0 0 0 145 879 0 0 0 0 0 0 0 1012 12 0 0 0 0 0 0 792 232 0 0 
0 0 0 83 941 0 0 0 0 0 0 0 1013 11 0 0 0 0 0 0 898 126 0 0 
0 0 0 8 1016 0 0 0 0 0 0 0 1006 18 0 0 0 0 0 0 939 85 0 0 
0 0 0 52 972 0 0 0 0 0 0 0 1021 3 0 0 0 0 0 0 978 46 0 0 
0 0 0 104 920 0 0 0 0 0 0 0 1023 1 0 0 0 0 0 0 988 36 0 0 
0 0 0 14 1010 0 0 0 0 0 0 0 1024 0 0 0 0 0 0 0 1005 19 0 0 
0 0 0 191 833 0 0 0 0 0 0 0 1024 0 0 0 0 0 0 0 1023 1 0 0 
0 0 0 711 313 0 0 0 0 0 0 10 1014 0 0 0 0 0 0 10 1014 0 0 0 
0 0 1 997 26 0 0 0 0 0 0 221 803 0 0 0 0 0 0 210 814 0 0 0 
0 0 18 1006 0 0 0 0 0 0 0 401 623 0 0 0 0 0 0 382 642 0 0 0 
0 0 7 1017 0 0 0 0 0 0 0 721 303 0 0 0 0 0 0 687 337 0 0 0 
0 0 21 1003 0 0 0 0 0 0 0 685 339 0 0 0 0 0 0 613 411 0 0 0 
0 0 19 1004 1 0 0 0 0 0 0 683 341 0 0 0 0 0 0 599 425 0 0 0 
0 0 103 921 0 0 0 0 0 0 0 814 210 0 0 0 0 0 0 695 329 0 0 0 
0 0 11 1013 0 0 0 0 0 0 0 816 208 0 0 0 0 0 0 686 338 0 0 0 
0 0 305 719 0 0 0 0 0 0 0 844 180 0 0 0 0 0 0 764 260 0 0 0 
0 0 415 609 0 0 0 0 0 0 0 889 135 0 0 0 0 0 0 846 178 0 0 0 
0 0 534 490 0 0 0 0 0 0 1 910 113 0 0 0 0 0 0 813 211 0 0 0 
0 0 422 602 0 0 0 0 0 0 0 786 238 0 0 0 0 0 0 693 331 0 0 0 
0 0 147 773 104 0 0 0 0 0 0 547 477 0 0 0 0 0 0 445 579 0 0 0 
0 0 0 1024 0 0 0 0 0 0 0 1 1023 0 0 0 0 0 0 0 1024 0 0 0 
0 0 0 1024 0 0 0 0 0 0 0 3 1021 0 0 0 0 0 0 0 1024 0 0 0 
0 0 0 1024 0 0 0 0 0 0 0 0 1024 0 0 0 0 0 0 0 1024 0 0 0 
0 0 0 1024 0 0 0 0 0 0 0 0 1024 0 0 0 0 0 0 0 1024 0 0 0 
0 0 6 1018 0 0 0 0 0 0 0 44 980 0 0 0 0 0 0 43 981 0 0 0 
0 0 0 1024 0 0 0 0 0 0 0 0 1024 0 0 0 0 0 0 0 1024 0 0 0 
0 0 12 1012 0 0 0 0 0 0 0 70 954 0 0 0 0 0 0 48 976 0 0 0 
0 0 0 1024 0 0 0 0 0 0 0 441 583 0 0 0 0 0 0 391 633 0 0 0 
0 0 9 1015 0 0 0 0 0 0 0 990 34 0 0 0 0 0 0 932 92 0 0 0 
0 0 1 1023 0 0 0 0 0 0 0 1024 0 0 0 0 0 0 0 995 29 0 0 0 
0 0 16 1008 0 0 0 0 0 0 0 1024 0 0 0 0 0 0 0 1024 0 0 0 0 
0 0 10 1014 0 0 0 0 0 0 0 1024 0 0 0 0 0 0 0 1011 13 0 0 0 
0 0 6 1018 0 0 0 0 0 0 0 1023 1 0 0 0 0 0 0 996 28 0 0 0 
0 0 21 1003 0 0 0 0 0 0 0 962 62 0 0 0 0 0 0 882 142 0 0 0 
0 0 0 1024 0 0 0 0 0 0 0 315 709 0 0 0 0 0 0 228 796 0 0 0 
0 0 0 888 136 0 0 0 0 0 0 1 1023 0 0 0 0 0 0 0 1024 0 0 0 
0 0 0 518 506 0 0 0 0 0 0 4 1020 0 0 0 0 0 0 0 1024 0 0 0 
0 0 0 115 909 0 0 0 0 0 0 0 1024 0 0 0 0 0 0 0 1020 4 0 0 
0 0 0 0 1024 0 0 0 0 0 0 0 1024 0 0 0 0 0 0 0 998 26 0 0 
0 0 31 212 781 0 0 0 0 0 25 102 895 2 0 0 0 0 13 107 896 8 0 0 
0 0 0 4 1020 0 0 0 0 0 0 0 1022 2 0 0 0 0 0 0 828 196 0 0 
0 0 0 35 989 0 0 0 0 0 0 0 990 34 0 0 0 0 0 0 605 419 0 0 
0 0 0 63 961 0 0 0 0 0 0 0 989 35 0 0 0 0 0 0 621 403 0 0 
0 0 0 21 1003 0 0 0 0 0 0 0 983 41 0 0 0 0 0 0 563 461 0 0 
0 0 0 78 946 0 0 0 0 0 0 0 994 30 0 0 0 0 0 0 842 182 0 0 
0 0 0 136 888 0 0 0 0 0 0 16 995 13 0 0 0 0 0 14 840 170 0 0 
0 0 0 212 812 0 0 0 0 0 0 0 988 36 0 0 0 0 0 0 899 125 0 0 
0 0 0 241 783 0 0 0 0 0 0 0 1000 24 0 0 0 0 0 0 909 115 0 0 
0 0 0 321 703 0 0 0 0 0 0 1 1003 20 0 0 0 0 0 0 545 479 0 0 
0 0 0 480 544 0 0 0 0 0 0 8 989 27 0 0 0 0 0 14 986 24 0 0 
0 0 0 577 447 0 0 0 0 0 0 45 973 6 0 0 0 0 0 40 952 32 0 0 
0 0 0 709 315 0 0 0 0 0 0 230 788 6 0 0 0 0 0 258 738 28 0 0 
0 0 52 666 306 0 0 0 0 0 0 490 534 0 0 0 0 0 0 452 564 8 0 0 
0 0 39 785 200 0 0 0 0 0 0 534 488 2 0 0 0 0 0 508 516 0 0 0 
0 0 219 797 8 0 0 0 0 0 0 774 250 0 0 0 0 0 1 771 252 0 0 0 
0 0 126 898 0 0 0 0 0 0 0 926 98 0 0 0 0 0 0 904 120 0 0 0 
0 0 123 901 0 0 0 0 0 0 0 887 137 0 0 0 0 0 0 896 128 0 0 0 
0 0 111 913 0 0 0 0 0 0 0 997 27 0 0 0 0 0 0 980 44 0 0 0 
0 0 253 771 0 0 0 0 0 0 0 962 62 0 0 0 0 0 0 957 67 0 0 0 
0 0 235 786 3 0 0 0 0 0 0 764 260 0 0 0 0 0 0 745 279 0 0 0 
0 0 214 790 20 0 0 0 0 0 0 657 367 0 0 0 0 0 0 592 432 0 0 0 
0 0 70 923 31 0 0 0 0 0 0 581 443 0 0 0 0 0 0 497 527 0 0 0 
0 0 82 883 59 0 0 0 0 0 0 454 570 0 0 0 0 0 0 416 608 0 0 0 
0 0 14 925 85 0 0 0 0 0 0 284 740 0 0 0 0 0 0 265 759 0 0 0 
0 0 4 1005 15 0 0 0 0 0 0 141 883 0 0 0 0 0 0 111 913 0 0 0 
0 0 2 1018 4 0 0 0 0 0 0 264 760 0 0 0 0 0 0 191 833 0 0 0 
0 0 0 1024 0 0 0 0 0 0 0 216 808 0 0 0 0 0 0 146 878 0 0 0 
0 0 6 1017 1 0 0 0 0 0 0 696 328 0 0 0 0 0 0 330 694 0 0 0 
0 0 8 1016 0 0 0 0 0 0 0 517 507 0 0 0 0 0 0 342 682 0 0 0 
0 0 0 1024 0 0 0 0 0 0 0 109 915 0 0 0 0 0 0 30 994 0 0 0 
0 0 0 1024 0 0 0 0 0 0 0 28 996 0 0 0 0 0 0 7 1017 0 0 0 
0 0 93 931 0 0 0 0 0 0 0 251 773 0 0 0 0 0 0 186 838 0 0 0 
0 0 305 719 0 0 0 0 0 0 0 581 443 0 0 0 0 0 0 546 478 0 0 0 
0 0 426 598 0 0 0 0 0 0 5 652 367 0 0 0 0 0 0 614 410 0 0 0 
0 0 489 535 0 0 0 0 0 0 31 963 30 0 0 0 0 0 4 932 88 0 0 0 
0 0 353 671 0 0 0 0 0 0 6 1018 0 0 0 0 0 0 0 1018 6 0 0 0 
0 0 126 898 0 0 0 0 0 0 0 927 97 0 0 0 0 0 0 844 180 0 0 0 
0 0 0 1024 0 0 0 0 0 0 0 553 471 0 0 0 0 0 0 472 552 0 0 0 
0 0 0 1024 0 0 0 0 0 0 0 354 670 0 0 0 0 0 0 316 708 0 0 0 
0 0 0 1024 0 0 0 0 0 0 0 202 822 0 0 0 0 0 0 116 908 0 0 0 
0 0 15 999 10 0 0 0 0 0 0 282 742 0 0 0 0 0 0 199 825 0 0 0 
0 0 0 979 45 0 0 0 0 0 0 268 756 0 0 0 0 0 0 86 938 0 0 0 
0 0 0 632 392 0 0 0 0 0 0 22 1002 0 0 0 0 0 0 1 1023 0 0 0 
0 0 0 112 912 0 0 0 0 0 0 0 1024 0 0 0 0 0 0 0 1024 0 0 0 
0 0 0 0 1024 0 0 0 0 0 0 0 1024 0 0 0 0 0 0 0 1024 0 0 0 
0 0 0 0 1024 0 0 0 0 0 0 0 1024 0 0 0 0 0 0 0 1013 11 0 0 
0 0 0 21 1003 0 0 0 0 0 0 0 1023 1 0 0 0 0 0 0 972 52 0 0 
0 0 42 576 406 0 0 0 0 0 6 248 770 0 0 0 0 0 3 221 789 11 0 0 
0 0 3 306 715 0 0 0 0 0 0 90 933 1 0 0 0 0 0 80 933 11 0 0 
0 0 0 13 1011 0 0 0 0 0 0 0 1017 7 0 0 0 0 0 0 613 411 0 0 
0 0 0 106 918 0 0 0 0 0 0 0 983 41 0 0 0 0 0 0 717 307 0 0 
0 0 0 665 359 0 0 0 0 0 0 52 967 5 0 0 0 0 0 13 986 25 0 0 
0 0 0 844 180 0 0 0 0 0 0 128 896 0 0 0 0 0 0 106 918 0 0 0 
0 0 0 856 168 0 0 0 0 0 0 379 645 0 0 0 0 0 0 283 741 0 0 0 
0 0 0 952 72 0 0 0 0 0 0 115 909 0 0 0 0 0 0 79 945 0 0 0 
0 0 0 974 50 0 0 0 0 0 0 255 769 0 0 0 0 0 0 196 827 1 0 0 
0 0 11 1011 2 0 0 0 0 0 0 593 431 0 0 0 0 0 0 541 483 0 0 0 
0 0 0 1009 15 0 0 0 0 0 0 343 681 0 0 0 0 0 0 261 763 0 0 0 
0 0 2 1021 1 0 0 0 0 0 0 529 495 0 0 0 0 0 0 567 457 0 0 0 
0 0 16 981 27 0 0 0 0 0 0 488 536 0 0 0 0 0 0 478 546 0 0 0 
0 0 200 824 0 0 0 0 0 0 0 881 143 0 0 0 0 0 0 854 170 0 0 0 
0 0 360 664 0 0 0 0 0 0 2 961 61 0 0 0 0 0 2 958 64 0 0 0 
0 0 302 722 0 0 0 0 0 0 0 980 44 0 0 0 0 0 0 934 90 0 0 0 
0 0 597 427 0 0 0 0 0 0 0 1020 4 0 0 0 0 0 0 1018 6 0 0 0 
0 0 528 496 0 0 0 0 0 0 0 1018 6 0 0 0 0 0 0 1009 15 0 0 0 
0 0 302 722 0 0 0 0 0 0 0 1009 15 0 0 0 0 0 0 998 26 0 0 0 
0 0 302 721 1 0 0 0 0 0 0 981 43 0 0 0 0 0 0 950 74 0 0 0 
0 0 410 614 0 0 0 0 0 0 0 1012 12 0 0 0 0 0 0 994 30 0 0 0 
0 0 262 762 0 0 0 0 0 0 0 1001 23 0 0 0 0 0 0 963 61 0 0 0 
0 0 447 577 0 0 0 0 0 0 1 1004 19 0 0 0 0 0 1 983 40 0 0 0 
0 0 494 530 0 0 0 0 0 0 0 1020 4 0 0 0 0 0 0 1013 11 0 0 0 
0 0 291 733 0 0 0 0 0 0 0 1019 5 0 0 0 0 0 0 1012 12 0 0 0 
0 0 292 732 0 0 0 0 0 0 0 1022 2 0 0 0 0 0 0 1022 2 0 0 0 
0 0 283 741 0 0 0 0 0 0 0 991 33 0 0 0 0 0 0 967 57 0 0 0 
0 0 177 847 0 0 0 0 0 0 0 958 66 0 0 0 0 0 0 902 122 0 0 0 
0 0 116 908 0 0 0 0 0 0 0 961 63 0 0 0 0 0 0 808 216 0 0 0 
0 0 22 1002 0 0 0 0 0 0 0 768 256 0 0 0 0 0 0 536 488 0 0 0 
0 0 134 890 0 0 0 0 0 0 0 898 126 0 0 0 0 0 0 656 368 0 0 0 
0 0 252 772 0 0 0 0 0 0 0 982 42 0 0 0 0 0 0 782 242 0 0 0 
0 0 291 733 0 0 0 0 0 0 0 1007 17 0 0 0 0 0 0 933 91 0 0 0 
0 0 186 838 0 0 0 0 0 0 0 1016 8 0 0 0 0 0 0 861 163 0 0 0 
0 0 316 708 0 0 0 0 0 0 0 805 219 0 0 0 0 0 0 702 322 0 0 0 
0 0 471 553 0 0 0 0 0 0 0 987 37 0 0 0 0 0 0 972 52 0 0 0 
0 0 471 553 0 0 0 0 0 0 0 1024 0 0 0 0 0 0 0 970 54 0 0 0 
0 0 567 457 0 0 0 0 0 0 0 905 119 0 0 0 0 0 0 833 191 0 0 0 
0 0 7 1017 0 0 0 0 0 0 0 306 718 0 0 0 0 0 0 142 882 0 0 0 
0 0 78 946 0 0 0 0 0 0 0 134 890 0 0 0 0 0 2 117 905 0 0 0 
0 0 88 927 9 0 0 0 0 0 16 125 883 0 0 0 0 0 12 119 893 0 0 0 
0 0 47 940 37 0 0 0 0 0 12 123 889 0 0 0 0 0 8 118 898 0 0 0 
0 0 3 910 111 0 0 0 0 0 0 65 959 0 0 0 0 0 0 89 935 0 0 0 
0 0 30 636 358 0 0 0 0 0 6 123 895 0 0 0 0 0 9 155 860 0 0 0 
0 0 0 566 458 0 0 0 0 0 0 24 1000 0 0 0 0 0 0 189 835 0 0 0 
0 0 0 452 572 0 0 0 0 0 0 12 1012 0 0 0 0 0 0 129 895 0 0 0 
0 0 0 284 740 0 0 0 0 0 0 35 989 0 0 0 0 0 0 35 989 0 0 0 
0 0 0 26 998 0 0 0 0 0 0 0 1024 0 0 0 0 0 0 0 1022 2 0 0 
0 0 0 239 785 0 0 0 0 0 0 52 972 0 0 0 0 0 0 45 977 2 0 0 
0 0 1 55 968 0 0 0 0 0 0 7 1016 1 0 0 0 0 0 8 875 141 0 0 
0 0 0 604 420 0 0 0 0 0 0 26 997 1 0 0 0 0 0 11 1004 9 0 0 
0 0 0 863 161 0 0 0 0 0 0 290 734 0 0 0 0 0 0 222 802 0 0 0 
0 0 2 995 27 0 0 0 0 0 0 525 499 0 0 0 0 0 0 374 650 0 0 0 
0 0 2 986 36 0 0 0 0 0 0 628 396 0 0 0 0 0 0 505 519 0 0 0 
0 0 1 739 284 0 0 0 0 0 0 295 729 0 0 0 0 0 0 281 740 3 0 0 
0 0 0 755 269 0 0 0 0 0 0 134 890 0 0 0 0 0 0 128 887 9 0 0 
0 0 0 694 330 0 0 0 0 0 0 171 853 0 0 0 0 0 0 140 868 16 0 0 
0 0 3 783 238 0 0 0 0 0 0 168 850 6 0 0 0 0 0 124 870 30 0 0 
0 0 17 693 314 0 0 0 0 0 0 90 933 1 0 0 0 0 0 100 875 49 0 0 
0 12 9 678 325 0 0 0 0 2 18 107 887 10 0 0 0 2 18 55 942 7 0 0 
0 0 0 786 238 0 0 0 0 0 0 159 863 2 0 0 0 0 0 125 882 17 0 0 
0 0 3 859 162 0 0 0 0 0 0 244 779 1 0 0 0 0 0 183 841 0 0 0 
0 0 7 974 43 0 0 0 0 0 0 565 459 0 0 0 0 0 0 522 502 0 0 0 
0 0 44 957 23 0 0 0 0 0 0 632 392 0 0 0 0 0 0 573 451 0 0 0 
0 0 62 962 0 0 0 0 0 0 0 736 288 0 0 0 0 0 0 695 329 0 0 0 
0 0 74 950 0 0 0 0 0 0 0 822 202 0 0 0 0 0 0 834 190 0 0 0 
0 0 104 920 0 0 0 0 0 0 0 946 78 0 0 0 0 0 0 900 124 0 0 0 
0 0 30 994 0 0 0 0 0 0 0 943 81 0 0 0 0 0 0 925 99 0 0 0 
0 0 47 977 0 0 0 0 0 0 0 844 180 0 0 0 0 0 0 673 351 0 0 0 
0 0 13 1011 0 0 0 0 0 0 0 798 226 0 0 0 0 0 0 586 438 0 0 0 
0 0 27 997 0 0 0 0 0 0 0 799 225 0 0 0 0 0 0 627 397 0 0 0 
0 0 55 969 0 0 0 0 0 0 0 881 143 0 0 0 0 0 0 775 249 0 0 0 
0 0 12 1012 0 0 0 0 0 0 0 769 255 0 0 0 0 0 0 585 439 0 0 0 
0 0 94 930 0 0 0 0 0 0 0 688 336 0 0 0 0 0 0 584 440 0 0 0 
0 0 242 782 0 0 0 0 0 0 0 1001 23 0 0 0 0 0 0 902 122 0 0 0 
0 0 125 899 0 0 0 0 0 0 0 1012 12 0 0 0 0 0 0 1012 12 0 0 0 
0 0 30 994 0 0 0 0 0 0 0 1003 21 0 0 0 0 0 0 857 167 0 0 0 
0 0 16 1008 0 0 0 0 0 0 0 597 427 0 0 0 0 0 0 406 618 0 0 0 
0 0 141 883 0 0 0 0 0 0 0 894 130 0 0 0 0 0 0 781 243 0 0 0 
0 0 93 931 0 0 0 0 0 0 0 958 66 0 0 0 0 0 0 859 165 0 0 0 
0 0 70 954 0 0 0 0 0 0 0 1004 20 0 0 0 0 0 0 879 145 0 0 0 
0 0 8 1016 0 0 0 0 0 0 0 1000 24 0 0 0 0 0 0 881 143 0 0 0 
0 0 31 993 0 0 0 0 0 0 0 952 72 0 0 0 0 0 0 797 227 0 0 0 
0 0 18 1006 0 0 0 0 0 0 0 1023 1 0 0 0 0 0 0 1018 6 0 0 0 
0 0 258 766 0 0 0 0 0 0 0 1024 0 0 0 0 0 0 0 1016 8 0 0 0 
0 0 790 234 0 0 0 0 0 0 0 1024 0 0 0 0 0 0 0 1024 0 0 0 0 
0 0 4 1020 0 0 0 0 0 0 0 994 30 0 0 0 0 0 0 663 361 0 0 0 
0 0 648 376 0 0 0 0 0 0 0 1014 10 0 0 0 0 0 0 882 142 0 0 0 
0 0 1024 0 0 0 0 0 0 0 120 904 0 0 0 0 0 0 49 975 0 0 0 0 
0 0 1022 2 0 0 0 0 0 0 278 746 0 0 0 0 0 0 86 938 0 0 0 0 
0 13 1002 9 0 0 0 0 0 0 868 156 0 0 0 0 0 0 630 394 0 0 0 0 
0 0 981 43 0 0 0 0 0 0 903 112 9 0 0 0 0 0 718 296 10 0 0 0 
0 0 907 117 0 0 0 0 0 0 855 116 53 0 0 0 0 0 576 428 20 0 0 0 
0 0 859 165 0 0 0 0 0 0 773 178 73 0 0 0 0 0 566 414 44 0 0 0 
0 0 754 248 22 0 0 0 0 0 567 284 173 0 0 0 0 0 420 464 140 0 0 0 
0 0 0 117 907 0 0 0 0 0 0 0 1024 0 0 0 0 0 0 0 1024 0 0 0 
0 0 0 380 644 0 0 0 0 0 0 22 1002 0 0 0 0 0 0 22 1002 0 0 0 
0 0 0 2 1022 0 0 0 0 0 0 0 1024 0 0 0 0 0 0 0 1008 16 0 0 
0 5 53 133 833 0 0 0 0 1 33 85 893 12 0 0 0 0 24 80 781 139 0 0 
0 0 0 72 952 0 0 0 0 0 0 7 1014 3 0 0 0 0 0 7 609 408 0 0 
0 0 0 151 873 0 0 0 0 0 0 15 1006 3 0 0 0 0 0 9 722 293 0 0 
0 0 0 362 662 0 0 0 0 0 0 25 991 8 0 0 0 0 0 26 920 78 0 0 
0 0 0 192 832 0 0 0 0 0 0 5 1013 6 0 0 0 0 0 0 695 329 0 0 
0 0 9 165 850 0 0 0 0 0 0 29 980 15 0 0 0 0 0 24 799 201 0 0 
0 0 4 115 905 0 0 0 0 0 0 37 941 46 0 0 0 0 0 26 756 242 0 0 
0 0 13 160 851 0 0 0 0 0 0 88 842 94 0 0 0 0 0 83 613 328 0 0 
0 2 79 202 741 0 0 0 0 0 27 141 777 79 0 0 0 0 23 134 680 187 0 0 
0 90 104 42 788 0 0 0 0 12 167 28 754 63 0 0 0 33 143 44 713 91 0 0 
0 0 0 0 1024 0 0 0 0 0 0 0 1007 17 0 0 0 0 0 0 924 100 0 0 
0 0 0 0 1024 0 0 0 0 0 0 0 1013 11 0 0 0 0 0 0 957 67 0 0 
0 0 0 11 1013 0 0 0 0 0 0 0 1020 4 0 0 0 0 0 0 937 87 0 0 
0 0 0 306 718 0 0 0 0 0 0 3 1021 0 0 0 0 0 0 2 974 48 0 0 
0 0 0 920 104 0 0 0 0 0 0 117 907 0 0 0 0 0 0 100 924 0 0 0 
0 0 1 874 149 0 0 0 0 0 0 297 727 0 0 0 0 0 0 240 782 2 0 0 
0 0 2 766 256 0 0 0 0 0 0 404 620 0 0 0 0 0 0 363 660 1 0 0 
0 0 0 664 360 0 0 0 0 0 0 333 691 0 0 0 0 0 0 339 685 0 0 0 
0 0 4 566 454 0 0 0 0 0 0 125 899 0 0 0 0 0 0 51 973 0 0 0 
0 0 2 1022 0 0 0 0 0 0 0 546 478 0 0 0 0 0 0 302 722 0 0 0 
0 0 0 1022 2 0 0 0 0 0 0 429 595 0 0 0 0 0 0 306 718 0 0 0 
0 0 0 1017 7 0 0 0 0 0 0 224 800 0 0 0 0 0 0 59 965 0 0 0 
0 0 0 1023 1 0 0 0 0 0 0 239 785 0 0 0 0 0 0 124 900 0 0 0 
0 0 2 1017 5 0 0 0 0 0 0 290 734 0 0 0 0 0 0 235 789 0 0 0 
0 0 4 1020 0 0 0 0 0 0 0 359 665 0 0 0 0 0 0 249 775 0 0 0 
0 0 0 1024 0 0 0 0 0 0 0 400 624 0 0 0 0 0 0 366 658 0 0 0 
0 0 0 1024 0 0 0 0 0 0 0 846 178 0 0 0 0 0 0 701 323 0 0 0 
0 0 127 897 0 0 0 0 0 0 0 1016 8 0 0 0 0 0 0 866 158 0 0 0 
0 0 8 1016 0 0 0 0 0 0 0 933 91 0 0 0 0 0 0 681 343 0 0 0 
0 0 0 1024 0 0 0 0 0 0 0 848 176 0 0 0 0 0 0 442 582 0 0 0 
0 0 58 966 0 0 0 0 0 0 0 843 181 0 0 0 0 0 0 633 391 0 0 0 
0 0 39 985 0 0 0 0 0 0 0 908 116 0 0 0 0 0 0 797 227 0 0 0 
0 0 23 1001 0 0 0 0 0 0 0 819 205 0 0 0 0 0 0 574 450 0 0 0 
0 0 2 1022 0 0 0 0 0 0 0 432 592 0 0 0 0 0 0 239 785 0 0 0 
0 0 0 1024 0 0 0 0 0 0 0 584 440 0 0 0 0 0 0 441 583 0 0 0 
0 0 30 994 0 0 0 0 0 0 0 1024 0 0 0 0 0 0 0 1013 11 0 0 0 
0 0 83 941 0 0 0 0 0 0 0 954 70 0 0 0 0 0 1 835 188 0 0 0 
0 0 324 700 0 0 0 0 0 0 32 955 37 0 0 0 0 0 28 921 75 0 0 0 
0 5 785 234 0 0 0 0 0 0 235 789 0 0 0 0 0 0 234 790 0 0 0 0 
0 6 903 115 0 0 0 0 0 0 446 578 0 0 0 0 0 0 440 584 0 0 0 0 
0 28 974 22 0 0 0 0 0 2 878 144 0 0 0 0 0 2 855 167 0 0 0 0 
0 26 994 4 0 0 0 0 0 0 943 81 0 0 0 0 0 0 909 115 0 0 0 0 
0 6 1018 0 0 0 0 0 0 0 1004 20 0 0 0 0 0 0 868 156 0 0 0 0 
0 2 1022 0 0 0 0 0 0 0 1019 5 0 0 0 0 0 0 995 29 0 0 0 0 
0 0 1008 16 0 0 0 0 0 0 890 134 0 0 0 0 0 0 648 376 0 0 0 0 
0 0 78 886 60 0 0 0 0 0 7 430 587 0 0 0 0 0 10 404 610 0 0 0 
0 0 0 781 243 0 0 0 0 0 0 193 831 0 0 0 0 0 0 186 838 0 0 0 
0 0 1 340 683 0 0 0 0 0 0 53 971 0 0 0 0 0 0 43 972 9 0 0 
0 17 93 188 726 0 0 0 0 3 84 67 860 10 0 0 0 2 79 69 845 29 0 0 
0 0 0 57 967 0 0 0 0 0 0 0 1022 2 0 0 0 0 0 0 854 170 0 0 
0 0 23 173 828 0 0 0 0 0 2 76 928 18 0 0 0 0 0 67 799 158 0 0 
0 0 11 167 846 0 0 0 0 0 0 58 951 15 0 0 0 0 0 47 629 348 0 0 
0 0 13 157 854 0 0 0 0 0 0 84 921 19 0 0 0 0 0 57 705 262 0 0 
0 0 15 111 898 0 0 0 0 0 0 64 897 63 0 0 0 0 0 49 707 268 0 0 
0 0 19 46 959 0 0 0 0 0 0 41 926 57 0 0 0 0 0 37 282 705 0 0 
0 0 3 13 1008 0 0 0 0 0 0 8 968 48 0 0 0 0 0 6 694 324 0 0 
0 0 0 80 944 0 0 0 0 0 0 24 931 69 0 0 0 0 0 22 945 57 0 0 
0 63 127 26 808 0 0 0 0 1 159 32 799 33 0 0 0 5 156 32 736 95 0 0 
0 0 0 0 1024 0 0 0 0 0 0 0 1011 13 0 0 0 0 0 0 1022 2 0 0 
0 0 3 18 1003 0 0 0 0 0 0 12 999 13 0 0 0 0 0 14 992 18 0 0 
0 20 189 130 685 0 0 0 0 11 167 132 693 21 0 0 0 15 169 128 681 31 0 0 
0 75 146 46 757 0 0 0 0 33 177 41 765 8 0 0 0 58 157 37 701 71 0 0 
0 38 120 34 832 0 0 0 0 24 128 25 831 16 0 0 0 51 105 26 822 20 0 0 
0 42 48 49 885 0 0 0 0 13 72 26 908 5 0 0 0 36 51 28 874 35 0 0 
0 10 20 52 942 0 0 0 0 2 20 29 968 5 0 0 0 4 21 27 964 8 0 0 
0 0 0 30 994 0 0 0 0 0 0 11 1013 0 0 0 0 0 0 6 1018 0 0 0 
0 0 0 62 962 0 0 0 0 0 0 0 1023 1 0 0 0 0 0 0 1024 0 0 0 
0 0 0 907 117 0 0 0 0 0 0 77 947 0 0 0 0 0 0 40 984 0 0 0 
0 0 0 990 34 0 0 0 0 0 0 65 959 0 0 0 0 0 0 32 992 0 0 0 
0 0 0 977 47 0 0 0 0 0 0 19 1005 0 0 0 0 0 0 5 1019 0 0 0 
0 0 0 989 35 0 0 0 0 0 0 45 979 0 0 0 0 0 0 15 1009 0 0 0 
0 0 1 1013 10 0 0 0 0 0 0 47 977 0 0 0 0 0 0 13 1011 0 0 0 
0 0 0 1020 4 0 0 0 0 0 0 50 974 0 0 0 0 0 0 23 1001 0 0 0 
0 0 0 1024 0 0 0 0 0 0 0 24 1000 0 0 0 0 0 0 40 984 0 0 0 
0 0 0 1024 0 0 0 0 0 0 0 432 592 0 0 0 0 0 0 74 950 0 0 0 
0 0 517 507 0 0 0 0 0 0 357 638 29 0 0 0 0 0 265 625 134 0 0 0 
0 0 57 967 0 0 0 0 0 0 8 478 538 0 0 0 0 0 0 361 663 0 0 0 
0 0 0 1024 0 0 0 0 0 0 0 469 555 0 0 0 0 0 0 265 759 0 0 0 
0 0 0 1024 0 0 0 0 0 0 0 313 711 0 0 0 0 0 0 217 807 0 0 0 
0 0 0 1024 0 0 0 0 0 0 0 209 815 0 0 0 0 0 0 94 930 0 0 0 
0 0 0 1024 0 0 0 0 0 0 0 26 998 0 0 0 0 0 0 1 1023 0 0 0 
0 0 0 1024 0 0 0 0 0 0 0 6 1018 0 0 0 0 0 0 1 1023 0 0 0 
0 0 0 1024 0 0 0 0 0 0 0 46 978 0 0 0 0 0 0 3 1021 0 0 0 
0 0 0 1024 0 0 0 0 0 0 0 680 344 0 0 0 0 0 0 447 577 0 0 0 
0 0 385 639 0 0 0 0 0 0 9 1012 3 0 0 0 0 0 3 1018 3 0 0 0 
0 0 746 278 0 0 0 0 0 0 52 972 0 0 0 0 0 0 75 949 0 0 0 0 
0 0 1015 9 0 0 0 0 0 0 743 281 0 0 0 0 0 0 673 351 0 0 0 0 
0 0 1024 0 0 0 0 0 0 0 703 321 0 0 0 0 0 0 631 393 0 0 0 0 
0 0 1014 10 0 0 0 0 0 0 919 105 0 0 0 0 0 0 905 119 0 0 0 0 
0 8 993 23 0 0 0 0 0 0 894 130 0 0 0 0 0 0 884 140 0 0 0 0 
0 0 1024 0 0 0 0 0 0 0 1024 0 0 0 0 0 0 0 1024 0 0 0 0 0 
0 52 972 0 0 0 0 0 0 33 991 0 0 0 0 0 0 34 987 3 0 0 0 0 
0 54 807 163 0 0 0 0 0 1 398 625 0 0 0 0 0 3 450 571 0 0 0 0 
0 34 856 134 0 0 0 0 0 15 656 348 5 0 0 0 0 17 630 376 1 0 0 0 
0 19 533 472 0 0 0 0 0 1 306 694 23 0 0 0 0 0 303 681 40 0 0 0 
0 10 212 712 90 0 0 0 0 1 128 512 382 1 0 0 0 0 128 425 470 1 0 0 
0 27 194 460 343 0 0 0 0 0 136 269 616 3 0 0 0 0 134 249 622 19 0 0 
0 0 54 517 453 0 0 0 0 0 15 128 881 0 0 0 0 0 7 126 888 3 0 0 
0 0 9 463 552 0 0 0 0 0 2 44 977 1 0 0 0 0 2 19 946 57 0 0 
0 0 0 219 805 0 0 0 0 0 0 0 1024 0 0 0 0 0 0 0 869 155 0 0 
0 0 0 74 950 0 0 0 0 0 0 0 1018 6 0 0 0 0 0 0 833 191 0 0 
0 0 0 73 951 0 0 0 0 0 0 0 1022 2 0 0 0 0 0 0 791 233 0 0 
0 0 0 74 950 0 0 0 0 0 0 0 1012 12 0 0 0 0 0 0 861 163 0 0 
0 0 1 133 890 0 0 0 0 0 0 13 992 19 0 0 0 0 0 14 991 19 0 0 
0 0 72 327 625 0 0 0 0 0 21 141 849 13 0 0 0 0 14 130 847 33 0 0 
0 29 142 40 813 0 0 0 0 0 160 33 829 2 0 0 0 0 160 33 829 2 0 0 
0 2 159 83 780 0 0 0 0 0 42 172 810 0 0 0 0 0 45 165 811 3 0 0 
0 5 638 212 169 0 0 0 0 0 291 537 196 0 0 0 0 0 326 502 194 2 0 0 
0 76 606 341 1 0 0 0 0 17 587 399 21 0 0 0 0 20 578 401 25 0 0 0 
0 20 606 398 0 0 0 0 0 1 581 430 12 0 0 0 0 9 584 419 12 0 0 0 
0 47 934 43 0 0 0 0 0 5 955 62 2 0 0 0 0 34 944 43 3 0 0 0 
0 39 983 2 0 0 0 0 0 4 1016 4 0 0 0 0 0 27 996 1 0 0 0 0 
0 60 942 22 0 0 0 0 0 8 981 35 0 0 0 0 0 32 964 28 0 0 0 0 
0 17 974 33 0 0 0 0 0 1 966 56 1 0 0 0 0 8 979 37 0 0 0 0 
0 41 920 50 13 0 0 0 0 3 945 37 39 0 0 0 0 24 928 36 36 0 0 0 
0 51 674 284 15 0 0 0 0 2 694 166 162 0 0 0 0 20 688 159 157 0 0 0 
0 0 120 879 25 0 0 0 0 0 90 313 621 0 0 0 0 0 102 278 644 0 0 0 
0 0 0 1020 4 0 0 0 0 0 0 193 831 0 0 0 0 0 0 160 864 0 0 0 
0 0 0 1000 24 0 0 0 0 0 0 28 996 0 0 0 0 0 0 5 1019 0 0 0 
0 0 0 971 53 0 0 0 0 0 0 7 1017 0 0 0 0 0 0 3 1021 0 0 0 
0 0 0 1018 6 0 0 0 0 0 0 26 998 0 0 0 0 0 0 4 1020 0 0 0 
0 0 0 1024 0 0 0 0 0 0 0 84 940 0 0 0 0 0 0 16 1008 0 0 0 
0 0 0 1024 0 0 0 0 0 0 0 517 507 0 0 0 0 0 0 121 903 0 0 0 
0 0 1021 3 0 0 0 0 0 0 942 82 0 0 0 0 0 0 710 314 0 0 0 0 
0 0 314 710 0 0 0 0 0 0 234 685 105 0 0 0 0 0 98 695 231 0 0 0 
0 34 58 932 0 0 0 0 0 7 58 525 434 0 0 0 0 3 58 340 623 0 0 0 
0 40 101 880 3 0 0 0 0 9 84 485 446 0 0 0 0 3 76 290 655 0 0 0 
0 26 195 794 9 0 0 0 0 3 154 282 585 0 0 0 0 0 137 197 690 0 0 0 
1 36 155 827 5 0 0 0 0 16 103 329 576 0 0 0 0 12 76 262 674 0 0 0 
0 32 189 790 13 0 0 0 0 5 121 401 497 0 0 0 0 0 102 257 665 0 0 0 
0 33 132 858 1 0 0 0 0 12 76 416 520 0 0 0 0 7 67 227 723 0 0 0 
0 32 93 899 0 0 0 0 0 9 69 724 222 0 0 0 0 7 54 432 531 0 0 0 
0 55 727 242 0 0 0 0 0 15 200 809 0 0 0 0 0 11 170 843 0 0 0 0 
0 47 913 64 0 0 0 0 0 17 329 678 0 0 0 0 0 14 312 698 0 0 0 0 
0 85 874 65 0 0 0 0 0 24 459 541 0 0 0 0 0 20 505 494 5 0 0 0 
0 117 823 84 0 0 0 0 0 26 507 491 0 0 0 0 0 21 431 566 6 0 0 0 
0 127 889 8 0 0 0 0 0 66 817 141 0 0 0 0 0 62 792 170 0 0 0 0 
0 174 819 31 0 0 0 0 0 83 815 126 0 0 0 0 0 77 806 140 1 0 0 0 
0 176 843 5 0 0 0 0 0 75 881 68 0 0 0 0 0 80 872 72 0 0 0 0 
0 89 812 123 0 0 0 0 0 55 652 317 0 0 0 0 0 66 748 210 0 0 0 0 
0 8 803 213 0 0 0 0 0 2 525 497 0 0 0 0 0 2 681 341 0 0 0 0 
0 0 717 307 0 0 0 0 0 0 356 668 0 0 0 0 0 0 517 507 0 0 0 0 
0 0 959 65 0 0 0 0 0 0 611 413 0 0 0 0 0 0 784 240 0 0 0 0 
0 119 862 43 0 0 0 0 0 32 769 223 0 0 0 0 0 19 891 114 0 0 0 0 
0 252 696 76 0 0 0 0 0 40 789 195 0 0 0 0 0 20 833 171 0 0 0 0 
0 533 469 22 0 0 0 0 0 78 867 79 0 0 0 0 0 27 925 72 0 0 0 0 
0 590 325 54 55 0 0 0 0 179 722 47 76 0 0 0 0 37 856 53 74 4 0 0 
0 482 141 80 321 0 0 0 0 114 494 41 371 4 0 0 0 25 573 46 371 9 0 0 
0 145 191 43 645 0 0 0 0 17 309 40 657 1 0 0 0 9 302 49 611 53 0 0 
0 21 37 49 917 0 0 0 0 7 42 27 948 0 0 0 0 4 44 24 928 24 0 0 
0 0 0 1 1023 0 0 0 0 0 0 0 1024 0 0 0 0 0 0 0 991 33 0 0 
0 0 24 340 660 0 0 0 0 0 1 72 951 0 0 0 0 0 1 67 956 0 0 0 
0 11 127 355 531 0 0 0 0 3 63 189 747 22 0 0 0 2 61 189 751 21 0 0 
0 124 520 86 294 0 0 0 0 36 461 202 324 1 0 0 0 44 475 181 323 1 0 0 
2 334 634 46 8 0 0 0 0 264 558 189 13 0 0 0 0 262 571 178 13 0 0 0 
26 752 246 0 0 0 0 0 0 636 359 29 0 0 0 0 0 675 337 12 0 0 0 0 
3 172 849 0 0 0 0 0 0 115 831 78 0 0 0 0 0 134 820 70 0 0 0 0 
0 112 847 65 0 0 0 0 0 30 889 105 0 0 0 0 0 48 856 120 0 0 0 0 
0 57 566 401 0 0 0 0 0 11 540 465 8 0 0 0 0 26 543 454 1 0 0 0 
0 37 774 213 0 0 0 0 0 11 757 255 1 0 0 0 0 54 723 247 0 0 0 0 
0 40 977 7 0 0 0 0 0 8 985 31 0 0 0 0 0 41 967 16 0 0 0 0 
0 28 995 1 0 0 0 0 0 4 1012 8 0 0 0 0 0 15 1003 6 0 0 0 0 
0 67 954 3 0 0 0 0 0 10 1000 14 0 0 0 0 0 51 967 6 0 0 0 0 
0 24 1000 0 0 0 0 0 0 2 1016 6 0 0 0 0 0 12 1012 0 0 0 0 0 
0 13 956 55 0 0 0 0 0 0 953 53 18 0 0 0 0 5 958 45 16 0 0 0 
0 6 514 504 0 0 0 0 0 0 437 479 108 0 0 0 0 5 451 405 163 0 0 0 
0 1 37 981 5 0 0 0 0 0 17 587 420 0 0 0 0 0 19 473 532 0 0 0 
0 0 1 1023 0 0 0 0 0 0 0 112 912 0 0 0 0 0 0 83 941 0 0 0 
0 0 0 1017 7 0 0 0 0 0 0 24 1000 0 0 0 0 0 0 12 1012 0 0 0 
0 0 0 1024 0 0 0 0 0 0 0 66 958 0 0 0 0 0 0 128 896 0 0 0 
0 0 0 1024 0 0 0 0 0 0 0 537 487 0 0 0 0 0 0 101 923 0 0 0 
0 97 653 274 0 0 0 0 0 29 321 661 13 0 0 0 0 26 271 678 49 0 0 0 
0 64 394 566 0 0 0 0 0 13 193 734 84 0 0 0 0 5 161 653 205 0 0 0 
0 8 187 829 0 0 0 0 0 1 95 688 240 0 0 0 0 0 66 443 515 0 0 0 
0 2 101 919 2 0 0 0 0 0 60 197 767 0 0 0 0 0 54 124 846 0 0 0 
0 20 66 935 3 0 0 0 0 0 70 81 873 0 0 0 0 0 66 71 887 0 0 0 
0 30 47 943 4 0 0 0 0 7 40 80 897 0 0 0 0 2 41 63 918 0 0 0 
0 0 66 958 0 0 0 0 0 0 22 281 721 0 0 0 0 0 10 100 914 0 0 0 
0 0 66 958 0 0 0 0 0 0 0 634 390 0 0 0 0 0 0 253 771 0 0 0 
0 0 150 874 0 0 0 0 0 0 67 910 47 0 0 0 0 0 54 737 233 0 0 0 
0 37 724 263 0 0 0 0 0 0 181 843 0 0 0 0 0 0 166 858 0 0 0 0 
0 33 566 425 0 0 0 0 0 0 124 900 0 0 0 0 0 0 113 911 0 0 0 0 
0 2 604 418 0 0 0 0 0 0 34 990 0 0 0 0 0 0 27 997 0 0 0 0 
0 0 750 274 0 0 0 0 0 0 278 746 0 0 0 0 0 0 257 767 0 0 0 0 
0 0 1021 3 0 0 0 0 0 0 532 492 0 0 0 0 0 0 463 561 0 0 0 0 
0 0 1018 6 0 0 0 0 0 0 566 458 0 0 0 0 0 0 486 538 0 0 0 0 
0 0 943 81 0 0 0 0 0 0 354 670 0 0 0 0 0 0 365 659 0 0 0 0 
0 0 986 38 0 0 0 0 0 0 377 647 0 0 0 0 0 0 398 626 0 0 0 0 
0 13 908 103 0 0 0 0 0 0 319 705 0 0 0 0 0 0 336 688 0 0 0 0 
0 77 915 32 0 0 0 0 0 6 737 281 0 0 0 0 0 11 793 220 0 0 0 0 
0 391 633 0 0 0 0 0 0 17 1003 4 0 0 0 0 0 8 1016 0 0 0 0 0 
0 243 781 0 0 0 0 0 0 14 1010 0 0 0 0 0 0 18 1006 0 0 0 0 0 
0 276 748 0 0 0 0 0 0 2 1022 0 0 0 0 0 0 10 1014 0 0 0 0 0 
0 117 907 0 0 0 0 0 0 8 995 21 0 0 0 0 0 3 996 25 0 0 0 0 
0 260 764 0 0 0 0 0 0 14 991 19 0 0 0 0 0 5 988 31 0 0 0 0 
0 314 710 0 0 0 0 0 0 10 1014 0 0 0 0 0 0 9 1015 0 0 0 0 0 
0 186 838 0 0 0 0 0 0 4 1020 0 0 0 0 0 0 0 1022 2 0 0 0 0 
0 88 920 10 6 0 0 0 0 6 868 142 8 0 0 0 0 1 859 156 8 0 0 0 
0 99 357 415 153 0 0 0 0 20 329 384 291 0 0 0 0 11 302 418 293 0 0 0 
0 118 409 322 175 0 0 0 0 65 321 279 357 2 0 0 0 66 332 261 363 2 0 0 
0 312 582 75 55 0 0 0 0 219 601 122 80 2 0 0 0 220 601 121 80 2 0 0 
1 777 241 5 0 0 0 0 0 649 329 46 0 0 0 0 1 703 266 54 0 0 0 0 
311 711 2 0 0 0 0 0 0 1021 3 0 0 0 0 0 0 1022 2 0 0 0 0 0 
118 906 0 0 0 0 0 0 0 1009 15 0 0 0 0 0 0 1015 9 0 0 0 0 0 
7 124 890 3 0 0 0 0 0 67 493 464 0 0 0 0 0 80 541 403 0 0 0 0 
0 70 954 0 0 0 0 0 0 26 820 178 0 0 0 0 0 56 880 88 0 0 0 0 
0 82 942 0 0 0 0 0 0 32 897 95 0 0 0 0 0 52 917 55 0 0 0 0 
2 533 319 170 0 0 0 0 0 428 362 234 0 0 0 0 0 486 311 227 0 0 0 0 
0 150 665 209 0 0 0 0 0 39 521 461 3 0 0 0 0 119 455 449 1 0 0 0 
0 50 949 25 0 0 0 0 0 16 919 89 0 0 0 0 0 57 888 79 0 0 0 0 
0 66 940 18 0 0 0 0 0 7 978 39 0 0 0 0 0 39 962 23 0 0 0 0 
0 20 1002 2 0 0 0 0 0 0 1014 10 0 0 0 0 0 16 1001 7 0 0 0 0 
0 37 986 1 0 0 0 0 0 5 1014 5 0 0 0 0 0 36 987 1 0 0 0 0 
0 8 1016 0 0 0 0 0 0 0 1024 0 0 0 0 0 0 7 1017 0 0 0 0 0 
0 7 848 169 0 0 0 0 0 0 832 154 38 0 0 0 0 7 838 147 32 0 0 0 
0 1 252 771 0 0 0 0 0 0 234 175 615 0 0 0 0 2 245 147 630 0 0 0 
0 0 25 998 1 0 0 0 0 0 0 205 819 0 0 0 0 0 0 182 842 0 0 0 
0 0 17 1007 0 0 0 0 0 0 0 213 811 0 0 0 0 0 0 213 811 0 0 0 
0 0 1 1023 0 0 0 0 0 0 0 458 566 0 0 0 0 0 0 225 799 0 0 0 
0 0 815 209 0 0 0 0 0 0 135 889 0 0 0 0 0 0 171 853 0 0 0 0 
0 0 1006 18 0 0 0 0 0 0 90 934 0 0 0 0 0 0 94 930 0 0 0 0 
0 0 968 56 0 0 0 0 0 0 2 1022 0 0 0 0 0 0 4 1020 0 0 0 0 
0 0 587 437 0 0 0 0 0 0 0 956 68 0 0 0 0 0 0 893 131 0 0 0 
0 0 6 1018 0 0 0 0 0 0 0 282 742 0 0 0 0 0 0 144 880 0 0 0 
0 0 0 1024 0 0 0 0 0 0 0 7 1017 0 0 0 0 0 0 1 1023 0 0 0 
0 0 0 1024 0 0 0 0 0 0 0 89 935 0 0 0 0 0 0 41 983 0 0 0 
0 0 0 1024 0 0 0 0 0 0 0 854 170 0 0 0 0 0 0 205 819 0 0 0 
0 0 16 1008 0 0 0 0 0 0 0 1024 0 0 0 0 0 0 0 1000 24 0 0 0 
0 0 361 663 0 0 0 0 0 0 0 1024 0 0 0 0 0 0 0 1024 0 0 0 0 
0 0 358 666 0 0 0 0 0 0 0 1024 0 0 0 0 0 0 0 1024 0 0 0 0 
0 0 109 915 0 0 0 0 0 0 0 1024 0 0 0 0 0 0 0 1024 0 0 0 0 
0 0 215 809 0 0 0 0 0 0 0 1024 0 0 0 0 0 0 0 1024 0 0 0 0 
0 0 521 503 0 0 0 0 0 0 0 1024 0 0 0 0 0 0 0 1024 0 0 0 0 
0 0 884 140 0 0 0 0 0 0 0 1024 0 0 0 0 0 0 0 1024 0 0 0 0 
0 0 841 183 0 0 0 0 0 0 54 970 0 0 0 0 0 0 137 887 0 0 0 0 
0 0 1024 0 0 0 0 0 0 0 767 257 0 0 0 0 0 0 743 281 0 0 0 0 
0 0 994 30 0 0 0 0 0 0 768 256 0 0 0 0 0 0 798 226 0 0 0 0 
0 29 964 31 0 0 0 0 0 5 870 149 0 0 0 0 0 5 857 162 0 0 0 0 
0 191 833 0 0 0 0 0 0 11 1013 0 0 0 0 0 0 85 939 0 0 0 0 0 
0 67 957 0 0 0 0 0 0 0 1024 0 0 0 0 0 0 8 1016 0 0 0 0 0 
0 77 947 0 0 0 0 0 0 0 1024 0 0 0 0 0 0 23 1001 0 0 0 0 0 
0 366 658 0 0 0 0 0 0 23 946 55 0 0 0 0 0 13 956 55 0 0 0 0 
0 142 882 0 0 0 0 0 0 47 941 36 0 0 0 0 0 41 909 74 0 0 0 0 
0 262 762 0 0 0 0 0 0 21 1003 0 0 0 0 0 0 9 1015 0 0 0 0 0 
0 95 929 0 0 0 0 0 0 15 952 57 0 0 0 0 0 29 895 100 0 0 0 0 
0 133 888 3 0 0 0 0 0 69 869 86 0 0 0 0 0 49 830 145 0 0 0 0 
0 358 610 56 0 0 0 0 0 211 687 126 0 0 0 0 0 175 688 155 6 0 0 0 
0 135 889 0 0 0 0 0 0 37 981 6 0 0 0 0 0 41 974 9 0 0 0 0 
0 165 853 6 0 0 0 0 0 88 876 60 0 0 0 0 0 98 894 32 0 0 0 0 
1 999 24 0 0 0 0 0 0 762 262 0 0 0 0 0 0 860 164 0 0 0 0 0 
602 422 0 0 0 0 0 0 3 1021 0 0 0 0 0 0 0 1024 0 0 0 0 0 0 
37 960 27 0 0 0 0 0 0 656 368 0 0 0 0 0 0 715 309 0 0 0 0 0 
0 72 923 29 0 0 0 0 0 20 124 880 0 0 0 0 0 41 114 869 0 0 0 0 
0 86 915 23 0 0 0 0 0 42 398 584 0 0 0 0 0 61 419 544 0 0 0 0 
0 0 1024 0 0 0 0 0 0 0 310 714 0 0 0 0 0 0 522 502 0 0 0 0 
0 414 610 0 0 0 0 0 0 356 489 179 0 0 0 0 0 377 564 83 0 0 0 0 
13 371 631 9 0 0 0 0 0 187 808 25 4 0 0 0 0 232 769 20 3 0 0 0 
2 462 508 52 0 0 0 0 0 314 449 257 4 0 0 0 0 378 396 246 4 0 0 0 
0 318 668 38 0 0 0 0 0 251 688 85 0 0 0 0 0 318 633 73 0 0 0 0 
0 77 941 6 0 0 0 0 0 23 987 14 0 0 0 0 0 91 924 9 0 0 0 0 
0 35 988 1 0 0 0 0 0 4 1014 6 0 0 0 0 0 27 997 0 0 0 0 0 
0 34 990 0 0 0 0 0 0 2 1012 10 0 0 0 0 0 21 1003 0 0 0 0 0 
0 28 993 3 0 0 0 0 0 2 1016 6 0 0 0 0 0 19 1004 1 0 0 0 0 
0 11 1013 0 0 0 0 0 0 0 1022 2 0 0 0 0 0 9 1014 1 0 0 0 0 
0 6 819 199 0 0 0 0 0 1 619 352 52 0 0 0 0 1 636 360 27 0 0 0 
0 4 96 924 0 0 0 0 0 0 66 376 582 0 0 0 0 3 71 481 469 0 0 0 
0 0 0 1024 0 0 0 0 0 0 0 573 451 0 0 0 0 0 0 329 695 0 0 0 
0 0 577 447 0 0 0 0 0 0 77 839 108 0 0 0 0 0 149 709 166 0 0 0 
0 0 524 500 0 0 0 0 0 0 74 823 127 0 0 0 0 0 54 769 201 0 0 0 
0 0 215 809 0 0 0 0 0 0 11 649 364 0 0 0 0 0 11 495 518 0 0 0 
0 0 6 1018 0 0 0 0 0 0 0 149 875 0 0 0 0 0 0 78 946 0 0 0 
0 0 0 1024 0 0 0 0 0 0 0 16 1008 0 0 0 0 0 0 2 1022 0 0 0 
0 0 0 1024 0 0 0 0 0 0 0 15 1009 0 0 0 0 0 0 3 1021 0 0 0 
0 0 0 1024 0 0 0 0 0 0 0 14 1010 0 0 0 0 0 0 3 1021 0 0 0 
0 0 0 1024 0 0 0 0 0 0 0 56 968 0 0 0 0 0 0 1 1023 0 0 0 
0 0 1 1023 0 0 0 0 0 0 0 509 515 0 0 0 0 0 0 244 780 0 0 0 
0 0 54 970 0 0 0 0 0 0 0 884 140 0 0 0 0 0 0 629 395 0 0 0 
0 0 12 1012 0 0 0 0 0 0 0 942 82 0 0 0 0 0 0 594 430 0 0 0 
0 0 65 959 0 0 0 0 0 0 0 871 153 0 0 0 0 0 0 444 580 0 0 0 
0 0 55 969 0 0 0 0 0 0 0 951 73 0 0 0 0 0 0 675 349 0 0 0 
0 0 193 831 0 0 0 0 0 0 0 888 136 0 0 0 0 0 0 847 177 0 0 0 
0 0 143 881 0 0 0 0 0 0 0 994 30 0 0 0 0 0 0 923 101 0 0 0 
0 0 597 427 0 0 0 0 0 0 0 1024 0 0 0 0 0 0 7 1017 0 0 0 0 
0 0 1018 6 0 0 0 0 0 0 583 441 0 0 0 0 0 0 653 371 0 0 0 0 
0 0 1013 11 0 0 0 0 0 0 772 252 0 0 0 0 0 0 786 238 0 0 0 0 
0 1 1016 7 0 0 0 0 0 0 929 95 0 0 0 0 0 0 954 70 0 0 0 0 
0 15 1009 0 0 0 0 0 0 2 1014 8 0 0 0 0 0 8 1006 10 0 0 0 0 
0 192 832 0 0 0 0 0 0 23 1001 0 0 0 0 0 0 79 945 0 0 0 0 0 
0 283 741 0 0 0 0 0 0 20 1004 0 0 0 0 0 0 34 990 0 0 0 0 0 
0 480 540 4 0 0 0 0 0 66 935 23 0 0 0 0 0 60 931 33 0 0 0 0 
0 361 661 2 0 0 0 0 0 84 869 71 0 0 0 0 0 48 895 81 0 0 0 0 
0 401 622 1 0 0 0 0 0 70 952 2 0 0 0 0 0 80 941 3 0 0 0 0 
0 342 679 3 0 0 0 0 0 108 906 10 0 0 0 0 0 114 893 17 0 0 0 0 
0 242 775 7 0 0 0 0 0 81 928 15 0 0 0 0 0 50 954 20 0 0 0 0 
0 170 854 0 0 0 0 0 0 25 990 9 0 0 0 0 0 24 990 10 0 0 0 0 
0 167 850 7 0 0 0 0 0 30 982 12 0 0 0 0 0 102 910 12 0 0 0 0 
0 122 891 11 0 0 0 0 0 48 942 34 0 0 0 0 0 92 906 26 0 0 0 0 
2 700 322 0 0 0 0 0 0 381 636 7 0 0 0 0 0 462 562 0 0 0 0 0 
140 634 250 0 0 0 0 0 0 586 331 107 0 0 0 0 0 612 343 69 0 0 0 0 
14 448 561 1 0 0 0 0 0 111 706 207 0 0 0 0 0 119 715 190 0 0 0 0 
0 21 888 115 0 0 0 0 0 3 153 868 0 0 0 0 0 7 242 775 0 0 0 0 
0 166 810 48 0 0 0 0 0 57 489 478 0 0 0 0 0 139 440 445 0 0 0 0 
0 294 730 0 0 0 0 0 0 200 564 260 0 0 0 0 0 291 509 224 0 0 0 0 
0 604 404 16 0 0 0 0 0 487 335 202 0 0 0 0 0 589 281 154 0 0 0 0 
0 125 885 14 0 0 0 0 0 96 628 300 0 0 0 0 0 114 632 278 0 0 0 0 
0 709 309 6 0 0 0 0 0 518 491 15 0 0 0 0 0 591 420 13 0 0 0 0 
1 599 404 20 0 0 0 0 0 430 473 121 0 0 0 0 0 504 403 117 0 0 0 0 
1 675 298 46 4 0 0 0 0 583 369 64 8 0 0 0 0 673 285 57 9 0 0 0 
0 74 857 93 0 0 0 0 0 31 799 177 17 0 0 0 0 83 766 166 9 0 0 0 
0 37 986 1 0 0 0 0 0 4 1014 6 0 0 0 0 0 35 985 4 0 0 0 0 
0 27 990 7 0 0 0 0 0 4 1005 14 1 0 0 0 0 24 990 10 0 0 0 0 
0 28 996 0 0 0 0 0 0 0 1020 4 0 0 0 0 0 26 997 1 0 0 0 0 
0 45 979 0 0 0 0 0 0 0 1024 0 0 0 0 0 0 17 1007 0 0 0 0 0 
0 40 919 64 1 0 0 0 0 2 948 32 42 0 0 0 0 39 917 58 10 0 0 0 
0 17 393 612 2 0 0 0 0 4 393 534 93 0 0 0 0 32 385 546 61 0 0 0 
0 0 0 1024 0 0 0 0 0 0 0 32 992 0 0 0 0 0 0 15 1009 0 0 0 
0 0 0 1024 0 0 0 0 0 0 0 107 917 0 0 0 0 0 0 55 969 0 0 0 
0 0 0 1024 0 0 0 0 0 0 0 118 906 0 0 0 0 0 0 17 1007 0 0 0 
0 0 0 1024 0 0 0 0 0 0 0 146 878 0 0 0 0 0 0 33 991 0 0 0 
0 0 0 1024 0 0 0 0 0 0 0 540 484 0 0 0 0 0 0 376 648 0 0 0 
0 0 0 1024 0 0 0 0 0 0 0 678 346 0 0 0 0 0 0 536 488 0 0 0 
0 0 6 1018 0 0 0 0 0 0 0 702 322 0 0 0 0 0 0 598 426 0 0 0 
0 0 1 1023 0 0 0 0 0 0 0 846 178 0 0 0 0 0 0 686 338 0 0 0 
0 0 0 1024 0 0 0 0 0 0 0 984 40 0 0 0 0 0 0 841 183 0 0 0 
0 0 26 998 0 0 0 0 0 0 0 1023 1 0 0 0 0 0 0 983 41 0 0 0 
0 0 6 1018 0 0 0 0 0 0 0 1019 5 0 0 0 0 0 0 968 56 0 0 0 
0 0 23 1001 0 0 0 0 0 0 0 904 120 0 0 0 0 0 0 819 205 0 0 0 
0 0 29 995 0 0 0 0 0 0 0 318 706 0 0 0 0 0 0 256 768 0 0 0 
0 0 12 1012 0 0 0 0 0 0 0 193 831 0 0 0 0 0 0 175 849 0 0 0 
0 0 131 893 0 0 0 0 0 0 0 997 27 0 0 0 0 0 1 969 54 0 0 0 
0 0 294 730 0 0 0 0 0 0 8 1004 12 0 0 0 0 0 0 995 29 0 0 0 
0 0 1021 3 0 0 0 0 0 0 556 468 0 0 0 0 0 0 583 441 0 0 0 0 
0 0 1015 9 0 0 0 0 0 0 966 58 0 0 0 0 0 0 975 49 0 0 0 0 
0 0 1022 2 0 0 0 0 0 0 981 43 0 0 0 0 0 0 983 41 0 0 0 0 
0 0 1024 0 0 0 0 0 0 0 1024 0 0 0 0 0 0 0 1024 0 0 0 0 0 
0 0 1024 0 0 0 0 0 0 0 1024 0 0 0 0 0 0 0 1024 0 0 0 0 0 
0 6 1018 0 0 0 0 0 0 0 1024 0 0 0 0 0 0 0 1024 0 0 0 0 0 
0 386 638 0 0 0 0 0 0 11 1013 0 0 0 0 0 0 6 1018 0 0 0 0 0 
0 346 678 0 0 0 0 0 0 6 1018 0 0 0 0 0 0 8 1016 0 0 0 0 0 
0 192 809 23 0 0 0 0 0 26 912 86 0 0 0 0 0 34 919 71 0 0 0 0 
0 22 995 7 0 0 0 0 0 2 748 274 0 0 0 0 0 5 721 298 0 0 0 0 
0 27 997 0 0 0 0 0 0 5 992 27 0 0 0 0 0 8 944 72 0 0 0 0 
0 189 835 0 0 0 0 0 0 21 1003 0 0 0 0 0 0 149 875 0 0 0 0 0 
0 105 821 94 4 0 0 0 0 68 706 203 47 0 0 0 0 90 696 187 51 0 0 0 
0 106 499 419 0 0 0 0 0 80 353 473 118 0 0 0 0 103 375 446 100 0 0 0 
0 12 549 456 7 0 0 0 0 8 193 663 160 0 0 0 0 12 264 615 133 0 0 0 
0 0 425 599 0 0 0 0 0 0 71 803 150 0 0 0 0 1 115 811 97 0 0 0 
0 0 441 583 0 0 0 0 0 0 7 1013 4 0 0 0 0 0 10 1010 4 0 0 0 
0 156 756 112 0 0 0 0 0 95 614 315 0 0 0 0 0 117 635 272 0 0 0 0 
0 108 696 220 0 0 0 0 0 51 348 625 0 0 0 0 0 96 370 558 0 0 0 0 
0 109 183 732 0 0 0 0 0 69 78 877 0 0 0 0 0 102 61 861 0 0 0 0 
0 30 510 484 0 0 0 0 0 10 180 834 0 0 0 0 0 14 216 794 0 0 0 0 
0 20 482 522 0 0 0 0 0 4 104 916 0 0 0 0 0 5 110 909 0 0 0 0 
0 189 709 126 0 0 0 0 0 91 445 488 0 0 0 0 0 143 462 419 0 0 0 0 
1 451 572 0 0 0 0 0 0 179 789 56 0 0 0 0 0 308 677 39 0 0 0 0 
0 829 195 0 0 0 0 0 0 680 343 1 0 0 0 0 2 793 229 0 0 0 0 0 
0 548 411 65 0 0 0 0 0 423 376 222 3 0 0 0 0 463 343 216 2 0 0 0 
2 259 681 78 4 0 0 0 0 146 700 162 16 0 0 0 0 194 672 147 11 0 0 0 
0 34 947 43 0 0 0 0 0 6 956 55 7 0 0 0 0 19 953 47 5 0 0 0 
0 21 1003 0 0 0 0 0 0 3 1017 4 0 0 0 0 0 29 995 0 0 0 0 0 
0 34 990 0 0 0 0 0 0 6 1018 0 0 0 0 0 0 21 1003 0 0 0 0 0 
0 75 949 0 0 0 0 0 0 5 1019 0 0 0 0 0 0 30 994 0 0 0 0 0 
0 65 864 95 0 0 0 0 0 14 895 108 7 0 0 0 0 30 886 96 12 0 0 0 
0 0 202 822 0 0 0 0 0 0 31 505 488 0 0 0 0 0 16 313 695 0 0 0 
0 0 315 709 0 0 0 0 0 0 115 362 547 0 0 0 0 0 78 322 624 0 0 0 
0 0 330 694 0 0 0 0 0 0 109 372 543 0 0 0 0 0 69 321 634 0 0 0 
0 0 399 625 0 0 0 0 0 0 142 427 455 0 0 0 0 0 135 360 529 0 0 0 
0 0 482 542 0 0 0 0 0 0 263 431 330 0 0 0 0 0 217 363 444 0 0 0 
0 0 501 523 0 0 0 0 0 0 296 468 260 0 0 0 0 0 243 414 367 0 0 0 
0 0 532 492 0 0 0 0 0 0 344 554 126 0 0 0 0 0 312 436 276 0 0 0 
0 0 563 461 0 0 0 0 0 0 370 500 154 0 0 0 0 0 249 529 246 0 0 0 
0 0 648 376 0 0 0 0 0 0 483 496 45 0 0 0 0 0 399 506 119 0 0 0 
0 0 786 238 0 0 0 0 0 0 603 421 0 0 0 0 0 0 574 448 2 0 0 0 
0 0 789 235 0 0 0 0 0 0 631 393 0 0 0 0 0 0 611 413 0 0 0 0 
0 0 712 312 0 0 0 0 0 0 113 804 107 0 0 0 0 0 56 802 166 0 0 0 
0 0 525 499 0 0 0 0 0 0 0 730 294 0 0 0 0 0 0 710 314 0 0 0 
0 0 13 1011 0 0 0 0 0 0 0 406 618 0 0 0 0 0 0 317 707 0 0 0 
0 0 19 1005 0 0 0 0 0 0 11 339 674 0 0 0 0 0 13 321 690 0 0 0 
0 1 86 937 0 0 0 0 0 0 15 391 618 0 0 0 0 0 11 371 642 0 0 0 
0 0 87 937 0 0 0 0 0 0 28 151 845 0 0 0 0 0 29 172 823 0 0 0 
0 0 810 214 0 0 0 0 0 0 353 561 110 0 0 0 0 0 345 553 126 0 0 0 
0 0 989 35 0 0 0 0 0 0 785 239 0 0 0 0 0 0 798 226 0 0 0 0 
0 0 1024 0 0 0 0 0 0 0 1023 1 0 0 0 0 0 0 1023 1 0 0 0 0 
0 0 1020 4 0 0 0 0 0 0 1019 5 0 0 0 0 0 0 1015 9 0 0 0 0 
0 9 1015 0 0 0 0 0 0 9 1012 3 0 0 0 0 0 5 1007 12 0 0 0 0 
0 55 969 0 0 0 0 0 0 0 1024 0 0 0 0 0 0 4 1020 0 0 0 0 0 
0 53 971 0 0 0 0 0 0 0 1024 0 0 0 0 0 0 0 1024 0 0 0 0 0 
0 84 940 0 0 0 0 0 0 0 1024 0 0 0 0 0 0 0 1024 0 0 0 0 0 
0 60 961 3 0 0 0 0 0 9 996 19 0 0 0 0 0 19 996 9 0 0 0 0 
0 9 1015 0 0 0 0 0 0 1 1022 1 0 0 0 0 0 38 986 0 0 0 0 0 
0 53 971 0 0 0 0 0 0 7 1011 6 0 0 0 0 0 33 990 1 0 0 0 0 
0 19 970 35 0 0 0 0 0 10 732 282 0 0 0 0 0 13 843 168 0 0 0 0 
0 155 869 0 0 0 0 0 0 80 888 56 0 0 0 0 0 110 873 41 0 0 0 0 
5 647 347 25 0 0 0 0 0 463 506 55 0 0 0 0 0 493 475 56 0 0 0 0 
0 536 444 44 0 0 0 0 0 645 312 67 0 0 0 0 4 773 187 60 0 0 0 0 
19 550 430 25 0 0 0 0 0 427 492 105 0 0 0 0 0 489 441 94 0 0 0 0 
0 99 923 2 0 0 0 0 0 31 958 35 0 0 0 0 0 52 949 23 0 0 0 0 
0 49 924 51 0 0 0 0 0 16 716 292 0 0 0 0 0 26 716 282 0 0 0 0 
0 5 819 200 0 0 0 0 0 0 408 616 0 0 0 0 0 4 518 502 0 0 0 0 
0 26 734 264 0 0 0 0 0 10 189 824 1 0 0 0 0 9 221 791 3 0 0 0 
0 104 674 246 0 0 0 0 0 18 352 654 0 0 0 0 0 58 341 625 0 0 0 0 
0 109 603 312 0 0 0 0 0 47 298 679 0 0 0 0 0 64 338 622 0 0 0 0 
0 87 699 238 0 0 0 0 0 49 503 472 0 0 0 0 0 54 512 458 0 0 0 0 
1 527 483 13 0 0 0 0 0 398 528 98 0 0 0 0 1 471 458 94 0 0 0 0 
1 818 201 4 0 0 0 0 0 740 271 13 0 0 0 0 2 814 198 10 0 0 0 0 
1 884 139 0 0 0 0 0 0 818 191 15 0 0 0 0 4 865 143 12 0 0 0 0 
3 587 400 34 0 0 0 0 0 461 430 133 0 0 0 0 0 589 301 134 0 0 0 0 
0 148 869 7 0 0 0 0 0 69 914 41 0 0 0 0 0 137 864 23 0 0 0 0 
0 177 847 0 0 0 0 0 0 77 947 0 0 0 0 0 0 182 842 0 0 0 0 0 
0 486 538 0 0 0 0 0 0 206 818 0 0 0 0 0 0 483 541 0 0 0 0 0 
0 367 277 380 0 0 0 0 0 83 505 436 0 0 0 0 0 224 385 384 31 0 0 0 
0 0 1024 0 0 0 0 0 0 0 944 80 0 0 0 0 0 0 820 204 0 0 0 0 
0 0 1024 0 0 0 0 0 0 0 986 38 0 0 0 0 0 0 925 99 0 0 0 0 
0 0 1024 0 0 0 0 0 0 0 911 113 0 0 0 0 0 0 870 154 0 0 0 0 
0 0 1024 0 0 0 0 0 0 0 886 138 0 0 0 0 0 0 861 163 0 0 0 0 
0 0 1024 0 0 0 0 0 0 0 815 209 0 0 0 0 0 0 777 247 0 0 0 0 
0 0 1024 0 0 0 0 0 0 0 780 244 0 0 0 0 0 0 735 289 0 0 0 0 
0 0 1023 1 0 0 0 0 0 0 589 435 0 0 0 0 0 0 555 469 0 0 0 0 
0 0 944 80 0 0 0 0 0 0 485 539 0 0 0 0 0 0 430 594 0 0 0 0 
0 0 847 177 0 0 0 0 0 0 407 617 0 0 0 0 0 0 375 649 0 0 0 0 
0 0 645 379 0 0 0 0 0 0 330 694 0 0 0 0 0 0 280 737 7 0 0 0 
0 0 630 394 0 0 0 0 0 0 258 728 38 0 0 0 0 0 231 708 85 0 0 0 
0 0 487 537 0 0 0 0 0 0 49 912 63 0 0 0 0 0 15 910 99 0 0 0 
0 0 304 720 0 0 0 0 0 0 3 826 195 0 0 0 0 0 0 773 251 0 0 0 
0 0 4 1020 0 0 0 0 0 0 0 303 721 0 0 0 0 0 0 183 841 0 0 0 
0 0 0 1011 13 0 0 0 0 0 0 223 801 0 0 0 0 0 0 34 990 0 0 0 
0 0 0 1023 1 0 0 0 0 0 0 330 694 0 0 0 0 0 0 151 873 0 0 0 
0 0 0 1024 0 0 0 0 0 0 0 382 642 0 0 0 0 0 0 372 652 0 0 0 
0 0 25 999 0 0 0 0 0 0 0 600 424 0 0 0 0 0 0 576 448 0 0 0 
0 0 221 790 13 0 0 0 0 0 57 883 84 0 0 0 0 0 62 873 89 0 0 0 
0 0 457 456 111 0 0 0 0 0 335 496 193 0 0 0 0 0 336 495 193 0 0 0 
0 7 730 150 137 0 0 0 0 0 706 64 254 0 0 0 0 0 711 61 252 0 0 0 
0 4 704 213 103 0 0 0 0 11 670 124 219 0 0 0 0 5 665 131 223 0 0 0 
0 33 916 75 0 0 0 0 0 4 925 71 24 0 0 0 0 3 920 81 20 0 0 0 
0 155 860 9 0 0 0 0 0 248 766 10 0 0 0 0 0 91 921 11 1 0 0 0 
0 194 830 0 0 0 0 0 0 433 590 1 0 0 0 0 0 315 709 0 0 0 0 0 
0 14 1010 0 0 0 0 0 0 7 1017 0 0 0 0 0 0 11 1013 0 0 0 0 0 
0 28 996 0 0 0 0 0 0 2 1022 0 0 0 0 0 0 165 859 0 0 0 0 0 
0 20 1004 0 0 0 0 0 0 0 1024 0 0 0 0 0 0 14 1010 0 0 0 0 0 
0 377 632 15 0 0 0 0 0 329 671 24 0 0 0 0 0 403 609 12 0 0 0 0 
0 327 697 0 0 0 0 0 0 279 724 21 0 0 0 0 0 314 701 9 0 0 0 0 
0 563 461 0 0 0 0 0 0 425 585 14 0 0 0 0 0 472 541 11 0 0 0 0 
0 778 246 0 0 0 0 0 0 997 27 0 0 0 0 0 0 1020 4 0 0 0 0 0 
9 683 330 2 0 0 0 0 0 369 641 14 0 0 0 0 0 439 580 5 0 0 0 0 
0 45 977 2 0 0 0 0 0 14 517 493 0 0 0 0 0 30 695 299 0 0 0 0 
0 121 879 24 0 0 0 0 0 62 592 370 0 0 0 0 0 92 668 264 0 0 0 0 
0 0 1022 2 0 0 0 0 0 0 715 309 0 0 0 0 0 0 800 224 0 0 0 0 
0 100 918 6 0 0 0 0 0 47 564 413 0 0 0 0 0 87 596 341 0 0 0 0 
0 69 954 1 0 0 0 0 0 16 812 196 0 0 0 0 0 37 803 184 0 0 0 0 
0 615 403 6 0 0 0 0 0 422 551 51 0 0 0 0 0 515 466 43 0 0 0 0 
1 288 659 76 0 0 0 0 0 199 606 217 2 0 0 0 1 214 616 193 0 0 0 0 
0 554 434 36 0 0 0 0 0 490 392 142 0 0 0 0 1 524 381 118 0 0 0 0 
0 811 212 1 0 0 0 0 0 726 291 7 0 0 0 0 0 809 210 5 0 0 0 0 
0 953 71 0 0 0 0 0 0 910 104 10 0 0 0 0 0 950 68 6 0 0 0 0 
1 985 35 3 0 0 0 0 0 945 73 6 0 0 0 0 0 985 36 3 0 0 0 0 
0 800 219 5 0 0 0 0 0 704 301 19 0 0 0 0 0 758 247 19 0 0 0 0 
0 639 385 0 0 0 0 0 0 524 480 20 0 0 0 0 0 634 380 10 0 0 0 0 
0 728 296 0 0 0 0 0 0 101 914 9 0 0 0 0 0 732 292 0 0 0 0 0 
0 440 510 74 0 0 0 0 0 148 722 154 0 0 0 0 0 457 396 171 0 0 0 0 
0 0 722 302 0 0 0 0 0 0 267 570 187 0 0 0 0 0 199 620 205 0 0 0 
0 0 559 465 0 0 0 0 0 0 208 513 303 0 0 0 0 0 131 579 314 0 0 0 
0 0 492 532 0 0 0 0 0 0 115 552 357 0 0 0 0 0 86 539 399 0 0 0 
0 0 479 545 0 0 0 0 0 0 53 530 441 0 0 0 0 0 33 538 453 0 0 0 
0 0 441 581 2 0 0 0 0 0 10 542 472 0 0 0 0 0 2 528 494 0 0 0 
0 0 361 663 0 0 0 0 0 0 3 498 523 0 0 0 0 0 1 483 540 0 0 0 
0 0 227 789 8 0 0 0 0 0 0 440 584 0 0 0 0 0 0 416 608 0 0 0 
0 0 44 977 3 0 0 0 0 0 0 323 701 0 0 0 0 0 0 278 746 0 0 0 
0 0 25 941 58 0 0 0 0 0 0 237 787 0 0 0 0 0 0 163 861 0 0 0 
0 0 0 935 89 0 0 0 0 0 0 210 814 0 0 0 0 0 0 159 865 0 0 0 
0 0 0 922 102 0 0 0 0 0 0 118 906 0 0 0 0 0 0 55 969 0 0 0 
0 0 0 896 128 0 0 0 0 0 0 70 954 0 0 0 0 0 0 0 1024 0 0 0 
0 0 0 807 217 0 0 0 0 0 0 4 1020 0 0 0 0 0 0 0 1024 0 0 0 
0 0 0 794 230 0 0 0 0 0 0 194 830 0 0 0 0 0 0 81 943 0 0 0 
0 0 10 665 349 0 0 0 0 0 0 478 546 0 0 0 0 0 0 450 574 0 0 0 
0 0 3 534 487 0 0 0 0 0 0 386 638 0 0 0 0 0 0 362 662 0 0 0 
0 0 0 362 662 0 0 0 0 0 0 193 831 0 0 0 0 0 0 128 896 0 0 0 
0 0 0 220 804 0 0 0 0 0 0 63 961 0 0 0 0 0 0 55 969 0 0 0 
0 0 0 40 984 0 0 0 0 0 0 0 1024 0 0 0 0 0 0 0 1024 0 0 0 
0 0 0 5 1019 0 0 0 0 0 0 0 1024 0 0 0 0 0 0 0 1024 0 0 0 
0 0 0 6 1018 0 0 0 0 0 0 0 1024 0 0 0 0 0 0 0 1024 0 0 0 
0 0 0 49 975 0 0 0 0 0 0 0 1024 0 0 0 0 0 0 0 1024 0 0 0 
0 0 76 556 392 0 0 0 0 0 54 132 838 0 0 0 0 0 52 132 840 0 0 0 
0 4 764 254 2 0 0 0 0 100 580 250 94 0 0 0 0 40 619 294 71 0 0 0 
0 179 714 128 3 0 0 0 0 169 691 88 76 0 0 0 0 179 680 111 54 0 0 0 
0 104 896 24 0 0 0 0 0 34 946 44 0 0 0 0 0 97 891 36 0 0 0 0 
0 71 953 0 0 0 0 0 0 5 1012 7 0 0 0 0 0 109 913 2 0 0 0 0 
0 3 1021 0 0 0 0 0 0 0 1024 0 0 0 0 0 0 38 986 0 0 0 0 0 
0 201 766 57 0 0 0 0 0 123 721 180 0 0 0 0 0 176 690 158 0 0 0 0 
0 209 674 140 1 0 0 0 0 88 555 379 2 0 0 0 0 144 557 321 2 0 0 0 
0 91 625 308 0 0 0 0 0 48 332 644 0 0 0 0 0 61 400 563 0 0 0 0 
0 342 628 53 1 0 0 0 0 407 439 174 4 0 0 0 0 531 354 135 4 0 0 0 
7 210 772 35 0 0 0 0 0 119 583 322 0 0 0 0 1 145 603 275 0 0 0 0 
0 1 853 170 0 0 0 0 0 0 66 958 0 0 0 0 0 0 121 903 0 0 0 0 
0 45 934 45 0 0 0 0 0 11 289 724 0 0 0 0 0 31 332 661 0 0 0 0 
0 0 1016 8 0 0 0 0 0 0 345 679 0 0 0 0 0 0 521 503 0 0 0 0 
0 79 945 0 0 0 0 0 0 35 652 337 0 0 0 0 0 47 676 301 0 0 0 0 
0 73 947 4 0 0 0 0 0 28 687 309 0 0 0 0 0 58 726 240 0 0 0 0 
0 447 572 5 0 0 0 0 0 352 431 241 0 0 0 0 0 420 392 212 0 0 0 0 
0 330 688 6 0 0 0 0 0 269 534 221 0 0 0 0 0 311 506 207 0 0 0 0 
2 457 527 38 0 0 0 0 0 296 630 98 0 0 0 0 0 395 561 68 0 0 0 0 
0 495 473 56 0 0 0 0 0 445 227 352 0 0 0 0 0 486 283 255 0 0 0 0 
0 1024 0 0 0 0 0 0 0 1021 3 0 0 0 0 0 0 1024 0 0 0 0 0 0 
0 1020 4 0 0 0 0 0 0 1015 9 0 0 0 0 0 0 1022 2 0 0 0 0 0 
0 745 278 1 0 0 0 0 0 606 396 22 0 0 0 0 0 742 277 5 0 0 0 0 
0 654 348 22 0 0 0 0 0 580 357 87 0 0 0 0 0 655 314 55 0 0 0 0 
0 743 281 0 0 0 0 0 0 469 555 0 0 0 0 0 0 845 179 0 0 0 0 0 
0 457 545 22 0 0 0 0 0 776 226 21 1 0 0 0 0 946 53 24 1 0 0 0 
0 0 0 1022 2 0 0 0 0 0 0 0 1024 0 0 0 0 0 0 0 1024 0 0 0 
0 0 0 1024 0 0 0 0 0 0 0 0 1024 0 0 0 0 0 0 0 1024 0 0 0 
0 0 0 1002 22 0 0 0 0 0 0 0 1024 0 0 0 0 0 0 0 1024 0 0 0 
0 0 0 906 118 0 0 0 0 0 0 0 1024 0 0 0 0 0 0 0 1024 0 0 0 
0 0 0 967 57 0 0 0 0 0 0 0 1024 0 0 0 0 0 0 0 1024 0 0 0 
0 0 0 914 110 0 0 0 0 0 0 0 1024 0 0 0 0 0 0 0 1024 0 0 0 
0 0 0 785 239 0 0 0 0 0 0 0 1024 0 0 0 0 0 0 0 1024 0 0 0 
0 0 0 507 517 0 0 0 0 0 0 0 1024 0 0 0 0 0 0 0 1024 0 0 0 
0 0 0 146 878 0 0 0 0 0 0 0 1024 0 0 0 0 0 0 0 1024 0 0 0 
0 0 0 110 914 0 0 0 0 0 0 0 1024 0 0 0 0 0 0 0 1024 0 0 0 
0 0 0 29 995 0 0 0 0 0 0 0 1024 0 0 0 0 0 0 0 1024 0 0 0 
0 0 0 5 1019 0 0 0 0 0 0 0 1024 0 0 0 0 0 0 0 1024 0 0 0 
0 0 0 5 1019 0 0 0 0 0 0 0 1024 0 0 0 0 0 0 0 1024 0 0 0 
0 0 0 12 1012 0 0 0 0 0 0 0 1024 0 0 0 0 0 0 0 1023 1 0 0 
0 0 0 2 1022 0 0 0 0 0 0 0 1024 0 0 0 0 0 0 0 1024 0 0 0 
0 0 0 1 1023 0 0 0 0 0 0 0 1024 0 0 0 0 0 0 0 1024 0 0 0 
0 0 0 0 1024 0 0 0 0 0 0 0 1024 0 0 0 0 0 0 0 1024 0 0 0 
0 0 0 1 1023 0 0 0 0 0 0 0 1024 0 0 0 0 0 0 0 1024 0 0 0 
0 0 0 1 1023 0 0 0 0 0 0 0 1024 0 0 0 0 0 0 0 1024 0 0 0 
0 0 0 5 1019 0 0 0 0 0 0 0 1024 0 0 0 0 0 0 0 1024 0 0 0 
0 0 0 0 1024 0 0 0 0 0 0 0 1024 0 0 0 0 0 0 0 1024 0 0 0 
0 0 0 3 1021 0 0 0 0 0 0 0 1024 0 0 0 0 0 0 0 1024 0 0 0 
0 0 0 361 663 0 0 0 0 0 0 1 1023 0 0 0 0 0 0 1 1023 0 0 0 
0 0 59 453 512 0 0 0 0 0 38 155 831 0 0 0 0 0 41 175 808 0 0 0 
0 30 169 630 195 0 0 0 0 2 169 92 761 0 0 0 0 4 169 100 751 0 0 0 
0 97 673 235 19 0 0 0 0 6 565 267 186 0 0 0 0 10 600 238 176 0 0 0 
0 16 879 129 0 0 0 0 0 0 748 210 66 0 0 0 0 11 833 118 62 0 0 0 
0 67 788 169 0 0 0 0 0 58 681 284 1 0 0 0 0 154 670 199 1 0 0 0 
0 19 553 452 0 0 0 0 0 19 244 761 0 0 0 0 0 48 280 696 0 0 0 0 
0 3 540 481 0 0 0 0 0 17 333 672 2 0 0 0 0 156 247 620 1 0 0 0 
0 2 705 317 0 0 0 0 0 0 195 829 0 0 0 0 0 6 276 742 0 0 0 0 
0 17 715 291 1 0 0 0 0 41 313 653 17 0 0 0 0 91 346 578 9 0 0 0 
0 0 567 457 0 0 0 0 0 0 122 902 0 0 0 0 0 0 194 830 0 0 0 0 
0 5 488 531 0 0 0 0 0 27 250 736 11 0 0 0 0 54 271 693 6 0 0 0 
0 1 420 603 0 0 0 0 0 0 86 931 7 0 0 0 0 1 103 916 4 0 0 0 
0 4 534 486 0 0 0 0 0 6 140 859 19 0 0 0 0 13 157 847 7 0 0 0 
0 0 403 620 1 0 0 0 0 0 193 820 11 0 0 0 0 0 243 765 16 0 0 0 
0 2 401 621 0 0 0 0 0 1 214 791 18 0 0 0 0 22 240 754 8 0 0 0 
0 21 245 758 0 0 0 0 0 2 149 860 13 0 0 0 0 8 168 824 24 0 0 0 
0 25 189 810 0 0 0 0 0 11 97 898 18 0 0 0 0 29 111 865 19 0 0 0 
0 8 112 904 0 0 0 0 0 3 47 957 17 0 0 0 0 8 65 933 18 0 0 0 
0 22 183 819 0 0 0 0 0 9 55 960 0 0 0 0 0 19 70 923 12 0 0 0 
0 176 256 592 0 0 0 0 0 162 57 804 1 0 0 0 0 178 61 784 1 0 0 0 
0 634 238 152 0 0 0 0 0 617 73 334 0 0 0 0 0 637 66 321 0 0 0 0 
0 847 177 0 0 0 0 0 0 550 474 0 0 0 0 0 0 938 86 0 0 0 0 0 
0 620 390 14 0 0 0 0 0 399 565 60 0 0 0 0 0 692 295 37 0 0 0 0 
0 659 365 0 0 0 0 0 0 605 419 0 0 0 0 0 0 1017 7 0 0 0 0 0 
0 98 926 0 0 0 0 0 0 303 721 0 0 0 0 0 0 969 55 0 0 0 0 0 
0 0 0 1024 0 0 0 0 0 0 0 0 1024 0 0 0 0 0 0 0 1024 0 0 0 
0 0 0 1017 7 0 0 0 0 0 0 0 1024 0 0 0 0 0 0 0 1024 0 0 0 
0 0 0 1002 22 0 0 0 0 0 0 0 1024 0 0 0 0 0 0 0 1024 0 0 0 
0 0 0 870 154 0 0 0 0 0 0 0 1024 0 0 0 0 0 0 0 1024 0 0 0 
0 0 0 860 164 0 0 0 0 0 0 0 1024 0 0 0 0 0 0 0 1024 0 0 0 
0 0 0 662 362 0 0 0 0 0 0 0 1024 0 0 0 0 0 0 0 1024 0 0 0 
0 0 0 756 268 0 0 0 0 0 0 0 1024 0 0 0 0 0 0 0 1024 0 0 0 
0 0 0 468 556 0 0 0 0 0 0 0 1024 0 0 0 0 0 0 0 1024 0 0 0 
0 0 0 96 928 0 0 0 0 0 0 0 1024 0 0 0 0 0 0 0 1023 1 0 0 
0 0 0 38 986 0 0 0 0 0 0 0 1024 0 0 0 0 0 0 0 1024 0 0 0 
0 0 0 23 1001 0 0 0 0 0 0 0 1024 0 0 0 0 0 0 0 1024 0 0 0 
0 0 0 0 1024 0 0 0 0 0 0 0 1024 0 0 0 0 0 0 0 1024 0 0 0 
0 0 0 8 1016 0 0 0 0 0 0 0 1024 0 0 0 0 0 0 0 1024 0 0 0 
0 0 0 0 1024 0 0 0 0 0 0 0 1024 0 0 0 0 0 0 0 1024 0 0 0 
0 0 0 5 1019 0 0 0 0 0 0 0 1024 0 0 0 0 0 0 0 1024 0 0 0 
0 0 0 2 1022 0 0 0 0 0 0 0 1024 0 0 0 0 0 0 0 1024 0 0 0 
0 0 0 21 1003 0 0 0 0 0 0 0 1024 0 0 0 0 0 0 0 1024 0 0 0 
0 0 0 4 1020 0 0 0 0 0 0 0 1024 0 0 0 0 0 0 0 1024 0 0 0 
0 0 0 6 1018 0 0 0 0 0 0 0 1024 0 0 0 0 0 0 0 1024 0 0 0 
0 0 0 4 1020 0 0 0 0 0 0 0 1024 0 0 0 0 0 0 0 1022 2 0 0 
0 0 0 2 1022 0 0 0 0 0 0 0 1024 0 0 0 0 0 0 0 1024 0 0 0 
0 0 0 34 990 0 0 0 0 0 0 0 1024 0 0 0 0 0 0 0 1024 0 0 0 
0 0 0 17 1007 0 0 0 0 0 0 0 1024 0 0 0 0 0 0 0 1024 0 0 0 
0 0 0 153 871 0 0 0 0 0 0 0 1024 0 0 0 0 0 0 0 1024 0 0 0 
0 0 0 640 384 0 0 0 0 0 0 0 1024 0 0 0 0 0 0 0 1024 0 0 0 
0 0 0 937 87 0 0 0 0 0 0 0 1024 0 0 0 0 0 0 0 1024 0 0 0 
0 0 6 1003 15 0 0 0 0 0 0 93 931 0 0 0 0 0 5 105 914 0 0 0 
0 101 696 225 2 0 0 0 0 25 660 223 116 0 0 0 0 35 647 228 114 0 0 0 
0 479 430 115 0 0 0 0 0 179 579 266 0 0 0 0 0 196 584 244 0 0 0 0 
0 349 550 125 0 0 0 0 0 219 602 202 1 0 0 0 0 289 540 194 1 0 0 0 
0 297 509 218 0 0 0 0 0 202 424 398 0 0 0 0 0 209 436 378 1 0 0 0 
7 135 384 498 0 0 0 0 2 85 330 594 13 0 0 0 2 113 332 570 7 0 0 0 
0 0 101 923 0 0 0 0 0 0 72 923 29 0 0 0 0 0 84 923 17 0 0 0 
0 14 224 784 2 0 0 0 0 8 146 795 75 0 0 0 0 33 146 790 55 0 0 0 
0 0 155 869 0 0 0 0 0 0 0 959 65 0 0 0 0 0 0 979 45 0 0 0 
0 3 381 640 0 0 0 0 0 0 242 767 15 0 0 0 0 48 220 748 8 0 0 0 
0 0 222 802 0 0 0 0 0 0 67 950 7 0 0 0 0 1 79 942 2 0 0 0 
0 0 312 712 0 0 0 0 0 0 209 815 0 0 0 0 0 7 240 777 0 0 0 0 
0 0 125 899 0 0 0 0 0 0 9 1015 0 0 0 0 0 0 18 1003 3 0 0 0 
0 0 376 648 0 0 0 0 0 3 249 770 2 0 0 0 0 18 248 755 3 0 0 0 
0 0 138 886 0 0 0 0 0 0 36 988 0 0 0 0 0 0 65 956 3 0 0 0 
0 0 326 698 0 0 0 0 0 0 60 952 12 0 0 0 0 0 68 950 6 0 0 0 
0 22 445 557 0 0 0 0 0 19 273 707 25 0 0 0 0 32 330 656 6 0 0 0 
0 31 295 697 1 0 0 0 0 35 139 814 36 0 0 0 0 51 148 798 27 0 0 0 
0 241 672 111 0 0 0 0 0 339 502 180 3 0 0 0 0 725 142 157 0 0 0 0 
0 127 897 0 0 0 0 0 0 355 669 0 0 0 0 0 0 929 95 0 0 0 0 0 
0 28 996 0 0 0 0 0 0 80 944 0 0 0 0 0 0 1000 24 0 0 0 0 0 
0 41 969 14 0 0 0 0 0 176 782 66 0 0 0 0 0 499 493 32 0 0 0 0 
0 0 0 1024 0 0 0 0 0 0 0 0 1024 0 0 0 0 0 0 0 1024 0 0 0 
0 0 0 1021 3 0 0 0 0 0 0 0 1024 0 0 0 0 0 0 0 1024 0 0 0 
0 0 0 995 29 0 0 0 0 0 0 0 1024 0 0 0 0 0 0 0 1024 0 0 0 
0 0 0 972 52 0 0 0 0 0 0 0 1024 0 0 0 0 0 0 0 1024 0 0 0 
0 0 0 808 216 0 0 0 0 0 0 0 1024 0 0 0 0 0 0 0 1024 0 0 0 
0 0 0 785 239 0 0 0 0 0 0 0 1024 0 0 0 0 0 0 0 1024 0 0 0 
0 0 0 565 459 0 0 0 0 0 0 0 1024 0 0 0 0 0 0 0 1024 0 0 0 
0 0 0 646 378 0 0 0 0 0 0 0 1024 0 0 0 0 0 0 0 1024 0 0 0 
0 0 0 427 597 0 0 0 0 0 0 0 1024 0 0 0 0 0 0 0 1024 0 0 0 
0 0 0 147 877 0 0 0 0 0 0 0 1024 0 0 0 0 0 0 0 1024 0 0 0 
0 0 0 45 979 0 0 0 0 0 0 0 1024 0 0 0 0 0 0 0 1024 0 0 0 
0 0 0 5 1019 0 0 0 0 0 0 0 1024 0 0 0 0 0 0 0 1024 0 0 0 
0 0 0 16 1008 0 0 0 0 0 0 0 1024 0 0 0 0 0 0 0 1024 0 0 0 
0 0 0 68 956 0 0 0 0 0 0 0 1024 0 0 0 0 0 0 0 1024 0 0 0 
0 0 0 24 1000 0 0 0 0 0 0 0 1024 0 0 0 0 0 0 0 1024 0 0 0 
0 0 0 29 995 0 0 0 0 0 0 0 1024 0 0 0 0 0 0 0 1024 0 0 0 
0 0 0 51 973 0 0 0 0 0 0 0 1024 0 0 0 0 0 0 0 1024 0 0 0 
0 0 0 49 975 0 0 0 0 0 0 0 1024 0 0 0 0 0 0 0 1024 0 0 0 
0 0 0 81 943 0 0 0 0 0 0 0 1024 0 0 0 0 0 0 0 1024 0 0 0 
0 0 0 63 961 0 0 0 0 0 0 0 1024 0 0 0 0 0 0 0 1024 0 0 0 
0 0 0 58 966 0 0 0 0 0 0 0 1024 0 0 0 0 0 0 0 1024 0 0 0 
0 0 0 8 1016 0 0 0 0 0 0 0 1024 0 0 0 0 0 0 0 1024 0 0 0 
0 0 0 94 930 0 0 0 0 0 0 0 1024 0 0 0 0 0 0 0 1024 0 0 0 
0 0 0 234 790 0 0 0 0 0 0 0 1024 0 0 0 0 0 0 0 1024 0 0 0 
0 0 0 331 693 0 0 0 0 0 0 0 1024 0 0 0 0 0 0 0 1024 0 0 0 
0 0 0 721 303 0 0 0 0 0 0 0 1024 0 0 0 0 0 0 0 1024 0 0 0 
0 0 0 969 55 0 0 0 0 0 0 13 1011 0 0 0 0 0 0 9 1015 0 0 0 
0 5 360 659 0 0 0 0 0 0 162 642 220 0 0 0 0 0 167 642 215 0 0 0 
0 130 583 311 0 0 0 0 0 3 530 491 0 0 0 0 0 8 552 464 0 0 0 0 
0 267 610 147 0 0 0 0 0 83 519 422 0 0 0 0 0 75 532 417 0 0 0 0 
0 380 568 76 0 0 0 0 0 333 459 232 0 0 0 0 0 343 450 231 0 0 0 0 
13 560 447 4 0 0 0 0 0 479 493 52 0 0 0 0 0 498 475 51 0 0 0 0 
29 632 282 79 2 0 0 0 0 545 357 111 11 0 0 0 0 550 363 100 11 0 0 0 
0 724 78 222 0 0 0 0 0 600 176 207 41 0 0 0 0 617 160 210 37 0 0 0 
5 655 33 331 0 0 0 0 0 655 34 262 73 0 0 0 0 650 29 224 121 0 0 0 
8 529 59 428 0 0 0 0 0 526 41 370 87 0 0 0 0 523 39 364 98 0 0 0 
0 404 33 587 0 0 0 0 0 399 28 510 87 0 0 0 0 395 27 527 75 0 0 0 
0 250 257 517 0 0 0 0 0 240 185 592 7 0 0 0 0 227 203 579 15 0 0 0 
0 161 92 771 0 0 0 0 0 149 50 815 10 0 0 0 0 138 60 806 20 0 0 0 
0 49 338 637 0 0 0 0 0 43 181 795 5 0 0 0 0 33 196 779 16 0 0 0 
0 26 275 723 0 0 0 0 0 7 131 886 0 0 0 0 0 8 141 873 2 0 0 0 
0 2 379 643 0 0 0 0 0 0 127 897 0 0 0 0 0 1 133 890 0 0 0 0 
0 7 470 546 1 0 0 0 0 3 295 703 23 0 0 0 0 35 301 678 10 0 0 0 
0 39 577 408 0 0 0 0 0 24 522 452 26 0 0 0 0 310 252 450 12 0 0 0 
0 1 914 109 0 0 0 0 0 115 724 182 3 0 0 0 0 744 112 168 0 0 0 0 
0 2 1003 19 0 0 0 0 0 54 945 25 0 0 0 0 0 967 33 24 0 0 0 0 
0 0 1016 8 0 0 0 0 0 6 991 27 0 0 0 0 0 868 152 4 0 0 0 0 
0 150 802 72 0 0 0 0 0 215 712 97 0 0 0 0 0 377 580 67 0 0 0 0 
0 0 0 1024 0 0 0 0 0 0 0 0 1024 0 0 0 0 0 0 0 1024 0 0 0 
0 0 0 1024 0 0 0 0 0 0 0 0 1024 0 0 0 0 0 0 0 1024 0 0 0 
0 0 0 1024 0 0 0 0 0 0 0 0 1024 0 0 0 0 0 0 0 1024 0 0 0 
0 0 0 1012 12 0 0 0 0 0 0 0 1024 0 0 0 0 0 0 0 1024 0 0 0 
0 0 0 984 40 0 0 0 0 0 0 0 1024 0 0 0 0 0 0 0 1024 0 0 0 
0 0 0 908 116 0 0 0 0 0 0 0 1024 0 0 0 0 0 0 0 1024 0 0 0 
0 0 0 823 201 0 0 0 0 0 0 0 1024 0 0 0 0 0 0 0 1024 0 0 0 
0 0 0 914 110 0 0 0 0 0 0 0 1024 0 0 0 0 0 0 0 1024 0 0 0 
0 0 0 765 259 0 0 0 0 0 0 0 1024 0 0 0 0 0 0 0 1024 0 0 0 
0 0 0 390 634 0 0 0 0 0 0 0 1024 0 0 0 0 0 0 0 1024 0 0 0 
0 0 0 360 664 0 0 0 0 0 0 0 1024 0 0 0 0 0 0 0 1024 0 0 0 
0 0 0 220 804 0 0 0 0 0 0 0 1024 0 0 0 0 0 0 0 1024 0 0 0 
0 0 0 125 899 0 0 0 0 0 0 0 1024 0 0 0 0 0 0 0 1024 0 0 0 
0 0 0 258 766 0 0 0 0 0 0 0 1024 0 0 0 0 0 0 0 1024 0 0 0 
0 0 0 254 770 0 0 0 0 0 0 0 1024 0 0 0 0 0 0 0 1024 0 0 0 
0 0 0 536 488 0 0 0 0 0 0 0 1024 0 0 0 0 0 0 0 1024 0 0 0 
0 0 0 443 581 0 0 0 0 0 0 0 1024 0 0 0 0 0 0 0 1024 0 0 0 
0 0 0 423 601 0 0 0 0 0 0 0 1024 0 0 0 0 0 0 0 1024 0 0 0 
0 0 0 85 939 0 0 0 0 0 0 0 1024 0 0 0 0 0 0 0 1024 0 0 0 
0 0 0 51 973 0 0 0 0 0 0 0 1024 0 0 0 0 0 0 0 1024 0 0 0 
0 0 0 24 1000 0 0 0 0 0 0 0 1024 0 0 0 0 0 0 0 1024 0 0 0 
0 0 0 54 970 0 0 0 0 0 0 0 1024 0 0 0 0 0 0 0 1024 0 0 0 
0 0 0 39 985 0 0 0 0 0 0 0 1024 0 0 0 0 0 0 0 1024 0 0 0 
0 0 0 12 1012 0 0 0 0 0 0 0 1024 0 0 0 0 0 0 0 1024 0 0 0 
0 0 0 50 974 0 0 0 0 0 0 0 1024 0 0 0 0 0 0 0 1024 0 0 0 
0 0 0 177 847 0 0 0 0 0 0 0 1024 0 0 0 0 0 0 0 1024 0 0 0 
0 0 0 457 567 0 0 0 0 0 0 0 1024 0 0 0 0 0 0 0 1024 0 0 0 
0 0 0 978 46 0 0 0 0 0 0 232 792 0 0 0 0 0 0 216 808 0 0 0 
0 0 0 1023 1 0 0 0 0 0 0 559 465 0 0 0 0 0 0 582 442 0 0 0 
0 0 0 1024 0 0 0 0 0 0 0 678 346 0 0 0 0 0 0 719 305 0 0 0 
0 0 44 980 0 0 0 0 0 0 0 509 515 0 0 0 0 0 0 480 544 0 0 0 
0 0 106 918 0 0 0 0 0 0 3 404 617 0 0 0 0 0 13 355 656 0 0 0 
0 1 368 655 0 0 0 0 0 0 138 651 235 0 0 0 0 0 161 641 222 0 0 0 
0 169 455 400 0 0 0 0 0 7 534 309 174 0 0 0 0 9 535 320 160 0 0 0 
0 315 389 320 0 0 0 0 0 85 545 312 82 0 0 0 0 99 539 301 85 0 0 0 
0 318 456 250 0 0 0 0 0 161 551 264 48 0 0 0 0 181 530 266 47 0 0 0 
2 458 514 50 0 0 0 0 0 258 640 126 0 0 0 0 0 262 635 126 1 0 0 0 
0 607 402 15 0 0 0 0 0 392 578 54 0 0 0 0 0 395 589 40 0 0 0 0 
1 432 591 0 0 0 0 0 0 331 650 43 0 0 0 0 0 336 662 26 0 0 0 0 
56 440 510 18 0 0 0 0 0 429 416 179 0 0 0 0 0 431 408 185 0 0 0 0 
79 679 212 54 0 0 0 0 0 671 288 65 0 0 0 0 0 688 263 69 4 0 0 0 
1 602 296 125 0 0 0 0 0 507 336 181 0 0 0 0 0 535 305 184 0 0 0 0 
15 600 192 217 0 0 0 0 0 508 229 287 0 0 0 0 0 523 210 291 0 0 0 0 
20 533 245 226 0 0 0 0 1 529 83 411 0 0 0 0 0 526 81 410 7 0 0 0 
0 355 575 94 0 0 0 0 0 166 431 427 0 0 0 0 0 219 409 396 0 0 0 0 
0 221 664 139 0 0 0 0 0 166 457 401 0 0 0 0 0 217 412 395 0 0 0 0 
0 364 611 49 0 0 0 0 0 307 506 211 0 0 0 0 2 492 347 183 0 0 0 0 
0 128 842 54 0 0 0 0 0 95 554 375 0 0 0 0 0 158 542 324 0 0 0 0 
0 0 0 1024 0 0 0 0 0 0 0 0 1024 0 0 0 0 0 0 0 1024 0 0 0 
0 0 0 1024 0 0 0 0 0 0 0 0 1024 0 0 0 0 0 0 0 1024 0 0 0 
0 0 0 1024 0 0 0 0 0 0 0 0 1024 0 0 0 0 0 0 0 1024 0 0 0 
0 0 0 1023 1 0 0 0 0 0 0 0 1024 0 0 0 0 0 0 0 1024 0 0 0 
0 0 0 1024 0 0 0 0 0 0 0 0 1024 0 0 0 0 0 0 0 1024 0 0 0 
0 0 0 1009 15 0 0 0 0 0 0 0 1024 0 0 0 0 0 0 0 1024 0 0 0 
0 0 0 922 102 0 0 0 0 0 0 0 1024 0 0 0 0 0 0 0 1024 0 0 0 
0 0 0 993 31 0 0 0 0 0 0 0 1024 0 0 0 0 0 0 0 1024 0 0 0 
0 0 0 877 147 0 0 0 0 0 0 0 1024 0 0 0 0 0 0 0 1024 0 0 0 
0 0 0 790 234 0 0 0 0 0 0 1 1023 0 0 0 0 0 0 0 1024 0 0 0 
0 0 0 851 173 0 0 0 0 0 0 0 1024 0 0 0 0 0 0 0 1024 0 0 0 
0 0 0 794 230 0 0 0 0 0 0 4 1020 0 0 0 0 0 0 2 1022 0 0 0 
0 0 0 812 212 0 0 0 0 0 0 14 1010 0 0 0 0 0 0 5 1019 0 0 0 
0 0 4 968 52 0 0 0 0 0 0 64 960 0 0 0 0 0 0 19 1005 0 0 0 
0 0 9 878 137 0 0 0 0 0 0 281 743 0 0 0 0 0 0 153 871 0 0 0 
0 0 4 967 53 0 0 0 0 0 0 302 722 0 0 0 0 0 0 217 807 0 0 0 
0 0 4 1020 0 0 0 0 0 0 0 315 709 0 0 0 0 0 0 172 852 0 0 0 
0 0 0 721 303 0 0 0 0 0 0 50 974 0 0 0 0 0 0 10 1014 0 0 0 
0 0 0 91 933 0 0 0 0 0 0 0 1024 0 0 0 0 0 0 0 1024 0 0 0 
0 0 0 6 1018 0 0 0 0 0 0 0 1024 0 0 0 0 0 0 0 1024 0 0 0 
0 0 0 19 1005 0 0 0 0 0 0 0 1024 0 0 0 0 0 0 0 1023 1 0 0 
0 0 0 70 954 0 0 0 0 0 0 0 1024 0 0 0 0 0 0 0 1024 0 0 0 
0 0 0 5 1019 0 0 0 0 0 0 0 1024 0 0 0 0 0 0 0 1024 0 0 0 
0 0 0 44 980 0 0 0 0 0 0 0 1024 0 0 0 0 0 0 0 1024 0 0 0 
0 0 0 68 956 0 0 0 0 0 0 0 1024 0 0 0 0 0 0 0 1024 0 0 0 
0 0 0 55 969 0 0 0 0 0 0 0 1024 0 0 0 0 0 0 0 1024 0 0 0 
0 0 0 72 952 0 0 0 0 0 0 0 1024 0 0 0 0 0 0 0 1024 0 0 0 
0 0 0 518 506 0 0 0 0 0 0 0 1024 0 0 0 0 0 0 0 1024 0 0 0 
0 0 0 687 337 0 0 0 0 0 0 1 1023 0 0 0 0 0 0 1 1023 0 0 0 
0 0 0 879 145 0 0 0 0 0 0 5 1019 0 0 0 0 0 0 19 1005 0 0 0 
0 0 0 1003 21 0 0 0 0 0 0 8 1016 0 0 0 0 0 0 39 985 0 0 0 
0 0 0 1024 0 0 0 0 0 0 0 99 925 0 0 0 0 0 0 79 945 0 0 0 
0 0 0 1024 0 0 0 0 0 0 0 105 919 0 0 0 0 0 0 104 920 0 0 0 
0 0 0 1024 0 0 0 0 0 0 0 112 912 0 0 0 0 0 0 157 867 0 0 0 
0 0 0 1024 0 0 0 0 0 0 0 262 762 0 0 0 0 0 0 222 802 0 0 0 
0 0 0 1024 0 0 0 0 0 0 0 131 893 0 0 0 0 0 0 158 866 0 0 0 
0 0 43 981 0 0 0 0 0 0 4 582 438 0 0 0 0 0 4 459 561 0 0 0 
0 0 34 990 0 0 0 0 0 0 1 391 632 0 0 0 0 0 1 333 690 0 0 0 
0 0 54 970 0 0 0 0 0 0 0 296 728 0 0 0 0 0 2 353 669 0 0 0 
0 0 72 952 0 0 0 0 0 0 0 526 498 0 0 0 0 0 0 493 531 0 0 0 
0 109 381 534 0 0 0 0 0 0 301 681 42 0 0 0 0 3 299 690 32 0 0 0 
0 2 599 423 0 0 0 0 0 0 241 722 61 0 0 0 0 0 244 716 64 0 0 0 
0 154 614 256 0 0 0 0 0 44 521 383 76 0 0 0 0 62 502 396 64 0 0 0 
0 248 504 272 0 0 0 0 0 135 547 120 222 0 0 0 0 168 534 113 209 0 0 0 
0 93 811 120 0 0 0 0 0 9 660 354 1 0 0 0 0 31 681 309 3 0 0 0 
0 2 843 179 0 0 0 0 0 0 370 654 0 0 0 0 0 0 415 609 0 0 0 0 
0 0 892 132 0 0 0 0 0 0 331 693 0 0 0 0 0 0 413 611 0 0 0 0 
0 0 451 573 0 0 0 0 0 0 2 1022 0 0 0 0 0 0 3 1021 0 0 0 0 
0 0 0 1024 0 0 0 0 0 0 0 6 1018 0 0 0 0 0 0 0 1024 0 0 0 
0 0 0 1024 0 0 0 0 0 0 0 150 874 0 0 0 0 0 0 85 939 0 0 0 
0 0 3 1021 0 0 0 0 0 0 0 171 853 0 0 0 0 0 0 30 994 0 0 0 
0 0 0 1017 7 0 0 0 0 0 0 179 845 0 0 0 0 0 0 45 979 0 0 0 
0 0 9 1013 2 0 0 0 0 0 0 251 773 0 0 0 0 0 0 64 960 0 0 0 
0 0 32 987 5 0 0 0 0 0 0 359 665 0 0 0 0 0 0 241 783 0 0 0 
0 0 72 937 15 0 0 0 0 0 0 390 634 0 0 0 0 0 0 319 705 0 0 0 
0 0 27 997 0 0 0 0 0 0 0 441 583 0 0 0 0 0 0 370 654 0 0 0 
0 0 2 1021 1 0 0 0 0 0 0 420 604 0 0 0 0 0 0 275 749 0 0 0 
0 0 0 1024 0 0 0 0 0 0 0 564 460 0 0 0 0 0 0 298 726 0 0 0 
0 0 16 1008 0 0 0 0 0 0 0 439 585 0 0 0 0 0 0 201 823 0 0 0 
0 0 2 1022 0 0 0 0 0 0 0 496 528 0 0 0 0 0 0 217 807 0 0 0 
0 0 6 1018 0 0 0 0 0 0 0 630 394 0 0 0 0 0 0 334 690 0 0 0 
0 0 20 1002 2 0 0 0 0 0 0 465 559 0 0 0 0 0 0 258 766 0 0 0 
0 0 18 1005 1 0 0 0 0 0 1 505 518 0 0 0 0 0 1 272 751 0 0 0 
0 0 27 997 0 0 0 0 0 0 2 599 423 0 0 0 0 0 1 469 554 0 0 0 
0 0 3 1021 0 0 0 0 0 0 0 528 496 0 0 0 0 0 0 328 696 0 0 0 
0 0 19 1005 0 0 0 0 0 0 0 439 585 0 0 0 0 0 0 340 684 0 0 0 
0 0 58 946 20 0 0 0 0 0 0 669 355 0 0 0 0 0 0 561 463 0 0 0 
0 0 33 526 465 0 0 0 0 0 0 307 717 0 0 0 0 0 0 249 775 0 0 0 
0 0 22 353 649 0 0 0 0 0 1 142 881 0 0 0 0 0 0 115 909 0 0 0 
0 0 10 214 800 0 0 0 0 0 0 70 954 0 0 0 0 0 0 47 977 0 0 0 
0 0 0 199 825 0 0 0 0 0 0 3 1021 0 0 0 0 0 0 1 1023 0 0 0 
0 0 0 180 844 0 0 0 0 0 0 0 1024 0 0 0 0 0 0 0 1024 0 0 0 
0 0 0 328 696 0 0 0 0 0 0 0 1024 0 0 0 0 0 0 0 1024 0 0 0 
0 0 0 458 566 0 0 0 0 0 0 0 1024 0 0 0 0 0 0 0 1024 0 0 0 
0 0 0 340 684 0 0 0 0 0 0 0 1024 0 0 0 0 0 0 0 1024 0 0 0 
0 0 0 241 783 0 0 0 0 0 0 0 1024 0 0 0 0 0 0 0 1024 0 0 0 
0 0 0 267 757 0 0 0 0 0 0 0 1024 0 0 0 0 0 0 0 1024 0 0 0 
0 0 0 634 390 0 0 0 0 0 0 8 1016 0 0 0 0 0 0 2 1022 0 0 0 
0 0 0 904 120 0 0 0 0 0 0 4 1020 0 0 0 0 0 0 6 1018 0 0 0 
0 0 0 1015 9 0 0 0 0 0 0 0 1024 0 0 0 0 0 0 0 1024 0 0 0 
0 0 0 1010 14 0 0 0 0 0 0 0 1024 0 0 0 0 0 0 0 1024 0 0 0 
0 0 0 1023 1 0 0 0 0 0 0 2 1022 0 0 0 0 0 0 0 1024 0 0 0 
0 0 0 998 26 0 0 0 0 0 0 7 1017 0 0 0 0 0 0 1 1023 0 0 0 
0 0 0 1021 3 0 0 0 0 0 0 10 1014 0 0 0 0 0 0 10 1014 0 0 0 
0 0 0 1024 0 0 0 0 0 0 0 32 992 0 0 0 0 0 0 37 987 0 0 0 
0 0 0 1024 0 0 0 0 0 0 0 9 1015 0 0 0 0 0 0 3 1021 0 0 0 
0 0 0 1024 0 0 0 0 0 0 0 12 1012 0 0 0 0 0 0 14 1010 0 0 0 
0 0 0 1024 0 0 0 0 0 0 0 42 982 0 0 0 0 0 0 14 1010 0 0 0 
0 0 0 1024 0 0 0 0 0 0 0 202 822 0 0 0 0 0 0 113 911 0 0 0 
0 0 0 1024 0 0 0 0 0 0 0 443 581 0 0 0 0 0 0 344 680 0 0 0 
0 0 10 1014 0 0 0 0 0 0 0 190 834 0 0 0 0 0 0 165 859 0 0 0 
0 0 0 1024 0 0 0 0 0 0 0 0 1024 0 0 0 0 0 0 0 1024 0 0 0 
0 0 0 1024 0 0 0 0 0 0 0 170 854 0 0 0 0 0 0 178 846 0 0 0 
0 0 14 1010 0 0 0 0 0 0 0 296 728 0 0 0 0 0 0 310 714 0 0 0 
0 0 283 741 0 0 0 0 0 0 57 459 508 0 0 0 0 0 46 458 520 0 0 0 
0 3 448 573 0 0 0 0 0 0 115 864 45 0 0 0 0 0 98 825 101 0 0 0 
0 0 261 763 0 0 0 0 0 0 19 928 77 0 0 0 0 0 0 720 304 0 0 0 
0 0 535 489 0 0 0 0 0 0 5 1017 2 0 0 0 0 0 5 948 71 0 0 0 
0 0 635 389 0 0 0 0 0 0 21 1003 0 0 0 0 0 0 16 991 17 0 0 0 
0 0 530 494 0 0 0 0 0 0 9 1005 10 0 0 0 0 0 0 970 54 0 0 0 
0 0 520 504 0 0 0 0 0 0 19 998 7 0 0 0 0 0 8 973 43 0 0 0 
0 3 451 570 0 0 0 0 0 2 32 983 7 0 0 0 0 0 14 927 83 0 0 0 
0 0 532 492 0 0 0 0 0 0 16 1006 2 0 0 0 0 0 3 966 55 0 0 0 
0 2 483 539 0 0 0 0 0 1 46 976 1 0 0 0 0 0 24 995 5 0 0 0 
0 0 206 818 0 0 0 0 0 0 27 988 9 0 0 0 0 0 9 968 47 0 0 0 
0 0 265 759 0 0 0 0 0 0 20 998 6 0 0 0 0 0 9 967 48 0 0 0 
0 0 617 407 0 0 0 0 0 0 15 1007 2 0 0 0 0 0 1 1003 20 0 0 0 
0 0 676 348 0 0 0 0 0 0 28 995 1 0 0 0 0 0 16 1005 3 0 0 0 
0 0 489 535 0 0 0 0 0 0 5 996 23 0 0 0 0 0 4 944 76 0 0 0 
0 0 365 659 0 0 0 0 0 0 8 991 25 0 0 0 0 0 2 950 72 0 0 0 
0 0 438 586 0 0 0 0 0 0 45 931 48 0 0 0 0 0 16 837 171 0 0 0 
0 3 516 505 0 0 0 0 0 0 61 924 39 0 0 0 0 0 24 859 141 0 0 0 
0 0 480 544 0 0 0 0 0 0 34 956 34 0 0 0 0 0 18 924 82 0 0 0 
0 0 441 583 0 0 0 0 0 0 31 992 1 0 0 0 0 0 12 1011 1 0 0 0 
0 3 385 636 0 0 0 0 0 1 115 879 29 0 0 0 0 0 78 849 97 0 0 0 
0 5 366 653 0 0 0 0 0 0 54 826 144 0 0 0 0 0 32 792 200 0 0 0 
1 23 597 403 0 0 0 0 0 5 197 791 31 0 0 0 0 3 154 817 50 0 0 0 
0 78 698 247 1 0 0 0 0 14 358 588 64 0 0 0 0 9 324 607 84 0 0 0 
0 137 586 287 14 0 0 0 0 22 416 475 111 0 0 0 0 21 392 472 139 0 0 0 
0 99 489 384 52 0 0 0 0 14 424 293 293 0 0 0 0 5 386 298 335 0 0 0 
0 46 314 484 180 0 0 0 0 8 202 262 552 0 0 0 0 1 193 258 572 0 0 0 
0 16 164 722 122 0 0 0 0 4 106 196 718 0 0 0 0 1 98 181 744 0 0 0 
0 0 19 837 168 0 0 0 0 0 2 52 970 0 0 0 0 0 1 37 986 0 0 0 
0 0 0 861 163 0 0 0 0 0 0 0 1024 0 0 0 0 0 0 0 1024 0 0 0 
0 0 0 886 138 0 0 0 0 0 0 0 1024 0 0 0 0 0 0 0 1024 0 0 0 
0 0 0 866 158 0 0 0 0 0 0 0 1024 0 0 0 0 0 0 0 1024 0 0 0 
0 0 0 999 25 0 0 0 0 0 0 0 1024 0 0 0 0 0 0 0 1024 0 0 0 
0 0 0 961 63 0 0 0 0 0 0 4 1020 0 0 0 0 0 0 0 1024 0 0 0 
0 0 0 974 50 0 0 0 0 0 0 6 1018 0 0 0 0 0 0 0 1024 0 0 0 
0 0 0 1009 15 0 0 0 0 0 0 1 1023 0 0 0 0 0 0 0 1024 0 0 0 
0 0 81 935 8 0 0 0 0 0 2 183 839 0 0 0 0 0 2 193 829 0 0 0 
0 0 9 1015 0 0 0 0 0 0 6 149 869 0 0 0 0 0 2 98 924 0 0 0 
0 0 0 1022 2 0 0 0 0 0 0 65 959 0 0 0 0 0 0 42 982 0 0 0 
0 7 160 856 1 0 0 0 0 0 81 241 702 0 0 0 0 0 62 230 732 0 0 0 
0 0 129 895 0 0 0 0 0 0 47 179 798 0 0 0 0 0 32 164 828 0 0 0 
0 0 112 912 0 0 0 0 0 0 4 353 667 0 0 0 0 0 0 310 714 0 0 0 
0 3 121 900 0 0 0 0 0 0 44 295 685 0 0 0 0 0 26 253 745 0 0 0 
0 0 300 724 0 0 0 0 0 0 85 568 371 0 0 0 0 0 61 541 422 0 0 0 
1 13 184 826 0 0 0 0 0 4 59 775 186 0 0 0 0 4 43 753 224 0 0 0 
0 13 112 899 0 0 0 0 0 5 57 462 500 0 0 0 0 4 30 329 661 0 0 0 
0 0 22 1002 0 0 0 0 0 0 3 184 837 0 0 0 0 0 5 127 892 0 0 0 
0 1 17 1006 0 0 0 0 0 0 6 87 931 0 0 0 0 0 3 40 981 0 0 0 
0 0 45 979 0 0 0 0 0 0 6 159 859 0 0 0 0 0 3 126 895 0 0 0 
0 0 197 827 0 0 0 0 0 0 6 486 532 0 0 0 0 0 0 319 705 0 0 0 
