668 291 54 9 2 0 0 0 545 377 81 18 3 0 0 0 722 242 40 17 3 0 0 0 
624 355 39 6 0 0 0 0 530 435 53 6 0 0 0 0 811 195 17 1 0 0 0 0 
548 422 50 4 0 0 0 0 372 539 103 10 0 0 0 0 766 233 23 2 0 0 0 0 
105 511 220 17 22 23 51 75 17 446 363 56 37 70 33 2 460 357 66 58 53 28 2 0 
2 100 317 118 39 45 135 268 16 62 251 217 147 218 113 0 81 177 169 202 260 119 16 0 
2 83 540 377 17 4 1 0 0 19 338 575 91 1 0 0 12 145 368 367 74 53 5 0 
80 305 333 170 47 22 30 37 52 224 349 240 88 45 26 0 280 395 222 69 29 28 1 0 
137 448 278 84 15 11 11 40 59 389 339 150 40 23 23 1 439 400 107 29 24 21 4 0 
63 542 352 58 8 1 0 0 12 400 494 102 16 0 0 0 413 501 97 12 1 0 0 0 
13 401 462 120 3 8 11 6 2 215 504 246 39 11 7 0 297 600 99 8 9 10 1 0 
346 469 165 42 2 0 0 0 167 495 260 59 43 0 0 0 359 417 128 56 32 16 16 0 
316 542 95 37 20 9 5 0 224 455 275 46 15 9 0 0 732 218 52 16 6 0 0 0 
198 184 101 113 112 118 104 94 174 167 140 202 157 127 57 0 234 269 241 129 112 39 0 0 
103 207 153 150 132 134 91 54 149 197 133 145 170 189 38 3 304 211 145 188 137 35 4 0 
483 242 78 57 59 27 25 53 634 158 51 64 42 33 33 9 698 123 63 66 36 31 7 0 
68 61 104 96 67 83 186 359 107 25 72 162 185 287 180 6 124 25 93 288 382 87 25 0 
0 1 2 9 8 78 282 644 1 4 8 39 205 484 282 1 5 7 119 346 501 43 3 0 
6 30 23 11 21 95 263 575 8 45 24 58 203 370 316 0 43 43 128 279 442 88 1 0 
0 13 29 26 37 100 253 566 6 31 40 74 197 351 324 1 25 44 126 276 465 83 5 0 
74 304 101 23 8 63 134 317 31 371 93 44 125 192 168 0 309 186 79 161 237 52 0 0 
133 271 147 122 62 68 137 84 117 279 149 138 123 132 86 0 326 213 174 114 141 53 3 0 
17 20 108 148 258 231 177 65 10 32 57 253 376 237 58 1 108 210 312 242 135 17 0 0 
0 96 329 352 171 57 18 1 0 10 277 473 204 51 9 0 219 440 259 72 29 5 0 0 
3 103 180 179 149 202 164 44 0 41 228 231 213 240 71 0 138 281 184 196 191 34 0 0 
0 19 30 15 50 189 298 423 3 25 30 37 152 403 372 2 15 49 83 270 470 137 0 0 
3 23 16 39 22 78 224 619 24 16 32 63 136 358 392 3 37 51 109 235 482 109 1 0 
4 22 40 105 21 95 171 566 19 33 115 55 131 292 371 8 53 125 123 187 426 109 1 0 
36 58 106 59 17 76 162 510 63 69 130 40 125 283 313 1 110 157 97 197 394 69 0 0 
32 68 168 65 25 77 142 447 57 130 153 62 108 256 255 3 200 170 88 179 333 54 0 0 
234 312 86 29 25 46 76 216 214 371 76 46 67 125 124 1 554 118 50 100 155 46 1 0 
157 291 252 253 65 6 0 0 170 295 209 189 151 10 0 0 425 326 200 69 4 0 0 0 
187 418 256 110 35 18 0 0 146 400 286 149 43 0 0 0 544 366 81 31 2 0 0 0 
184 664 165 11 0 0 0 0 144 534 321 25 0 0 0 0 754 247 23 0 0 0 0 0 
37 515 276 107 82 7 0 0 41 457 308 108 71 38 1 0 435 361 122 66 40 0 0 0 
245 470 161 115 21 6 5 1 205 464 218 118 9 7 3 0 517 375 116 7 7 2 0 0 
495 145 59 162 162 1 0 0 494 142 87 148 152 1 0 0 547 176 144 109 48 0 0 0 
373 366 32 109 144 0 0 0 307 433 67 78 139 0 0 0 301 386 160 77 100 0 0 0 
855 169 0 0 0 0 0 0 732 292 0 0 0 0 0 0 727 220 77 0 0 0 0 0 
240 183 57 270 274 0 0 0 134 298 83 273 236 0 0 0 141 348 137 243 155 0 0 0 
715 263 32 13 1 0 0 0 676 305 38 4 1 0 0 0 803 212 8 1 0 0 0 0 
49 103 103 64 36 55 52 562 39 124 112 61 47 39 116 486 145 129 61 41 47 85 409 107 
171 301 206 99 38 25 17 167 171 318 204 90 43 15 32 151 370 286 118 48 19 22 133 28 
184 396 251 134 47 11 1 0 175 381 246 140 63 17 2 0 516 304 136 58 9 1 0 0 
239 345 131 163 146 0 0 0 259 343 112 158 152 0 0 0 455 220 146 171 32 0 0 0 
410 387 52 32 143 0 0 0 345 445 54 35 143 2 0 0 382 393 87 23 139 0 0 0 
258 291 99 39 263 42 5 27 215 325 105 33 235 79 4 28 180 383 89 35 285 20 8 24 
198 330 99 29 308 14 7 39 127 390 109 28 276 48 7 39 114 356 156 30 283 40 6 39 
461 221 75 106 160 1 0 0 401 275 76 103 164 5 0 0 370 312 68 109 157 8 0 0 
131 108 81 56 442 22 18 166 54 179 84 115 367 39 23 163 49 195 81 152 338 34 64 111 
365 307 150 112 66 23 1 0 361 328 153 104 61 16 1 0 540 302 116 50 16 0 0 0 
0 1 13 69 207 105 84 545 0 2 28 94 211 71 225 393 5 34 137 189 52 178 398 31 
2 4 2 45 136 137 113 585 3 5 5 92 167 94 212 446 8 2 97 175 92 184 454 12 
10 51 161 279 238 145 83 57 18 43 95 279 306 168 82 33 232 294 173 156 93 66 10 0 
151 130 290 219 154 75 5 0 139 100 238 278 206 56 7 0 390 276 218 122 17 1 0 0 
8 48 281 267 222 129 53 16 4 39 307 289 241 98 42 4 97 314 314 196 71 32 0 0 
5 63 123 57 42 97 151 486 5 62 136 62 61 129 216 353 35 127 114 84 151 282 176 55 
91 215 202 113 79 58 95 171 82 195 203 111 83 88 118 144 155 382 130 61 34 116 75 71 
124 222 193 101 128 82 97 77 148 177 224 107 109 95 97 67 197 279 166 139 74 90 78 1 
70 231 161 62 87 70 69 274 75 178 211 60 97 72 59 272 123 225 168 111 45 65 145 142 
141 295 205 218 129 28 5 3 116 315 209 198 138 41 4 3 421 287 204 94 11 2 5 0 
0 18 129 387 398 90 2 0 0 49 223 462 261 29 0 0 25 200 500 268 31 0 0 0 
0 8 61 268 457 218 12 0 2 19 108 388 428 78 1 0 10 105 411 398 98 2 0 0 
0 2 47 251 447 241 34 2 0 8 102 396 398 112 8 0 6 95 399 401 114 9 0 0 
0 0 23 283 476 236 6 0 0 3 89 414 436 82 0 0 5 100 437 391 91 0 0 0 
0 1 70 364 388 173 27 1 0 3 125 469 328 90 9 0 15 189 458 287 68 7 0 0 
0 0 17 137 373 343 104 50 0 2 55 219 433 223 64 28 3 69 278 423 181 66 4 0 
0 2 43 236 404 269 48 22 0 2 60 346 402 176 29 9 22 117 365 380 111 28 1 0 
0 0 20 188 493 287 36 0 0 0 24 250 521 212 17 0 0 69 388 455 105 7 0 0 
0 0 8 130 505 354 27 0 0 1 18 230 572 192 11 0 3 39 326 506 145 5 0 0 
0 2 51 298 507 160 6 0 0 7 97 353 486 80 1 0 8 138 456 366 53 3 0 0 
0 6 158 482 329 45 1 0 1 34 266 512 196 12 1 0 20 278 517 189 17 1 0 0 
0 4 124 506 320 64 5 0 0 26 280 505 193 17 1 0 9 194 536 257 24 2 0 0 
0 9 153 458 334 60 6 1 0 38 273 481 204 22 4 0 16 218 502 252 29 4 1 0 
0 5 64 273 457 200 24 0 0 30 117 370 393 109 2 0 12 125 392 388 105 1 0 0 
0 2 70 368 433 138 10 0 0 14 185 489 270 61 2 0 5 181 488 289 57 2 0 0 
0 1 52 254 438 241 36 0 0 8 132 357 385 130 10 0 9 110 390 396 109 8 0 0 
0 0 36 326 497 150 13 0 0 2 140 490 336 50 4 0 5 118 472 365 58 4 0 0 
0 0 53 329 460 162 17 1 0 5 153 418 370 72 2 1 4 170 456 325 60 6 1 0 
0 2 61 276 489 173 21 0 0 22 158 450 318 72 1 0 12 129 410 392 77 2 0 0 
0 9 126 398 412 74 2 0 1 42 240 473 242 24 0 0 21 198 468 301 34 0 0 0 
