0 3 134 713 138 27 8 1 0 0 5 167 66 734 45 7 0 0 0 3 121 95 707 98 
0 0 0 1024 0 0 0 0 0 0 0 0 343 681 0 0 0 0 0 0 0 0 1024 0 
0 0 57 967 0 0 0 0 0 0 0 0 922 102 0 0 0 0 0 0 0 0 1024 0 
0 0 706 318 0 0 0 0 0 0 0 0 1024 0 0 0 0 0 0 0 0 0 1024 0 
0 0 1022 2 0 0 0 0 0 0 0 0 1024 0 0 0 0 0 0 0 0 0 1024 0 
0 0 1024 0 0 0 0 0 0 0 0 64 960 0 0 0 0 0 0 0 0 15 1009 0 
0 138 886 0 0 0 0 0 0 0 0 548 476 0 0 0 0 0 0 0 0 401 623 0 
0 565 459 0 0 0 0 0 0 0 0 944 80 0 0 0 0 0 0 0 0 951 73 0 
0 972 52 0 0 0 0 0 0 0 0 1024 0 0 0 0 0 0 0 0 0 1024 0 0 
0 1024 0 0 0 0 0 0 0 0 16 1008 0 0 0 0 0 0 0 0 0 1024 0 0 
0 1024 0 0 0 0 0 0 0 0 172 851 0 0 0 0 0 0 0 0 0 1024 0 0 
0 96 445 473 10 0 0 0 0 0 177 368 416 63 0 0 0 0 0 101 357 396 166 4 
0 33 202 754 33 0 1 1 0 0 73 159 187 603 1 1 0 0 0 24 172 158 660 10 
0 6 72 811 114 17 3 1 0 0 11 96 320 582 14 1 0 0 0 6 56 116 819 27 
0 8 188 752 76 0 0 0 0 0 10 188 648 178 0 0 0 0 0 1 144 92 780 7 
0 14 398 607 3 2 0 0 0 0 13 101 859 51 0 0 0 0 0 2 92 33 897 0 
3 17 708 251 14 14 11 6 0 5 17 40 916 22 16 8 0 0 6 15 25 73 886 19 
0 44 958 20 1 1 0 0 0 8 39 28 946 2 1 0 0 0 5 33 28 18 940 0 
0 0 1024 0 0 0 0 0 0 0 0 33 991 0 0 0 0 0 0 0 0 35 989 0 
0 49 975 0 0 0 0 0 0 0 0 321 703 0 0 0 0 0 0 0 0 350 674 0 
0 355 669 0 0 0 0 0 0 0 0 658 366 0 0 0 0 0 0 0 0 670 354 0 
0 641 382 0 0 0 0 0 0 0 0 856 168 0 0 0 0 0 0 0 0 894 129 0 
219 308 300 197 0 0 0 0 7 295 231 272 219 0 0 0 0 105 168 195 190 353 13 0 
195 379 292 156 2 0 0 0 0 424 162 270 168 0 0 0 0 96 329 119 156 318 6 0 
97 427 232 224 27 13 2 2 1 385 210 184 215 23 4 2 0 75 346 165 147 159 128 4 
177 464 174 104 45 25 18 17 0 530 180 138 95 38 25 18 0 43 520 151 107 106 65 32 
324 408 105 129 31 15 11 1 4 616 142 113 107 25 14 3 0 187 446 121 83 114 59 14 
390 337 140 124 20 6 4 3 8 613 141 119 118 15 7 3 0 201 422 119 103 116 56 7 
351 328 160 137 21 6 15 6 0 640 57 48 235 21 14 9 0 172 468 60 29 86 192 17 
437 121 319 37 16 19 29 46 4 551 15 8 343 18 35 50 0 420 139 14 8 36 335 72 
277 144 169 34 42 62 105 191 11 397 19 21 204 61 110 201 0 230 185 17 20 81 249 242 
129 320 369 56 23 27 28 72 11 215 249 159 253 35 27 75 0 71 158 204 168 117 213 93 
11 78 908 11 9 4 0 0 0 17 65 9 916 9 4 0 0 0 9 57 24 22 908 1 
455 484 54 28 2 1 0 0 6 818 129 53 16 2 0 0 0 296 559 101 42 24 2 0 
250 450 209 100 8 4 3 0 1 522 278 163 53 4 3 0 0 108 474 229 143 62 5 3 
197 365 212 211 39 0 0 0 1 367 269 201 183 3 0 0 0 95 322 209 168 173 57 0 
61 196 281 403 83 0 0 0 2 145 188 310 362 17 0 0 0 27 155 159 247 300 136 0 
575 255 99 83 12 0 0 0 64 646 155 94 63 2 0 0 0 301 418 143 82 66 14 0 
434 249 142 136 24 22 12 5 151 438 183 137 92 8 9 6 81 222 328 155 110 87 33 8 
234 188 104 98 68 256 44 32 25 316 131 129 101 128 165 29 19 73 278 131 96 100 227 100 
425 286 34 15 16 161 74 13 3 636 96 20 15 103 139 12 0 190 472 76 20 16 161 89 
393 213 158 81 20 41 29 89 46 459 165 138 53 37 38 88 0 318 212 137 123 84 48 102 
393 286 102 45 27 33 32 106 98 477 183 78 40 22 25 101 18 338 272 166 68 33 23 106 
201 262 288 99 97 44 22 8 57 427 248 120 51 83 24 12 33 313 217 185 92 67 75 38 
505 324 155 40 0 0 0 0 148 485 271 105 15 0 0 0 1 340 312 222 111 37 1 0 
341 374 204 104 1 0 0 0 52 447 284 192 49 0 0 0 0 187 346 239 151 98 3 0 
422 255 124 223 0 0 0 0 36 529 149 158 152 0 0 0 0 240 336 125 98 223 2 0 
33 145 323 506 17 0 0 0 3 78 174 392 376 1 0 0 0 22 75 155 281 455 36 0 
88 256 389 272 11 2 2 4 17 202 299 352 146 2 2 4 9 82 187 236 290 211 5 4 
377 439 96 65 33 12 2 0 675 150 126 44 20 7 2 0 659 131 121 66 37 8 2 0 
15 572 124 60 53 63 49 88 230 443 78 49 33 53 47 91 165 503 86 46 29 45 35 115 
0 13 83 12 17 10 18 871 0 90 13 10 13 11 15 872 0 88 9 13 15 12 7 880 
0 0 0 0 0 6 6 1012 0 0 0 0 0 6 5 1013 0 0 0 0 0 1 5 1018 
68 158 127 82 237 147 66 139 92 242 104 46 303 33 71 133 76 279 88 36 187 132 27 199 
118 288 144 104 334 35 0 0 204 280 88 115 332 3 0 0 184 300 84 68 296 89 0 0 
989 35 0 0 0 0 0 0 410 613 1 0 0 0 0 0 0 735 282 7 0 0 0 0 
872 131 21 0 0 0 0 0 465 446 91 22 0 0 0 0 0 753 147 77 47 0 0 0 
754 251 19 0 0 0 0 0 175 685 153 11 0 0 0 0 2 422 400 163 35 2 0 0 
529 373 62 13 3 1 8 35 71 614 249 40 6 0 9 35 0 264 383 245 77 11 8 36 
242 295 143 69 22 22 21 210 249 268 180 54 19 26 19 209 232 176 209 114 37 24 24 208 
146 357 232 203 83 3 0 0 289 610 22 22 77 4 0 0 453 443 18 24 76 8 2 0 
32 429 439 49 24 2 2 47 81 807 49 14 22 3 3 45 87 791 42 33 16 7 3 45 
0 21 126 6 3 7 5 856 0 138 13 3 3 7 6 854 0 139 12 3 3 7 6 854 
0 0 0 0 0 0 0 1024 0 0 0 0 0 0 0 1024 0 0 0 0 0 0 0 1024 
0 0 0 9 30 130 211 644 0 0 7 16 126 48 419 408 0 2 7 12 40 108 331 524 
35 155 132 40 118 140 379 22 41 244 68 27 201 92 347 0 43 252 57 19 176 99 376 0 
203 253 205 8 8 16 92 239 12 247 302 108 6 15 80 254 0 73 189 244 158 17 15 328 
287 39 13 6 23 54 201 401 70 235 25 14 18 37 203 422 0 265 46 16 24 14 52 607 
328 82 6 11 205 166 144 82 200 205 9 6 41 291 186 86 21 327 65 5 10 24 312 260 
451 288 150 44 46 31 11 3 143 580 139 67 39 40 12 4 42 540 220 96 49 28 36 13 
97 255 265 203 123 54 23 4 112 355 219 188 104 39 4 3 95 360 221 178 117 42 7 4 
102 165 299 210 168 59 21 0 127 244 259 203 146 44 1 0 107 273 159 246 183 45 11 0 
37 97 126 160 358 71 160 15 37 104 130 198 339 149 59 8 35 114 79 149 424 168 42 13 
6 54 78 48 135 280 166 257 7 90 51 94 309 67 297 109 7 92 56 91 164 204 285 125 
47 90 133 56 425 80 40 153 50 188 49 66 445 29 50 147 55 186 43 67 393 79 26 175 
0 6 78 82 691 39 38 90 1 77 70 230 500 34 36 76 2 86 63 163 556 27 37 90 
0 0 0 201 217 25 328 251 0 0 0 297 126 124 222 252 0 0 0 25 393 38 289 276 
0 0 0 37 308 298 169 212 0 0 0 5 98 435 262 224 0 0 0 0 1 84 451 488 
0 0 0 33 514 222 122 133 0 0 0 0 326 405 147 146 0 0 0 0 0 260 467 297 
0 0 0 3 640 318 46 17 0 0 0 0 204 748 53 19 0 0 0 0 0 146 807 71 
3 15 24 59 333 475 66 49 2 11 22 53 121 695 68 52 1 11 21 15 76 84 733 83 
0 20 103 64 181 202 129 325 0 101 66 57 184 171 156 289 1 107 69 45 126 107 216 353 
1 39 129 134 148 220 167 186 0 132 134 84 196 187 166 125 5 145 132 105 168 139 160 170 
14 137 131 146 122 154 201 119 14 161 122 166 133 222 134 72 15 163 120 109 180 234 125 78 
167 418 78 49 60 45 121 86 124 445 102 67 48 37 170 31 38 464 147 74 45 54 150 52 
94 473 119 66 75 58 37 102 65 482 140 65 79 58 36 99 21 497 145 81 74 48 43 115 
0 1 9 21 72 61 197 663 0 1 11 24 67 132 133 656 0 1 11 17 98 66 60 771 
0 0 0 6 59 265 310 382 0 0 0 3 113 262 240 404 0 0 0 19 118 78 195 612 
0 0 0 124 899 0 0 0 0 0 0 39 664 320 0 0 0 0 0 0 28 643 352 0 
0 0 0 259 750 14 0 0 0 0 0 0 871 152 0 0 0 0 0 0 0 792 231 0 
0 0 0 32 856 135 0 0 0 0 0 0 661 362 0 0 0 0 0 0 0 519 504 0 
0 0 0 28 796 199 0 0 0 0 0 0 561 462 0 0 0 0 0 0 0 444 579 0 
0 0 0 49 263 103 177 430 0 0 0 0 252 163 177 430 0 0 0 0 0 231 220 572 
0 0 0 24 88 401 256 252 0 0 0 21 369 216 163 252 0 0 0 17 355 142 138 369 
0 0 0 0 71 544 209 199 0 0 0 17 480 273 53 199 0 0 0 32 558 145 67 220 
0 17 14 32 167 700 92 0 0 10 17 39 757 199 0 0 0 14 14 177 721 96 0 0 
0 0 0 0 156 480 387 0 0 0 0 85 519 416 3 0 0 0 0 231 419 373 0 0 
0 0 0 0 0 181 842 0 0 0 0 0 85 935 3 0 0 0 0 0 433 590 0 0 
0 0 0 0 11 841 170 0 0 0 0 0 568 455 0 0 0 0 0 5 910 108 0 0 
