0 0 0 798 33 11 37 145 0 0 0 0 814 23 33 154 0 0 0 0 0 800 51 173 
0 0 0 867 28 22 29 78 0 0 0 0 876 29 32 87 0 0 0 0 0 843 77 104 
0 0 0 917 20 10 13 64 0 0 0 0 924 17 16 67 0 0 0 0 0 861 85 78 
0 0 0 1024 0 0 0 0 0 0 0 0 1024 0 0 0 0 0 0 0 0 1024 0 0 
0 0 0 1024 0 0 0 0 0 0 0 0 1024 0 0 0 0 0 0 0 0 1024 0 0 
0 0 64 960 0 0 0 0 0 0 0 0 1024 0 0 0 0 0 0 0 0 1024 0 0 
0 0 200 824 0 0 0 0 0 0 0 0 1024 0 0 0 0 0 0 0 0 1024 0 0 
0 0 531 493 0 0 0 0 0 0 0 133 891 0 0 0 0 0 0 0 0 1024 0 0 
0 0 871 153 0 0 0 0 0 0 0 459 565 0 0 0 0 0 0 0 0 1024 0 0 
0 0 906 117 0 0 0 0 0 0 0 730 293 0 0 0 0 0 0 0 0 1024 0 0 
0 0 0 57 175 81 62 649 0 0 0 65 168 82 60 649 0 0 0 30 190 88 65 651 
0 0 0 47 146 112 103 616 0 0 0 49 147 111 101 616 0 0 0 22 157 121 101 623 
0 0 0 42 71 25 29 857 0 0 0 0 103 30 28 863 0 0 0 0 37 53 62 872 
0 0 0 418 106 54 83 363 0 0 0 0 359 203 87 375 0 0 0 0 0 155 469 400 
0 0 0 643 275 45 26 35 0 0 0 0 536 411 37 40 0 0 0 0 0 236 745 43 
0 0 0 894 130 0 0 0 0 0 0 0 790 234 0 0 0 0 0 0 0 406 618 0 
0 0 0 1018 6 0 0 0 0 0 0 0 989 35 0 0 0 0 0 0 0 704 320 0 
0 0 0 1024 0 0 0 0 0 0 0 0 1024 0 0 0 0 0 0 0 0 967 57 0 
0 0 0 1024 0 0 0 0 0 0 0 0 1024 0 0 0 0 0 0 0 0 1024 0 0 
0 0 0 1024 0 0 0 0 0 0 0 0 1024 0 0 0 0 0 0 0 0 1024 0 0 
0 0 274 640 49 15 19 27 0 0 192 720 50 16 19 27 0 0 19 862 80 17 17 29 
0 0 35 695 243 18 17 16 0 0 35 709 229 18 17 16 0 0 5 591 371 23 17 17 
0 0 1 132 496 99 78 218 0 0 1 136 492 101 76 218 0 0 1 102 525 99 77 220 
0 0 0 46 179 146 183 470 0 0 0 47 178 146 183 470 0 0 0 46 179 146 184 469 
0 0 72 18 33 54 190 657 0 6 74 13 15 62 223 631 0 50 32 13 14 37 267 611 
21 25 130 85 198 100 254 211 29 24 160 45 30 255 257 224 42 93 104 24 23 88 391 259 
0 0 2 126 450 232 149 65 0 0 2 3 69 722 165 63 0 1 2 2 6 248 700 65 
0 0 0 396 162 89 245 132 0 0 0 0 309 310 265 140 0 0 0 0 0 175 662 187 
0 0 0 723 230 17 27 27 0 0 0 0 636 327 33 28 0 0 0 0 0 362 620 42 
0 0 5 909 109 0 0 0 0 0 2 8 896 117 0 0 0 0 0 2 13 736 272 0 
0 2 583 360 75 4 0 0 0 1 442 494 79 8 0 0 0 0 198 634 183 9 0 0 
51 42 165 487 112 36 61 70 55 55 87 544 113 36 66 68 59 58 46 489 197 34 64 77 
184 66 186 106 212 36 82 152 211 144 81 103 214 38 77 156 238 180 24 101 210 40 104 127 
345 90 240 49 62 51 65 122 394 100 206 83 33 22 64 122 475 239 43 32 31 23 63 118 
375 75 169 273 67 61 3 1 420 163 346 79 9 3 3 1 690 302 19 4 2 3 4 0 
865 38 26 42 28 25 0 0 897 23 52 45 7 0 0 0 954 35 27 8 0 0 0 0 
564 44 123 69 51 28 96 49 580 54 121 78 18 29 99 45 594 106 94 46 12 32 101 39 
127 39 84 105 342 84 140 103 137 43 92 107 304 103 132 106 139 79 105 58 230 173 134 106 
95 116 64 95 387 99 103 65 98 106 73 59 358 157 112 61 80 108 79 44 239 238 168 68 
418 120 29 88 354 13 0 0 434 101 26 32 376 53 0 0 410 109 26 34 157 261 24 0 
450 183 225 40 24 26 31 45 555 106 115 127 25 25 30 41 569 87 84 130 58 25 31 40 
647 112 144 31 15 41 34 0 735 161 35 20 51 21 1 0 879 48 52 40 1 3 1 0 
311 130 406 132 31 14 0 0 424 517 49 34 0 0 0 0 937 76 11 0 0 0 0 0 
16 55 91 241 281 315 25 0 71 152 232 451 95 17 6 0 401 385 154 61 14 9 0 0 
1 15 67 244 300 355 42 0 19 128 291 481 85 20 0 0 476 441 67 33 7 0 0 0 
55 94 77 193 283 304 16 2 134 81 235 480 81 13 0 0 377 411 166 60 10 0 0 0 
376 115 69 98 159 202 5 0 481 89 128 257 68 1 0 0 577 285 152 9 1 0 0 0 
733 50 42 85 81 25 7 1 765 58 73 105 15 1 6 1 813 99 86 15 2 2 7 0 
575 56 78 104 74 23 66 48 598 51 89 118 33 23 70 42 599 72 119 71 23 27 67 46 
1024 0 0 0 0 0 0 0 1024 0 0 0 0 0 0 0 1024 0 0 0 0 0 0 0 
128 553 93 54 41 42 50 63 388 313 76 59 43 41 67 37 530 155 97 57 45 48 74 18 
907 93 18 6 0 0 0 0 999 22 3 0 0 0 0 0 1023 1 0 0 0 0 0 0 
410 383 143 40 38 10 0 0 704 242 55 23 0 0 0 0 890 112 22 0 0 0 0 0 
125 302 79 97 302 118 1 0 374 154 216 255 25 0 0 0 647 273 94 10 0 0 0 0 
301 127 121 117 257 92 7 2 393 134 183 265 38 9 2 0 541 264 148 51 18 2 0 0 
62 283 61 109 274 118 58 59 310 110 189 226 46 42 46 55 511 226 103 34 25 22 49 54 
168 291 60 87 234 148 32 4 430 94 162 237 70 24 4 3 559 258 149 38 10 4 3 3 
4 53 211 348 292 88 11 17 50 192 408 288 57 8 8 13 200 521 224 32 20 8 13 6 
863 88 30 13 15 6 2 7 858 95 27 13 16 6 2 7 775 173 30 14 12 9 4 7 
749 34 18 26 45 61 34 53 754 29 18 24 53 56 45 42 749 34 16 21 48 69 42 42 
22 442 540 16 4 0 0 0 5 86 842 87 4 0 0 0 1 23 90 860 50 0 0 0 
158 270 585 11 0 0 0 0 145 83 723 73 0 0 0 0 119 67 89 612 137 0 0 0 
22 17 779 91 103 12 0 0 38 9 647 330 0 0 0 0 97 85 49 467 326 0 0 0 
15 27 910 44 22 6 0 0 18 17 670 317 2 0 0 0 29 38 39 446 472 0 0 0 
16 75 930 3 0 0 0 0 19 57 591 357 0 0 0 0 26 46 46 579 327 0 0 0 
13 22 603 86 21 25 32 222 10 11 198 501 26 26 37 215 5 10 16 351 352 31 32 227 
44 58 40 35 45 120 234 448 46 59 44 35 44 139 258 399 76 43 37 33 50 133 245 407 
1 3 6 80 34 55 143 702 2 2 69 32 36 48 155 680 1 47 36 32 31 39 157 681 
19 15 17 32 17 55 272 597 19 17 17 31 20 59 317 544 20 17 20 31 21 41 317 557 
0 0 5 16 10 104 397 490 0 0 8 13 13 117 410 461 0 0 5 16 10 106 413 472 
