0 0 1021 3 0 0 0 0 0 0 0 0 957 67 0 0 0 0 0 0 0 0 923 101 
0 0 973 51 0 0 0 0 0 0 0 0 891 133 0 0 0 0 0 0 0 0 847 177 
0 0 833 191 0 0 0 0 0 0 0 0 727 297 0 0 0 0 0 0 0 0 664 360 
0 0 698 326 0 0 0 0 0 0 0 0 650 374 0 0 0 0 0 0 0 0 586 438 
0 0 570 337 11 12 9 85 0 0 0 0 543 376 10 95 0 0 0 0 0 1 561 462 
0 1 615 183 31 21 23 150 0 0 0 4 589 231 29 171 0 0 0 0 4 9 575 436 
0 0 815 209 0 0 0 0 0 0 0 0 796 228 0 0 0 0 0 0 0 0 624 400 
85 54 792 93 0 0 0 0 1 69 66 15 742 131 0 0 0 8 91 39 11 11 850 14 
293 393 310 28 0 0 0 0 1 433 241 20 320 9 0 0 0 115 505 55 19 25 305 0 
0 0 285 453 122 104 60 0 0 0 0 0 31 734 175 84 0 0 0 0 0 0 94 930 
0 0 139 709 96 57 23 0 0 0 0 0 0 876 110 38 0 0 0 0 0 0 8 1016 
0 0 51 463 49 55 154 252 0 0 0 0 0 537 69 418 0 0 0 0 0 0 29 995 
0 0 2 556 53 38 68 307 0 0 0 0 1 596 48 379 0 0 0 0 0 1 46 977 
174 28 23 144 77 89 134 355 173 21 26 20 17 161 117 489 172 17 25 21 15 11 46 717 
712 27 18 27 29 12 10 189 712 27 13 26 29 16 9 192 709 29 13 22 26 20 8 197 
635 35 74 252 27 1 0 0 621 29 28 22 46 269 9 0 617 17 21 30 17 10 100 212 
472 131 160 205 48 8 0 0 181 307 151 120 80 178 7 0 75 127 336 176 81 37 88 104 
433 307 116 116 47 5 0 0 89 464 225 133 97 15 1 0 16 322 374 155 115 38 4 0 
87 358 182 351 33 11 2 0 73 75 392 145 32 288 19 0 92 89 170 312 44 18 27 272 
192 38 92 649 51 2 0 0 192 32 59 381 14 322 24 0 192 32 47 366 32 7 28 320 
218 68 109 376 223 23 7 0 220 33 36 427 73 107 115 13 219 34 19 363 136 15 20 218 
559 77 84 88 106 35 40 35 527 72 76 90 43 45 88 83 530 68 53 76 69 23 15 190 
574 142 136 68 35 12 9 48 588 154 103 46 44 30 9 50 598 169 89 38 32 33 13 52 
485 146 108 98 91 43 36 17 532 155 111 66 55 64 25 16 527 151 111 68 43 69 34 21 
503 107 120 126 73 60 21 14 575 125 115 74 83 33 13 6 577 127 98 76 66 57 15 8 
910 36 22 19 21 16 0 0 895 40 30 20 34 5 0 0 881 47 28 22 38 8 0 0 
534 196 171 89 27 7 0 0 429 180 204 147 50 12 2 0 418 112 207 184 82 16 5 0 
254 344 260 120 38 7 1 0 145 289 343 166 67 12 2 0 492 329 142 50 9 2 0 0 
479 220 176 119 25 4 1 0 477 237 156 119 32 2 1 0 537 223 139 91 28 5 1 0 
530 188 113 82 33 24 21 33 521 123 115 97 75 27 19 47 519 136 128 91 58 24 17 51 
269 287 131 110 70 51 62 44 294 269 102 65 89 76 57 72 355 212 91 75 74 62 72 83 
169 174 232 114 50 19 54 212 210 204 183 81 65 27 43 211 239 229 147 66 66 24 48 205 
537 156 96 76 67 34 26 32 612 146 125 56 25 16 27 17 613 120 133 64 29 22 24 19 
366 178 160 133 79 46 34 28 453 204 156 85 51 37 22 16 462 201 145 77 66 36 18 19 
243 224 212 110 73 64 45 53 279 242 137 134 77 48 57 50 311 255 105 127 68 49 52 57 
413 129 131 127 90 64 35 35 430 125 145 134 70 46 29 45 457 119 131 99 88 51 30 49 
456 257 197 82 23 7 2 0 365 250 213 135 48 10 3 0 578 264 107 51 18 5 0 1 
310 272 254 119 44 15 6 4 266 294 260 150 36 10 3 5 442 310 179 61 18 6 6 2 
228 237 142 124 92 54 55 92 267 128 148 154 106 72 53 96 283 152 158 140 81 67 48 95 
166 178 96 102 92 84 106 200 184 164 112 87 101 97 111 168 214 156 99 91 95 86 117 166 
153 121 175 161 72 75 98 169 152 174 145 125 97 69 89 173 171 177 128 107 97 77 93 174 
375 152 163 110 66 64 36 58 424 170 164 87 55 45 33 46 443 173 158 69 54 47 33 47 
290 182 147 102 75 59 63 106 349 185 135 98 57 47 49 104 364 191 126 86 55 54 43 105 
75 175 178 91 68 79 130 228 91 171 142 101 88 73 118 240 126 170 110 99 92 70 113 244 
340 134 101 80 53 61 76 179 339 123 105 87 59 62 83 166 351 123 96 81 60 66 83 164 
297 163 145 124 85 78 89 43 293 136 156 192 89 91 51 16 337 146 153 161 117 61 37 12 
11 22 74 148 204 173 145 247 24 70 150 224 157 101 111 187 92 170 190 128 88 95 96 165 
7 28 108 211 242 175 127 126 12 43 150 253 240 137 82 107 89 194 250 145 100 93 56 97 
1 14 55 162 227 187 123 255 1 34 112 239 189 146 77 226 51 177 227 149 88 76 62 194 
2 21 85 220 240 141 119 196 14 59 180 229 168 111 70 193 88 196 223 133 91 66 67 160 
48 44 105 230 202 147 103 145 59 81 157 221 200 107 66 133 163 204 216 144 75 63 58 101 
66 63 103 171 195 148 107 171 87 65 121 200 182 138 92 139 129 141 191 153 125 97 79 109 
159 101 137 185 214 94 64 70 168 95 149 197 198 101 48 68 267 154 182 126 124 74 32 65 
259 111 222 209 101 66 24 32 277 154 240 170 69 60 24 30 452 244 128 70 39 44 19 28 
80 112 146 184 197 169 97 37 62 129 177 234 154 150 77 37 201 214 204 133 97 114 44 14 
62 104 68 157 260 240 94 37 41 105 90 226 241 201 66 50 126 222 250 148 105 100 42 28 
89 102 125 144 197 229 96 40 57 117 134 168 180 225 88 53 158 176 202 120 125 158 49 33 
86 88 121 176 165 190 161 34 54 92 134 190 176 149 168 58 122 192 222 100 66 169 116 34 
88 92 118 160 165 212 154 33 36 124 126 177 168 165 181 45 154 182 176 118 58 213 84 36 
86 82 114 117 148 257 172 45 41 114 121 134 152 160 226 73 110 176 149 97 96 218 129 46 
114 105 104 92 93 344 129 41 49 140 120 105 85 253 212 58 145 166 98 70 64 365 69 44 
92 102 116 72 82 456 81 21 50 105 138 80 62 396 153 37 132 161 92 36 74 453 58 16 
46 8 12 26 205 532 93 100 41 10 9 22 154 546 128 110 41 13 12 28 196 545 85 102 
