0 0 0 27 60 274 427 236 0 0 0 1 32 60 324 607 0 0 0 11 95 370 369 179 
0 0 1 56 98 179 285 405 0 0 0 17 78 99 207 623 0 0 0 58 98 207 271 390 
0 0 0 0 6 105 366 547 0 0 0 0 2 19 204 799 0 0 0 2 8 157 414 443 
0 0 0 0 0 1 108 915 0 0 0 0 0 0 21 1003 0 0 0 0 0 13 186 825 
0 0 15 41 33 43 77 815 0 0 0 43 30 30 74 847 0 0 3 49 28 42 88 814 
0 0 0 0 8 21 41 954 0 0 0 0 1 25 34 964 0 0 0 0 4 23 45 952 
0 0 0 0 0 8 29 987 0 0 0 0 0 5 14 1005 0 0 0 0 0 9 64 951 
0 0 0 0 0 16 243 765 0 0 0 0 0 1 57 966 0 0 0 0 1 104 316 603 
0 0 108 29 18 48 211 610 0 0 20 110 17 16 112 749 0 0 79 66 30 144 409 296 
0 3 405 34 26 105 241 210 0 0 123 298 28 47 155 373 0 4 285 149 67 168 233 118 
0 0 44 175 194 246 208 157 0 0 1 91 157 205 255 315 0 0 23 161 200 237 199 204 
0 0 1 10 33 150 418 412 0 0 0 2 13 40 218 751 0 0 0 3 33 113 422 453 
0 0 7 12 23 136 343 503 0 1 9 5 12 45 216 736 0 1 9 8 22 131 362 491 
0 0 17 28 7 36 246 690 0 7 15 23 6 10 68 895 0 1 19 25 7 34 278 660 
0 0 44 67 53 93 231 536 0 0 4 70 70 52 146 682 0 0 28 82 57 101 238 518 
0 0 0 0 0 0 30 994 0 0 0 0 0 0 8 1016 0 0 0 0 0 0 44 980 
0 8 9 301 266 50 19 371 0 2 11 195 354 65 19 378 0 6 7 171 393 55 18 374 
22 48 58 177 49 127 337 206 0 37 46 177 67 36 186 475 0 36 41 170 106 230 322 119 
0 0 0 8 34 172 418 392 0 0 0 0 13 53 262 696 0 0 1 8 39 264 413 299 
0 23 278 180 120 163 146 114 0 0 107 264 131 129 184 209 0 30 270 191 181 158 122 72 
0 0 22 100 176 207 235 284 0 0 1 36 115 177 248 447 0 0 11 91 158 214 220 330 
0 0 0 0 24 117 209 674 0 0 0 0 0 24 176 824 0 0 0 2 28 96 211 687 
3 71 342 66 63 142 152 185 7 300 112 45 45 60 163 292 3 255 166 43 57 117 131 252 
0 245 395 183 70 10 7 114 3 340 261 202 90 10 9 109 0 313 285 203 91 13 8 111 
0 1 74 202 94 72 110 471 0 2 71 182 104 51 105 509 0 0 57 185 115 79 116 472 
0 0 0 0 0 8 152 864 0 0 0 0 0 0 59 965 0 0 0 0 0 43 170 811 
0 0 18 590 335 45 20 16 0 0 7 513 403 62 14 25 0 0 8 457 476 62 10 11 
0 0 83 502 184 103 124 28 0 0 23 402 274 102 114 109 0 0 81 414 300 120 90 19 
0 0 101 181 97 186 283 176 0 0 14 160 139 101 215 395 0 1 92 187 176 267 204 97 
0 7 421 307 138 90 52 9 0 0 164 420 202 109 84 45 0 51 414 286 117 98 49 9 
0 4 105 160 142 176 187 250 0 0 28 130 150 145 185 386 0 0 39 126 184 192 186 297 
0 48 74 78 75 151 205 393 12 45 39 46 67 84 183 548 11 77 51 55 78 134 196 422 
48 369 304 175 81 11 14 22 101 378 179 176 130 23 7 30 115 384 228 185 68 10 8 26 
0 57 472 313 154 28 0 0 0 82 515 217 146 64 0 0 0 45 606 168 174 31 0 0 
0 1 712 240 40 25 4 2 0 55 633 263 36 29 6 2 0 1 647 284 48 32 10 2 
0 362 307 18 25 95 150 67 51 448 168 18 22 46 186 85 0 313 305 62 22 35 177 110 
5 282 252 334 102 46 3 0 30 244 165 377 146 51 11 0 0 212 204 375 173 53 7 0 
0 80 151 422 118 92 72 89 0 85 102 393 152 78 102 112 0 49 115 417 197 71 64 111 
0 5 99 134 179 227 246 134 0 0 35 127 148 221 285 208 0 29 125 131 171 180 216 172 
0 46 444 180 99 107 90 58 0 3 271 303 122 104 89 132 0 69 477 170 114 87 56 51 
0 9 178 215 115 188 205 114 0 2 135 226 96 110 203 252 0 13 184 183 116 176 213 139 
51 204 173 225 94 147 67 63 81 163 216 171 69 92 120 112 38 226 251 157 100 127 58 67 
2 119 379 359 77 47 30 11 31 271 396 184 58 42 34 8 18 312 392 157 52 39 34 20 
5 116 371 232 142 111 42 5 0 105 326 241 184 91 74 3 0 66 324 258 180 99 85 12 
0 12 704 180 38 40 35 15 0 319 437 128 40 36 41 23 0 148 583 121 62 35 39 36 
0 149 674 201 0 0 0 0 23 597 404 0 0 0 0 0 2 482 539 1 0 0 0 0 
21 249 505 233 12 3 1 0 38 242 482 246 11 4 1 0 2 289 469 249 11 3 1 0 
12 110 541 350 10 1 0 0 29 134 546 299 15 1 0 0 9 177 503 313 20 2 0 0 
16 250 426 182 43 50 36 21 53 257 396 175 32 50 39 22 15 289 424 144 37 41 45 29 
5 200 495 100 43 35 53 93 3 150 504 139 43 38 52 95 0 106 524 154 52 29 56 103 
1 51 522 272 113 35 23 7 0 91 538 185 127 46 26 11 1 157 527 179 89 37 25 9 
69 156 491 194 51 26 24 13 64 171 522 129 49 36 29 24 71 254 459 114 41 37 27 21 
84 326 318 230 61 4 1 0 172 295 425 88 39 4 1 0 115 426 369 80 27 6 1 0 
40 405 372 93 21 43 33 17 72 530 206 107 18 39 29 23 29 586 166 133 16 29 32 33 
12 287 684 28 13 0 0 0 8 480 492 29 12 3 0 0 4 385 574 42 11 8 0 0 
0 25 790 209 0 0 0 0 0 210 792 22 0 0 0 0 2 270 748 4 0 0 0 0 
0 61 869 91 3 0 0 0 0 284 701 35 4 0 0 0 0 502 475 43 4 0 0 0 
0 7 770 245 2 0 0 0 0 103 813 108 0 0 0 0 0 245 699 80 0 0 0 0 
0 19 664 262 52 12 7 8 0 200 634 133 35 7 7 8 0 326 529 113 33 7 7 9 
0 49 827 147 1 0 0 0 0 242 690 92 0 0 0 0 0 154 756 111 3 0 0 0 
4 126 282 322 145 97 42 6 0 56 186 354 201 114 84 29 0 47 242 375 134 118 63 45 
3 176 417 293 103 31 1 0 7 111 352 328 145 62 19 0 15 98 399 314 108 83 7 0 
171 368 219 138 96 16 13 3 101 323 323 121 125 15 13 3 44 392 304 123 123 22 8 8 
198 482 304 40 0 0 0 0 18 409 528 69 0 0 0 0 16 486 461 61 0 0 0 0 
58 393 489 48 34 2 0 0 28 418 461 54 44 19 0 0 0 416 510 62 29 7 0 0 
4 190 582 110 60 71 7 0 2 181 588 73 72 76 32 0 0 220 594 56 62 76 16 0 
87 184 437 145 143 21 6 1 62 247 366 68 205 65 8 3 19 364 307 145 130 49 7 3 
6 125 457 167 151 79 28 11 9 123 471 77 162 126 39 17 9 184 445 108 78 125 51 24 
0 37 289 209 205 159 67 58 0 43 315 158 180 175 92 61 0 52 296 163 122 176 129 86 
1 119 184 195 140 93 101 191 0 82 224 186 135 99 98 200 0 22 220 208 114 120 101 239 
0 150 254 100 80 182 140 118 0 52 254 180 22 108 212 196 0 18 274 190 88 154 164 136 
16 210 98 30 28 88 244 310 0 154 126 60 26 38 140 480 2 166 130 52 32 76 258 308 
48 64 24 20 26 76 290 476 4 98 20 24 18 46 216 598 22 84 28 22 26 60 266 516 
0 0 2 24 66 134 340 458 0 0 0 2 22 78 250 672 0 0 4 18 72 102 286 542 
0 0 0 12 166 170 122 554 0 0 0 0 106 192 128 598 0 0 0 6 102 226 126 564 
0 0 0 0 42 178 230 574 0 0 0 0 28 132 254 610 0 0 0 0 12 132 208 672 
0 0 2 56 116 136 128 586 0 0 0 10 96 164 146 608 0 0 12 68 80 134 126 604 
0 0 0 122 384 168 136 214 0 0 0 14 196 392 168 254 0 0 0 174 302 172 142 234 
0 0 22 184 292 280 164 82 0 0 2 120 268 298 210 126 0 0 2 120 254 282 222 144 
0 0 40 496 352 112 24 0 0 0 12 238 462 244 68 0 0 0 36 308 380 212 80 8 
