0 0 26 890 108 0 0 0 0 0 0 13 799 212 0 0 0 0 0 0 0 0 43 981 
0 0 0 490 534 0 0 0 0 0 0 0 192 832 0 0 0 0 0 0 0 0 0 1024 
0 0 0 137 887 0 0 0 0 0 0 0 0 1024 0 0 0 0 0 0 0 0 0 1024 
0 0 0 0 1024 0 0 0 0 0 0 0 0 1024 0 0 0 0 0 0 0 0 0 1024 
0 0 0 0 1024 0 0 0 0 0 0 0 0 1024 0 0 0 0 0 0 0 0 0 1024 
0 0 0 7 987 29 1 0 0 0 0 2 18 990 14 0 0 0 0 0 2 16 24 982 
0 12 113 153 678 40 16 12 5 32 128 128 53 635 28 15 7 35 95 122 41 51 34 639 
0 19 94 187 602 55 20 47 0 20 158 175 29 562 30 50 0 27 153 146 38 24 38 598 
13 49 165 249 394 81 20 53 13 58 189 198 173 306 37 50 5 56 151 184 122 116 101 289 
17 69 206 294 348 52 9 29 10 59 185 281 384 66 10 29 4 30 103 216 437 177 28 29 
0 45 165 409 350 54 1 0 0 30 145 379 385 80 5 0 0 3 74 235 437 250 25 0 
6 123 367 387 125 16 0 0 3 74 345 411 173 18 0 0 0 11 162 394 355 92 10 0 
4 218 454 278 68 2 0 0 4 208 434 296 78 4 0 0 2 64 344 376 194 42 2 0 
0 0 0 141 883 0 0 0 0 0 0 0 23 978 23 0 0 0 0 0 0 0 0 1024 
0 0 0 0 916 108 0 0 0 0 0 0 0 459 565 0 0 0 0 0 0 0 0 1024 
0 0 0 0 724 294 6 0 0 0 0 0 0 298 720 6 0 0 0 0 0 0 2 1022 
0 0 8 36 828 150 2 0 0 0 10 30 84 507 393 0 0 0 1 18 50 86 69 800 
0 7 57 188 622 142 8 0 0 3 52 155 260 426 128 0 0 2 26 107 210 196 74 409 
1 54 184 278 338 160 9 0 18 43 172 261 245 250 35 0 36 25 145 221 191 248 90 68 
12 730 119 127 24 12 0 0 627 154 170 47 10 16 0 0 729 150 87 30 5 14 9 0 
44 276 336 327 18 8 14 1 216 341 408 30 6 13 9 1 406 435 134 20 7 15 7 0 
20 395 317 271 19 1 1 0 327 222 395 77 0 2 1 0 490 116 325 88 2 1 2 0 
1 44 400 384 83 25 27 60 25 164 505 161 56 32 24 57 137 126 372 207 55 43 22 62 
4 216 352 200 72 71 56 53 31 297 288 156 74 73 49 56 59 301 209 168 89 78 63 57 
6 238 248 182 89 76 75 110 40 246 246 152 86 73 76 105 80 196 227 134 108 79 91 109 
12 174 388 232 88 46 34 50 10 184 398 240 60 52 28 52 0 104 370 296 108 46 38 62 
0 0 0 2 543 453 23 3 0 0 0 0 7 100 904 13 0 0 0 0 1 8 9 1006 
0 2 46 125 325 517 8 1 0 0 32 96 136 102 655 3 0 0 4 55 127 116 68 654 
6 97 188 238 336 157 2 0 4 70 177 230 225 159 159 0 1 32 142 218 228 173 69 161 
1 44 269 276 209 86 25 114 21 198 154 221 197 93 24 116 124 134 76 170 201 159 46 114 
9 20 288 233 77 66 50 281 17 250 210 90 57 58 59 283 174 197 77 102 66 49 49 310 
22 266 169 372 112 39 19 25 192 162 281 253 48 43 21 24 259 144 252 218 51 22 28 50 
157 145 278 432 8 2 2 0 209 173 589 45 5 3 0 0 259 483 240 34 5 3 0 0 
217 261 327 195 12 7 5 0 342 326 286 50 9 8 3 0 467 358 135 44 9 7 4 0 
87 297 418 218 4 0 0 0 265 431 221 106 1 0 0 0 472 356 108 84 4 0 0 0 
4 176 257 415 163 9 0 0 39 293 112 376 200 4 0 0 187 156 159 349 162 11 0 0 
0 82 328 503 98 5 8 0 0 77 333 530 71 5 8 0 0 64 366 520 60 6 8 0 
221 404 259 139 1 0 0 0 401 280 215 126 2 0 0 0 482 191 199 137 15 0 0 0 
392 590 42 0 0 0 0 0 924 90 10 0 0 0 0 0 962 62 0 0 0 0 0 0 
2 40 292 436 136 101 16 1 1 23 271 438 153 53 78 7 1 8 153 456 215 79 28 84 
7 165 404 314 111 21 2 0 3 128 400 328 132 30 3 0 3 93 325 343 191 60 9 0 
1 53 393 361 144 61 11 0 0 47 384 360 160 59 14 0 0 94 338 310 173 77 25 7 
2 53 219 205 326 118 51 50 10 120 243 206 230 99 62 54 18 146 207 173 197 93 90 100 
0 29 163 359 389 79 5 0 18 159 349 395 57 45 1 0 111 346 348 139 41 37 2 0 
9 304 345 325 30 11 0 0 221 251 400 138 13 1 0 0 343 292 333 53 3 0 0 0 
88 209 541 180 3 3 0 0 154 411 444 9 3 3 0 0 237 584 193 4 3 3 0 0 
128 276 506 91 12 10 1 0 189 410 362 40 13 10 0 0 290 480 203 30 14 7 0 0 
191 356 397 54 16 9 1 0 343 438 196 21 15 11 0 0 470 436 77 16 14 11 0 0 
89 262 241 336 72 18 6 0 177 312 124 321 66 17 7 0 386 122 154 293 45 18 6 0 
0 3 96 697 140 60 28 0 0 1 101 697 135 65 25 0 0 0 87 660 172 72 33 0 
24 352 251 320 68 8 1 0 186 265 219 315 38 1 0 0 294 192 129 303 100 6 0 0 
20 1004 0 0 0 0 0 0 994 30 0 0 0 0 0 0 1024 0 0 0 0 0 0 0 
0 88 250 250 228 98 47 63 0 82 244 227 224 123 57 67 0 31 210 193 186 165 139 100 
0 23 142 227 166 69 38 359 0 17 132 265 147 68 39 356 0 17 103 219 182 91 49 363 
0 4 57 106 77 28 29 723 0 4 62 113 74 19 30 722 0 5 52 129 66 23 25 724 
0 9 28 189 198 43 44 513 3 14 71 247 111 37 37 504 11 26 65 201 144 37 33 507 
0 20 320 450 208 21 3 2 8 394 381 204 27 7 2 1 339 371 237 57 11 6 1 2 
35 273 396 257 39 16 8 0 113 418 386 74 11 16 6 0 274 416 250 54 9 18 3 0 
25 256 375 283 43 37 5 0 128 342 432 63 14 42 3 0 254 373 309 28 12 41 7 0 
23 269 410 204 33 72 13 0 167 381 319 55 15 71 16 0 291 368 225 41 15 50 34 0 
11 247 488 257 12 9 0 0 120 492 345 58 8 1 0 0 234 546 190 46 8 0 0 0 
38 423 118 168 32 198 47 0 183 295 102 152 48 151 93 0 286 190 105 138 56 53 187 9 
0 40 267 616 97 4 0 0 0 34 229 657 100 4 0 0 0 9 101 691 197 26 0 0 
50 356 296 322 0 0 0 0 117 295 205 402 5 0 0 0 298 92 49 389 194 2 0 0 
62 962 0 0 0 0 0 0 584 440 0 0 0 0 0 0 958 66 0 0 0 0 0 0 
0 0 0 1 8 9 34 972 0 0 0 1 8 9 34 972 0 0 0 1 6 7 27 983 
0 2 9 10 77 132 86 708 0 2 9 10 45 163 93 702 0 0 2 7 23 43 103 846 
0 0 0 5 75 145 118 681 0 0 0 5 26 193 82 718 0 0 0 0 4 25 142 853 
31 152 146 88 99 131 175 202 47 194 97 80 110 105 129 262 83 150 96 65 97 96 75 362 
72 287 407 159 93 6 0 0 83 378 323 145 91 4 0 0 145 343 270 176 87 3 0 0 
57 375 362 139 31 50 10 0 101 371 360 100 30 53 9 0 114 412 298 98 34 27 38 3 
134 313 239 194 48 93 3 0 231 329 296 28 28 104 8 0 247 457 151 21 15 77 54 2 
98 370 338 163 17 7 24 7 200 417 267 92 11 5 15 17 287 440 175 75 11 5 14 17 
182 447 243 121 20 11 0 0 352 402 220 25 17 8 0 0 405 465 109 15 22 8 0 0 
133 146 142 291 75 127 110 0 154 141 148 277 67 79 158 0 194 126 166 236 49 91 158 4 
0 52 346 578 46 2 0 0 0 48 338 593 43 2 0 0 0 4 154 802 54 10 0 0 
219 408 319 78 0 0 0 0 315 300 299 110 0 0 0 0 362 165 150 320 27 0 0 0 
452 554 18 0 0 0 0 0 812 212 0 0 0 0 0 0 856 138 30 0 0 0 0 0 
0 4 59 113 199 145 160 341 0 4 36 109 176 180 145 372 0 0 16 40 94 167 196 509 
16 267 298 194 177 24 13 32 21 251 331 114 203 58 17 24 14 157 324 141 100 93 133 59 
113 370 154 82 154 36 49 62 101 354 177 68 117 91 32 80 90 279 192 80 75 85 101 119 
218 280 114 142 225 23 5 13 196 272 103 112 224 96 5 14 170 248 110 42 77 164 181 29 
343 158 107 81 286 45 1 0 318 178 96 61 241 126 1 0 257 181 109 56 53 132 206 26 
164 381 202 155 104 16 0 0 209 379 142 138 114 37 1 0 199 341 142 80 93 114 40 11 
55 522 401 45 0 0 0 0 213 597 212 0 0 0 0 0 248 638 136 0 0 0 0 0 
48 504 365 91 8 2 2 0 208 552 183 59 14 2 2 0 288 513 129 58 26 5 2 0 
94 551 338 39 0 0 0 0 235 622 160 5 0 0 0 0 302 624 94 2 0 0 0 0 
270 359 128 213 30 21 0 0 397 237 130 203 32 23 0 0 400 206 114 229 42 26 4 0 
0 164 453 404 1 0 0 0 0 148 437 430 7 0 0 0 0 21 437 506 58 0 0 0 
206 689 107 20 0 0 0 0 320 592 112 0 0 0 0 0 538 314 168 2 0 0 0 0 
136 730 154 2 0 0 0 0 302 695 26 0 0 0 0 0 666 331 26 0 0 0 0 0 
