0 0 1 17 179 77 85 665 0 0 1 26 89 214 44 650 1 2 16 53 98 177 31 646 
0 0 21 86 168 494 189 66 0 2 69 108 437 301 82 25 3 74 250 277 186 188 24 22 
13 6 44 211 236 304 49 161 17 29 181 228 271 85 18 195 59 188 317 156 13 72 13 206 
5 3 25 134 143 67 37 610 7 17 79 134 60 77 14 636 29 59 134 66 9 74 9 644 
0 0 0 3 66 4 6 945 0 0 1 3 2 67 3 948 0 1 1 2 2 65 2 951 
0 0 0 0 64 0 0 960 0 0 0 0 0 64 0 960 0 0 0 0 0 64 0 960 
0 0 0 0 64 0 0 960 0 0 0 0 0 64 0 960 0 0 0 0 0 64 0 960 
0 0 0 0 64 0 0 960 0 0 0 0 0 64 0 960 0 0 0 0 0 64 0 960 
0 0 1 5 72 8 4 934 0 0 3 5 7 73 5 931 0 1 2 11 8 69 1 932 
0 0 5 26 253 74 112 552 0 0 10 29 82 341 69 490 0 0 40 58 141 282 5 496 
0 0 7 66 232 327 116 276 0 14 50 147 273 247 19 274 39 79 156 196 156 117 7 274 
0 11 34 120 285 458 96 20 9 57 114 263 408 133 36 4 110 227 294 208 135 38 12 0 
20 42 138 266 325 216 17 0 30 55 207 297 301 131 3 0 66 137 290 205 238 85 3 0 
20 101 207 219 229 246 2 0 66 193 262 231 253 19 0 0 252 282 273 198 8 5 6 0 
14 60 95 200 288 243 12 112 43 105 206 267 235 42 8 118 178 223 228 232 23 8 9 123 
0 6 13 116 157 166 22 544 5 15 75 173 160 31 11 554 31 79 173 141 17 14 10 559 
2 3 3 28 25 14 11 938 2 0 23 24 11 12 12 940 2 8 25 19 7 7 11 945 
1 13 26 27 21 13 12 911 1 9 25 28 22 13 12 914 1 9 22 31 22 12 11 916 
3 21 35 51 109 131 117 557 2 19 40 84 144 153 104 478 7 28 85 132 171 96 22 483 
0 42 32 125 402 194 32 194 8 45 61 232 221 248 16 192 29 85 248 178 69 208 13 192 
0 0 0 63 267 483 184 27 0 10 84 193 359 322 45 11 66 140 220 180 234 162 11 11 
0 1 14 83 307 347 191 81 0 15 97 224 328 197 155 8 49 139 175 225 192 198 46 0 
0 8 27 99 347 538 5 0 1 30 76 212 475 230 0 0 45 96 155 242 387 99 0 0 
0 10 30 130 392 456 6 0 0 13 82 234 486 209 0 0 6 62 175 332 391 35 23 0 
0 18 95 284 385 240 2 0 1 29 214 389 283 108 0 0 11 155 363 255 209 30 1 0 
12 93 227 250 232 165 9 36 24 168 284 260 202 44 5 37 112 287 265 230 65 24 4 37 
4 36 82 174 142 275 159 152 4 55 174 147 179 230 126 109 42 139 185 79 209 208 64 98 
46 62 69 125 188 282 89 163 63 92 115 137 193 211 150 63 139 130 109 99 209 181 133 24 
13 23 49 51 152 308 216 212 15 39 63 88 222 254 215 128 39 55 92 110 204 214 207 103 
10 85 98 122 314 200 178 13 77 104 138 114 157 288 144 0 200 101 128 72 130 301 90 0 
0 25 53 62 187 301 208 188 4 28 58 78 205 407 75 169 20 46 81 96 260 317 38 166 
4 44 78 197 338 300 49 14 19 92 156 261 237 230 27 2 158 157 215 128 161 197 7 1 
22 37 114 307 418 126 0 0 10 45 157 314 438 60 0 0 31 109 197 287 341 59 0 0 
26 91 140 318 325 119 5 0 16 102 236 353 271 46 0 0 97 225 250 236 205 11 0 0 
4 10 60 227 370 307 18 28 3 32 135 308 389 125 3 29 58 143 215 284 238 51 4 31 
11 49 75 96 166 362 161 104 16 56 95 124 247 265 121 100 45 88 108 154 220 228 81 100 
90 139 143 201 262 136 51 2 95 175 238 258 148 75 35 0 218 273 248 123 69 68 25 0 
3 81 68 28 104 501 233 6 13 76 74 68 182 307 301 3 35 124 55 125 162 131 337 55 
0 0 0 4 24 403 398 195 0 0 5 8 105 278 558 70 2 4 20 80 18 161 544 195 
0 0 16 136 301 290 48 232 0 18 106 122 194 328 253 0 50 98 101 157 117 298 200 0 
1 47 128 190 297 240 80 41 0 69 158 210 208 292 59 28 21 136 157 178 171 269 81 11 
1 30 94 139 264 381 106 9 4 46 88 143 257 378 99 9 50 39 90 118 266 367 84 10 
10 21 153 350 373 117 0 0 5 13 152 334 382 138 0 0 5 14 168 313 375 148 1 0 
8 25 99 354 438 100 0 0 6 20 89 342 438 129 0 0 12 22 94 334 415 147 0 0 
2 30 129 346 350 149 9 9 1 19 117 338 390 148 2 9 10 23 128 340 366 146 2 9 
65 84 86 109 230 306 129 15 78 123 82 135 247 277 81 1 165 114 100 114 219 273 39 0 
14 35 82 49 136 396 93 219 13 86 64 68 183 357 189 64 82 75 66 107 215 265 177 37 
0 8 14 12 136 381 217 256 7 13 6 26 159 375 315 123 16 12 21 37 228 338 328 44 
0 0 26 131 285 368 71 143 0 17 123 172 369 181 142 20 29 116 131 247 264 105 132 0 
0 2 40 82 314 544 32 8 0 37 93 112 248 522 8 2 45 98 80 194 229 368 8 0 
2 64 156 211 312 227 38 14 4 67 173 189 252 299 35 5 27 90 157 158 228 328 33 3 
7 19 95 133 265 393 111 1 12 42 79 130 276 385 99 1 30 53 70 122 282 381 86 0 
129 106 270 214 283 22 0 0 152 103 310 219 227 13 0 0 208 158 254 177 206 21 0 0 
289 97 167 252 199 20 0 0 288 110 188 285 138 15 0 0 347 99 238 192 119 29 0 0 
133 150 203 292 240 6 0 0 100 134 225 303 255 7 0 0 128 113 226 297 244 16 0 0 
38 39 44 64 417 364 58 0 26 47 64 102 367 344 74 0 37 58 84 117 323 344 61 0 
0 0 0 0 17 763 244 0 0 0 0 0 82 914 28 0 0 0 2 15 351 644 12 0 
0 0 2 27 127 626 237 5 0 0 3 33 137 645 203 3 0 0 6 39 253 556 170 0 
1 13 48 78 304 452 128 0 1 17 57 93 359 458 39 0 4 28 55 145 413 359 20 0 
0 0 0 0 186 618 213 5 0 0 0 0 85 869 66 2 0 0 0 34 160 813 16 0 
323 142 54 81 179 189 43 13 261 164 76 74 112 293 32 12 236 141 110 70 111 314 30 12 
62 35 56 122 188 189 83 289 50 40 52 139 150 218 84 291 40 47 42 148 144 227 83 293 
22 54 214 329 224 37 49 95 23 63 267 295 163 66 32 115 25 120 235 261 157 65 28 133 
7 40 207 302 386 40 4 38 5 33 192 319 358 73 6 38 6 35 187 312 340 100 6 38 
1 66 169 307 329 30 11 111 1 51 177 335 280 57 10 113 2 50 195 345 254 54 12 112 
0 0 40 113 411 354 71 35 0 2 39 185 316 365 80 37 0 5 83 168 293 381 52 42 
0 0 0 1 80 597 346 0 0 0 0 0 89 752 183 0 0 0 0 8 135 753 128 0 
0 0 0 34 156 625 209 0 0 0 2 37 157 666 162 0 0 0 4 45 242 569 164 0 
0 13 37 117 450 404 3 0 0 19 50 158 496 301 0 0 1 24 99 180 512 208 0 0 
0 0 0 0 274 682 66 0 0 0 0 16 248 744 16 0 0 0 8 128 296 581 10 0 
0 0 0 0 1024 0 0 0 0 0 0 0 0 1024 0 0 0 0 0 0 0 1024 0 0 
0 0 0 0 1024 0 0 0 0 0 0 0 0 1024 0 0 0 0 0 0 0 1024 0 0 
0 0 0 0 1024 0 0 0 0 0 0 0 0 1024 0 0 0 0 0 0 0 1024 0 0 
0 0 0 0 1024 0 0 0 0 0 0 0 0 1024 0 0 0 0 0 0 0 1024 0 0 
0 0 0 0 1024 0 0 0 0 0 0 0 0 1024 0 0 0 0 0 0 0 1024 0 0 
0 0 0 0 1024 0 0 0 0 0 0 0 0 1024 0 0 0 0 0 0 0 1024 0 0 
0 0 0 0 1024 0 0 0 0 0 0 0 0 1024 0 0 0 0 0 0 0 1024 0 0 
0 0 0 0 1024 0 0 0 0 0 0 0 0 1024 0 0 0 0 0 0 0 1024 0 0 
0 0 0 0 1024 0 0 0 0 0 0 0 0 1024 0 0 0 0 0 0 0 1024 0 0 
0 0 0 0 1024 0 0 0 0 0 0 0 0 1024 0 0 0 0 0 0 0 1024 0 0 
