36 596 371 21 0 0 0 0 2 576 419 27 0 0 0 0 627 360 36 1 0 0 0 0 
7 600 409 8 0 0 0 0 0 312 696 16 0 0 0 0 348 522 148 6 0 0 0 0 
58 734 232 0 0 0 0 0 7 608 392 17 0 0 0 0 542 259 211 12 0 0 0 0 
139 711 174 0 0 0 0 0 55 706 255 8 0 0 0 0 746 174 99 5 0 0 0 0 
1 416 606 1 0 0 0 0 0 743 275 6 0 0 0 0 648 304 65 7 0 0 0 0 
0 355 655 14 0 0 0 0 0 736 287 1 0 0 0 0 942 82 0 0 0 0 0 0 
0 739 281 4 0 0 0 0 0 872 151 1 0 0 0 0 786 230 8 0 0 0 0 0 
23 869 132 0 0 0 0 0 0 582 442 0 0 0 0 0 224 448 347 5 0 0 0 0 
682 319 23 0 0 0 0 0 572 403 49 0 0 0 0 0 955 60 9 0 0 0 0 0 
958 66 0 0 0 0 0 0 777 247 0 0 0 0 0 0 1024 0 0 0 0 0 0 0 
231 786 7 0 0 0 0 0 339 673 12 0 0 0 0 0 997 27 0 0 0 0 0 0 
98 879 47 0 0 0 0 0 50 764 210 0 0 0 0 0 507 454 63 0 0 0 0 0 
154 866 4 0 0 0 0 0 9 695 317 3 0 0 0 0 206 421 349 48 0 0 0 0 
257 767 0 0 0 0 0 0 85 329 580 30 0 0 0 0 280 126 177 441 0 0 0 0 
32 976 16 0 0 0 0 0 0 105 897 22 0 0 0 0 5 111 322 586 0 0 0 0 
83 916 25 0 0 0 0 0 2 750 271 1 0 0 0 0 153 632 236 3 0 0 0 0 
137 476 411 0 0 0 0 0 6 606 408 4 0 0 0 0 382 431 200 11 0 0 0 0 
2 950 72 0 0 0 0 0 0 103 906 15 0 0 0 0 0 71 540 413 0 0 0 0 
232 777 15 0 0 0 0 0 73 715 234 2 0 0 0 0 492 309 198 25 0 0 0 0 
222 796 6 0 0 0 0 0 43 663 318 0 0 0 0 0 342 435 247 0 0 0 0 0 
14 995 15 0 0 0 0 0 8 951 65 0 0 0 0 0 320 699 5 0 0 0 0 0 
11 997 16 0 0 0 0 0 0 457 566 1 0 0 0 0 1 486 467 70 0 0 0 0 
0 1019 5 0 0 0 0 0 0 0 1002 22 0 0 0 0 0 0 134 885 5 0 0 0 
5 954 65 0 0 0 0 0 0 204 810 10 0 0 0 0 0 378 466 180 0 0 0 0 
23 972 29 0 0 0 0 0 0 483 541 0 0 0 0 0 0 767 254 3 0 0 0 0 
8 944 72 0 0 0 0 0 0 464 560 0 0 0 0 0 16 637 366 5 0 0 0 0 
0 774 245 5 0 0 0 0 0 65 933 26 0 0 0 0 0 230 759 35 0 0 0 0 
0 473 551 0 0 0 0 0 0 3 767 254 0 0 0 0 0 3 339 674 8 0 0 0 
0 280 733 11 0 0 0 0 0 0 563 454 7 0 0 0 0 0 146 853 25 0 0 0 
0 79 862 83 0 0 0 0 0 0 212 779 33 0 0 0 0 0 5 970 49 0 0 0 
0 5 913 106 0 0 0 0 0 0 59 958 7 0 0 0 0 0 0 987 37 0 0 0 
0 74 945 5 0 0 0 0 0 0 258 766 0 0 0 0 0 0 3 1007 14 0 0 0 
1 341 300 199 172 11 0 0 0 268 340 200 197 19 0 0 263 248 217 207 88 1 0 0 
108 350 262 182 85 34 3 0 17 405 296 175 94 33 4 0 530 158 146 129 50 11 0 0 
153 533 264 27 13 34 0 0 47 735 169 25 11 37 0 0 830 111 30 14 25 14 0 0 
22 943 56 3 0 0 0 0 5 972 44 3 0 0 0 0 999 22 3 0 0 0 0 0 
0 428 596 0 0 0 0 0 0 747 277 0 0 0 0 0 996 28 0 0 0 0 0 0 
4 595 425 0 0 0 0 0 16 872 136 0 0 0 0 0 1024 0 0 0 0 0 0 0 
44 884 77 19 0 0 0 0 7 920 84 13 0 0 0 0 931 83 10 0 0 0 0 0 
281 743 0 0 0 0 0 0 58 966 0 0 0 0 0 0 976 48 0 0 0 0 0 0 
744 280 0 0 0 0 0 0 383 641 0 0 0 0 0 0 1024 0 0 0 0 0 0 0 
428 596 0 0 0 0 0 0 116 908 0 0 0 0 0 0 1024 0 0 0 0 0 0 0 
27 888 109 0 0 0 0 0 18 963 43 0 0 0 0 0 1001 23 0 0 0 0 0 0 
25 941 58 0 0 0 0 0 41 940 43 0 0 0 0 0 979 45 0 0 0 0 0 0 
143 871 10 0 0 0 0 0 10 995 19 0 0 0 0 0 964 57 3 0 0 0 0 0 
46 978 0 0 0 0 0 0 0 736 288 0 0 0 0 0 606 144 194 80 0 0 0 0 
184 840 0 0 0 0 0 0 0 908 116 0 0 0 0 0 452 447 75 50 0 0 0 0 
8 954 62 0 0 0 0 0 0 519 505 0 0 0 0 0 46 661 317 0 0 0 0 0 
24 595 405 0 0 0 0 0 0 969 55 0 0 0 0 0 761 263 0 0 0 0 0 0 
21 865 138 0 0 0 0 0 0 949 75 0 0 0 0 0 674 324 26 0 0 0 0 0 
26 932 66 0 0 0 0 0 9 1015 0 0 0 0 0 0 1024 0 0 0 0 0 0 0 
154 797 73 0 0 0 0 0 92 928 4 0 0 0 0 0 936 88 0 0 0 0 0 0 
9 881 116 18 0 0 0 0 12 902 97 13 0 0 0 0 850 147 27 0 0 0 0 0 
2 955 59 8 0 0 0 0 1 898 117 8 0 0 0 0 537 463 24 0 0 0 0 0 
0 1024 0 0 0 0 0 0 0 782 242 0 0 0 0 0 280 500 234 10 0 0 0 0 
98 915 11 0 0 0 0 0 6 790 228 0 0 0 0 0 309 560 155 0 0 0 0 0 
36 919 68 1 0 0 0 0 0 467 537 20 0 0 0 0 4 640 373 7 0 0 0 0 
11 866 147 0 0 0 0 0 0 390 624 10 0 0 0 0 87 560 371 6 0 0 0 0 
0 918 106 0 0 0 0 0 0 568 456 0 0 0 0 0 275 623 126 0 0 0 0 0 
0 951 73 0 0 0 0 0 0 373 649 2 0 0 0 0 17 689 289 29 0 0 0 0 
0 643 381 0 0 0 0 0 0 23 977 24 0 0 0 0 0 177 738 109 0 0 0 0 
0 162 862 0 0 0 0 0 0 3 549 472 0 0 0 0 0 29 184 810 1 0 0 0 
0 110 914 0 0 0 0 0 0 0 302 722 0 0 0 0 0 0 0 1022 2 0 0 0 
0 47 977 0 0 0 0 0 0 0 183 841 0 0 0 0 0 0 0 1023 1 0 0 0 
0 0 12 67 123 523 299 0 0 0 11 55 107 480 371 0 0 2 18 93 146 561 204 0 
0 12 149 353 426 82 2 0 0 2 123 350 439 108 2 0 0 38 214 388 355 29 0 0 
0 13 165 311 434 99 2 0 0 16 140 302 439 125 2 0 6 63 222 376 316 41 0 0 
0 35 49 80 334 482 44 0 0 41 40 66 246 534 97 0 30 47 20 121 421 353 32 0 
2 169 190 101 217 285 60 0 0 179 171 94 185 293 102 0 217 79 109 123 224 257 15 0 
6 382 486 127 20 3 0 0 14 462 437 90 18 3 0 0 537 364 93 19 11 0 0 0 
189 561 239 35 0 0 0 0 53 680 240 51 0 0 0 0 707 237 78 2 0 0 0 0 
534 482 8 0 0 0 0 0 333 678 13 0 0 0 0 0 1006 18 0 0 0 0 0 0 
538 423 41 18 4 0 0 0 239 719 44 18 4 0 0 0 951 44 22 6 1 0 0 0 
278 707 19 12 8 0 0 0 107 880 16 12 9 0 0 0 977 19 17 10 1 0 0 0 
44 807 172 1 0 0 0 0 27 917 79 1 0 0 0 0 978 46 0 0 0 0 0 0 
18 931 74 1 0 0 0 0 15 952 56 1 0 0 0 0 971 52 1 0 0 0 0 0 
15 1009 0 0 0 0 0 0 1 1020 3 0 0 0 0 0 1024 0 0 0 0 0 0 0 
62 961 1 0 0 0 0 0 11 1009 4 0 0 0 0 0 929 94 1 0 0 0 0 0 
49 946 29 0 0 0 0 0 0 994 30 0 0 0 0 0 854 170 0 0 0 0 0 0 
4 979 41 0 0 0 0 0 0 906 118 0 0 0 0 0 566 458 0 0 0 0 0 0 
0 403 621 0 0 0 0 0 0 978 46 0 0 0 0 0 1002 22 0 0 0 0 0 0 
0 912 112 0 0 0 0 0 0 1011 13 0 0 0 0 0 1021 3 0 0 0 0 0 0 
6 982 36 0 0 0 0 0 0 1014 10 0 0 0 0 0 1017 7 0 0 0 0 0 0 
62 631 331 0 0 0 0 0 45 919 60 0 0 0 0 0 1003 21 0 0 0 0 0 0 
20 874 127 3 0 0 0 0 3 881 136 4 0 0 0 0 870 139 15 0 0 0 0 0 
35 898 89 2 0 0 0 0 1 934 86 3 0 0 0 0 898 113 13 0 0 0 0 0 
52 968 4 0 0 0 0 0 0 1000 24 0 0 0 0 0 650 374 0 0 0 0 0 0 
144 847 33 0 0 0 0 0 6 925 93 0 0 0 0 0 730 294 0 0 0 0 0 0 
274 687 63 0 0 0 0 0 7 749 266 2 0 0 0 0 506 411 106 1 0 0 0 0 
1 937 86 0 0 0 0 0 0 815 207 2 0 0 0 0 653 309 61 1 0 0 0 0 
16 953 55 0 0 0 0 0 4 936 84 0 0 0 0 0 865 159 0 0 0 0 0 0 
99 855 70 0 0 0 0 0 1 467 540 16 0 0 0 0 140 550 333 1 0 0 0 0 
11 866 144 3 0 0 0 0 0 285 724 15 0 0 0 0 67 463 449 45 0 0 0 0 
0 342 682 0 0 0 0 0 0 159 565 300 0 0 0 0 89 260 209 466 0 0 0 0 
0 485 539 0 0 0 0 0 0 5 578 441 0 0 0 0 0 0 225 786 13 0 0 0 
0 47 977 0 0 0 0 0 0 0 107 917 0 0 0 0 0 0 0 941 83 0 0 0 
0 0 0 2 45 604 373 0 0 0 0 2 28 537 457 0 0 0 0 2 82 675 265 0 
0 53 125 256 312 221 57 0 0 18 121 231 315 249 88 2 1 52 153 293 286 190 49 0 
0 1 19 62 260 548 134 0 0 1 19 51 206 544 203 0 0 12 19 76 271 566 80 0 
0 0 14 59 227 672 52 0 0 0 6 48 165 664 141 0 0 0 13 58 252 684 17 0 
0 6 15 77 484 433 9 0 0 5 9 66 325 594 25 0 0 6 14 96 554 354 0 0 
0 203 275 242 202 102 0 0 0 171 276 241 208 128 0 0 110 260 205 206 212 31 0 0 
0 293 532 195 4 0 0 0 0 306 529 187 2 0 0 0 248 491 241 44 0 0 0 0 
0 456 524 44 0 0 0 0 0 401 570 53 0 0 0 0 162 692 164 6 0 0 0 0 
1 257 583 158 25 0 0 0 0 238 588 169 29 0 0 0 128 485 313 94 4 0 0 0 
0 163 425 347 77 12 0 0 0 176 395 350 88 15 0 0 76 311 386 215 31 5 0 0 
0 184 657 179 4 0 0 0 1 180 648 189 6 0 0 0 117 454 389 61 3 0 0 0 
6 550 385 81 2 0 0 0 13 457 462 90 2 0 0 0 282 491 230 21 0 0 0 0 
19 848 147 10 0 0 0 0 5 771 238 10 0 0 0 0 561 423 36 4 0 0 0 0 
2 644 242 115 21 0 0 0 1 584 292 125 22 0 0 0 432 302 191 89 10 0 0 0 
0 278 366 249 117 14 0 0 0 198 407 262 137 20 0 0 90 349 252 237 83 13 0 0 
0 160 260 150 125 240 89 0 4 155 238 168 120 216 123 0 72 196 201 120 148 230 57 0 
0 261 398 121 145 97 2 0 0 314 340 118 140 108 4 0 201 324 169 118 153 57 2 0 
0 429 341 242 12 0 0 0 0 408 347 252 17 0 0 0 369 164 352 139 0 0 0 0 
0 357 469 174 24 0 0 0 0 392 445 169 18 0 0 0 304 273 367 76 4 0 0 0 
0 79 524 396 25 0 0 0 0 256 362 386 20 0 0 0 238 200 437 144 5 0 0 0 
8 536 407 73 0 0 0 0 0 482 449 93 0 0 0 0 353 406 258 7 0 0 0 0 
87 582 336 19 0 0 0 0 6 520 456 42 0 0 0 0 413 343 255 13 0 0 0 0 
138 261 162 319 133 11 0 0 21 351 125 310 192 25 0 0 237 180 152 335 108 12 0 0 
115 286 73 89 130 284 47 0 28 365 64 81 136 253 97 0 302 111 72 92 132 271 44 0 
285 146 22 113 223 217 18 0 34 397 9 70 215 255 44 0 408 24 24 100 263 193 12 0 
10 565 250 166 31 2 0 0 5 547 176 246 45 5 0 0 529 101 240 131 22 1 0 0 
40 704 178 98 4 0 0 0 0 714 152 145 13 0 0 0 683 139 141 61 0 0 0 0 
310 646 60 8 0 0 0 0 0 901 112 11 0 0 0 0 833 178 13 0 0 0 0 0 
218 711 92 3 0 0 0 0 69 745 204 6 0 0 0 0 699 269 54 2 0 0 0 0 
3 714 307 0 0 0 0 0 0 561 463 0 0 0 0 0 394 506 120 4 0 0 0 0 
10 807 207 0 0 0 0 0 0 68 951 5 0 0 0 0 0 118 849 57 0 0 0 0 
0 162 856 6 0 0 0 0 0 2 348 674 0 0 0 0 0 0 184 774 66 0 0 0 
0 2 50 108 371 411 82 0 0 1 42 89 333 459 100 0 0 1 56 183 393 323 68 0 
0 0 13 21 53 641 296 0 0 0 11 18 40 471 482 2 0 0 12 19 55 656 282 0 
1 11 30 32 165 544 241 0 0 4 29 32 105 427 427 0 0 2 27 38 168 527 262 0 
0 42 48 63 146 548 177 0 0 28 42 62 104 452 334 2 0 16 46 69 145 585 163 0 
0 7 26 60 185 487 259 0 0 2 24 47 134 439 377 1 0 2 27 58 195 463 279 0 
0 7 41 295 244 312 125 0 0 3 33 260 218 288 222 0 0 7 82 290 206 288 151 0 
0 148 390 436 50 0 0 0 0 102 363 459 97 3 0 0 35 214 476 283 16 0 0 0 
5 256 698 65 0 0 0 0 0 177 735 111 1 0 0 0 23 578 407 16 0 0 0 0 
0 239 773 12 0 0 0 0 0 369 651 4 0 0 0 0 51 893 80 0 0 0 0 0 
0 4 472 360 173 15 0 0 0 34 521 304 149 16 0 0 11 436 274 229 73 1 0 0 
1 49 227 476 256 15 0 0 0 29 202 457 306 30 0 0 1 78 273 473 192 7 0 0 
5 559 239 178 43 0 0 0 0 480 296 191 57 0 0 0 249 433 180 133 29 0 0 0 
0 439 436 133 16 0 0 0 0 273 557 169 25 0 0 0 26 569 338 82 9 0 0 0 
0 235 560 158 59 12 0 0 0 145 573 213 78 15 0 0 27 359 427 144 57 10 0 0 
2 4 64 247 465 225 17 0 2 3 32 208 404 347 28 0 2 3 47 230 481 248 13 0 
0 2 4 43 253 558 164 0 0 1 3 24 200 544 252 0 0 1 5 35 242 566 175 0 
0 223 287 333 166 15 0 0 0 239 285 318 165 17 0 0 34 361 272 216 131 10 0 0 
0 52 444 474 54 0 0 0 0 65 501 409 49 0 0 0 0 329 438 250 7 0 0 0 
0 32 306 401 251 34 0 0 0 49 328 358 253 36 0 0 0 188 292 338 180 26 0 0 
0 1 149 447 307 103 17 0 0 1 143 468 290 102 20 0 0 15 269 436 206 89 9 0 
2 256 390 322 54 0 0 0 0 201 420 344 59 0 0 0 34 364 384 212 30 0 0 0 
0 293 482 217 21 9 2 0 0 175 469 326 40 7 7 0 28 294 467 201 20 7 7 0 
0 82 137 247 332 187 39 0 0 53 122 212 336 228 73 0 0 58 134 239 361 194 38 0 
6 58 87 57 170 537 109 0 0 74 67 47 129 461 246 0 1 59 83 57 156 514 154 0 
0 47 148 326 378 124 1 0 0 34 99 300 384 200 7 0 1 39 136 333 379 135 1 0 
0 138 422 328 131 5 0 0 0 41 425 360 177 21 0 0 0 172 410 306 131 5 0 0 
0 8 166 369 398 75 8 0 0 4 88 349 423 143 17 0 0 10 158 400 374 76 6 0 
25 109 124 234 201 322 9 0 3 121 85 203 217 319 76 0 93 61 95 226 218 322 9 0 
234 212 91 48 143 288 8 0 112 363 71 49 105 259 65 0 442 82 46 56 161 219 18 0 
123 668 174 45 14 0 0 0 11 773 180 46 12 2 0 0 720 233 45 22 4 0 0 0 
101 552 359 7 1 4 0 0 9 153 826 29 2 5 0 0 87 214 693 24 2 4 0 0 
0 513 505 6 0 0 0 0 0 51 955 17 1 0 0 0 0 459 559 6 0 0 0 0 
0 73 181 193 304 182 91 0 0 35 185 187 295 223 99 0 1 74 210 225 313 162 39 0 
1 22 29 29 27 444 472 0 0 7 40 24 28 236 688 1 0 2 41 29 28 443 481 0 
0 0 4 89 469 445 17 0 0 0 1 39 349 542 93 0 0 0 3 81 407 493 40 0 
0 0 3 27 258 534 202 0 0 0 0 17 169 475 359 4 0 0 1 20 219 542 242 0 
2 8 10 28 78 613 285 0 0 6 7 18 52 451 486 4 0 3 8 24 63 573 353 0 
0 0 157 453 300 110 4 0 0 0 82 406 355 170 11 0 0 1 194 403 291 128 7 0 
2 171 448 356 45 2 0 0 0 108 414 424 72 6 0 0 7 237 494 253 32 1 0 0 
16 441 499 68 0 0 0 0 1 290 609 121 3 0 0 0 54 572 368 30 0 0 0 0 
0 316 638 70 0 0 0 0 0 294 640 86 4 0 0 0 27 729 244 24 0 0 0 0 
0 92 638 271 23 0 0 0 0 122 570 298 34 0 0 0 5 512 296 208 3 0 0 0 
0 76 436 451 61 0 0 0 0 65 386 479 94 0 0 0 0 187 466 341 30 0 0 0 
0 123 237 251 254 134 25 0 0 104 250 247 245 143 35 0 30 178 233 216 238 112 17 0 
1 107 578 250 80 8 0 0 0 58 551 291 104 20 0 0 2 216 516 199 76 15 0 0 
2 286 599 108 28 1 0 0 2 175 643 168 33 3 0 0 12 399 465 119 29 0 0 0 
1 33 466 402 104 14 4 0 0 11 372 465 146 23 5 2 0 18 417 437 127 16 5 4 
0 5 93 293 486 147 0 0 0 0 68 260 488 207 1 0 0 1 75 264 518 166 0 0 
0 8 222 470 281 41 2 0 0 1 216 461 292 51 3 0 0 7 301 458 215 41 2 0 
0 0 48 314 451 203 8 0 0 2 55 319 446 161 41 0 0 7 126 340 391 134 26 0 
0 6 28 233 383 250 124 0 0 6 20 213 392 180 212 1 0 2 23 245 378 135 235 6 
0 3 83 107 174 470 187 0 0 3 77 105 177 250 400 12 0 10 84 113 178 216 412 11 
0 8 119 106 13 475 303 0 0 6 116 107 16 174 602 3 0 12 131 92 11 180 591 7 
1 14 9 27 23 582 365 3 0 8 13 27 19 163 782 12 0 3 19 28 17 137 814 6 
0 212 436 52 29 142 153 0 1 545 125 15 25 62 248 3 305 276 78 18 27 88 230 2 
0 46 509 188 141 125 15 0 1 467 232 32 121 136 35 0 422 229 55 46 130 126 16 0 
0 13 55 196 398 320 42 0 0 9 39 156 357 391 72 0 0 6 52 196 416 311 43 0 
12 41 82 169 350 330 40 0 3 35 68 138 291 384 105 0 0 25 87 162 366 329 55 0 
0 23 70 87 178 502 164 0 0 11 62 73 144 403 331 0 0 7 65 83 162 500 207 0 
0 9 34 55 130 405 391 0 0 8 31 48 93 331 513 0 0 2 39 49 129 386 419 0 
0 12 29 46 236 441 260 0 0 3 26 34 160 403 398 0 0 0 25 47 195 453 304 0 
43 84 92 325 433 47 0 0 10 101 90 203 525 95 0 0 59 85 100 339 406 35 0 0 
68 97 293 317 134 83 32 0 11 95 279 335 169 84 51 0 46 147 343 274 109 89 16 0 
0 156 424 332 112 0 0 0 0 24 449 351 185 15 0 0 1 300 319 304 100 0 0 0 
0 39 144 308 345 165 23 0 0 17 116 295 352 206 38 0 1 52 167 326 329 133 16 0 
0 28 48 56 265 357 269 1 0 14 41 57 155 379 377 1 0 3 51 61 245 390 274 0 
0 9 147 420 409 39 0 0 0 0 86 337 484 117 0 0 0 5 145 410 417 47 0 0 
0 10 72 290 429 150 73 0 0 5 39 220 430 237 92 1 0 9 71 290 423 156 75 0 
0 2 46 253 470 218 35 0 0 0 25 159 448 321 69 2 0 0 32 233 472 236 49 2 
0 1 137 434 355 96 1 0 0 0 100 351 389 177 7 0 0 3 211 355 348 104 3 0 
3 228 451 315 27 0 0 0 0 138 448 390 47 1 0 0 3 268 505 237 11 0 0 0 
6 226 490 260 42 0 0 0 1 141 456 355 70 1 0 0 4 238 483 259 40 0 0 0 
0 196 372 272 179 5 0 0 0 130 381 293 214 6 0 0 9 287 307 270 147 4 0 0 
0 184 385 335 119 1 0 0 0 163 391 334 135 1 0 0 7 367 255 319 75 1 0 0 
0 48 176 352 290 136 22 0 2 91 155 354 246 146 30 0 24 142 177 363 173 127 18 0 
0 4 12 51 210 392 355 0 0 4 11 43 167 334 463 2 0 4 11 50 209 361 389 0 
1 42 152 182 292 284 71 0 1 27 136 171 284 267 138 0 0 38 133 176 302 253 122 0 
1 127 236 184 142 239 95 0 1 85 250 191 140 205 150 2 1 119 223 170 154 200 156 1 
32 89 129 168 113 391 89 13 4 72 140 167 129 245 243 24 0 7 139 238 111 191 305 33 
0 2 33 146 160 466 217 0 0 2 24 119 178 264 437 0 0 2 20 130 178 175 508 11 
0 5 58 38 11 634 278 0 0 2 59 38 12 328 584 1 0 4 56 40 9 164 745 6 
0 0 0 0 0 688 336 0 0 0 0 0 0 352 669 3 0 0 0 0 0 199 821 4 
0 0 0 0 0 765 259 0 0 0 0 0 0 226 796 2 0 0 0 0 0 60 958 6 
0 0 0 0 0 820 204 0 0 0 0 0 0 315 708 1 0 0 0 0 0 152 869 3 
0 20 8 7 6 759 224 0 0 18 10 2 6 256 730 2 0 10 15 4 7 171 813 4 
0 222 401 99 23 193 86 0 2 462 232 19 21 76 212 0 294 286 110 21 17 44 252 0 
0 109 745 170 0 0 0 0 3 738 283 0 0 0 0 0 807 217 0 0 0 0 0 0 
0 0 371 651 2 0 0 0 0 443 578 1 1 1 0 0 606 403 12 1 1 1 0 0 
0 13 178 64 273 388 108 0 0 100 97 26 212 357 232 0 58 104 36 35 231 339 221 0 
3 11 22 20 52 295 621 0 0 10 17 18 39 101 813 26 0 5 16 22 39 133 797 12 
0 0 4 110 225 369 316 0 0 0 0 65 206 319 430 4 0 0 5 94 209 331 384 1 
0 5 201 387 168 237 26 0 0 2 93 431 174 244 80 0 0 7 231 331 143 240 72 0 
0 25 457 295 158 89 0 0 0 2 398 323 163 138 0 0 0 178 402 186 154 104 0 0 
0 58 614 271 78 3 0 0 0 2 572 337 105 8 0 0 0 343 421 212 48 0 0 0 
0 150 737 129 8 0 0 0 0 41 796 175 12 0 0 0 27 640 307 49 1 0 0 0 
2 388 375 179 80 0 0 0 0 168 495 230 121 10 0 0 62 447 242 191 82 0 0 0 
11 224 415 276 93 5 0 0 0 119 386 360 141 18 0 0 21 312 354 252 79 6 0 0 
0 0 37 397 521 68 1 0 0 0 2 202 616 201 3 0 0 0 15 322 618 69 0 0 
0 232 512 226 54 0 0 0 0 83 515 298 108 20 0 0 1 358 381 206 72 6 0 0 
0 25 410 434 153 2 0 0 0 0 231 518 258 17 0 0 0 45 385 419 171 4 0 0 
0 49 365 438 157 15 0 0 0 15 275 469 233 32 0 0 0 41 343 456 163 21 0 0 
0 29 413 471 99 12 0 0 0 15 307 533 143 25 1 0 0 62 445 413 90 14 0 0 
12 166 464 345 35 2 0 0 0 120 403 436 60 5 0 0 9 230 522 234 28 1 0 0 
23 315 421 210 53 2 0 0 10 219 425 278 87 5 0 0 17 283 438 225 59 2 0 0 
2 40 132 458 340 52 0 0 0 28 97 405 411 83 0 0 0 29 115 465 364 51 0 0 
0 54 241 540 137 35 17 0 0 24 237 519 184 33 27 0 0 63 299 482 128 28 24 0 
0 0 53 146 166 521 138 0 0 0 44 155 142 267 415 1 0 0 96 128 132 223 443 2 
0 0 5 16 46 745 212 0 0 0 3 9 42 367 602 1 0 0 2 9 37 209 764 3 
0 0 0 0 1 754 269 0 0 0 0 0 1 468 553 2 0 0 0 0 1 217 799 7 
0 0 0 0 0 800 224 0 0 0 0 0 0 478 544 2 0 0 0 0 0 161 851 12 
0 0 0 0 0 778 246 0 0 0 0 0 0 461 563 0 0 0 0 0 0 132 892 0 
0 0 0 0 0 752 272 0 0 0 0 0 0 432 591 1 0 0 0 0 0 152 862 10 
0 0 0 0 0 723 301 0 0 0 0 0 0 389 634 1 0 0 0 0 0 143 876 5 
0 0 0 0 0 831 193 0 0 0 0 0 0 414 610 0 0 0 0 0 0 79 945 0 
0 0 0 0 0 673 351 0 0 0 0 0 0 310 713 1 0 0 0 0 0 68 945 11 
0 22 18 10 12 419 543 0 0 24 15 8 11 199 758 9 0 18 19 8 10 107 830 32 
0 269 356 128 26 135 110 0 43 506 178 22 14 61 200 0 305 356 64 18 17 52 212 0 
360 502 155 7 0 0 0 0 531 471 22 0 0 0 0 0 986 38 0 0 0 0 0 0 
4 207 293 212 241 67 0 0 74 396 265 289 0 0 0 0 509 324 191 0 0 0 0 0 
0 0 69 931 24 0 0 0 0 90 921 13 0 0 0 0 178 844 2 0 0 0 0 0 
0 7 431 306 109 160 11 0 0 374 338 22 73 169 48 0 450 215 49 22 81 176 30 1 
0 2 2 14 119 472 415 0 0 1 3 6 63 238 710 3 0 0 4 6 72 252 688 2 
0 61 252 421 185 73 32 0 0 9 227 385 260 95 48 0 0 63 232 396 212 82 39 0 
0 192 686 146 0 0 0 0 0 48 688 286 2 0 0 0 3 348 585 88 0 0 0 0 
0 711 308 5 0 0 0 0 0 503 509 12 0 0 0 0 360 594 70 0 0 0 0 0 
1 685 335 3 0 0 0 0 0 344 669 11 0 0 0 0 237 737 50 0 0 0 0 0 
0 509 454 56 5 0 0 0 0 137 771 101 15 0 0 0 64 739 188 31 2 0 0 0 
3 412 262 221 117 9 0 0 0 285 346 221 157 15 0 0 149 421 180 195 77 2 0 0 
13 452 436 117 6 0 0 0 0 217 561 224 22 0 0 0 69 488 355 112 0 0 0 0 
0 53 479 421 69 2 0 0 0 7 237 593 177 10 0 0 0 41 397 490 94 2 0 0 
1 471 416 135 1 0 0 0 0 208 574 219 23 0 0 0 63 490 339 130 2 0 0 0 
0 199 573 194 55 3 0 0 0 37 561 314 99 13 0 0 0 191 543 226 56 8 0 0 
11 332 533 143 5 0 0 0 2 147 587 256 32 0 0 0 14 321 531 142 16 0 0 0 
2 237 615 161 9 0 0 0 0 110 639 246 29 0 0 0 6 406 490 117 5 0 0 0 
27 349 583 65 0 0 0 0 8 286 626 104 0 0 0 0 120 514 369 21 0 0 0 0 
60 347 364 231 21 1 0 0 19 311 351 297 44 2 0 0 34 346 373 245 25 1 0 0 
0 31 232 305 116 260 80 0 0 13 182 284 192 137 215 1 0 15 177 304 175 131 221 1 
0 4 23 57 23 716 201 0 0 4 12 51 37 256 664 0 0 4 9 52 38 203 712 6 
0 0 0 0 0 758 266 0 0 0 0 0 0 261 763 0 0 0 0 0 0 99 923 2 
0 0 0 0 0 753 271 0 0 0 0 0 0 399 625 0 0 0 0 0 0 101 917 6 
0 0 0 0 0 687 337 0 0 0 0 0 0 338 686 0 0 0 0 0 0 65 949 10 
0 0 0 0 0 588 436 0 0 0 0 0 0 277 747 0 0 0 0 0 0 65 942 17 
0 0 8 12 32 585 387 0 0 0 2 12 26 351 633 0 0 0 0 13 24 131 852 4 
0 8 55 82 42 365 472 0 0 0 43 82 52 232 610 5 0 0 41 81 51 106 718 27 
1 97 147 83 33 322 341 0 3 73 139 94 45 196 473 1 14 77 110 89 60 78 587 9 
92 173 134 81 27 261 256 0 95 136 139 90 30 177 356 1 141 109 110 77 47 107 429 4 
231 174 176 63 33 100 247 0 233 138 177 78 33 71 294 0 291 109 125 75 52 60 312 0 
204 296 292 65 29 60 78 0 179 360 230 72 32 30 121 0 381 242 135 69 44 31 122 0 
0 803 189 32 0 0 0 0 281 707 36 0 0 0 0 0 971 53 0 0 0 0 0 0 
187 496 268 52 21 0 0 0 307 549 126 40 2 0 0 0 815 164 45 0 0 0 0 0 
0 26 8 20 773 197 0 0 8 25 95 847 49 0 0 0 31 522 468 3 0 0 0 0 
0 0 0 583 393 48 0 0 0 0 680 344 0 0 0 0 0 873 151 0 0 0 0 0 
0 0 255 769 0 0 0 0 0 322 700 2 0 0 0 0 540 474 8 2 0 0 0 0 
0 17 206 231 422 147 1 0 0 125 88 132 421 235 23 0 77 118 27 173 426 199 4 0 
5 602 312 58 36 11 0 0 0 427 455 90 33 16 3 0 192 492 234 60 35 11 0 0 
5 875 144 0 0 0 0 0 0 613 407 4 0 0 0 0 376 606 42 0 0 0 0 0 
39 875 108 2 0 0 0 0 0 698 322 4 0 0 0 0 547 467 10 0 0 0 0 0 
28 993 3 0 0 0 0 0 0 999 25 0 0 0 0 0 994 30 0 0 0 0 0 0 
3 590 344 82 5 0 0 0 0 318 541 142 23 0 0 0 274 463 216 69 2 0 0 0 
0 27 284 457 242 14 0 0 0 3 146 499 320 56 0 0 0 16 336 414 236 22 0 0 
51 471 255 195 49 3 0 0 0 277 404 254 86 3 0 0 129 424 247 198 26 0 0 0 
0 148 591 277 8 0 0 0 0 18 449 493 64 0 0 0 0 65 585 358 16 0 0 0 
6 285 597 134 2 0 0 0 0 96 642 262 24 0 0 0 13 368 535 107 1 0 0 0 
0 83 409 369 144 19 0 0 0 11 279 437 258 39 0 0 0 56 388 409 153 18 0 0 
93 664 215 40 12 0 0 0 4 544 363 91 21 1 0 0 315 430 213 51 15 0 0 0 
37 845 133 9 0 0 0 0 1 654 342 27 0 0 0 0 289 655 76 4 0 0 0 0 
4 642 320 11 10 25 12 0 2 542 420 13 9 27 11 0 256 673 43 5 9 30 8 0 
14 178 96 49 47 355 285 0 2 157 111 59 38 132 521 4 16 164 95 50 39 162 495 3 
0 21 135 14 24 496 334 0 0 0 89 73 25 201 634 2 0 0 57 103 22 164 675 3 
0 50 204 51 33 347 338 1 0 45 143 102 27 163 533 11 16 52 93 123 29 102 586 23 
12 128 192 72 38 255 324 3 25 118 129 125 37 103 474 13 28 127 90 142 40 72 508 17 
52 189 76 34 70 280 323 0 65 157 78 41 55 182 439 7 23 196 71 48 54 160 462 10 
199 85 118 53 58 299 212 0 154 105 115 74 44 263 261 8 97 164 98 80 46 225 300 14 
196 111 103 69 66 420 59 0 164 101 121 83 52 389 112 2 95 184 95 73 61 332 183 1 
202 120 120 69 26 483 4 0 166 121 116 93 28 460 40 0 151 142 100 88 40 394 109 0 
192 125 70 12 8 590 27 0 171 117 96 11 10 552 67 0 155 150 75 13 9 417 205 0 
211 54 4 15 14 719 7 0 196 67 4 11 14 679 53 0 204 59 3 11 14 470 263 0 
126 88 107 44 67 592 0 0 123 166 46 25 33 582 49 0 91 190 44 28 28 445 198 0 
84 134 327 236 45 197 1 0 81 485 166 41 33 201 17 0 370 314 55 28 31 191 35 0 
21 389 463 151 0 0 0 0 141 809 74 0 0 0 0 0 912 106 6 0 0 0 0 0 
0 470 256 65 214 19 0 0 164 552 187 121 0 0 0 0 713 232 79 0 0 0 0 0 
4 112 128 134 616 30 0 0 3 166 431 407 17 0 0 0 121 650 222 31 0 0 0 0 
0 9 24 37 820 125 9 0 1 26 229 725 41 2 0 0 20 721 258 23 2 0 0 0 
0 0 37 174 748 65 0 0 0 15 286 715 8 0 0 0 28 662 334 0 0 0 0 0 
0 0 173 840 11 0 0 0 0 89 922 13 0 0 0 0 194 823 7 0 0 0 0 0 
0 11 553 417 43 0 0 0 0 434 288 236 65 1 0 0 487 192 95 235 15 0 0 0 
1 513 386 121 3 0 0 0 0 265 579 165 15 0 0 0 35 541 328 119 1 0 0 0 
0 1007 17 0 0 0 0 0 0 884 140 0 0 0 0 0 712 312 0 0 0 0 0 0 
16 619 246 138 5 0 0 0 1 447 348 196 32 0 0 0 209 485 201 126 3 0 0 0 
29 735 240 19 1 0 0 0 0 560 407 55 2 0 0 0 531 367 122 4 0 0 0 0 
0 677 347 0 0 0 0 0 0 311 699 14 0 0 0 0 317 645 62 0 0 0 0 0 
0 119 604 228 72 1 0 0 0 40 401 458 112 13 0 0 0 165 496 287 75 1 0 0 
1 18 196 424 329 56 0 0 0 3 87 318 474 142 0 0 0 10 125 414 420 55 0 0 
275 192 210 270 72 5 0 0 39 312 228 255 168 22 0 0 219 220 213 285 81 6 0 0 
31 556 300 137 0 0 0 0 0 302 475 213 34 0 0 0 128 488 261 143 4 0 0 0 
1 309 318 223 146 27 0 0 0 136 403 235 196 53 1 0 23 311 272 226 161 30 1 0 
39 261 265 264 161 33 1 0 6 188 272 249 228 77 4 0 41 208 274 240 207 50 4 0 
22 483 275 156 80 8 0 0 1 383 341 156 126 17 0 0 143 407 231 133 101 9 0 0 
6 634 374 6 4 0 0 0 2 517 460 40 3 2 0 0 161 690 153 15 3 2 0 0 
4 87 480 235 111 102 5 0 0 47 336 381 141 102 17 0 0 53 323 407 129 91 21 0 
0 7 101 80 282 551 3 0 0 4 80 82 216 562 80 0 0 1 82 90 235 475 141 0 
15 184 28 19 32 736 10 0 54 147 24 19 27 641 112 0 78 125 22 21 19 498 261 0 
2 20 5 4 13 966 14 0 5 17 5 4 10 860 123 0 2 18 6 3 12 593 390 0 
0 0 0 0 1 1021 2 0 0 0 0 0 0 924 100 0 0 0 0 0 0 625 399 0 
0 0 0 0 6 947 71 0 0 0 0 0 0 830 194 0 0 0 0 0 0 525 498 1 
0 0 0 0 2 958 64 0 0 0 0 0 0 827 197 0 0 0 0 0 0 512 512 0 
4 17 5 7 9 908 74 0 2 18 5 6 9 763 221 0 0 16 7 5 10 472 514 0 
1 127 197 63 51 575 10 0 0 304 62 16 26 566 50 0 90 249 22 16 23 381 243 0 
0 103 555 153 52 159 2 0 0 699 86 18 33 171 17 0 447 308 25 19 21 130 74 0 
0 113 814 97 0 0 0 0 33 924 66 1 0 0 0 0 790 227 5 2 0 0 0 0 
0 284 646 55 31 8 0 0 133 802 67 20 2 0 0 0 926 76 20 2 0 0 0 0 
0 190 308 120 396 10 0 0 58 441 292 233 0 0 0 0 512 430 82 0 0 0 0 0 
0 38 43 134 776 33 0 0 12 69 624 319 0 0 0 0 96 807 121 0 0 0 0 0 
0 0 0 110 883 31 0 0 0 0 569 455 0 0 0 0 3 877 144 0 0 0 0 0 
0 0 0 7 1017 0 0 0 0 0 298 726 0 0 0 0 0 934 90 0 0 0 0 0 
0 16 54 105 810 39 0 0 3 21 331 625 23 21 0 0 17 645 276 47 26 13 0 0 
2 129 445 236 127 79 6 0 0 116 371 286 112 129 10 0 42 195 310 245 126 98 8 0 
0 36 265 518 193 12 0 0 0 55 188 497 259 24 1 0 13 106 214 486 192 13 0 0 
0 120 472 294 124 14 0 0 0 48 347 434 158 37 0 0 2 139 411 322 128 22 0 0 
8 769 181 57 9 0 0 0 0 628 288 88 17 3 0 0 384 413 150 67 9 1 0 0 
44 265 335 179 70 122 9 0 0 207 257 286 110 113 51 0 114 171 294 206 96 121 22 0 
3 227 598 119 55 22 0 0 0 93 612 215 69 35 0 0 19 308 503 112 62 20 0 0 
0 332 573 107 12 0 0 0 0 80 710 207 26 1 0 0 38 549 346 79 12 0 0 0 
8 131 542 275 60 8 0 0 0 37 409 464 83 31 0 0 5 157 484 307 59 12 0 0 
1 34 198 329 315 147 0 0 0 6 106 267 393 240 12 0 0 22 118 308 388 186 2 0 
103 58 175 274 317 96 1 0 14 101 110 228 349 202 20 0 61 64 136 261 360 138 4 0 
236 675 78 34 1 0 0 0 0 670 282 60 12 0 0 0 503 392 76 48 5 0 0 0 
3 426 327 106 124 38 0 0 0 164 512 163 101 84 0 0 50 407 289 106 114 58 0 0 
12 115 140 266 291 182 18 0 1 73 117 230 308 240 55 0 0 70 128 250 329 221 26 0 
9 159 215 237 188 168 48 0 1 89 213 223 224 182 92 0 1 105 210 260 204 162 82 0 
5 233 64 41 76 434 171 0 3 195 79 51 54 214 428 0 26 207 44 52 53 211 431 0 
0 1 91 41 83 637 171 0 0 0 28 84 66 347 498 1 0 0 9 103 61 241 609 1 
0 3 134 84 64 559 180 0 0 0 73 134 44 307 466 0 0 0 44 154 51 301 474 0 
0 3 210 105 81 444 181 0 0 0 154 142 59 253 416 0 0 33 119 141 66 185 480 0 
0 7 299 90 61 386 181 0 0 27 246 106 48 249 348 0 11 123 116 124 44 196 410 0 
0 34 374 74 50 281 211 0 0 60 312 105 30 184 333 0 50 187 133 101 27 144 382 0 
0 73 428 83 27 174 239 0 1 150 326 102 22 67 356 0 123 215 121 112 23 65 363 2 
0 155 446 77 27 182 137 0 22 220 327 105 20 118 212 0 225 214 125 105 22 105 228 0 
4 203 541 98 56 104 18 0 41 478 232 92 23 118 40 0 372 239 133 92 24 112 52 0 
0 123 871 30 0 0 0 0 58 943 23 0 0 0 0 0 920 104 0 0 0 0 0 0 
0 204 719 46 55 0 0 0 81 844 74 25 0 0 0 0 924 72 28 0 0 0 0 0 
0 160 306 91 455 12 0 0 57 411 372 184 0 0 0 0 468 409 147 0 0 0 0 0 
0 4 40 215 731 34 0 0 4 44 724 252 0 0 0 0 60 813 151 0 0 0 0 0 
0 0 20 162 795 47 0 0 0 28 507 482 7 0 0 0 34 771 215 4 0 0 0 0 
0 8 52 196 720 48 0 0 7 56 647 314 0 0 0 0 70 787 167 0 0 0 0 0 
0 3 45 303 653 20 0 0 3 46 679 296 0 0 0 0 100 783 141 0 0 0 0 0 
0 0 39 190 795 0 0 0 1 37 508 478 0 0 0 0 53 900 71 0 0 0 0 0 
1 28 35 261 647 47 5 0 1 40 511 388 37 38 9 0 12 674 221 47 35 33 2 0 
7 212 89 93 157 369 97 0 0 139 143 96 117 283 246 0 0 62 201 112 125 342 181 1 
15 157 239 223 200 173 17 0 0 105 199 261 198 217 44 0 4 111 227 248 213 194 27 0 
1 97 350 495 81 0 0 0 0 28 257 486 251 2 0 0 1 68 310 488 156 1 0 0 
71 523 165 126 37 86 16 0 1 399 296 151 51 55 71 0 147 437 146 137 37 84 36 0 
32 301 74 77 102 290 148 0 0 212 163 68 83 172 322 4 15 226 122 66 90 262 243 0 
72 118 108 307 259 151 9 0 7 135 109 201 326 173 73 0 12 159 107 255 274 173 44 0 
18 497 331 147 31 0 0 0 0 235 538 171 75 5 0 0 105 498 253 122 46 0 0 0 
0 45 44 133 522 278 2 0 0 11 51 80 369 477 36 0 0 10 58 114 486 350 6 0 
0 4 36 47 157 513 267 0 0 0 11 50 109 407 447 0 0 0 9 52 129 427 407 0 
14 15 21 106 496 368 4 0 3 18 10 47 303 584 59 0 0 15 12 51 418 514 14 0 
66 49 42 91 192 475 109 0 7 82 43 68 124 411 288 1 46 55 33 82 154 441 213 0 
21 236 409 204 101 50 3 0 0 78 437 285 120 86 18 0 7 164 444 227 99 75 8 0 
2 111 229 338 277 66 1 0 2 19 206 290 344 158 5 0 2 31 215 297 341 136 2 0 
0 146 437 357 72 12 0 0 0 63 332 436 175 18 0 0 0 122 329 396 162 15 0 0 
3 96 491 303 121 10 0 0 2 137 388 400 92 5 0 0 47 298 370 275 31 3 0 0 
0 220 402 236 125 41 0 0 3 446 277 264 34 0 0 0 409 297 203 113 2 0 0 0 
8 344 373 227 64 8 0 0 13 484 304 182 41 0 0 0 388 396 164 75 1 0 0 0 
35 666 259 43 20 1 0 0 37 815 132 39 1 0 0 0 809 175 40 0 0 0 0 0 
52 548 266 58 91 9 0 0 21 763 114 126 0 0 0 0 662 236 125 1 0 0 0 0 
0 972 52 0 0 0 0 0 13 989 22 0 0 0 0 0 769 255 0 0 0 0 0 0 
0 582 214 87 101 40 0 0 1 779 89 140 15 0 0 0 745 126 139 14 0 0 0 0 
0 1024 0 0 0 0 0 0 0 1024 0 0 0 0 0 0 1023 1 0 0 0 0 0 0 
0 430 232 82 221 59 0 0 25 636 115 239 9 0 0 0 655 126 232 11 0 0 0 0 
0 940 76 8 0 0 0 0 28 987 9 0 0 0 0 0 954 70 0 0 0 0 0 0 
0 445 159 130 270 20 0 0 39 545 177 245 18 0 0 0 549 216 235 24 0 0 0 0 
55 457 81 108 296 27 0 0 96 489 161 253 25 0 0 0 576 200 221 27 0 0 0 0 
188 315 98 149 256 18 0 0 243 352 291 138 0 0 0 0 591 330 103 0 0 0 0 0 
0 27 53 100 719 125 0 0 9 62 342 609 2 0 0 0 62 552 409 1 0 0 0 0 
0 17 43 96 777 81 10 0 0 40 288 627 31 38 0 0 16 554 367 35 30 22 0 0 
220 98 24 154 480 48 0 0 211 129 368 303 13 0 0 0 364 501 156 3 0 0 0 0 
107 74 26 83 719 15 0 0 118 80 321 505 0 0 0 0 194 644 186 0 0 0 0 0 
0 0 14 96 776 48 90 0 0 7 208 666 24 17 102 0 8 523 253 105 16 24 95 0 
0 0 1 2 5 471 545 0 0 0 0 2 5 20 991 6 0 0 0 2 5 20 974 23 
7 34 28 54 260 418 223 0 0 25 29 41 146 363 414 6 0 3 45 36 164 376 393 7 
8 85 247 424 227 33 0 0 0 60 148 378 338 97 3 0 14 69 145 420 296 77 3 0 
40 247 55 74 151 328 129 0 0 220 89 63 118 200 333 1 36 176 89 68 114 242 298 1 
12 33 30 25 100 535 289 0 0 24 34 27 42 277 620 0 0 6 43 33 43 336 563 0 
0 5 28 125 282 373 211 0 0 1 10 73 196 364 378 2 0 0 9 91 209 361 354 0 
0 119 384 423 95 3 0 0 0 15 286 465 240 18 0 0 0 111 343 422 140 8 0 0 
0 0 19 130 572 293 10 0 0 0 10 75 408 488 43 0 0 0 18 131 568 293 14 0 
8 7 4 9 13 451 532 0 0 7 7 7 9 114 870 10 0 3 8 8 9 163 832 1 
28 24 28 204 426 309 5 0 0 35 30 75 336 447 101 0 0 16 42 111 390 403 62 0 
0 0 0 2 133 526 363 0 0 0 0 1 64 313 642 4 0 0 0 1 78 354 591 0 
44 453 164 115 137 105 6 0 2 291 315 120 113 136 47 0 56 380 195 110 116 135 32 0 
60 217 262 218 183 78 6 0 1 114 275 273 205 146 10 0 43 108 284 271 208 105 5 0 
8 63 111 288 419 132 3 0 0 38 106 189 448 218 25 0 5 47 105 214 452 193 8 0 
0 94 393 306 154 77 0 0 0 51 321 436 207 9 0 0 5 107 465 366 79 2 0 0 
0 59 247 422 245 48 3 0 0 65 462 443 38 14 2 0 58 504 350 85 23 4 0 0 
207 602 23 3 86 103 0 0 16 637 179 78 114 0 0 0 380 452 137 55 0 0 0 0 
158 558 60 144 82 22 0 0 41 649 179 146 9 0 0 0 539 351 134 0 0 0 0 0 
220 269 55 192 200 88 0 0 9 503 164 346 2 0 0 0 361 294 369 0 0 0 0 0 
63 956 5 0 0 0 0 0 54 969 1 0 0 0 0 0 856 168 0 0 0 0 0 0 
32 437 44 180 291 40 0 0 18 482 166 342 16 0 0 0 469 301 237 17 0 0 0 0 
0 1024 0 0 0 0 0 0 0 1024 0 0 0 0 0 0 1024 0 0 0 0 0 0 0 
0 334 57 167 404 62 0 0 0 408 251 365 0 0 0 0 401 376 247 0 0 0 0 0 
0 705 287 32 0 0 0 0 1 991 32 0 0 0 0 0 846 178 0 0 0 0 0 0 
0 480 40 208 252 44 0 0 9 504 150 350 11 0 0 0 431 252 325 16 0 0 0 0 
239 433 32 158 127 35 0 0 346 326 138 186 28 0 0 0 672 135 194 23 0 0 0 0 
623 62 31 267 41 0 0 0 645 42 125 212 0 0 0 0 678 154 192 0 0 0 0 0 
0 0 0 205 701 118 0 0 0 0 327 695 2 0 0 0 0 556 468 0 0 0 0 0 
0 0 4 65 906 49 0 0 0 3 538 483 0 0 0 0 5 785 234 0 0 0 0 0 
529 272 124 35 64 0 0 0 339 482 151 52 0 0 0 0 799 135 90 0 0 0 0 0 
65 180 106 217 442 14 0 0 15 258 385 339 27 0 0 0 215 558 231 20 0 0 0 0 
0 0 0 43 865 56 60 0 0 0 171 721 27 33 70 2 1 578 212 120 9 31 73 0 
0 0 0 0 2 515 507 0 0 0 0 0 1 119 865 39 0 0 0 0 1 57 914 52 
36 58 24 13 27 326 540 0 1 75 32 21 19 75 783 18 1 54 47 26 17 61 754 64 
35 136 137 104 100 413 99 0 0 84 165 114 101 201 359 0 0 45 186 126 98 235 330 4 
0 8 8 14 59 614 321 0 0 2 8 10 22 217 764 1 0 0 8 9 26 238 740 3 
0 0 6 36 156 604 222 0 0 0 0 29 73 408 513 1 0 0 0 29 83 438 473 1 
0 0 0 2 11 285 726 0 0 0 0 0 7 40 972 5 0 0 0 0 11 62 947 4 
30 97 107 92 153 457 88 0 1 90 97 105 100 273 358 0 0 85 121 101 123 293 301 0 
0 0 31 89 339 559 6 0 0 0 25 59 190 651 99 0 0 0 28 77 266 627 26 0 
0 0 5 24 43 467 485 0 0 0 0 18 25 219 762 0 0 0 0 17 24 264 719 0 
59 121 99 98 161 354 132 0 0 91 131 110 115 345 226 6 0 100 134 102 121 389 178 0 
0 16 10 20 177 695 106 0 0 4 17 14 49 530 407 3 0 0 14 15 67 617 311 0 
3 17 9 18 101 646 230 0 0 12 11 17 29 322 632 1 0 7 15 17 35 429 520 1 
255 130 33 31 139 338 98 0 28 301 68 33 36 285 270 3 213 123 59 36 46 317 229 1 
26 104 172 176 321 203 22 0 1 76 168 171 216 307 81 4 14 76 184 161 249 290 49 1 
8 129 366 228 203 90 0 0 0 65 329 370 194 66 0 0 5 83 453 362 56 65 0 0 
0 60 280 468 215 1 0 0 0 60 544 356 60 4 0 0 37 607 279 77 24 0 0 0 
20 739 45 28 180 12 0 0 0 386 425 196 17 0 0 0 78 753 182 11 0 0 0 0 
208 119 34 444 219 0 0 0 95 182 264 344 128 11 0 0 151 371 278 176 48 0 0 0 
290 158 98 189 244 45 0 0 114 358 215 335 2 0 0 0 362 396 266 0 0 0 0 0 
123 886 15 0 0 0 0 0 128 869 27 0 0 0 0 0 813 211 0 0 0 0 0 0 
59 383 70 185 321 6 0 0 55 448 220 301 0 0 0 0 435 466 123 0 0 0 0 0 
0 995 29 0 0 0 0 0 0 1014 10 0 0 0 0 0 933 91 0 0 0 0 0 0 
0 339 45 164 476 0 0 0 0 385 347 292 0 0 0 0 353 553 118 0 0 0 0 0 
0 660 332 32 0 0 0 0 0 855 169 0 0 0 0 0 673 342 9 0 0 0 0 0 
0 334 181 224 257 28 0 0 2 437 210 352 23 0 0 0 336 294 366 28 0 0 0 0 
189 394 112 192 110 27 0 0 240 348 234 171 31 0 0 0 552 249 220 3 0 0 0 0 
619 53 37 221 94 0 0 0 646 58 71 249 0 0 0 0 689 82 253 0 0 0 0 0 
0 0 4 231 736 53 0 0 0 0 298 712 14 0 0 0 0 598 426 0 0 0 0 0 
0 0 0 101 862 51 10 0 0 0 573 423 20 8 0 0 1 848 156 7 12 0 0 0 
475 198 227 68 56 0 0 0 375 315 269 65 0 0 0 0 637 270 117 0 0 0 0 0 
59 137 135 285 393 15 0 0 14 207 525 260 18 0 0 0 146 601 258 19 0 0 0 0 
0 0 0 26 913 50 35 0 0 0 122 779 44 41 38 0 0 572 237 126 11 43 35 0 
0 0 0 0 10 592 422 0 0 0 0 0 0 282 713 29 0 0 0 0 0 148 790 86 
0 0 0 0 7 662 355 0 0 0 0 0 0 226 786 12 0 0 0 0 0 112 867 45 
0 0 0 2 181 812 29 0 0 0 0 0 18 665 341 0 0 0 0 0 16 542 466 0 
0 0 13 164 383 449 15 0 0 0 3 89 247 573 112 0 0 0 6 104 262 545 107 0 
0 11 121 260 329 289 14 0 0 0 60 209 309 337 109 0 0 3 76 237 300 321 87 0 
0 0 0 6 162 516 340 0 0 0 0 1 69 410 539 5 0 0 0 4 90 435 492 3 
0 0 0 45 347 608 24 0 0 0 0 17 128 668 211 0 0 0 0 14 153 695 162 0 
0 5 59 182 446 332 0 0 0 0 41 103 394 456 30 0 0 0 57 176 401 379 11 0 
0 0 0 0 408 616 0 0 0 0 0 0 8 1013 3 0 0 0 0 0 21 1003 0 0 
0 0 0 0 594 430 0 0 0 0 0 0 10 1003 11 0 0 0 0 0 15 1000 9 0 
0 0 0 0 619 405 0 0 0 0 0 0 28 981 15 0 0 0 0 0 36 978 10 0 
0 0 0 0 592 432 0 0 0 0 0 0 12 1003 9 0 0 0 0 0 11 1002 11 0 
0 0 0 0 595 429 0 0 0 0 0 0 16 1002 6 0 0 0 0 0 14 1007 3 0 
0 0 0 0 571 453 0 0 0 0 0 0 17 996 11 0 0 0 0 0 4 1007 13 0 
0 0 0 35 639 350 0 0 0 0 18 118 100 779 9 0 0 3 95 91 85 735 15 0 
0 67 328 381 227 21 0 0 0 46 531 366 60 21 0 0 42 560 282 107 22 11 0 0 
4 645 145 13 210 7 0 0 0 139 661 224 0 0 0 0 7 723 289 5 0 0 0 0 
0 162 208 432 219 3 0 0 0 108 346 343 186 41 0 0 30 357 351 234 52 0 0 0 
0 258 278 178 276 34 0 0 0 292 382 349 1 0 0 0 25 753 246 0 0 0 0 0 
0 466 558 0 0 0 0 0 0 576 448 0 0 0 0 0 1 977 46 0 0 0 0 0 
1 196 315 209 290 13 0 0 0 311 429 284 0 0 0 0 68 762 194 0 0 0 0 0 
0 777 247 0 0 0 0 0 0 914 110 0 0 0 0 0 179 845 0 0 0 0 0 0 
14 319 51 90 546 4 0 0 40 340 264 380 0 0 0 0 224 646 154 0 0 0 0 0 
133 612 221 56 2 0 0 0 232 573 189 26 4 0 0 0 653 323 35 13 0 0 0 0 
0 243 125 327 323 6 0 0 0 256 293 472 3 0 0 0 217 316 485 6 0 0 0 0 
98 287 245 245 114 35 0 0 131 273 370 216 34 0 0 0 303 384 298 39 0 0 0 0 
494 144 77 239 70 0 0 0 561 98 144 221 0 0 0 0 593 179 248 4 0 0 0 0 
0 0 18 245 670 91 0 0 0 2 380 610 32 0 0 0 13 608 400 3 0 0 0 0 
0 0 0 132 861 31 0 0 0 0 615 402 7 0 0 0 25 905 94 0 0 0 0 0 
134 189 413 202 86 0 0 0 6 284 547 187 0 0 0 0 153 675 196 0 0 0 0 0 
61 105 171 274 413 0 0 0 3 175 562 277 7 0 0 0 119 678 222 5 0 0 0 0 
0 0 0 71 895 40 18 0 0 0 299 633 37 35 20 0 1 652 194 113 9 39 16 0 
0 0 0 0 27 598 399 0 0 0 0 0 4 232 627 161 0 0 0 0 2 133 689 200 
0 19 20 13 14 504 447 7 0 0 30 13 18 172 628 163 0 0 20 20 16 78 705 185 
0 0 0 0 90 673 261 0 0 0 0 0 27 419 515 63 0 0 0 0 32 361 563 68 
0 166 298 298 211 49 2 0 0 97 290 270 263 88 16 0 33 147 255 276 219 90 4 0 
1 242 304 256 91 102 28 0 0 120 276 323 133 97 75 0 22 143 290 306 87 109 67 0 
0 8 74 350 431 157 4 0 0 0 31 195 456 317 25 0 0 2 36 264 436 272 14 0 
6 28 40 252 531 167 0 0 0 16 30 113 437 408 20 0 0 10 29 140 493 344 8 0 
6 51 220 442 275 29 1 0 0 20 95 401 390 113 5 0 0 33 193 423 312 60 3 0 
0 0 0 0 409 615 0 0 0 0 0 0 25 975 24 0 0 0 0 0 55 960 9 0 
0 0 0 2 497 525 0 0 0 0 0 0 66 912 46 0 0 0 0 0 96 904 24 0 
0 0 0 0 526 498 0 0 0 0 0 0 42 928 54 0 0 0 0 0 64 921 39 0 
0 0 1 7 368 636 12 0 0 0 0 4 30 853 137 0 0 0 0 4 36 859 125 0 
0 0 0 0 303 608 113 0 0 0 0 0 11 671 342 0 0 0 0 0 10 683 331 0 
0 0 0 0 514 468 42 0 0 0 0 0 21 880 123 0 0 0 0 0 26 870 128 0 
0 0 0 53 509 462 0 0 0 0 16 68 122 794 24 0 0 0 52 54 194 703 21 0 
0 55 290 494 185 0 0 0 0 80 424 358 161 1 0 0 11 472 268 218 55 0 0 0 
124 424 128 123 219 6 0 0 0 415 262 302 45 0 0 0 66 528 310 112 8 0 0 0 
0 170 138 441 268 7 0 0 0 128 287 364 214 31 0 0 5 387 314 268 50 0 0 0 
0 250 266 219 279 10 0 0 0 233 469 322 0 0 0 0 15 779 230 0 0 0 0 0 
0 514 510 0 0 0 0 0 0 508 516 0 0 0 0 0 2 1018 4 0 0 0 0 0 
0 143 372 222 280 7 0 0 0 272 480 271 1 0 0 0 51 779 184 10 0 0 0 0 
0 584 440 0 0 0 0 0 0 664 360 0 0 0 0 0 72 856 96 0 0 0 0 0 
0 230 154 130 508 2 0 0 0 259 291 474 0 0 0 0 44 681 299 0 0 0 0 0 
115 472 246 129 62 0 0 0 260 323 287 111 43 0 0 0 514 156 268 81 5 0 0 0 
0 138 135 285 464 2 0 0 1 164 268 529 62 0 0 0 132 239 536 117 0 0 0 0 
0 205 267 344 181 27 0 0 34 190 372 378 50 0 0 0 153 257 471 143 0 0 0 0 
11 35 605 140 233 0 0 0 14 66 678 134 132 0 0 0 22 260 573 169 0 0 0 0 
0 0 0 179 797 48 0 0 0 0 429 527 68 0 0 0 3 615 331 75 0 0 0 0 
0 0 0 287 717 14 6 0 0 0 813 194 10 7 0 0 39 933 32 13 7 0 0 0 
195 301 230 203 95 0 0 0 6 371 469 176 2 0 0 0 172 573 249 30 0 0 0 0 
54 147 201 221 364 31 4 2 0 178 439 340 50 11 4 2 60 466 375 88 22 10 3 0 
0 0 11 334 557 117 5 0 0 0 260 601 69 89 5 0 0 291 468 143 33 77 12 0 
0 66 104 61 134 259 399 1 0 1 116 100 43 230 440 94 0 3 64 134 58 252 375 138 
0 23 102 83 170 599 47 0 0 0 65 102 78 579 200 0 0 0 29 116 99 506 274 0 
2 59 177 61 152 561 12 0 0 6 116 151 38 620 88 5 0 0 80 183 44 604 107 6 
3 258 107 62 174 413 7 0 0 45 266 82 77 426 128 0 0 37 253 99 88 433 114 0 
0 244 130 111 273 265 1 0 0 34 307 93 139 376 75 0 0 28 299 101 143 416 37 0 
14 198 249 58 108 365 32 0 3 144 253 77 80 259 208 0 2 210 203 65 83 298 163 0 
1 192 290 117 242 180 2 0 2 206 228 102 152 279 55 0 35 259 178 83 185 254 30 0 
49 413 329 131 77 25 0 0 27 301 303 260 77 56 0 0 149 308 305 152 83 27 0 0 
0 0 0 1 554 469 0 0 0 0 0 0 88 909 27 0 0 0 0 0 151 869 4 0 
0 0 0 0 569 455 0 0 0 0 0 0 68 945 11 0 0 0 0 0 166 857 1 0 
0 0 0 0 515 508 1 0 0 0 0 0 14 947 63 0 0 0 0 0 71 921 32 0 
0 0 3 54 181 531 255 0 0 0 0 69 68 360 527 0 0 0 3 72 79 439 431 0 
61 142 250 98 113 213 147 0 46 202 235 55 99 176 211 0 93 266 121 63 99 231 151 0 
155 154 320 163 30 99 103 0 140 227 396 24 29 47 159 2 267 415 84 22 35 69 132 0 
111 171 295 258 68 118 3 0 127 222 452 35 41 109 38 0 257 493 72 18 67 105 12 0 
0 41 245 669 69 0 0 0 0 63 426 479 55 1 0 0 14 375 532 70 33 0 0 0 
0 105 183 512 203 21 0 0 0 34 527 450 13 0 0 0 5 519 485 15 0 0 0 0 
2 81 228 418 282 13 0 0 0 68 587 367 2 0 0 0 52 603 351 18 0 0 0 0 
8 115 178 314 385 24 0 0 2 155 435 416 16 0 0 0 45 600 361 18 0 0 0 0 
8 299 297 181 236 3 0 0 9 265 553 197 0 0 0 0 33 758 223 10 0 0 0 0 
6 122 274 231 386 5 0 0 1 138 534 351 0 0 0 0 40 668 307 9 0 0 0 0 
17 359 396 174 70 8 0 0 11 366 567 78 2 0 0 0 42 804 169 9 0 0 0 0 
2 233 201 321 267 0 0 0 3 282 442 296 1 0 0 0 73 601 326 24 0 0 0 0 
6 160 436 367 55 0 0 0 41 242 506 235 0 0 0 0 165 495 284 80 0 0 0 0 
1 59 150 518 286 10 0 0 20 77 461 428 38 0 0 0 74 404 409 137 0 0 0 0 
2 60 143 611 198 10 0 0 21 80 482 390 50 1 0 0 81 426 288 226 3 0 0 0 
2 70 202 637 113 0 0 0 20 91 701 201 11 0 0 0 77 600 246 99 2 0 0 0 
0 22 87 560 329 25 1 0 12 62 690 239 21 0 0 0 87 740 150 46 1 0 0 0 
0 18 56 648 288 14 0 0 26 157 747 87 7 0 0 0 367 619 37 1 0 0 0 0 
0 33 197 291 296 197 10 0 16 81 480 309 83 49 6 0 100 442 378 40 25 39 0 0 
0 37 61 102 240 299 280 5 13 46 129 220 150 138 300 28 67 94 255 114 46 164 276 8 
0 6 36 91 142 424 303 22 6 40 75 145 112 279 261 106 51 67 151 96 21 290 272 76 
0 0 15 45 103 561 295 5 0 12 23 128 138 318 354 51 13 17 165 92 34 305 372 26 
0 0 1 33 226 548 216 0 0 0 14 167 51 468 322 2 0 13 177 32 39 452 311 0 
0 0 1 50 363 442 168 0 0 0 29 102 38 518 337 0 0 6 114 32 24 537 311 0 
0 2 79 140 236 559 8 0 0 2 129 91 33 644 125 0 0 41 162 26 47 600 148 0 
52 54 103 180 136 498 1 0 41 48 171 124 50 491 99 0 56 88 199 50 59 520 52 0 
58 96 336 128 101 282 23 0 10 95 359 134 65 241 116 4 36 220 270 80 77 245 94 2 
20 58 269 234 55 88 298 2 1 22 160 347 87 40 325 42 2 38 297 232 46 57 345 7 
20 220 205 233 262 38 46 0 2 105 270 193 357 30 67 0 27 275 177 384 73 36 52 0 
0 0 0 0 506 518 0 0 0 0 0 0 48 957 19 0 0 0 0 0 127 883 14 0 
0 0 0 0 362 661 1 0 0 0 0 0 32 934 58 0 0 0 0 0 67 922 35 0 
0 0 0 0 460 564 0 0 0 0 0 0 38 957 29 0 0 0 0 0 66 953 5 0 
0 0 0 0 290 734 0 0 0 0 0 0 5 921 98 0 0 0 0 0 24 969 31 0 
0 0 0 0 423 601 0 0 0 0 0 0 48 906 70 0 0 0 0 0 59 925 40 0 
1 25 33 30 483 443 9 0 0 3 30 29 173 687 102 0 0 5 33 27 249 658 52 0 
30 190 354 112 210 128 0 0 21 33 463 131 108 239 29 0 32 149 403 75 114 242 9 0 
21 149 332 314 161 45 2 0 15 128 408 282 59 119 13 0 80 329 390 54 46 114 11 0 
5 85 170 552 185 27 0 0 7 63 265 500 119 70 0 0 41 179 512 195 22 75 0 0 
0 34 63 521 361 45 0 0 0 40 174 336 405 69 0 0 27 168 154 566 40 69 0 0 
2 41 70 559 348 4 0 0 6 49 218 483 258 10 0 0 36 244 177 548 10 9 0 0 
7 38 44 608 327 0 0 0 15 40 270 495 204 0 0 0 34 334 206 450 0 0 0 0 
4 43 34 469 474 0 0 0 13 38 288 344 341 0 0 0 45 409 177 391 2 0 0 0 
6 38 37 625 318 0 0 0 9 46 536 213 220 0 0 0 44 566 134 280 0 0 0 0 
5 55 85 734 145 0 0 0 13 55 663 206 87 0 0 0 65 645 170 144 0 0 0 0 
3 107 74 673 163 4 0 0 5 121 562 334 2 0 0 0 74 622 257 71 0 0 0 0 
4 112 102 760 46 0 0 0 5 168 469 381 1 0 0 0 148 495 360 21 0 0 0 0 
1 118 122 756 27 0 0 0 0 149 374 491 10 0 0 0 134 363 438 77 7 5 0 0 
2 130 223 571 59 39 0 0 5 161 260 497 40 57 4 0 136 244 478 65 33 63 5 0 
8 195 262 484 63 12 0 0 9 183 295 451 39 47 0 0 120 173 558 88 28 57 0 0 
165 58 380 259 113 48 1 0 161 57 176 450 58 119 3 0 194 38 412 207 34 136 3 0 
205 46 266 79 156 267 5 0 206 43 213 156 69 318 19 0 238 95 201 83 61 335 11 0 
188 41 80 62 301 310 42 0 183 37 111 173 46 361 113 0 195 143 115 53 45 397 76 0 
183 53 20 189 188 368 23 0 183 38 201 113 20 328 141 0 163 294 58 17 20 370 102 0 
162 42 63 205 201 351 0 0 162 62 201 179 17 350 53 0 146 348 77 31 15 388 19 0 
149 35 68 343 152 277 0 0 143 73 357 84 18 281 68 0 220 354 68 13 11 325 33 0 
81 39 84 336 166 318 0 0 89 67 375 101 47 310 35 0 203 301 149 15 10 293 53 0 
213 124 154 135 134 264 0 0 199 86 235 101 23 331 49 0 249 151 166 54 25 344 35 0 
115 130 77 21 265 416 0 0 43 148 83 53 29 614 54 0 50 125 77 73 29 623 47 0 
0 17 21 22 195 758 11 0 0 2 24 21 22 778 177 0 0 1 23 19 26 799 156 0 
0 0 0 0 374 570 80 0 0 0 0 0 0 861 155 8 0 0 0 0 4 879 137 4 
1 4 3 3 211 688 113 1 0 4 4 2 11 763 225 15 0 4 4 2 17 795 197 5 
0 0 0 17 500 499 8 0 0 0 0 0 223 734 67 0 0 0 0 0 285 708 31 0 
0 0 0 21 448 555 0 0 0 0 0 1 121 859 43 0 0 0 0 2 193 816 13 0 
0 0 0 8 582 434 0 0 0 0 0 0 155 830 39 0 0 0 0 0 195 815 14 0 
0 0 0 4 505 513 2 0 0 0 0 0 80 840 104 0 0 0 0 0 107 874 43 0 
0 0 0 5 597 416 6 0 0 0 0 0 104 851 69 0 0 0 0 0 129 837 58 0 
0 0 0 0 576 445 3 0 0 0 0 0 47 889 88 0 0 0 0 0 55 896 73 0 
0 0 0 4 562 458 0 0 0 0 0 0 74 905 45 0 0 0 0 0 102 886 36 0 
0 0 0 0 657 366 1 0 0 0 0 0 103 879 42 0 0 0 0 0 88 892 44 0 
0 0 0 9 749 263 3 0 0 0 0 0 206 797 21 0 0 0 0 0 174 826 24 0 
0 0 0 1 600 421 2 0 0 0 0 0 155 827 42 0 0 0 0 0 102 840 82 0 
0 4 4 32 533 447 4 0 0 3 5 25 195 683 113 0 0 3 5 26 133 673 184 0 
0 22 119 80 636 167 0 0 0 16 118 84 267 530 9 0 0 9 170 48 155 617 25 0 
0 4 114 126 698 82 0 0 0 4 120 135 398 361 6 0 0 2 166 189 167 476 24 0 
0 15 77 159 637 136 0 0 0 5 81 150 408 369 11 0 0 3 105 355 84 449 28 0 
0 6 84 228 577 129 0 0 0 0 36 271 324 392 1 0 0 3 117 378 81 422 23 0 
0 39 205 327 334 119 0 0 0 12 187 365 116 338 6 0 0 22 522 16 68 379 17 0 
0 14 215 203 445 147 0 0 0 3 164 251 174 413 19 0 0 15 366 39 118 448 38 0 
0 0 44 28 613 338 1 0 0 0 17 48 230 701 28 0 0 0 49 17 91 812 55 0 
0 0 0 0 586 438 0 0 0 0 0 0 162 818 44 0 0 0 0 0 27 903 94 0 
0 0 0 0 696 328 0 0 0 0 0 0 180 830 14 0 0 0 0 0 32 940 52 0 
0 0 0 0 616 408 0 0 0 0 0 0 103 906 15 0 0 0 0 0 24 944 56 0 
0 0 0 0 635 388 1 0 0 0 0 0 116 865 43 0 0 0 0 0 46 912 66 0 
0 0 0 0 627 397 0 0 0 0 0 0 62 901 61 0 0 0 0 0 18 912 94 0 
0 0 0 0 668 352 4 0 0 0 0 0 70 892 62 0 0 0 0 0 20 934 70 0 
0 0 0 0 677 347 0 0 0 0 0 0 46 941 37 0 0 0 0 0 32 942 50 0 
0 0 0 0 679 344 1 0 0 0 0 0 46 913 65 0 0 0 0 0 35 922 67 0 
0 0 0 0 559 465 0 0 0 0 0 0 37 919 68 0 0 0 0 0 19 916 89 0 
0 0 0 0 499 525 0 0 0 0 0 0 23 904 97 0 0 0 0 0 26 897 101 0 
0 0 0 0 544 480 0 0 0 0 0 0 5 923 96 0 0 0 0 0 8 952 64 0 
0 0 0 0 339 683 2 0 0 0 0 0 4 915 105 0 0 0 0 0 10 902 112 0 
0 0 0 0 371 653 0 0 0 0 0 0 14 945 65 0 0 0 0 0 7 977 40 0 
0 0 0 0 183 841 0 0 0 0 0 0 4 886 134 0 0 0 0 0 0 927 97 0 
0 0 0 24 599 369 32 0 0 0 0 0 258 671 95 0 0 0 0 2 330 665 27 0 
0 0 0 33 781 210 0 0 0 0 0 0 303 710 11 0 0 0 0 0 496 526 2 0 
0 0 0 49 829 146 0 0 0 0 0 1 430 588 5 0 0 0 0 0 536 487 1 0 
0 0 0 47 783 194 0 0 0 0 0 0 423 594 7 0 0 0 0 0 483 539 2 0 
0 0 0 0 609 413 2 0 0 0 0 0 180 765 79 0 0 0 0 0 199 758 67 0 
0 0 0 13 674 336 1 0 0 0 0 0 241 738 45 0 0 0 0 0 227 755 42 0 
0 0 0 10 685 327 2 0 0 0 0 0 223 728 73 0 0 0 0 0 192 771 61 0 
0 0 0 6 768 250 0 0 0 0 0 0 238 741 45 0 0 0 0 0 192 782 50 0 
0 0 0 16 640 342 26 0 0 0 0 0 195 705 124 0 0 0 0 0 159 727 138 0 
0 0 0 15 631 378 0 0 0 0 0 0 199 765 60 0 0 0 0 0 118 801 105 0 
0 0 0 3 610 410 1 0 0 0 0 0 181 758 85 0 0 0 0 0 83 841 100 0 
0 0 0 0 575 447 2 0 0 0 0 0 89 858 77 0 0 0 0 0 35 846 143 0 
0 0 0 0 669 355 0 0 0 0 0 0 161 839 24 0 0 0 0 0 42 917 65 0 
0 0 0 0 593 431 0 0 0 0 0 0 83 865 76 0 0 0 0 0 14 849 161 0 
0 0 0 0 608 416 0 0 0 0 0 0 139 822 63 0 0 0 0 0 18 821 185 0 
0 0 0 0 677 347 0 0 0 0 0 0 180 818 26 0 0 0 0 0 34 889 101 0 
0 0 0 2 682 340 0 0 0 0 0 0 229 744 51 0 0 0 0 0 46 863 115 0 
0 0 0 0 711 313 0 0 0 0 0 0 175 817 32 0 0 0 0 0 30 881 113 0 
0 0 0 0 697 327 0 0 0 0 0 0 202 766 56 0 0 0 0 0 31 846 147 0 
0 0 0 0 749 275 0 0 0 0 0 0 187 809 28 0 0 0 0 0 44 908 72 0 
0 0 0 0 722 302 0 0 0 0 0 0 136 845 43 0 0 0 0 0 20 895 109 0 
0 0 0 2 652 370 0 0 0 0 0 0 127 820 77 0 0 0 0 0 25 862 137 0 
0 0 0 0 652 368 4 0 0 0 0 0 81 871 72 0 0 0 0 0 26 843 155 0 
0 0 0 0 526 498 0 0 0 0 0 0 49 862 113 0 0 0 0 0 7 815 202 0 
0 0 0 0 451 560 13 0 0 0 0 0 36 749 239 0 0 0 0 0 9 714 301 0 
0 0 0 0 451 561 12 0 0 0 0 0 24 825 175 0 0 0 0 0 14 788 222 0 
0 0 0 0 569 455 0 0 0 0 0 0 24 922 78 0 0 0 0 0 21 899 104 0 
0 0 0 0 496 528 0 0 0 0 0 0 4 903 117 0 0 0 0 0 6 914 104 0 
0 0 0 0 388 636 0 0 0 0 0 0 35 839 150 0 0 0 0 0 27 870 127 0 
0 0 0 0 359 665 0 0 0 0 0 0 9 962 53 0 0 0 0 0 9 967 48 0 
0 0 0 0 262 762 0 0 0 0 0 0 6 863 155 0 0 0 0 0 16 910 98 0 
0 0 0 0 169 855 0 0 0 0 0 0 0 917 107 0 0 0 0 0 3 982 39 0 
0 0 0 6 706 311 1 0 0 0 0 0 365 613 46 0 0 0 0 0 532 471 21 0 
0 0 0 86 735 195 8 0 0 0 0 0 401 562 61 0 0 0 0 2 590 401 31 0 
0 0 0 67 904 53 0 0 0 0 0 0 646 377 1 0 0 0 0 0 784 240 0 0 
0 0 0 106 789 129 0 0 0 0 0 0 534 469 21 0 0 0 0 0 608 404 12 0 
0 0 0 26 761 236 1 0 0 0 0 0 333 638 53 0 0 0 0 0 376 616 32 0 
0 0 0 60 892 72 0 0 0 0 0 0 489 534 1 0 0 0 0 0 488 535 1 0 
0 0 0 19 828 176 1 0 0 0 0 0 329 683 12 0 0 0 0 0 303 714 7 0 
0 0 0 3 725 291 5 0 0 0 0 0 236 750 38 0 0 0 0 0 220 778 26 0 
0 0 0 15 813 196 0 0 0 0 0 0 310 712 2 0 0 0 0 0 285 728 11 0 
0 0 0 49 792 183 0 0 0 0 0 0 371 635 18 0 0 0 0 0 282 718 24 0 
0 0 0 39 744 241 0 0 0 0 0 0 323 645 56 0 0 0 0 0 210 715 99 0 
0 0 0 30 649 345 0 0 0 0 0 0 252 739 33 0 0 0 0 0 131 831 62 0 
0 0 0 6 680 336 2 0 0 0 0 0 270 703 51 0 0 0 0 0 110 832 82 0 
0 0 0 0 628 396 0 0 0 0 0 0 128 818 78 0 0 0 0 0 44 829 151 0 
0 0 0 4 574 441 5 0 0 0 0 0 101 749 174 0 0 0 0 0 46 748 230 0 
0 0 0 0 632 392 0 0 0 0 0 0 148 809 67 0 0 0 0 0 24 812 188 0 
0 0 0 0 747 277 0 0 0 0 0 0 176 811 37 0 0 0 0 0 18 907 99 0 
0 0 0 0 674 350 0 0 0 0 0 0 78 924 22 0 0 0 0 0 7 907 110 0 
0 0 0 0 549 474 1 0 0 0 0 0 103 819 102 0 0 0 0 0 7 789 228 0 
0 0 0 0 583 440 1 0 0 0 0 0 53 823 148 0 0 0 0 0 1 793 230 0 
0 0 0 0 605 419 0 0 0 0 0 0 41 916 67 0 0 0 0 0 4 846 174 0 
0 0 0 0 594 428 2 0 0 0 0 0 55 855 114 0 0 0 0 0 9 823 192 0 
0 0 0 0 633 391 0 0 0 0 0 0 38 957 29 0 0 0 0 0 2 920 102 0 
0 0 0 0 562 462 0 0 0 0 0 0 41 862 121 0 0 0 0 0 9 809 206 0 
0 0 0 0 622 402 0 0 0 0 0 0 79 829 116 0 0 0 0 0 19 854 151 0 
0 0 0 0 633 391 0 0 0 0 0 0 69 886 69 0 0 0 0 0 38 908 78 0 
0 0 0 0 543 479 2 0 0 0 0 0 33 831 160 0 0 0 0 0 18 872 134 0 
0 0 0 0 573 451 0 0 0 0 0 0 20 921 83 0 0 0 0 0 7 935 82 0 
0 0 0 0 496 528 0 0 0 0 0 0 2 943 79 0 0 0 0 0 6 952 66 0 
0 0 0 0 416 607 1 0 0 0 0 0 9 937 78 0 0 0 0 0 19 969 36 0 
0 0 0 0 355 665 4 0 0 0 0 0 5 926 93 0 0 0 0 0 5 958 61 0 
0 0 0 0 232 778 14 0 0 0 0 0 2 785 237 0 0 0 0 0 15 873 136 0 
0 0 0 82 758 184 0 0 0 0 0 3 500 513 8 0 0 0 0 13 673 338 0 0 
0 0 0 68 700 253 3 0 0 0 0 4 379 629 12 0 0 0 0 16 545 458 5 0 
0 0 0 151 762 111 0 0 0 0 0 0 618 403 3 0 0 0 0 11 738 275 0 0 
0 0 0 90 723 209 2 0 0 0 0 1 540 415 68 0 0 0 0 4 593 421 6 0 
0 0 0 154 753 116 1 0 0 0 0 5 560 441 18 0 0 0 0 4 616 394 10 0 
0 0 0 123 838 63 0 0 0 0 0 0 614 409 1 0 0 0 0 0 675 349 0 0 
0 0 0 51 776 194 3 0 0 0 0 0 384 585 55 0 0 0 0 0 409 560 55 0 
0 0 0 80 848 96 0 0 0 0 0 0 575 448 1 0 0 0 0 0 572 452 0 0 
0 0 0 102 754 168 0 0 0 0 0 0 573 413 38 0 0 0 0 0 551 435 38 0 
0 0 0 159 774 91 0 0 0 0 0 1 641 371 11 0 0 0 0 1 518 489 16 0 
0 0 0 73 683 268 0 0 0 0 0 1 327 680 16 0 0 0 0 0 264 727 33 0 
0 0 0 21 475 526 2 0 0 0 0 0 206 702 116 0 0 0 0 0 165 710 149 0 
0 0 0 19 808 197 0 0 0 0 0 0 379 623 22 0 0 0 0 0 211 792 21 0 
0 0 0 17 661 346 0 0 0 0 0 0 302 662 60 0 0 0 0 0 173 733 118 0 
0 0 0 0 473 545 6 0 0 0 0 0 85 773 166 0 0 0 0 0 39 736 249 0 
0 0 0 0 523 500 1 0 0 0 0 0 93 804 127 0 0 0 0 0 17 769 238 0 
0 0 0 0 689 335 0 0 0 0 0 0 156 816 52 0 0 0 0 0 41 882 101 0 
0 0 0 2 645 376 1 0 0 0 0 0 154 789 81 0 0 0 0 0 45 805 174 0 
0 0 0 0 731 293 0 0 0 0 0 0 129 858 37 0 0 0 0 0 16 927 81 0 
0 0 0 0 555 468 1 0 0 0 0 0 62 814 148 0 0 0 0 0 5 768 251 0 
0 0 0 0 544 480 0 0 0 0 0 0 75 854 95 0 0 0 0 0 33 827 164 0 
0 0 0 0 471 551 2 0 0 0 0 0 48 801 175 0 0 0 0 0 14 758 252 0 
0 0 0 0 503 521 0 0 0 0 0 0 51 815 158 0 0 0 0 0 9 782 233 0 
0 0 0 0 395 612 17 0 0 0 0 0 49 766 209 0 0 0 0 0 36 751 237 0 
0 0 0 0 557 467 0 0 0 0 0 0 16 919 89 0 0 0 0 0 1 898 125 0 
0 0 0 0 657 365 2 0 0 0 0 0 61 830 133 0 0 0 0 0 28 875 121 0 
0 0 0 0 598 424 2 0 0 0 0 0 38 878 108 0 0 0 0 0 40 877 107 0 
0 0 0 0 446 576 2 0 0 0 0 0 43 829 152 0 0 0 0 0 33 867 124 0 
0 0 0 0 382 642 0 0 0 0 0 0 30 837 157 0 0 0 0 0 39 906 79 0 
0 0 0 0 295 722 7 0 0 0 0 0 29 763 232 0 0 0 0 0 25 864 135 0 
0 0 0 0 354 641 29 0 0 0 0 0 5 805 214 0 0 0 0 0 44 845 135 0 
0 0 0 2 428 591 3 0 0 0 0 0 77 845 102 0 0 0 0 0 112 876 36 0 
0 0 0 52 635 337 0 0 0 0 0 0 295 716 13 0 0 0 0 3 543 478 0 0 
0 0 0 72 705 228 19 0 0 0 0 6 485 490 43 0 0 0 0 31 613 363 17 0 
0 0 0 77 694 253 0 0 0 0 0 3 474 507 40 0 0 0 0 12 594 409 9 0 
0 0 0 115 805 103 1 0 0 0 0 2 522 492 8 0 0 0 0 4 678 338 4 0 
0 0 0 130 763 131 0 0 0 0 0 8 533 482 1 0 0 0 0 15 627 382 0 0 
0 0 0 64 790 170 0 0 0 0 0 0 501 523 0 0 0 0 0 0 555 469 0 0 
0 0 0 148 756 120 0 0 0 0 0 20 496 501 7 0 0 0 0 15 556 451 2 0 
0 0 0 10 649 363 2 0 0 0 0 0 227 725 72 0 0 0 0 0 259 723 42 0 
0 0 0 80 653 291 0 0 0 0 0 6 331 665 22 0 0 0 0 3 287 723 11 0 
0 0 0 41 849 134 0 0 0 0 0 0 403 621 0 0 0 0 0 0 384 640 0 0 
0 0 0 64 873 87 0 0 0 0 0 0 511 513 0 0 0 0 0 0 446 578 0 0 
0 0 0 109 871 44 0 0 0 0 0 0 644 380 0 0 0 0 0 0 513 511 0 0 
0 0 0 70 626 326 2 0 0 0 0 0 312 628 84 0 0 0 0 0 217 713 94 0 
0 0 0 102 653 261 8 0 0 0 0 0 391 541 92 0 0 0 0 0 290 643 91 0 
0 0 0 88 743 193 0 0 0 0 0 2 466 535 21 0 0 0 0 0 367 628 29 0 
0 0 0 63 804 157 0 0 0 0 0 0 450 560 14 0 0 0 0 0 322 687 15 0 
0 0 0 51 667 306 0 0 0 0 0 0 403 598 23 0 0 0 0 0 290 686 48 0 
0 0 0 32 655 337 0 0 0 0 0 0 289 674 61 0 0 0 0 0 146 758 120 0 
0 0 0 4 765 255 0 0 0 0 0 0 392 613 19 0 0 0 0 0 241 722 61 0 
0 0 0 10 775 237 2 0 0 0 0 0 275 680 69 0 0 0 0 0 140 804 80 0 
0 0 0 0 665 359 0 0 0 0 0 0 189 777 58 0 0 0 0 0 75 874 75 0 
0 0 0 1 587 431 5 0 0 0 0 0 100 817 107 0 0 0 0 0 42 816 166 0 
0 0 0 0 540 481 3 0 0 0 0 0 151 674 199 0 0 0 0 0 93 679 252 0 
0 0 0 6 481 528 9 0 0 0 0 0 132 721 171 0 0 0 0 0 80 794 150 0 
0 0 0 2 207 768 47 0 0 0 0 0 49 568 407 0 0 0 0 0 39 605 380 0 
0 0 0 0 179 732 113 0 0 0 0 0 8 478 538 0 0 0 0 0 6 527 491 0 
0 0 0 0 328 683 13 0 0 0 0 0 14 726 284 0 0 0 0 0 17 776 231 0 
0 0 0 0 280 718 26 0 0 0 0 0 9 645 370 0 0 0 0 0 14 739 271 0 
0 0 0 0 321 627 76 0 0 0 0 0 40 679 305 0 0 0 0 0 56 767 201 0 
0 0 0 0 398 624 2 0 0 0 0 0 26 888 110 0 0 0 0 0 63 907 54 0 
0 0 0 0 222 703 99 0 0 0 0 0 43 582 399 0 0 0 0 0 107 690 227 0 
0 0 0 0 221 722 81 0 0 0 0 0 10 757 257 0 0 0 0 0 49 812 163 0 
