0 25 117 176 153 111 101 341 0 22 124 190 149 107 94 338 0 7 70 177 168 125 113 364 
0 0 0 0 0 0 0 1024 0 0 0 0 0 0 0 1024 0 0 0 0 0 0 0 1024 
0 2 85 128 15 17 11 766 0 91 110 17 14 15 14 763 0 68 119 29 14 17 12 765 
3 16 6 33 105 126 75 660 1 15 11 36 109 121 76 655 0 16 9 28 93 123 88 667 
258 254 31 13 9 5 7 447 366 159 23 7 8 6 8 447 392 133 23 6 9 6 7 448 
294 285 49 15 19 14 47 301 406 206 21 9 17 14 39 312 430 171 29 9 13 17 25 330 
18 70 96 101 115 86 69 469 13 64 99 103 114 84 75 472 7 61 93 94 118 77 82 492 
87 405 277 163 67 17 7 1 64 414 283 172 62 20 8 1 66 411 248 183 82 24 7 3 
167 506 219 89 39 4 0 0 108 522 234 112 41 6 1 0 123 473 236 128 53 10 1 0 
341 613 69 0 0 0 0 0 258 693 72 0 0 0 0 0 250 685 88 0 0 0 0 0 
0 20 120 162 151 151 133 287 0 18 128 180 143 148 144 263 0 4 96 155 162 137 146 324 
0 0 0 1 5 13 27 978 0 0 0 1 8 10 34 971 0 0 0 0 6 11 30 977 
20 92 66 262 154 47 39 344 55 199 233 78 47 40 35 337 52 244 183 80 49 38 36 342 
122 412 131 139 70 37 55 58 440 264 43 73 60 40 54 50 564 140 35 54 70 43 52 66 
19 92 139 175 320 189 53 37 114 85 110 192 284 145 54 40 161 41 108 197 194 178 90 55 
5 77 254 223 195 191 49 30 76 117 186 229 201 120 64 31 146 42 148 282 148 105 116 37 
196 382 241 93 43 43 21 5 561 161 123 75 43 34 21 6 612 110 106 94 36 23 34 9 
81 135 195 230 283 85 14 1 130 94 176 231 288 88 16 1 132 78 181 174 337 82 36 4 
18 569 256 129 48 3 1 0 23 568 241 134 50 7 1 0 21 514 271 138 65 12 2 1 
40 536 290 125 29 2 0 0 48 536 272 136 26 5 0 0 26 472 312 146 53 13 0 0 
0 59 437 329 120 39 27 13 0 75 479 303 99 33 28 7 0 21 359 399 151 52 25 17 
16 16 122 228 153 66 97 326 14 18 130 230 151 66 95 320 13 18 66 238 159 92 90 348 
185 462 163 49 9 5 61 90 535 254 43 26 9 11 39 107 609 170 43 35 9 11 26 121 
51 213 320 275 47 30 20 68 265 524 80 29 36 9 7 74 580 249 41 24 43 11 5 71 
39 469 118 166 58 79 37 58 131 438 93 139 65 62 28 68 201 381 84 128 65 48 34 83 
58 464 119 156 70 73 53 31 169 389 114 148 73 48 47 36 246 322 174 75 66 27 66 48 
135 301 431 91 13 21 18 14 490 371 87 15 11 17 3 30 726 138 79 19 11 14 5 32 
322 525 113 14 24 13 13 0 848 91 24 13 22 16 10 0 877 55 24 15 18 22 9 4 
94 388 362 129 43 7 1 0 114 378 339 139 47 6 1 0 125 290 346 186 57 19 1 0 
37 656 288 32 8 2 0 0 96 642 237 37 8 2 0 0 88 504 338 77 10 2 2 0 
1 481 468 70 4 0 0 0 4 541 416 62 1 0 0 0 0 351 539 122 12 0 0 0 
22 162 515 208 47 33 37 0 8 214 509 183 44 28 38 0 4 154 447 282 52 37 18 30 
18 178 368 223 80 64 83 10 165 305 223 113 71 64 67 16 253 206 188 141 56 71 43 66 
19 180 336 297 79 79 28 6 119 306 350 108 39 62 33 7 223 267 271 110 36 36 65 16 
34 146 396 207 76 53 109 3 43 150 388 209 74 43 104 13 26 150 319 268 93 30 56 82 
120 69 152 419 92 66 87 19 118 82 162 368 123 63 65 43 92 103 160 305 162 68 51 83 
54 225 382 154 78 40 88 3 145 367 212 102 72 31 85 10 262 247 189 103 77 37 50 59 
17 196 448 132 55 65 110 1 147 289 278 81 55 59 110 5 234 179 264 106 45 65 48 83 
11 307 401 109 62 87 40 7 23 321 375 108 70 80 38 9 12 284 376 129 61 83 57 22 
74 453 176 96 80 58 50 34 173 389 146 88 77 56 45 48 128 378 130 128 64 82 53 58 
13 738 254 19 0 0 0 0 57 782 179 6 0 0 0 0 13 690 294 27 0 0 0 0 
45 481 381 114 2 1 0 0 37 583 293 108 2 1 0 0 42 470 361 139 11 0 1 0 
242 675 86 21 0 0 0 0 349 608 49 18 0 0 0 0 370 568 64 22 0 0 0 0 
187 656 154 22 5 0 0 0 348 519 133 22 2 0 0 0 373 498 120 29 4 0 0 0 
212 680 83 49 0 0 0 0 331 574 87 32 0 0 0 0 351 586 63 24 0 0 0 0 
194 615 155 60 0 0 0 0 342 443 196 43 0 0 0 0 385 415 219 5 0 0 0 0 
345 560 115 4 0 0 0 0 495 421 93 15 0 0 0 0 512 404 94 14 0 0 0 0 
424 510 50 24 11 5 0 0 534 409 46 16 12 7 0 0 548 383 47 25 9 12 0 0 
250 396 214 116 30 16 2 0 186 507 188 94 31 10 8 0 190 498 176 97 43 4 16 0 
114 613 221 48 10 8 2 5 280 517 170 32 8 5 5 5 229 554 176 34 10 5 8 5 
15 229 96 24 14 488 158 0 39 267 41 17 10 401 249 0 23 265 57 14 10 22 479 154 
9 98 200 103 31 215 367 1 11 116 190 94 27 168 418 0 8 80 136 169 32 37 275 287 
259 597 119 14 11 10 14 0 431 491 63 5 10 9 14 1 454 465 64 5 5 14 9 8 
375 479 170 0 0 0 0 0 468 401 155 0 0 0 0 0 438 449 135 2 0 0 0 0 
51 826 116 15 6 4 2 4 28 859 108 12 7 3 3 4 32 879 79 17 6 4 3 4 
5 378 631 5 3 0 0 2 2 252 758 6 4 0 0 2 21 264 717 15 5 0 0 2 
599 278 73 29 45 0 0 0 727 165 63 56 13 0 0 0 715 182 71 56 0 0 0 0 
431 505 88 0 0 0 0 0 635 297 92 0 0 0 0 0 632 297 76 19 0 0 0 0 
49 190 200 131 391 63 0 0 57 147 228 121 373 98 0 0 47 191 170 94 139 347 36 0 
120 221 154 194 328 5 0 0 122 210 152 170 354 13 0 0 128 176 125 146 210 237 0 0 
0 0 0 0 0 176 848 0 0 0 0 0 0 88 929 7 0 0 0 0 0 2 253 769 
0 4 19 8 17 44 931 1 0 4 22 7 15 32 710 234 0 4 10 16 9 18 103 864 
46 198 11 10 6 23 714 16 54 185 16 7 7 15 504 236 48 189 15 8 7 6 31 720 
69 238 28 6 11 23 521 128 92 216 26 5 9 17 337 322 96 210 27 4 7 12 35 633 
24 125 14 3 15 7 678 158 23 126 11 5 7 14 330 508 31 107 22 4 6 13 12 829 
11 106 143 12 9 26 619 98 11 106 110 43 8 22 445 279 24 86 91 64 10 9 50 690 
348 107 55 35 25 24 388 42 372 94 45 39 19 12 288 155 378 87 50 21 26 10 56 396 
330 143 22 13 15 17 458 26 377 93 17 20 14 14 424 65 388 78 17 19 9 15 113 385 
2 24 69 225 143 108 452 1 2 6 78 183 189 58 506 2 1 22 54 51 210 135 196 355 
0 0 32 117 274 381 218 0 0 0 29 72 309 237 376 0 0 0 8 42 93 285 496 98 
0 0 0 0 0 256 768 0 0 0 0 0 0 192 832 0 0 0 0 0 0 0 384 640 
0 0 0 0 0 0 1024 0 0 0 0 0 0 0 1024 0 0 0 0 0 0 0 192 832 
0 0 0 0 0 32 992 0 0 0 0 0 0 0 1024 0 0 0 0 0 0 0 288 736 
0 0 0 0 0 0 1024 0 0 0 0 0 0 0 1024 0 0 0 0 0 0 0 0 1024 
0 0 0 0 0 0 928 96 0 0 0 0 0 0 704 320 0 0 0 0 0 0 96 928 
0 0 0 0 0 288 736 0 0 0 0 0 0 288 672 64 0 0 0 0 0 192 192 640 
0 0 0 0 0 0 992 32 0 0 0 0 0 0 800 224 0 0 0 0 0 0 0 1024 
0 0 0 0 0 64 960 0 0 0 0 0 0 0 1024 0 0 0 0 0 0 0 416 608 
0 0 0 32 64 512 416 0 0 0 0 64 32 416 512 0 0 0 0 32 64 96 608 224 
0 0 0 0 170 853 0 0 0 0 0 85 85 426 426 0 0 0 0 0 170 85 768 0 
