10 248 225 195 112 77 150 7 5 231 237 188 114 85 146 18 0 27 280 220 146 117 96 138 
0 0 5 7 6 5 998 3 0 0 5 6 7 4 996 6 0 0 1 6 7 4 12 994 
0 0 0 0 14 48 953 9 0 0 0 2 19 56 936 11 0 0 0 0 3 33 65 923 
0 0 0 0 1 9 1012 2 0 0 0 0 1 9 1004 10 0 0 0 0 0 7 6 1011 
0 0 0 0 6 6 1002 10 0 0 0 0 7 5 987 25 0 0 0 0 1 6 14 1003 
0 0 0 0 0 0 1024 0 0 0 0 0 0 0 995 29 0 0 0 0 0 0 0 1024 
0 0 0 0 0 41 983 0 0 0 0 0 0 0 1022 2 0 0 0 0 0 0 1 1023 
0 0 0 1 2 450 566 5 0 0 0 1 2 3 1007 11 0 0 0 0 1 3 50 970 
0 152 151 54 41 523 103 0 0 37 245 61 39 69 566 7 0 7 186 121 45 32 99 534 
3 406 278 57 44 233 0 0 0 208 409 112 44 156 92 0 0 12 470 201 41 48 124 124 
226 316 164 152 85 58 21 2 77 436 169 160 90 60 30 2 1 328 242 163 125 83 59 23 
0 18 76 53 67 63 657 90 0 9 76 58 61 67 376 377 0 2 32 78 50 88 123 651 
0 0 0 0 37 302 542 143 0 0 0 4 91 426 341 162 0 0 0 1 63 429 288 243 
0 0 2 16 175 401 372 58 0 0 2 20 255 460 266 21 0 0 2 12 160 507 279 64 
0 0 7 52 144 304 386 131 0 0 6 57 189 386 323 63 0 4 21 58 184 410 267 80 
0 0 67 157 58 23 412 307 0 0 15 183 77 27 131 591 0 0 0 53 178 59 25 709 
0 0 3 7 6 6 575 427 0 0 0 8 7 5 304 700 0 0 0 7 6 4 21 986 
1 129 360 116 39 26 254 99 0 34 386 170 49 23 181 181 0 12 313 260 45 21 53 320 
77 667 212 49 16 1 2 0 3 503 425 65 24 2 2 0 0 269 623 101 27 2 2 0 
492 528 3 0 0 0 0 0 16 905 102 0 0 0 0 0 3 550 470 0 0 0 0 0 
934 58 32 0 0 0 0 0 805 184 18 17 0 0 0 0 73 911 8 32 0 0 0 0 
346 402 130 82 43 10 10 1 160 477 206 91 61 17 10 2 61 573 209 110 51 9 7 4 
0 69 192 132 213 247 89 82 0 156 177 209 221 151 68 42 95 277 200 154 158 106 34 0 
17 252 135 273 242 93 5 7 3 257 237 282 171 65 4 5 12 358 331 166 101 53 3 0 
83 302 280 184 104 70 1 0 9 216 305 235 156 98 5 0 44 425 355 120 68 12 0 0 
92 133 227 214 141 58 121 38 42 140 211 314 103 43 93 78 9 232 281 221 74 30 50 127 
1 57 170 197 215 42 312 30 0 3 212 353 83 30 76 267 0 66 373 179 40 25 36 305 
48 436 327 166 47 0 0 0 6 241 472 247 53 5 0 0 17 285 572 134 15 1 0 0 
334 462 207 18 3 0 0 0 158 380 377 103 5 1 0 0 36 543 403 36 6 0 0 0 
390 480 153 0 0 0 0 0 150 492 339 41 0 0 0 0 112 566 323 22 0 0 0 0 
829 156 18 20 1 0 0 0 642 329 21 30 2 0 0 0 151 814 27 30 2 0 0 0 
550 360 65 31 18 0 0 0 356 518 114 33 3 0 0 0 202 747 72 3 0 0 0 0 
5 227 152 154 174 90 69 153 0 261 203 135 134 81 76 134 101 426 172 109 71 97 48 0 
118 161 125 246 162 46 14 152 19 210 157 324 110 31 21 152 41 275 464 65 23 48 108 0 
336 479 148 48 12 1 0 0 91 593 234 76 25 5 0 0 123 662 195 37 7 0 0 0 
569 297 93 65 0 0 0 0 336 481 114 92 1 0 0 0 141 710 154 19 0 0 0 0 
485 211 95 208 25 0 0 0 270 391 122 238 3 0 0 0 106 563 322 33 0 0 0 0 
574 299 69 47 33 2 0 0 319 448 163 73 20 1 0 0 200 597 171 51 5 0 0 0 
927 87 10 0 0 0 0 0 740 246 38 0 0 0 0 0 227 746 49 2 0 0 0 0 
697 214 102 9 0 0 0 0 377 425 160 57 3 0 0 0 422 454 134 12 0 0 0 0 
726 233 17 37 9 2 0 0 424 480 69 29 18 4 0 0 223 706 47 28 14 6 0 0 
646 305 38 9 16 10 0 0 357 521 104 13 9 16 4 0 296 678 50 0 0 0 0 0 
1 87 51 25 53 123 111 573 0 86 58 32 85 91 93 579 91 170 102 61 80 158 362 0 
9 96 102 260 333 8 24 192 5 86 101 393 215 16 16 192 22 140 629 17 12 14 190 0 
269 260 291 98 78 22 6 0 103 359 322 117 82 32 8 1 146 570 212 73 20 3 0 0 
378 236 175 235 0 0 0 0 178 361 204 281 0 0 0 0 171 395 444 14 0 0 0 0 
65 189 375 395 0 0 0 0 40 100 400 484 0 0 0 0 27 133 863 1 0 0 0 0 
846 133 36 9 0 0 0 0 696 214 86 24 4 0 0 0 507 418 85 13 1 0 0 0 
890 97 32 4 1 0 0 0 770 182 56 15 1 0 0 0 592 366 59 6 1 0 0 0 
761 233 22 6 0 0 0 0 531 348 128 16 0 0 0 0 492 416 108 6 0 0 0 0 
218 178 161 253 175 32 7 0 137 214 90 184 268 113 13 5 307 444 190 58 23 2 0 0 
348 365 157 90 41 15 8 0 165 454 197 108 69 22 9 0 326 488 158 34 14 4 0 0 
68 262 179 204 167 86 49 9 19 247 156 201 186 136 62 17 215 492 216 76 19 6 0 0 
159 366 157 169 112 32 8 21 41 427 190 228 73 27 18 20 146 464 325 41 30 17 1 0 
472 274 123 78 40 35 2 0 206 447 169 92 59 38 13 0 263 543 110 70 35 3 0 0 
844 99 42 11 23 2 3 0 598 333 51 10 21 7 4 0 515 419 53 11 22 3 1 0 
864 97 40 12 11 0 0 0 724 194 72 19 14 1 0 0 561 379 54 18 12 0 0 0 
912 80 25 7 0 0 0 0 705 246 51 20 2 0 0 0 696 278 41 9 0 0 0 0 
642 166 155 51 10 0 0 0 508 159 130 169 53 5 0 0 459 447 97 20 1 0 0 0 
547 92 307 73 3 0 0 0 480 92 60 300 89 0 0 0 438 460 92 32 0 0 0 0 
3 190 564 172 64 27 0 1 0 6 212 555 163 60 24 1 104 670 163 51 28 4 1 0 
41 222 408 276 73 1 0 0 1 70 190 379 299 81 1 0 166 616 206 35 0 0 0 0 
286 142 283 233 67 11 0 0 59 257 100 264 257 70 14 0 232 593 158 40 0 0 0 0 
121 88 284 339 136 48 6 0 8 123 75 228 380 156 46 4 145 644 185 46 1 0 0 0 
112 188 132 364 174 28 22 0 6 137 161 110 235 313 22 36 164 681 126 25 25 0 0 0 
171 140 105 344 211 0 51 0 4 201 97 110 224 331 3 51 179 643 147 3 51 0 0 0 
64 147 153 460 147 0 46 4 0 84 129 112 374 268 3 51 152 668 152 0 28 22 0 0 
64 67 73 544 222 1 9 41 1 72 56 60 337 436 8 51 164 660 142 4 3 46 1 0 
32 67 112 598 129 33 8 43 0 33 67 70 470 308 22 51 188 612 118 52 0 48 3 0 
10 51 276 532 97 5 5 46 0 10 40 179 558 174 10 51 271 573 81 40 5 20 30 0 
