0 0 0 0 0 124 900 0 0 0 0 0 0 0 1024 0 0 0 0 0 0 0 137 887 
0 0 0 0 0 8 1007 9 0 0 0 0 0 0 1022 2 0 0 0 0 0 0 90 934 
0 0 0 0 0 0 1013 11 0 0 0 0 0 0 1010 14 0 0 0 0 0 0 39 985 
0 0 0 0 0 0 828 196 0 0 0 0 0 0 979 45 0 0 0 0 0 0 1 1023 
0 0 0 0 0 0 875 149 0 0 0 0 0 0 960 64 0 0 0 0 0 0 1 1023 
0 0 0 0 0 0 770 254 0 0 0 0 0 0 1016 8 0 0 0 0 0 0 0 1024 
0 0 0 0 0 0 1016 8 0 0 0 0 0 0 1022 2 0 0 0 0 0 0 12 1012 
0 0 0 0 0 5 1019 0 0 0 0 0 0 0 1024 0 0 0 0 0 0 0 156 868 
0 0 0 0 0 350 674 0 0 0 0 0 0 6 1018 0 0 0 0 0 0 0 706 318 
0 0 0 0 0 921 103 0 0 0 0 0 0 211 813 0 0 0 0 0 0 0 1014 10 
0 0 0 0 0 1021 3 0 0 0 0 0 0 551 473 0 0 0 0 0 0 0 1023 1 
0 0 0 0 0 1024 0 0 0 0 0 0 0 937 87 0 0 0 0 0 0 0 1024 0 
0 0 0 0 1 1023 0 0 0 0 0 0 0 1003 21 0 0 0 0 0 0 0 1024 0 
0 0 0 0 13 1011 0 0 0 0 0 0 0 1021 3 0 0 0 0 0 0 0 1024 0 
0 0 0 0 118 906 0 0 0 0 0 0 0 1024 0 0 0 0 0 0 0 0 1024 0 
0 0 0 0 253 771 0 0 0 0 0 0 0 1024 0 0 0 0 0 0 0 0 1024 0 
0 0 0 0 367 657 0 0 0 0 0 0 0 1024 0 0 0 0 0 0 0 0 1024 0 
0 0 0 0 427 597 0 0 0 0 0 0 0 1024 0 0 0 0 0 0 0 0 1024 0 
0 0 0 0 325 699 0 0 0 0 0 0 0 1024 0 0 0 0 0 0 0 0 1024 0 
0 0 0 0 324 700 0 0 0 0 0 0 0 1024 0 0 0 0 0 0 0 0 1024 0 
0 0 0 0 206 818 0 0 0 0 0 0 0 988 36 0 0 0 0 0 0 0 1024 0 
0 0 0 0 26 964 34 0 0 0 0 0 0 780 244 0 0 0 0 0 0 0 994 30 
0 0 0 0 0 747 277 0 0 0 0 0 0 468 556 0 0 0 0 0 0 0 783 241 
0 0 0 0 1 604 419 0 0 0 0 0 0 393 631 0 0 0 0 0 0 0 712 312 
0 0 0 0 0 700 324 0 0 0 0 0 0 457 567 0 0 0 0 0 0 0 806 218 
0 0 0 0 0 683 341 0 0 0 0 0 0 438 586 0 0 0 0 0 0 0 771 253 
0 0 0 0 2 757 265 0 0 0 0 0 0 551 473 0 0 0 0 0 0 0 905 119 
0 0 0 0 47 949 28 0 0 0 0 0 0 860 164 0 0 0 0 0 0 0 1024 0 
0 0 0 0 47 977 0 0 0 0 0 0 0 987 37 0 0 0 0 0 0 0 1023 1 
0 0 0 0 274 750 0 0 0 0 0 0 0 1024 0 0 0 0 0 0 0 0 1024 0 
0 0 0 0 489 535 0 0 0 0 0 0 0 1024 0 0 0 0 0 0 0 0 1024 0 
0 0 0 0 688 336 0 0 0 0 0 0 0 1024 0 0 0 0 0 0 0 0 1024 0 
0 0 0 0 968 56 0 0 0 0 0 0 0 1024 0 0 0 0 0 0 0 1 1023 0 
0 0 0 0 1018 6 0 0 0 0 0 0 5 1019 0 0 0 0 0 0 0 4 1020 0 
0 0 0 0 1023 1 0 0 0 0 0 0 6 1018 0 0 0 0 0 0 0 6 1018 0 
0 0 0 0 1024 0 0 0 0 0 0 0 11 1013 0 0 0 0 0 0 0 4 1020 0 
0 0 0 0 1024 0 0 0 0 0 0 0 80 944 0 0 0 0 0 0 0 26 998 0 
0 0 0 1 1023 0 0 0 0 0 0 0 107 917 0 0 0 0 0 0 0 36 988 0 
0 0 0 6 1018 0 0 0 0 0 0 0 363 661 0 0 0 0 0 0 0 87 937 0 
0 0 0 35 989 0 0 0 0 0 0 0 343 681 0 0 0 0 0 0 0 39 985 0 
0 0 0 0 0 986 38 0 0 0 0 0 0 55 969 0 0 0 0 0 0 0 978 46 
0 0 0 0 0 899 125 0 0 0 0 0 0 195 829 0 0 0 0 0 0 0 968 56 
0 0 0 0 0 769 255 0 0 0 0 0 0 130 894 0 0 0 0 0 0 0 903 121 
0 0 0 0 0 608 416 0 0 0 0 0 0 148 876 0 0 0 0 0 0 0 816 208 
0 0 0 0 0 604 420 0 0 0 0 0 0 176 848 0 0 0 0 0 0 0 712 312 
0 0 0 0 0 523 501 0 0 0 0 0 0 153 871 0 0 0 0 0 0 0 730 294 
0 0 0 0 0 635 389 0 0 0 0 0 0 221 803 0 0 0 0 0 0 0 788 236 
0 0 0 0 0 787 237 0 0 0 0 0 0 270 754 0 0 0 0 0 0 0 960 64 
0 0 0 0 0 982 42 0 0 0 0 0 0 496 528 0 0 0 0 0 0 0 1008 16 
0 0 0 0 0 1023 1 0 0 0 0 0 0 814 210 0 0 0 0 0 0 0 1024 0 
0 0 0 0 0 1024 0 0 0 0 0 0 0 938 86 0 0 0 0 0 0 0 1024 0 
0 0 0 0 0 1024 0 0 0 0 0 0 0 994 30 0 0 0 0 0 0 0 1024 0 
0 0 0 0 0 1024 0 0 0 0 0 0 0 1011 13 0 0 0 0 0 0 0 1024 0 
0 0 0 0 11 1013 0 0 0 0 0 0 0 1024 0 0 0 0 0 0 0 0 1024 0 
0 0 0 0 72 952 0 0 0 0 0 0 0 1024 0 0 0 0 0 0 0 0 1024 0 
0 0 0 0 312 712 0 0 0 0 0 0 0 1024 0 0 0 0 0 0 0 0 1024 0 
0 0 0 0 542 482 0 0 0 0 0 0 0 1024 0 0 0 0 0 0 0 0 1024 0 
0 0 0 0 825 199 0 0 0 0 0 0 0 1024 0 0 0 0 0 0 0 0 1024 0 
0 0 0 0 955 69 0 0 0 0 0 0 0 1024 0 0 0 0 0 0 0 0 1024 0 
0 0 0 0 989 35 0 0 0 0 0 0 0 1024 0 0 0 0 0 0 0 0 1024 0 
0 0 0 0 951 73 0 0 0 0 0 0 0 1024 0 0 0 0 0 0 0 0 1024 0 
0 0 0 0 769 255 0 0 0 0 0 0 0 1024 0 0 0 0 0 0 0 0 1024 0 
0 0 0 0 443 581 0 0 0 0 0 0 0 1024 0 0 0 0 0 0 0 0 1024 0 
0 0 0 0 327 697 0 0 0 0 0 0 0 1024 0 0 0 0 0 0 0 0 1024 0 
0 0 0 0 455 569 0 0 0 0 0 0 0 1023 1 0 0 0 0 0 0 0 1024 0 
0 0 0 0 516 508 0 0 0 0 0 0 0 1024 0 0 0 0 0 0 0 0 1024 0 
0 0 0 0 667 357 0 0 0 0 0 0 0 1024 0 0 0 0 0 0 0 0 1024 0 
0 0 0 0 765 259 0 0 0 0 0 0 0 1024 0 0 0 0 0 0 0 0 1024 0 
0 0 0 0 958 66 0 0 0 0 0 0 0 1024 0 0 0 0 0 0 0 0 1024 0 
0 0 0 0 1022 2 0 0 0 0 0 0 1 1023 0 0 0 0 0 0 0 2 1022 0 
0 0 0 0 1024 0 0 0 0 0 0 0 1 1023 0 0 0 0 0 0 0 4 1020 0 
0 0 0 0 1024 0 0 0 0 0 0 0 17 1007 0 0 0 0 0 0 0 2 1022 0 
0 0 0 0 1024 0 0 0 0 0 0 0 38 986 0 0 0 0 0 0 0 12 1012 0 
0 0 0 0 1024 0 0 0 0 0 0 0 16 1008 0 0 0 0 0 0 0 27 997 0 
0 0 0 1 1023 0 0 0 0 0 0 0 29 995 0 0 0 0 0 0 0 8 1016 0 
0 0 0 0 1024 0 0 0 0 0 0 0 12 1012 0 0 0 0 0 0 0 5 1019 0 
0 0 0 0 1024 0 0 0 0 0 0 0 8 1016 0 0 0 0 0 0 0 3 1021 0 
0 0 0 0 1024 0 0 0 0 0 0 0 6 1018 0 0 0 0 0 0 0 0 1024 0 
0 0 0 2 1022 0 0 0 0 0 0 0 185 839 0 0 0 0 0 0 0 36 988 0 
0 0 0 2 1022 0 0 0 0 0 0 0 214 810 0 0 0 0 0 0 0 51 973 0 
0 0 0 0 0 778 246 0 0 0 0 0 0 45 979 0 0 0 0 0 0 0 656 368 
0 0 0 0 0 858 166 0 0 0 0 0 0 260 764 0 0 0 0 0 0 0 881 143 
0 0 0 0 0 983 41 0 0 0 0 0 0 300 724 0 0 0 0 0 0 0 901 123 
0 0 0 0 2 1020 2 0 0 0 0 0 0 583 441 0 0 0 0 0 0 0 984 40 
0 0 0 2 96 926 0 0 0 0 0 0 73 794 157 0 0 0 0 0 0 75 947 2 
0 0 0 3 122 899 0 0 0 0 0 0 91 814 119 0 0 0 0 0 0 101 923 0 
0 0 0 3 307 714 0 0 0 0 0 0 241 754 29 0 0 0 0 0 0 263 759 2 
0 0 0 0 233 791 0 0 0 0 0 0 193 793 38 0 0 0 0 0 0 211 811 2 
0 0 0 3 118 903 0 0 0 0 0 0 88 918 18 0 0 0 0 0 0 121 903 0 
0 0 0 0 47 977 0 0 0 0 0 0 11 976 37 0 0 0 0 0 0 9 1011 4 
0 0 0 7 38 979 0 0 0 0 0 0 11 970 43 0 0 0 0 0 0 12 998 14 
0 0 0 0 0 1024 0 0 0 0 0 0 0 1003 21 0 0 0 0 0 0 0 1023 1 
0 0 0 0 1 1023 0 0 0 0 0 0 0 1021 3 0 0 0 0 0 0 0 1022 2 
0 0 0 0 20 1004 0 0 0 0 0 0 0 1020 4 0 0 0 0 0 0 0 1022 2 
0 0 0 5 140 879 0 0 0 0 0 0 8 1008 8 0 0 0 0 0 0 8 1001 15 
0 0 0 163 605 256 0 0 0 0 0 0 183 841 0 0 0 0 0 0 0 181 843 0 
0 0 0 113 901 10 0 0 0 0 0 0 134 890 0 0 0 0 0 0 1 135 888 0 
0 0 0 212 810 2 0 0 0 0 0 0 258 766 0 0 0 0 0 0 0 247 777 0 
0 0 0 88 900 36 0 0 0 0 0 0 114 910 0 0 0 0 0 0 0 113 911 0 
0 0 0 0 747 277 0 0 0 0 0 0 2 1022 0 0 0 0 0 0 0 2 1022 0 
0 0 0 0 885 139 0 0 0 0 0 0 0 1024 0 0 0 0 0 0 0 0 1024 0 
0 0 0 0 998 26 0 0 0 0 0 0 3 1021 0 0 0 0 0 0 0 1 1023 0 
0 0 0 0 938 86 0 0 0 0 0 0 0 1024 0 0 0 0 0 0 0 0 1024 0 
0 0 0 0 970 54 0 0 0 0 0 0 0 1024 0 0 0 0 0 0 0 0 1024 0 
0 0 0 0 1020 4 0 0 0 0 0 0 0 1024 0 0 0 0 0 0 0 0 1024 0 
0 0 0 0 1019 5 0 0 0 0 0 0 0 1024 0 0 0 0 0 0 0 0 1024 0 
0 0 0 0 999 25 0 0 0 0 0 0 0 1024 0 0 0 0 0 0 0 0 1024 0 
0 0 0 0 1021 3 0 0 0 0 0 0 0 1024 0 0 0 0 0 0 0 0 1024 0 
0 0 0 0 1020 4 0 0 0 0 0 0 0 1024 0 0 0 0 0 0 0 0 1024 0 
0 0 0 0 985 39 0 0 0 0 0 0 0 1024 0 0 0 0 0 0 0 0 1024 0 
0 0 0 0 994 30 0 0 0 0 0 0 0 1024 0 0 0 0 0 0 0 0 1024 0 
0 0 0 0 973 51 0 0 0 0 0 0 4 1020 0 0 0 0 0 0 0 0 1024 0 
0 0 0 0 986 38 0 0 0 0 0 0 3 1021 0 0 0 0 0 0 0 2 1022 0 
0 0 0 0 927 97 0 0 0 0 0 0 4 1020 0 0 0 0 0 0 0 0 1009 15 
0 0 0 0 811 213 0 0 0 0 0 0 1 1015 8 0 0 0 0 0 0 0 931 93 
0 0 0 0 656 368 0 0 0 0 0 0 0 1016 8 0 0 0 0 0 0 0 802 222 
0 0 0 0 766 258 0 0 0 0 0 0 0 983 41 0 0 0 0 0 0 0 806 218 
0 0 0 0 918 106 0 0 0 0 0 0 0 1023 1 0 0 0 0 0 0 0 950 74 
0 0 0 0 947 77 0 0 0 0 0 0 0 1024 0 0 0 0 0 0 0 0 967 57 
0 0 0 0 1022 2 0 0 0 0 0 0 0 1024 0 0 0 0 0 0 0 0 1024 0 
0 0 0 223 305 385 111 0 0 0 0 0 505 40 479 0 0 0 0 0 5 506 267 246 
0 0 0 101 375 377 171 0 0 0 0 0 464 39 521 0 0 0 0 0 0 464 333 227 
0 0 0 263 427 323 11 0 0 0 0 0 646 58 320 0 0 0 0 0 0 651 203 170 
0 0 0 57 866 101 0 0 0 0 0 0 780 165 79 0 0 0 0 0 0 876 124 24 
0 0 0 44 970 10 0 0 0 0 0 0 937 87 0 0 0 0 0 0 2 1003 19 0 
0 0 0 15 787 222 0 0 0 0 0 0 880 144 0 0 0 0 0 0 5 1019 0 0 
0 0 0 23 546 388 67 0 0 0 0 0 596 428 0 0 0 0 0 0 14 996 14 0 
0 0 0 59 273 626 66 0 0 0 0 0 580 437 7 0 0 0 0 0 3 979 38 4 
0 0 0 663 239 122 0 0 0 0 0 2 973 49 0 0 0 0 0 0 10 1008 6 0 
0 0 0 867 157 0 0 0 0 0 0 6 1012 6 0 0 0 0 0 0 10 1008 6 0 
0 0 0 856 168 0 0 0 0 0 0 4 1012 8 0 0 0 0 0 0 38 980 6 0 
0 0 0 835 92 97 0 0 0 0 0 0 890 131 3 0 0 0 0 0 17 877 130 0 
0 0 0 686 51 287 0 0 0 0 0 4 701 313 6 0 0 0 0 0 16 690 313 5 
0 0 0 622 49 353 0 0 0 0 0 2 633 365 24 0 0 0 0 0 14 624 365 21 
0 0 0 891 51 82 0 0 0 0 0 7 913 87 17 0 0 0 0 0 61 860 87 16 
0 0 0 1019 5 0 0 0 0 0 0 37 987 0 0 0 0 0 0 0 140 884 0 0 
0 0 0 1017 7 0 0 0 0 0 0 13 1011 0 0 0 0 0 0 0 193 831 0 0 
0 0 0 1020 4 0 0 0 0 0 0 21 1003 0 0 0 0 0 0 0 110 914 0 0 
0 0 0 1019 5 0 0 0 0 0 0 21 1001 2 0 0 0 0 0 0 246 776 2 0 
0 0 0 729 66 229 0 0 0 0 0 10 730 250 34 0 0 0 0 0 272 465 205 82 
0 0 0 753 92 179 0 0 0 0 0 14 755 239 16 0 0 0 0 0 199 568 175 82 
0 0 0 961 63 0 0 0 0 0 0 3 992 29 0 0 0 0 0 0 41 952 31 0 
0 0 0 872 126 26 0 0 0 0 0 0 908 116 0 0 0 0 0 0 32 875 117 0 
0 0 0 616 334 74 0 0 0 0 0 2 667 355 0 0 0 0 0 0 75 595 354 0 
0 0 0 397 491 136 0 0 0 0 0 2 414 608 0 0 0 0 0 0 29 387 608 0 
0 0 0 282 195 547 0 0 0 0 0 2 298 714 10 0 0 0 0 0 7 295 705 17 
0 0 0 362 138 524 0 0 0 0 0 2 384 637 1 0 0 0 0 0 21 368 632 3 
0 0 0 371 396 257 0 0 0 0 0 8 373 643 0 0 0 0 0 0 16 365 641 2 
0 0 0 175 724 125 0 0 0 0 0 11 185 828 0 0 0 0 0 0 35 155 834 0 
0 0 0 8 894 122 0 0 0 0 0 1 10 1013 0 0 0 0 0 0 0 11 1013 0 
0 0 0 0 734 290 0 0 0 0 0 0 0 1024 0 0 0 0 0 0 0 0 1024 0 
0 0 0 0 341 683 0 0 0 0 0 0 0 1024 0 0 0 0 0 0 0 0 1015 9 
0 0 0 0 295 729 0 0 0 0 0 0 0 1022 2 0 0 0 0 0 0 0 957 67 
0 0 0 0 76 948 0 0 0 0 0 0 0 850 174 0 0 0 0 0 0 0 546 478 
0 0 0 0 1 1023 0 0 0 0 0 0 0 106 918 0 0 0 0 0 0 0 4 1020 
0 0 0 0 43 981 0 0 0 0 0 0 0 170 854 0 0 0 0 0 0 0 20 1004 
0 0 0 0 235 789 0 0 0 0 0 0 0 742 282 0 0 0 0 0 0 0 380 644 
0 0 0 0 238 786 0 0 0 0 0 0 0 760 264 0 0 0 0 0 0 0 103 921 
0 0 0 0 233 791 0 0 0 0 0 0 0 829 195 0 0 0 0 0 0 0 167 857 
0 0 0 0 364 660 0 0 0 0 0 0 0 760 264 0 0 0 0 0 0 0 409 615 
0 0 0 203 821 0 0 0 0 0 0 0 1024 0 0 0 0 0 0 0 116 908 0 0 
0 0 0 84 940 0 0 0 0 0 0 0 974 50 0 0 0 0 0 0 119 903 2 0 
0 0 0 535 489 0 0 0 0 0 0 0 1003 21 0 0 0 0 0 0 40 984 0 0 
0 0 0 376 423 225 0 0 0 0 0 2 971 51 0 0 0 0 0 0 174 850 0 0 
0 0 0 29 713 269 13 0 0 0 0 0 877 142 5 0 0 0 0 0 322 666 36 0 
0 0 0 311 707 6 0 0 0 0 0 2 1022 0 0 0 0 0 0 0 630 394 0 0 
0 0 0 335 689 0 0 0 0 0 0 0 1020 4 0 0 0 0 0 0 248 776 0 0 
0 0 0 338 642 44 0 0 0 0 0 1 993 30 0 0 0 0 0 0 146 878 0 0 
0 0 0 739 276 9 0 0 0 0 0 48 968 8 0 0 0 0 0 0 296 728 0 0 
0 0 0 1024 0 0 0 0 0 0 0 86 938 0 0 0 0 0 0 0 125 899 0 0 
0 0 4 1020 0 0 0 0 0 0 0 41 983 0 0 0 0 0 0 0 78 946 0 0 
0 0 0 1024 0 0 0 0 0 0 0 50 974 0 0 0 0 0 0 0 144 880 0 0 
0 0 0 1023 1 0 0 0 0 0 0 24 1000 0 0 0 0 0 0 0 76 948 0 0 
0 0 0 1022 2 0 0 0 0 0 0 54 970 0 0 0 0 0 0 0 200 824 0 0 
0 0 0 1016 8 0 0 0 0 0 0 33 991 0 0 0 0 0 0 0 99 925 0 0 
0 0 0 1018 6 0 0 0 0 0 0 62 962 0 0 0 0 0 0 0 151 873 0 0 
0 0 1 1023 0 0 0 0 0 0 0 37 987 0 0 0 0 0 0 0 137 887 0 0 
0 0 1 1023 0 0 0 0 0 0 0 66 958 0 0 0 0 0 0 0 187 837 0 0 
0 0 0 1013 11 0 0 0 0 0 0 129 895 0 0 0 0 0 0 0 358 666 0 0 
0 0 0 977 47 0 0 0 0 0 0 125 899 0 0 0 0 0 0 0 354 670 0 0 
0 0 1 1021 2 0 0 0 0 0 0 148 876 0 0 0 0 0 0 0 387 637 0 0 
0 0 0 995 29 0 0 0 0 0 0 32 992 0 0 0 0 0 0 0 348 676 0 0 
0 0 0 796 228 0 0 0 0 0 0 9 1015 0 0 0 0 0 0 0 219 805 0 0 
0 0 0 791 233 0 0 0 0 0 0 3 1017 4 0 0 0 0 0 0 383 640 1 0 
0 0 0 857 167 0 0 0 0 0 0 4 1020 0 0 0 0 0 0 0 540 484 0 0 
0 0 0 792 232 0 0 0 0 0 0 4 1020 0 0 0 0 0 0 0 415 609 0 0 
0 0 0 926 98 0 0 0 0 0 0 20 1004 0 0 0 0 0 0 0 343 681 0 0 
0 0 0 1022 2 0 0 0 0 0 0 18 1006 0 0 0 0 0 0 0 273 751 0 0 
0 0 0 1024 0 0 0 0 0 0 0 32 992 0 0 0 0 0 0 0 560 464 0 0 
0 0 0 938 69 17 0 0 0 0 0 125 828 71 0 0 0 0 0 0 560 387 77 0 
0 0 1 811 156 56 0 0 0 0 0 130 693 199 2 0 0 0 0 0 312 507 201 4 
0 0 5 567 105 347 0 0 0 0 0 154 426 440 4 0 0 0 0 0 371 206 420 27 
0 0 2 86 27 909 0 0 0 0 0 25 66 745 188 0 0 0 0 0 31 59 395 539 
0 0 0 0 0 1018 6 0 0 0 0 0 0 495 529 0 0 0 0 0 0 0 126 898 
0 0 0 0 0 1020 4 0 0 0 0 0 0 51 973 0 0 0 0 0 0 0 1 1023 
0 0 0 0 0 1019 5 0 0 0 0 0 0 1 1023 0 0 0 0 0 0 0 0 1024 
0 0 0 0 0 1024 0 0 0 0 0 0 0 48 976 0 0 0 0 0 0 0 2 1022 
0 0 0 0 0 1024 0 0 0 0 0 0 0 162 862 0 0 0 0 0 0 0 14 1010 
0 0 0 0 0 1024 0 0 0 0 0 0 0 341 683 0 0 0 0 0 0 0 22 1002 
0 0 0 0 0 1024 0 0 0 0 0 0 0 336 688 0 0 0 0 0 0 0 83 941 
0 0 0 45 877 102 0 0 0 0 0 0 965 59 0 0 0 0 0 0 171 842 11 0 
0 0 0 35 774 215 0 0 0 0 0 0 1019 5 0 0 0 0 0 0 645 379 0 0 
0 0 0 6 620 397 1 0 0 0 0 0 1006 18 0 0 0 0 0 0 603 421 0 0 
0 0 0 0 622 382 20 0 0 0 0 1 852 170 1 0 0 0 0 0 566 422 36 0 
0 0 0 5 980 39 0 0 0 0 0 0 1006 18 0 0 0 0 0 0 754 269 1 0 
0 0 0 116 906 2 0 0 0 0 0 3 1020 1 0 0 0 0 0 0 823 201 0 0 
0 0 0 150 874 0 0 0 0 0 0 4 1020 0 0 0 0 0 0 0 764 260 0 0 
0 0 0 4 1016 4 0 0 0 0 0 0 1021 3 0 0 0 0 0 0 754 270 0 0 
0 0 0 12 976 36 0 0 0 0 0 8 997 19 0 0 0 0 0 0 778 242 4 0 
0 0 0 443 562 19 0 0 0 0 0 113 911 0 0 0 0 0 0 0 699 325 0 0 
0 0 0 941 73 10 0 0 0 0 0 102 922 0 0 0 0 0 0 0 279 745 0 0 
0 0 0 1024 0 0 0 0 0 0 0 100 924 0 0 0 0 0 0 0 234 790 0 0 
0 0 0 964 60 0 0 0 0 0 0 38 986 0 0 0 0 0 0 0 72 952 0 0 
0 0 11 995 18 0 0 0 0 0 0 123 901 0 0 0 0 0 0 0 191 833 0 0 
0 0 0 1013 11 0 0 0 0 0 0 82 942 0 0 0 0 0 0 0 164 860 0 0 
0 0 0 987 37 0 0 0 0 0 0 6 1018 0 0 0 0 0 0 0 16 1008 0 0 
0 0 3 1014 7 0 0 0 0 0 0 175 849 0 0 0 0 0 0 0 233 791 0 0 
0 0 0 1023 1 0 0 0 0 0 0 182 842 0 0 0 0 0 0 0 319 705 0 0 
0 0 11 1009 4 0 0 0 0 0 0 233 791 0 0 0 0 0 0 0 447 577 0 0 
0 0 4 951 69 0 0 0 0 0 0 103 921 0 0 0 0 0 0 0 224 800 0 0 
0 0 0 1014 10 0 0 0 0 0 0 229 795 0 0 0 0 0 0 0 601 423 0 0 
0 0 0 885 111 28 0 0 0 0 0 203 815 6 0 0 0 0 0 0 783 241 0 0 
0 0 0 464 466 93 1 0 0 0 0 41 960 23 0 0 0 0 0 0 490 532 2 0 
0 0 2 219 654 143 6 0 0 0 0 80 868 74 2 0 0 0 0 1 532 454 37 0 
0 0 0 438 573 13 0 0 0 0 0 115 905 4 0 0 0 0 0 0 651 373 0 0 
0 0 0 343 681 0 0 0 0 0 0 6 1017 1 0 0 0 0 0 0 549 475 0 0 
0 0 0 258 760 6 0 0 0 0 0 7 1008 9 0 0 0 0 0 0 511 510 3 0 
0 0 0 659 364 1 0 0 0 0 0 9 1015 0 0 0 0 0 0 0 311 713 0 0 
0 0 0 947 77 0 0 0 0 0 0 85 939 0 0 0 0 0 0 0 691 333 0 0 
0 0 0 1024 0 0 0 0 0 0 0 246 778 0 0 0 0 0 0 0 969 55 0 0 
0 0 0 798 226 0 0 0 0 0 0 110 914 0 0 0 0 0 0 0 877 147 0 0 
0 0 0 682 338 4 0 0 0 0 0 110 912 2 0 0 0 0 0 0 679 345 0 0 
0 0 6 890 19 97 12 0 0 0 0 356 546 18 104 0 0 0 0 0 700 202 20 102 
0 0 12 136 14 333 529 0 0 0 0 76 72 20 856 0 0 0 0 0 98 51 18 857 
0 0 0 0 0 81 745 198 0 0 0 0 0 0 889 135 0 0 0 0 0 0 0 1024 
0 0 0 0 0 75 526 423 0 0 0 0 0 0 844 180 0 0 0 0 0 0 0 1024 
0 0 0 0 0 299 679 46 0 0 0 0 0 2 1013 9 0 0 0 0 0 0 1 1023 
0 0 0 0 0 725 299 0 0 0 0 0 0 1 1022 1 0 0 0 0 0 0 0 1024 
0 0 0 0 0 574 450 0 0 0 0 0 0 5 1011 8 0 0 0 0 0 0 3 1021 
0 0 0 0 0 822 202 0 0 0 0 0 0 13 1011 0 0 0 0 0 0 0 1 1023 
0 0 31 93 568 332 0 0 0 0 0 101 922 1 0 0 0 0 0 1 796 227 0 0 
0 0 21 202 631 170 0 0 0 0 0 78 946 0 0 0 0 0 0 0 978 46 0 0 
0 0 73 402 545 4 0 0 0 0 0 230 794 0 0 0 0 0 0 0 1021 3 0 0 
0 0 42 702 280 0 0 0 0 0 0 379 645 0 0 0 0 0 0 0 1009 15 0 0 
0 0 56 550 410 8 0 0 0 0 0 337 686 1 0 0 0 0 0 0 940 84 0 0 
0 0 121 627 276 0 0 0 0 0 0 467 557 0 0 0 0 0 0 0 949 75 0 0 
0 0 301 526 197 0 0 0 0 0 0 618 406 0 0 0 0 0 0 0 989 35 0 0 
0 0 144 456 419 5 0 0 0 0 0 479 542 3 0 0 0 0 0 0 809 214 1 0 
0 0 33 488 457 46 0 0 0 0 0 234 768 22 0 0 0 0 0 0 576 442 6 0 
0 0 19 387 362 252 4 0 0 0 0 243 695 86 0 0 0 0 0 0 696 312 16 0 
0 0 6 270 548 200 0 0 0 0 0 125 893 6 0 0 0 0 0 0 796 228 0 0 
0 0 0 232 642 149 1 0 0 0 0 31 974 19 0 0 0 0 0 0 650 370 4 0 
0 0 28 549 433 14 0 0 0 0 0 333 687 4 0 0 0 0 0 1 834 188 1 0 
0 0 67 938 19 0 0 0 0 0 0 395 629 0 0 0 0 0 0 2 618 404 0 0 
0 0 2 991 31 0 0 0 0 0 0 213 811 0 0 0 0 0 0 0 380 644 0 0 
0 0 14 978 32 0 0 0 0 0 0 445 579 0 0 0 0 0 0 0 621 403 0 0 
0 0 14 1008 2 0 0 0 0 0 0 404 620 0 0 0 0 0 0 0 582 442 0 0 
0 0 0 840 184 0 0 0 0 0 0 104 920 0 0 0 0 0 0 0 215 809 0 0 
0 0 2 832 190 0 0 0 0 0 0 64 960 0 0 0 0 0 0 0 187 837 0 0 
0 0 0 911 90 23 0 0 0 0 0 168 856 0 0 0 0 0 0 0 722 302 0 0 
0 0 0 419 249 168 175 13 0 0 0 179 558 180 106 1 0 0 0 1 615 204 192 12 
0 0 3 153 494 225 137 12 0 0 0 157 595 192 80 0 0 0 0 5 538 314 159 8 
0 0 1 250 461 243 66 3 0 0 0 178 575 229 42 0 0 0 0 2 416 450 146 10 
0 0 2 152 438 380 52 0 0 0 0 91 665 256 12 0 0 0 0 1 464 466 93 0 
0 0 78 523 310 104 9 0 0 0 0 449 498 70 7 0 0 0 0 3 731 271 19 0 
0 0 60 841 121 2 0 0 0 0 0 638 386 0 0 0 0 0 0 0 853 171 0 0 
0 0 0 637 387 0 0 0 0 0 0 107 917 0 0 0 0 0 0 0 904 120 0 0 
0 0 0 136 877 11 0 0 0 0 0 12 995 16 1 0 0 0 0 0 781 239 4 0 
0 0 0 159 863 2 0 0 0 0 0 30 986 8 0 0 0 0 0 0 482 540 2 0 
0 0 0 122 832 70 0 0 0 0 0 9 991 24 0 0 0 0 0 0 701 320 3 0 
0 0 0 2 724 298 0 0 0 0 0 0 1010 14 0 0 0 0 0 0 836 188 0 0 
0 0 0 256 605 153 10 0 0 0 0 75 862 86 1 0 0 0 0 0 439 556 29 0 
0 0 0 1022 2 0 0 0 0 0 0 458 566 0 0 0 0 0 0 0 968 56 0 0 
0 0 12 854 67 23 68 0 0 0 0 189 739 15 77 4 0 0 0 0 763 168 13 80 
0 0 8 233 33 73 677 0 0 0 0 42 219 26 725 12 0 0 0 0 188 76 27 733 
0 0 30 113 19 64 751 47 0 0 3 82 69 26 837 7 0 0 0 1 93 58 32 840 
0 0 163 414 20 30 361 36 0 0 0 464 126 23 381 30 0 0 0 0 487 104 25 408 
0 0 424 488 17 54 41 0 0 0 0 699 218 21 69 17 0 0 0 0 667 248 28 81 
0 0 420 502 26 55 21 0 0 0 0 684 247 30 63 0 0 0 0 0 669 260 29 66 
0 0 184 366 31 331 112 0 0 0 0 465 93 46 415 5 0 0 0 0 457 98 41 428 
0 0 762 256 6 0 0 0 0 0 0 994 30 0 0 0 0 0 0 0 1022 2 0 0 
0 0 893 131 0 0 0 0 0 0 0 1007 17 0 0 0 0 0 0 3 1021 0 0 0 
0 0 822 202 0 0 0 0 0 0 0 1017 7 0 0 0 0 0 0 0 1024 0 0 0 
0 0 913 111 0 0 0 0 0 0 0 1022 2 0 0 0 0 0 0 5 1018 1 0 0 
0 0 697 327 0 0 0 0 0 0 1 950 73 0 0 0 0 0 0 11 973 40 0 0 
0 0 259 765 0 0 0 0 0 0 0 755 269 0 0 0 0 0 0 2 904 118 0 0 
0 0 665 359 0 0 0 0 0 0 1 949 74 0 0 0 0 0 0 2 989 33 0 0 
0 0 581 443 0 0 0 0 0 0 2 896 126 0 0 0 0 0 0 2 928 94 0 0 
0 0 747 277 0 0 0 0 0 0 0 954 70 0 0 0 0 0 0 8 1001 15 0 0 
0 0 546 478 0 0 0 0 0 0 0 850 174 0 0 0 0 0 0 4 921 99 0 0 
0 0 252 727 45 0 0 0 0 0 0 745 278 1 0 0 0 0 0 3 955 66 0 0 
0 0 0 289 678 56 1 0 0 0 0 168 816 40 0 0 0 0 0 0 787 229 8 0 
0 0 156 620 248 0 0 0 0 0 0 700 324 0 0 0 0 0 0 1 1009 14 0 0 
0 0 770 242 11 1 0 0 0 0 1 957 65 1 0 0 0 0 0 15 988 20 1 0 
0 0 226 795 3 0 0 0 0 0 0 471 553 0 0 0 0 0 0 0 582 442 0 0 
0 0 33 991 0 0 0 0 0 0 0 410 614 0 0 0 0 0 0 0 599 425 0 0 
0 0 63 937 24 0 0 0 0 0 0 433 591 0 0 0 0 0 0 0 525 499 0 0 
0 0 1 659 349 15 0 0 0 0 0 99 909 16 0 0 0 0 0 0 187 829 8 0 
0 0 0 268 527 219 10 0 0 0 0 39 871 113 1 0 0 0 0 0 547 463 14 0 
0 0 0 65 399 528 32 0 0 0 0 40 652 327 5 0 0 0 0 0 341 606 77 0 
0 0 1 180 405 271 156 11 0 0 0 139 495 309 80 1 0 0 0 7 367 412 230 8 
0 0 3 252 365 282 106 16 0 0 0 158 533 270 63 0 0 0 0 8 371 447 186 12 
0 0 0 58 281 441 243 1 0 0 0 72 396 494 62 0 0 0 0 2 213 541 265 3 
0 0 0 28 667 311 18 0 0 0 0 63 815 141 5 0 0 0 0 0 664 326 34 0 
0 0 74 425 316 186 23 0 0 0 0 459 491 69 5 0 0 0 0 4 845 146 29 0 
0 0 483 536 5 0 0 0 0 0 0 959 65 0 0 0 0 0 0 9 1000 15 0 0 
0 0 104 636 272 12 0 0 0 0 0 528 484 12 0 0 0 0 0 0 947 71 6 0 
0 0 0 32 983 9 0 0 0 0 0 18 992 14 0 0 0 0 0 0 930 91 3 0 
0 0 0 11 1006 7 0 0 0 0 0 19 1000 5 0 0 0 0 0 0 916 108 0 0 
0 0 0 15 985 24 0 0 0 0 0 14 996 14 0 0 0 0 0 0 924 99 1 0 
0 0 0 2 973 49 0 0 0 0 0 5 1003 16 0 0 0 0 0 0 941 83 0 0 
0 0 0 106 661 223 34 0 0 0 0 59 823 135 7 0 0 0 0 1 699 265 59 0 
0 0 0 414 520 68 22 0 0 0 0 344 603 66 11 0 0 0 0 0 822 167 35 0 
0 0 0 382 561 81 0 0 0 0 0 148 868 8 0 0 0 0 0 0 942 82 0 0 
0 0 0 149 636 239 0 0 0 0 0 29 946 49 0 0 0 0 0 0 695 326 3 0 
0 0 30 429 363 183 19 0 0 0 0 371 549 101 3 0 0 0 0 0 796 208 20 0 
0 0 615 280 127 2 0 0 0 0 0 897 127 0 0 0 0 0 0 0 1009 15 0 0 
0 0 994 30 0 0 0 0 0 0 0 1021 3 0 0 0 0 0 0 0 1022 2 0 0 
0 0 959 65 0 0 0 0 0 0 0 1023 1 0 0 0 0 0 0 0 1019 5 0 0 
0 0 721 303 0 0 0 0 0 0 0 1012 12 0 0 0 0 0 0 0 987 37 0 0 
0 0 786 238 0 0 0 0 0 0 0 1019 5 0 0 0 0 0 0 1 1022 1 0 0 
0 0 901 123 0 0 0 0 0 0 0 1023 1 0 0 0 0 0 0 2 1022 0 0 0 
0 0 900 124 0 0 0 0 0 0 0 1020 4 0 0 0 0 0 0 4 1020 0 0 0 
0 0 1021 3 0 0 0 0 0 0 1 1023 0 0 0 0 0 0 0 25 999 0 0 0 
0 0 979 45 0 0 0 0 0 0 2 1021 1 0 0 0 0 0 0 7 1016 1 0 0 
0 0 922 102 0 0 0 0 0 0 1 1020 3 0 0 0 0 0 0 25 999 0 0 0 
0 0 792 232 0 0 0 0 0 0 3 1017 4 0 0 0 0 0 0 24 1000 0 0 0 
0 0 786 238 0 0 0 0 0 0 2 1005 17 0 0 0 0 0 0 33 982 9 0 0 
0 1 917 106 0 0 0 0 0 0 4 1014 6 0 0 0 0 0 0 38 985 1 0 0 
0 0 903 121 0 0 0 0 0 0 5 1012 7 0 0 0 0 0 0 42 979 3 0 0 
0 0 865 157 2 0 0 0 0 0 0 1000 24 0 0 0 0 0 0 38 984 2 0 0 
0 0 748 262 14 0 0 0 0 0 0 973 51 0 0 0 0 0 0 37 981 6 0 0 
0 0 903 121 0 0 0 0 0 0 0 1022 2 0 0 0 0 0 0 32 991 1 0 0 
0 0 926 98 0 0 0 0 0 0 2 1022 0 0 0 0 0 0 0 91 933 0 0 0 
0 0 779 245 0 0 0 0 0 0 0 1002 22 0 0 0 0 0 0 78 941 5 0 0 
0 0 380 590 43 9 2 0 0 0 0 710 306 8 0 0 0 0 0 55 858 109 2 0 
0 0 78 207 509 228 2 0 0 0 1 145 815 61 2 0 0 0 0 17 526 472 9 0 
0 0 0 32 701 277 14 0 0 0 0 12 904 106 2 0 0 0 0 0 688 322 14 0 
0 0 4 448 508 62 2 0 0 0 0 381 623 20 0 0 0 0 0 1 904 117 2 0 
0 0 0 182 764 65 13 0 0 0 0 139 821 54 10 0 0 0 0 0 820 178 25 1 
0 0 1 179 751 79 14 0 0 0 1 117 819 84 3 0 0 0 0 8 710 274 32 0 
0 0 0 40 255 304 424 1 0 0 0 72 286 624 42 0 0 0 0 1 230 308 484 1 
0 0 0 21 254 517 232 0 0 0 0 42 495 443 44 0 0 0 0 7 257 550 210 0 
0 0 128 654 207 32 3 0 0 0 1 569 430 23 1 0 0 0 0 17 727 274 6 0 
0 0 777 247 0 0 0 0 0 0 2 977 45 0 0 0 0 0 0 39 956 29 0 0 
0 0 800 224 0 0 0 0 0 0 2 1020 2 0 0 0 0 0 0 45 978 1 0 0 
0 0 598 326 98 2 0 0 0 0 0 882 139 3 0 0 0 0 0 5 951 67 1 0 
0 0 110 444 469 1 0 0 0 0 0 428 595 1 0 0 0 0 0 0 904 120 0 0 
0 0 0 70 885 68 1 0 0 0 0 68 898 58 0 0 0 0 0 0 802 207 15 0 
0 0 0 17 743 177 80 7 0 0 0 29 845 108 42 0 0 0 0 2 749 186 87 0 
0 0 0 0 932 89 3 0 0 0 0 0 1010 14 0 0 0 0 0 0 967 54 3 0 
0 0 0 32 915 64 13 0 0 0 0 34 933 55 2 0 0 0 0 0 898 100 26 0 
0 0 0 0 998 21 5 0 0 0 0 0 1017 6 1 0 0 0 0 0 1003 17 4 0 
0 0 0 0 982 41 1 0 0 0 0 3 1014 7 0 0 0 0 0 0 1003 20 1 0 
0 0 0 0 882 141 1 0 0 0 0 0 999 25 0 0 0 0 0 0 939 84 1 0 
0 0 0 0 632 373 19 0 0 0 0 4 904 115 1 0 0 0 0 0 712 298 14 0 
0 0 0 72 662 280 10 0 0 0 0 108 846 69 1 0 0 0 0 5 866 143 10 0 
0 0 210 136 527 151 0 0 0 0 0 340 684 0 0 0 0 0 0 0 1022 2 0 0 
0 0 640 165 210 9 0 0 0 0 0 802 222 0 0 0 0 0 0 0 1024 0 0 0 
0 0 822 202 0 0 0 0 0 0 0 1024 0 0 0 0 0 0 0 0 1024 0 0 0 
0 0 664 360 0 0 0 0 0 0 0 1022 2 0 0 0 0 0 0 0 1024 0 0 0 
0 0 982 42 0 0 0 0 0 0 0 1024 0 0 0 0 0 0 0 5 1019 0 0 0 
0 0 985 39 0 0 0 0 0 0 0 1024 0 0 0 0 0 0 0 0 1024 0 0 0 
0 0 1016 8 0 0 0 0 0 0 0 1024 0 0 0 0 0 0 0 33 991 0 0 0 
0 0 1024 0 0 0 0 0 0 0 4 1020 0 0 0 0 0 0 0 38 986 0 0 0 
0 0 1007 17 0 0 0 0 0 0 5 1019 0 0 0 0 0 0 0 44 980 0 0 0 
0 0 908 116 0 0 0 0 0 0 1 1019 4 0 0 0 0 0 0 4 1018 2 0 0 
0 0 697 327 0 0 0 0 0 0 0 1017 7 0 0 0 0 0 0 4 1020 0 0 0 
0 0 721 303 0 0 0 0 0 0 2 990 32 0 0 0 0 0 0 14 997 13 0 0 
0 2 731 291 0 0 0 0 0 0 11 996 17 0 0 0 0 0 0 50 968 6 0 0 
0 0 930 94 0 0 0 0 0 0 5 1016 3 0 0 0 0 0 0 123 900 1 0 0 
0 1 944 79 0 0 0 0 0 0 12 1009 3 0 0 0 0 0 0 113 911 0 0 0 
0 0 957 67 0 0 0 0 0 0 3 1018 3 0 0 0 0 0 0 182 842 0 0 0 
0 0 966 58 0 0 0 0 0 0 4 1019 1 0 0 0 0 0 0 116 908 0 0 0 
0 0 949 75 0 0 0 0 0 0 7 1017 0 0 0 0 0 0 0 327 697 0 0 0 
0 1 1007 16 0 0 0 0 0 0 23 1001 0 0 0 0 0 0 0 345 679 0 0 0 
0 0 992 30 2 0 0 0 0 0 84 935 5 0 0 0 0 0 0 480 544 0 0 0 
0 1 724 165 132 2 0 0 0 0 32 776 210 6 0 0 0 0 0 234 737 53 0 0 
0 0 312 642 69 1 0 0 0 0 10 811 200 3 0 0 0 0 0 131 857 35 1 0 
0 0 55 577 195 162 35 0 0 0 0 509 312 198 5 0 0 0 0 20 670 215 119 0 
0 0 0 4 125 682 213 0 0 0 0 9 148 848 19 0 0 0 0 0 106 253 665 0 
0 0 0 0 0 427 597 0 0 0 0 0 8 1006 10 0 0 0 0 0 0 172 852 0 
0 0 0 41 318 434 220 11 0 0 0 29 619 332 44 0 0 0 0 0 474 364 186 0 
0 0 258 515 184 15 22 30 0 0 9 595 350 19 13 38 0 0 0 18 764 179 14 49 
0 0 254 502 21 15 151 81 0 0 13 614 150 13 51 183 0 0 0 26 673 79 14 232 
0 1 368 213 14 12 217 199 0 0 23 557 15 10 70 349 0 0 1 58 526 14 10 415 
0 0 196 183 14 16 129 486 0 0 18 362 15 14 70 545 0 0 1 38 345 15 14 611 
8 258 291 231 22 23 59 132 2 231 191 345 35 25 37 158 0 148 239 60 343 22 25 187 
0 6 174 584 179 50 31 0 0 4 11 468 464 73 4 0 0 2 7 26 668 285 36 0 
0 0 5 45 723 182 69 0 0 0 0 54 832 119 19 0 0 0 0 0 726 230 68 0 
0 0 0 155 742 127 0 0 0 0 0 167 810 47 0 0 0 0 0 0 827 191 6 0 
0 0 0 9 997 18 0 0 0 0 0 2 1017 5 0 0 0 0 0 0 984 40 0 0 
0 0 0 1 1004 19 0 0 0 0 0 4 1017 3 0 0 0 0 0 0 999 25 0 0 
0 0 0 4 978 42 0 0 0 0 0 13 1002 9 0 0 0 0 0 1 944 79 0 0 
0 0 0 0 999 25 0 0 0 0 0 0 1024 0 0 0 0 0 0 0 1017 7 0 0 
0 0 0 0 992 32 0 0 0 0 0 0 1024 0 0 0 0 0 0 0 1006 18 0 0 
0 0 0 0 878 146 0 0 0 0 0 0 1013 11 0 0 0 0 0 0 990 34 0 0 
0 0 76 178 272 498 0 0 0 0 0 267 746 11 0 0 0 0 0 8 958 58 0 0 
0 0 95 378 551 0 0 0 0 0 0 444 580 0 0 0 0 0 0 10 1007 7 0 0 
0 0 120 259 606 39 0 0 0 0 1 349 674 0 0 0 0 0 0 0 1022 2 0 0 
0 12 211 329 431 41 0 0 0 9 68 475 470 2 0 0 0 2 66 69 879 8 0 0 
0 0 688 266 70 0 0 0 0 0 26 912 86 0 0 0 0 0 15 85 919 5 0 0 
0 0 986 38 0 0 0 0 0 0 0 1024 0 0 0 0 0 0 0 51 973 0 0 0 
0 0 978 46 0 0 0 0 0 0 0 1024 0 0 0 0 0 0 0 29 995 0 0 0 
0 0 864 160 0 0 0 0 0 0 0 990 34 0 0 0 0 0 0 13 1000 11 0 0 
0 0 498 526 0 0 0 0 0 0 2 796 226 0 0 0 0 0 0 4 904 116 0 0 
0 0 165 859 0 0 0 0 0 0 0 635 389 0 0 0 0 0 0 5 849 170 0 0 
0 0 57 967 0 0 0 0 0 0 0 456 568 0 0 0 0 0 0 0 634 390 0 0 
0 0 413 611 0 0 0 0 0 0 0 794 230 0 0 0 0 0 0 18 839 167 0 0 
0 0 420 604 0 0 0 0 0 0 1 820 203 0 0 0 0 0 0 9 915 100 0 0 
0 0 561 463 0 0 0 0 0 0 3 929 92 0 0 0 0 0 0 111 886 27 0 0 
0 0 839 185 0 0 0 0 0 0 4 979 41 0 0 0 0 0 0 223 792 9 0 0 
0 0 752 272 0 0 0 0 0 0 1 948 75 0 0 0 0 0 0 177 824 23 0 0 
0 0 950 74 0 0 0 0 0 0 14 1007 3 0 0 0 0 0 0 387 637 0 0 0 
0 1 853 170 0 0 0 0 0 0 9 1012 3 0 0 0 0 0 0 194 829 1 0 0 
0 0 574 450 0 0 0 0 0 0 8 999 17 0 0 0 0 0 0 118 905 1 0 0 
0 0 982 42 0 0 0 0 0 0 257 767 0 0 0 0 0 0 0 543 481 0 0 0 
0 2 1022 0 0 0 0 0 0 0 419 605 0 0 0 0 0 0 0 765 259 0 0 0 
0 1 1023 0 0 0 0 0 0 0 322 702 0 0 0 0 0 0 0 789 235 0 0 0 
0 0 505 141 189 186 3 0 0 0 65 562 226 170 1 0 0 0 0 329 448 169 78 0 
0 1 315 243 116 330 19 0 0 0 6 560 124 330 4 0 0 0 0 146 501 221 156 0 
0 1 134 180 135 236 145 193 0 0 6 290 168 337 23 200 0 0 1 18 334 236 219 216 
0 0 0 3 62 47 153 759 0 0 0 25 57 41 55 846 0 0 0 2 65 37 28 892 
0 0 0 0 1 3 332 688 0 0 0 0 1 3 36 984 0 0 0 0 0 2 2 1020 
0 0 0 0 0 0 247 777 0 0 0 0 0 0 20 1004 0 0 0 0 0 0 0 1024 
0 0 0 0 0 0 84 940 0 0 0 0 0 0 16 1008 0 0 0 0 0 0 0 1024 
0 257 84 18 13 22 57 573 0 259 81 17 13 21 31 602 0 183 153 12 17 17 24 618 
1 909 112 1 1 0 0 0 0 831 191 1 1 0 0 0 0 629 393 1 1 0 0 0 
8 428 506 82 0 0 0 0 2 397 124 497 4 0 0 0 0 334 142 158 388 2 0 0 
0 0 540 263 216 5 0 0 0 0 20 759 240 5 0 0 0 0 0 128 869 27 0 0 
0 0 324 143 473 82 2 0 0 0 7 481 473 63 0 0 0 0 0 59 854 95 16 0 
0 0 207 138 625 52 2 0 0 0 0 351 647 26 0 0 0 0 0 60 908 53 3 0 
0 0 128 169 715 12 0 0 0 0 3 310 708 3 0 0 0 0 0 170 824 30 0 0 
0 0 8 172 832 12 0 0 0 0 0 187 835 2 0 0 0 0 0 15 996 13 0 0 
0 0 0 4 1001 19 0 0 0 0 0 18 1006 0 0 0 0 0 0 0 1022 2 0 0 
0 0 0 0 1024 0 0 0 0 0 0 6 1018 0 0 0 0 0 0 0 1024 0 0 0 
0 0 0 0 868 156 0 0 0 0 0 0 1024 0 0 0 0 0 0 0 1024 0 0 0 
0 0 43 205 271 505 0 0 0 0 2 300 722 0 0 0 0 0 0 39 972 13 0 0 
0 0 183 612 229 0 0 0 0 0 5 723 295 1 0 0 0 0 0 53 952 19 0 0 
0 0 176 766 82 0 0 0 0 0 1 912 111 0 0 0 0 0 0 70 941 13 0 0 
0 415 448 111 50 0 0 0 0 238 628 113 45 0 0 0 0 17 842 117 48 0 0 0 
2 354 157 339 171 1 0 0 0 262 240 390 132 0 0 0 0 10 411 357 246 0 0 0 
3 262 541 206 12 0 0 0 0 59 573 373 19 0 0 0 0 3 402 449 170 0 0 0 
17 513 447 47 0 0 0 0 0 400 353 271 0 0 0 0 0 19 713 103 189 0 0 0 
10 388 598 28 0 0 0 0 0 204 419 401 0 0 0 0 0 2 585 131 306 0 0 0 
0 339 324 361 0 0 0 0 0 180 307 439 98 0 0 0 0 0 449 71 475 29 0 0 
0 209 219 596 0 0 0 0 0 58 273 510 183 0 0 0 0 0 298 85 545 96 0 0 
0 16 236 705 67 0 0 0 0 3 110 721 190 0 0 0 0 0 94 57 801 72 0 0 
0 0 160 745 119 0 0 0 0 0 0 809 215 0 0 0 0 0 0 34 960 30 0 0 
0 0 415 609 0 0 0 0 0 0 0 985 39 0 0 0 0 0 0 94 921 9 0 0 
0 0 642 381 1 0 0 0 0 0 6 1000 18 0 0 0 0 0 0 119 897 8 0 0 
0 3 931 90 0 0 0 0 0 0 57 965 2 0 0 0 0 0 0 359 664 1 0 0 
0 0 543 481 0 0 0 0 0 0 34 837 153 0 0 0 0 0 0 308 680 36 0 0 
0 0 361 663 0 0 0 0 0 0 1 801 222 0 0 0 0 0 0 129 755 140 0 0 
0 0 567 457 0 0 0 0 0 0 6 957 61 0 0 0 0 0 0 55 950 19 0 0 
0 0 850 174 0 0 0 0 0 0 31 985 8 0 0 0 0 0 0 159 865 0 0 0 
0 1 772 247 4 0 0 0 0 0 32 979 13 0 0 0 0 0 0 153 871 0 0 0 
0 18 872 62 72 0 0 0 0 0 314 646 64 0 0 0 0 0 0 533 491 0 0 0 
0 1 984 28 11 0 0 0 0 0 409 603 12 0 0 0 0 0 0 766 258 0 0 0 
0 2 1022 0 0 0 0 0 0 0 256 768 0 0 0 0 0 0 0 813 211 0 0 0 
0 2 901 24 8 7 15 67 0 1 71 854 9 7 12 70 0 0 1 370 557 8 8 80 
0 1 85 15 8 13 38 864 0 0 19 82 8 10 18 887 0 0 0 32 70 9 11 902 
0 0 0 0 0 0 11 1013 0 0 0 0 0 0 0 1024 0 0 0 0 0 0 0 1024 
0 0 0 0 0 0 18 1006 0 0 0 0 0 0 2 1022 0 0 0 0 0 0 0 1024 
0 0 0 0 0 0 14 1010 0 0 0 0 0 0 0 1024 0 0 0 0 0 0 0 1024 
0 39 104 9 7 11 47 807 0 39 104 8 7 11 25 830 0 12 126 9 9 10 11 847 
6 805 152 7 4 7 6 37 1 805 157 7 5 6 7 36 0 717 245 4 6 6 6 40 
8 1008 8 0 0 0 0 0 0 1002 22 0 0 0 0 0 0 919 105 0 0 0 0 0 
15 937 72 0 0 0 0 0 0 927 81 16 0 0 0 0 0 762 239 14 9 0 0 0 
2 191 830 1 0 0 0 0 0 173 273 578 0 0 0 0 0 163 40 566 255 0 0 0 
0 0 836 188 0 0 0 0 0 0 93 924 7 0 0 0 0 0 0 432 592 0 0 0 
0 1 886 137 0 0 0 0 0 0 70 954 0 0 0 0 0 0 0 377 647 0 0 0 
0 0 992 32 0 0 0 0 0 0 102 922 0 0 0 0 0 0 0 757 267 0 0 0 
0 0 579 426 19 0 0 0 0 0 96 928 0 0 0 0 0 0 0 575 449 0 0 0 
0 0 193 640 191 0 0 0 0 0 28 894 102 0 0 0 0 0 0 254 770 0 0 0 
0 0 35 649 340 0 0 0 0 0 1 694 329 0 0 0 0 0 0 161 863 0 0 0 
0 0 1 510 484 29 0 0 0 0 0 526 498 0 0 0 0 0 0 101 923 0 0 0 
0 0 11 152 656 205 0 0 0 0 2 295 727 0 0 0 0 0 0 36 976 12 0 0 
0 0 446 502 67 9 0 0 0 0 11 906 98 9 0 0 0 0 0 197 794 32 1 0 
0 0 441 564 19 0 0 0 0 0 7 900 117 0 0 0 0 0 0 184 837 3 0 0 
2 607 386 29 0 0 0 0 2 390 602 30 0 0 0 0 6 99 875 41 3 0 0 0 
4 552 252 176 36 4 0 0 0 388 420 178 36 2 0 0 0 19 728 226 45 6 0 0 
0 762 204 57 1 0 0 0 0 331 606 84 3 0 0 0 0 0 839 160 25 0 0 0 
1 657 220 141 5 0 0 0 0 423 444 148 9 0 0 0 0 0 807 203 14 0 0 0 
0 417 414 177 15 1 0 0 0 188 640 181 14 1 0 0 0 7 703 289 23 2 0 0 
0 275 634 104 11 0 0 0 0 68 816 121 19 0 0 0 0 0 736 248 40 0 0 0 
0 638 386 0 0 0 0 0 0 301 723 0 0 0 0 0 0 2 1019 3 0 0 0 0 
0 608 406 6 4 0 0 0 0 199 815 6 4 0 0 0 0 11 1001 7 5 0 0 0 
0 160 423 303 129 8 1 0 0 42 536 299 140 7 0 0 0 6 561 78 368 10 1 0 
0 141 587 294 2 0 0 0 0 39 278 702 5 0 0 0 0 2 281 246 495 0 0 0 
0 0 1010 14 0 0 0 0 0 0 71 953 0 0 0 0 0 0 8 566 450 0 0 0 
0 1 1010 13 0 0 0 0 0 0 121 903 0 0 0 0 0 0 0 795 229 0 0 0 
0 0 844 73 69 34 4 0 0 0 40 889 68 24 3 0 0 0 2 440 537 37 8 0 
0 0 227 273 459 64 1 0 0 0 5 476 491 51 1 0 0 0 0 75 807 132 10 0 
0 0 211 445 367 1 0 0 0 0 34 757 233 0 0 0 0 0 0 281 740 3 0 0 
0 0 272 595 156 1 0 0 0 0 21 936 67 0 0 0 0 0 0 508 515 1 0 0 
0 0 12 527 427 58 0 0 0 0 2 554 431 37 0 0 0 0 0 67 874 83 0 0 
0 0 5 270 663 86 0 0 0 0 2 291 676 55 0 0 0 0 0 47 778 197 2 0 
0 0 0 119 876 29 0 0 0 0 0 256 768 0 0 0 0 0 0 56 967 1 0 0 
0 0 95 45 868 4 4 8 0 0 46 192 773 3 2 8 0 0 0 133 877 2 4 8 
0 1 110 42 101 20 40 710 0 0 9 162 92 12 38 711 0 0 0 37 218 16 15 738 
0 0 0 0 0 0 66 958 0 0 0 0 0 0 2 1022 0 0 0 0 0 0 0 1024 
0 0 0 0 0 0 11 1013 0 0 0 0 0 0 2 1022 0 0 0 0 0 0 0 1024 
0 0 0 0 0 0 11 1013 0 0 0 0 0 0 0 1024 0 0 0 0 0 0 0 1024 
1 19 9 6 4 4 27 954 1 15 13 5 5 3 11 971 0 8 21 4 3 5 6 977 
0 494 329 14 11 11 16 149 0 425 398 13 11 10 14 153 0 137 685 11 13 9 13 156 
6 810 208 0 0 0 0 0 0 779 245 0 0 0 0 0 0 620 404 0 0 0 0 0 
10 968 46 0 0 0 0 0 0 964 60 0 0 0 0 0 0 897 127 0 0 0 0 0 
0 1006 18 0 0 0 0 0 0 940 84 0 0 0 0 0 0 767 257 0 0 0 0 0 
7 801 216 0 0 0 0 0 0 731 226 67 0 0 0 0 0 594 255 170 5 0 0 0 
0 32 929 63 0 0 0 0 0 23 169 832 0 0 0 0 0 21 15 502 486 0 0 0 
0 18 937 69 0 0 0 0 0 0 434 590 0 0 0 0 0 0 0 587 437 0 0 0 
0 11 1007 6 0 0 0 0 0 0 528 496 0 0 0 0 0 0 0 795 229 0 0 0 
0 4 1020 0 0 0 0 0 0 0 608 416 0 0 0 0 0 0 0 961 63 0 0 0 
0 3 1020 1 0 0 0 0 0 0 457 567 0 0 0 0 0 0 0 973 51 0 0 0 
0 7 967 50 0 0 0 0 0 0 410 614 0 0 0 0 0 0 0 956 68 0 0 0 
0 0 729 285 10 0 0 0 0 0 172 850 2 0 0 0 0 0 0 760 264 0 0 0 
0 2 541 257 224 0 0 0 0 0 119 777 128 0 0 0 0 0 0 626 398 0 0 0 
0 1 645 282 90 6 0 0 0 0 215 700 103 6 0 0 0 0 0 555 439 30 0 0 
0 1 988 30 5 0 0 0 0 0 161 849 14 0 0 0 0 0 0 523 492 9 0 0 
245 320 350 109 0 0 0 0 217 263 388 155 1 0 0 0 278 148 378 216 4 0 0 0 
0 26 375 423 188 12 0 0 0 23 370 457 166 8 0 0 0 4 282 489 230 19 0 0 
0 230 547 197 46 4 0 0 0 90 646 247 38 3 0 0 0 11 591 358 56 8 0 0 
11 481 200 316 16 0 0 0 0 352 322 344 6 0 0 0 0 64 545 368 47 0 0 0 
0 240 135 299 244 104 2 0 0 180 195 356 236 56 1 0 0 6 320 373 242 80 3 0 
6 480 407 122 9 0 0 0 0 304 570 140 10 0 0 0 0 47 751 198 28 0 0 0 
20 821 98 75 10 0 0 0 0 648 293 82 1 0 0 0 0 28 884 110 2 0 0 0 
107 469 382 66 0 0 0 0 0 432 519 71 2 0 0 0 0 21 899 102 2 0 0 0 
0 310 711 3 0 0 0 0 0 128 895 1 0 0 0 0 0 11 1010 3 0 0 0 0 
0 507 509 8 0 0 0 0 0 187 837 0 0 0 0 0 0 7 1016 1 0 0 0 0 
0 463 556 5 0 0 0 0 0 217 709 98 0 0 0 0 0 13 884 123 4 0 0 0 
0 129 813 82 0 0 0 0 0 53 613 358 0 0 0 0 0 19 601 304 100 0 0 0 
0 51 393 126 424 30 0 0 0 25 359 232 391 17 0 0 0 4 395 147 447 30 1 0 
0 0 200 87 698 39 0 0 0 1 215 171 630 7 0 0 0 0 212 90 700 22 0 0 
0 0 24 92 827 81 0 0 0 0 29 322 615 58 0 0 0 0 22 100 771 131 0 0 
0 0 0 352 671 1 0 0 0 0 0 610 413 1 0 0 0 0 0 219 795 10 0 0 
0 0 1 373 642 8 0 0 0 0 1 725 298 0 0 0 0 0 0 301 710 13 0 0 
0 0 0 216 793 15 0 0 0 0 0 392 631 1 0 0 0 0 0 75 936 13 0 0 
0 0 1 343 661 19 0 0 0 0 2 496 516 10 0 0 0 0 0 85 909 30 0 0 
0 0 4 242 237 22 26 493 0 0 8 397 87 14 27 491 0 0 2 117 364 17 19 505 
0 0 0 0 0 0 10 1014 0 0 0 0 0 0 3 1021 0 0 0 0 0 0 0 1024 
0 0 0 0 0 0 15 1009 0 0 0 0 0 0 2 1022 0 0 0 0 0 0 0 1024 
0 0 0 0 0 0 14 1010 0 0 0 0 0 0 1 1023 0 0 0 0 0 0 0 1024 
0 0 0 0 0 0 58 966 0 0 0 0 0 0 4 1020 0 0 0 0 0 0 0 1024 
2 197 396 21 13 19 55 321 1 269 327 19 14 18 35 341 0 223 366 21 15 15 25 359 
0 59 945 20 0 0 0 0 0 55 947 22 0 0 0 0 0 34 956 34 0 0 0 0 
0 198 765 61 0 0 0 0 0 190 759 75 0 0 0 0 0 127 788 106 3 0 0 0 
0 42 976 6 0 0 0 0 0 16 997 11 0 0 0 0 0 8 987 29 0 0 0 0 
0 209 780 35 0 0 0 0 0 189 796 39 0 0 0 0 0 124 845 55 0 0 0 0 
0 273 713 38 0 0 0 0 0 286 709 29 0 0 0 0 0 210 771 43 0 0 0 0 
26 427 356 60 146 9 0 0 13 448 256 167 140 0 0 0 17 397 162 291 154 3 0 0 
0 0 175 99 565 185 0 0 0 0 34 316 672 2 0 0 0 0 1 160 849 14 0 0 
0 1 170 44 645 164 0 0 0 0 126 232 666 0 0 0 0 0 0 243 781 0 0 0 
0 0 274 49 651 50 0 0 0 0 134 269 607 14 0 0 0 0 3 341 678 2 0 0 
0 0 365 69 453 136 1 0 0 0 120 347 541 16 0 0 0 0 0 397 624 3 0 0 
0 0 318 47 608 51 0 0 0 0 160 252 606 6 0 0 0 0 0 370 643 11 0 0 
0 2 266 40 612 101 3 0 0 0 131 245 611 36 1 0 0 0 8 316 645 53 2 0 
0 0 345 52 418 207 2 0 0 0 145 272 537 70 0 0 0 0 4 396 493 130 1 0 
0 2 503 47 394 78 0 0 0 0 301 335 366 22 0 0 0 0 0 555 428 41 0 0 
0 4 304 291 382 43 0 0 0 0 133 572 317 2 0 0 0 0 0 423 596 5 0 0 
447 295 152 52 39 24 15 0 406 306 187 55 33 24 13 0 480 204 221 57 26 23 13 0 
12 296 259 102 144 113 84 14 8 269 292 114 158 121 59 3 9 90 416 151 144 108 94 12 
0 2 137 542 281 60 2 0 0 5 160 545 267 46 1 0 0 2 98 468 378 64 14 0 
1 16 411 436 100 41 19 0 2 18 432 457 72 35 8 0 1 14 368 503 89 38 11 0 
0 320 291 243 51 89 30 0 0 163 460 244 75 73 9 0 0 1 493 359 76 75 20 0 
0 123 483 242 97 65 14 0 0 50 572 243 95 54 10 0 0 8 455 381 97 66 17 0 
2 128 318 298 81 136 61 0 2 70 415 285 108 129 15 0 1 25 403 334 93 132 36 0 
0 119 244 313 159 112 64 13 0 49 308 336 175 116 37 3 0 4 257 407 179 105 66 6 
0 210 268 74 218 199 55 0 3 142 348 115 256 139 21 0 0 38 447 116 227 143 53 0 
0 110 170 157 363 192 31 1 1 70 231 229 349 131 13 0 0 23 270 241 343 129 18 0 
0 60 180 110 463 194 17 0 0 54 203 152 533 72 10 0 0 19 240 177 512 61 15 0 
0 128 396 205 205 63 27 0 0 71 489 228 167 49 20 0 0 30 525 213 168 53 34 1 
0 25 519 72 200 182 26 0 0 38 524 110 254 90 8 0 0 28 532 109 229 110 16 0 
0 97 598 114 151 59 5 0 0 43 671 133 152 25 0 0 0 7 726 132 136 22 1 0 
0 11 817 150 46 0 0 0 0 8 867 123 26 0 0 0 0 10 898 102 14 0 0 0 
0 11 580 294 129 10 0 0 0 5 618 304 96 1 0 0 0 10 646 251 117 0 0 0 
1 31 221 477 247 43 4 0 2 46 250 520 175 29 2 0 2 42 299 378 269 34 0 0 
1 12 88 212 611 94 6 0 4 13 128 366 470 42 1 0 4 11 131 259 443 173 3 0 
0 0 3 83 533 130 19 256 0 0 11 169 515 60 20 249 0 0 12 77 422 239 15 259 
0 0 0 0 6 2 8 1008 0 0 0 2 6 2 7 1007 0 0 0 1 5 2 3 1013 
0 0 0 0 0 3 12 1009 0 0 0 0 2 5 59 958 0 0 0 0 2 4 9 1009 
0 0 19 26 28 24 50 877 0 9 26 27 21 32 129 780 0 14 25 27 19 27 36 876 
0 7 67 43 48 53 63 743 0 34 60 48 44 45 83 710 0 45 55 46 40 44 30 764 
0 75 246 56 46 73 94 434 0 124 217 50 48 68 94 423 0 107 240 37 44 61 39 496 
1 299 663 61 0 0 0 0 0 389 586 49 0 0 0 0 0 339 623 61 1 0 0 0 
2 516 455 51 0 0 0 0 4 504 474 42 0 0 0 0 0 459 503 62 0 0 0 0 
1 645 344 34 0 0 0 0 0 603 397 24 0 0 0 0 0 454 536 34 0 0 0 0 
0 527 487 10 0 0 0 0 0 463 549 12 0 0 0 0 0 345 649 30 0 0 0 0 
4 679 326 15 0 0 0 0 0 652 361 11 0 0 0 0 0 448 549 27 0 0 0 0 
0 594 417 13 0 0 0 0 0 580 429 15 0 0 0 0 0 530 463 31 0 0 0 0 
8 715 289 11 1 0 0 0 0 700 314 10 0 0 0 0 11 608 393 12 0 0 0 0 
10 337 299 117 261 0 0 0 6 230 411 230 147 0 0 0 8 188 353 242 233 0 0 0 
0 194 465 94 271 0 0 0 0 36 607 195 186 0 0 0 0 0 483 291 249 1 0 0 
0 219 362 114 299 30 0 0 0 34 534 143 312 1 0 0 0 0 458 259 306 1 0 0 
0 49 377 230 339 29 0 0 0 7 428 268 312 9 0 0 0 0 271 377 363 13 0 0 
0 92 686 78 122 46 0 0 0 27 776 83 121 17 0 0 0 5 560 312 118 29 0 0 
0 32 394 138 426 34 0 0 0 12 427 171 400 14 0 0 0 0 325 250 430 18 1 0 
0 20 468 104 342 88 2 0 0 7 484 126 378 29 0 0 0 1 354 234 360 72 3 0 
0 32 624 99 172 92 5 0 0 3 652 110 225 33 1 0 0 0 545 200 188 86 5 0 
0 118 459 141 266 40 0 0 0 15 573 186 233 17 0 0 0 0 526 191 272 35 0 0 
513 264 87 52 37 21 15 35 511 275 88 52 38 21 16 23 632 184 66 50 39 18 20 15 
8 81 31 35 114 138 108 509 19 71 37 63 146 127 68 493 34 49 50 59 143 112 85 492 
4 112 51 234 401 174 41 7 13 114 54 328 370 114 25 6 17 103 58 339 340 116 45 6 
0 23 101 201 436 198 63 2 0 54 169 432 263 94 12 0 8 154 382 310 74 84 12 0 
12 257 69 72 205 282 116 11 26 262 68 93 280 230 64 1 146 171 45 103 229 237 83 10 
0 3 31 118 341 398 129 4 0 7 45 171 440 288 70 3 0 6 45 182 420 271 95 5 
0 1 25 180 444 277 97 0 0 3 41 267 436 240 37 0 0 4 55 238 391 264 72 0 
0 79 245 299 291 87 19 4 1 39 309 350 243 64 14 4 0 26 248 374 245 98 26 7 
1 9 84 152 347 306 116 9 0 9 88 216 390 265 55 1 0 1 51 194 334 315 126 3 
0 67 84 149 478 192 43 11 0 54 110 242 462 126 26 4 0 44 81 262 453 143 37 4 
0 0 69 226 522 186 21 0 0 1 102 345 473 101 2 0 0 1 92 411 403 110 7 0 
0 6 34 122 447 348 66 1 0 9 45 236 504 207 23 0 0 9 52 222 440 256 45 0 
0 13 101 192 414 237 65 2 0 18 130 256 418 184 18 0 0 8 83 237 427 224 45 0 
0 38 139 212 398 214 23 0 0 30 165 257 399 162 11 0 0 8 137 228 390 216 45 0 
0 18 70 219 412 250 54 1 1 22 89 304 435 156 17 0 1 21 82 266 420 200 34 0 
0 4 80 254 441 219 26 0 0 10 99 334 472 100 9 0 0 1 82 297 474 147 23 0 
0 6 35 215 478 269 21 0 0 10 74 309 537 91 3 0 0 13 111 290 509 96 5 0 
0 2 4 168 467 308 75 0 0 2 23 261 488 160 90 0 0 3 70 233 432 167 109 10 
0 1 44 56 132 188 433 170 0 8 58 67 175 115 507 94 0 15 57 68 155 100 292 337 
0 1 54 69 53 179 534 134 0 8 87 47 82 139 556 105 0 30 73 42 60 111 286 422 
0 0 26 73 51 96 756 22 0 5 67 56 54 134 694 14 0 11 74 45 46 106 284 458 
0 20 29 43 33 180 719 0 0 25 47 35 39 137 741 0 0 27 51 28 35 68 634 181 
0 227 232 17 26 296 226 0 0 296 165 12 30 128 393 0 0 300 154 15 16 80 406 53 
2 364 536 59 11 26 26 0 3 495 407 53 12 16 38 0 2 434 442 79 8 11 48 0 
0 585 402 37 0 0 0 0 0 605 394 25 0 0 0 0 0 546 436 42 0 0 0 0 
0 692 288 44 0 0 0 0 0 669 324 31 0 0 0 0 0 589 366 69 0 0 0 0 
0 811 207 6 0 0 0 0 0 754 264 6 0 0 0 0 0 633 383 8 0 0 0 0 
0 638 292 94 0 0 0 0 0 602 302 120 0 0 0 0 0 493 367 164 0 0 0 0 
4 879 136 5 0 0 0 0 1 808 211 4 0 0 0 0 1 706 311 6 0 0 0 0 
3 694 317 10 0 0 0 0 0 638 374 12 0 0 0 0 0 594 418 12 0 0 0 0 
2 607 402 13 0 0 0 0 0 566 441 17 0 0 0 0 0 440 550 34 0 0 0 0 
0 213 439 314 48 8 2 0 0 149 547 306 13 9 0 0 0 124 659 225 13 3 0 0 
0 39 336 580 66 3 0 0 0 4 395 581 42 2 0 0 0 11 669 322 22 0 0 0 
0 16 533 435 40 0 0 0 0 7 573 423 21 0 0 0 0 39 920 63 2 0 0 0 
0 4 163 772 85 0 0 0 0 11 257 707 49 0 0 0 2 84 802 85 48 3 0 0 
0 13 135 785 90 1 0 0 0 18 181 776 49 0 0 0 11 140 738 108 27 0 0 0 
1 41 209 697 72 4 0 0 2 43 276 648 51 4 0 0 27 271 623 65 34 4 0 0 
0 65 321 587 51 0 0 0 0 52 365 563 44 0 0 0 9 138 867 10 0 0 0 0 
0 38 451 492 43 0 0 0 0 11 497 486 30 0 0 0 0 84 878 47 13 2 0 0 
1 292 250 330 141 10 0 0 0 148 421 398 52 5 0 0 0 76 869 45 25 8 1 0 
62 153 221 302 125 53 36 72 77 212 191 306 93 48 49 48 107 281 315 117 70 42 37 55 
1 155 54 347 96 85 81 205 2 167 70 352 99 84 65 185 0 178 388 71 74 74 60 179 
21 422 260 305 13 3 0 0 17 457 252 293 2 3 0 0 46 702 248 24 1 3 0 0 
21 162 195 489 122 35 0 0 28 181 243 496 76 0 0 0 90 427 380 125 2 0 0 0 
82 263 93 522 40 23 1 0 89 268 65 550 45 7 0 0 243 369 337 37 34 4 0 0 
0 7 86 574 270 69 16 2 0 11 87 594 279 45 8 0 0 65 588 174 156 37 4 0 
0 4 48 747 183 36 6 0 0 8 48 819 119 30 0 0 0 295 537 110 52 28 2 0 
0 0 8 843 172 1 0 0 0 0 13 913 98 0 0 0 0 285 604 102 33 0 0 0 
0 3 40 861 87 19 14 0 0 8 40 801 144 26 5 0 0 119 822 34 19 19 11 0 
0 6 50 881 68 10 7 2 0 11 53 837 110 8 4 1 0 160 822 19 12 9 2 0 
0 0 18 855 142 9 0 0 0 3 18 872 126 5 0 0 0 90 826 64 44 0 0 0 
0 0 0 783 200 34 7 0 0 0 0 725 262 33 4 0 0 62 797 87 42 31 5 0 
0 1 15 803 189 15 1 0 0 2 21 777 213 10 1 0 0 85 789 97 38 14 1 0 
0 8 46 851 118 1 0 0 1 7 48 866 102 0 0 0 1 62 885 70 6 0 0 0 
0 5 51 737 227 4 0 0 0 10 42 706 266 0 0 0 0 197 664 103 59 1 0 0 
0 0 109 630 273 12 0 0 0 1 107 610 295 11 0 0 2 254 617 110 34 7 0 0 
1 11 40 240 253 235 243 1 1 17 51 212 323 161 259 0 9 29 314 141 131 108 231 61 
0 5 15 47 118 315 469 55 2 9 31 72 116 106 668 20 4 7 35 77 113 68 503 217 
0 0 3 45 83 199 513 181 0 0 17 80 75 95 648 109 0 1 20 84 75 90 254 500 
0 1 8 64 75 183 486 207 0 1 39 77 73 142 588 104 0 12 41 73 80 152 366 300 
0 0 12 56 71 152 339 394 0 1 45 48 76 113 441 300 0 8 43 44 76 106 461 286 
0 223 480 113 25 45 79 59 2 235 512 77 16 37 99 46 2 212 522 84 17 27 96 64 
28 673 301 22 0 0 0 0 18 687 308 11 0 0 0 0 15 621 365 23 0 0 0 0 
29 716 260 19 0 0 0 0 16 694 290 24 0 0 0 0 13 578 390 43 0 0 0 0 
18 762 243 1 0 0 0 0 4 756 264 0 0 0 0 0 2 615 404 3 0 0 0 0 
221 418 353 32 0 0 0 0 215 395 357 57 0 0 0 0 208 335 402 75 4 0 0 0 
3 732 264 25 0 0 0 0 2 682 303 37 0 0 0 0 1 607 343 73 0 0 0 0 
16 716 254 38 0 0 0 0 3 735 222 64 0 0 0 0 0 689 252 82 1 0 0 0 
3 706 265 50 0 0 0 0 1 643 314 66 0 0 0 0 1 548 342 133 0 0 0 0 
0 701 314 9 0 0 0 0 0 636 350 38 0 0 0 0 0 430 484 110 0 0 0 0 
2 799 218 5 0 0 0 0 3 669 345 7 0 0 0 0 1 581 430 12 0 0 0 0 
0 99 146 688 91 0 0 0 0 114 163 656 91 0 0 0 0 119 828 77 0 0 0 0 
0 0 0 929 95 0 0 0 0 0 0 954 70 0 0 0 0 15 1009 0 0 0 0 0 
0 0 0 972 52 0 0 0 0 0 0 963 61 0 0 0 0 54 969 1 0 0 0 0 
0 0 8 975 41 0 0 0 0 0 5 949 70 0 0 0 0 62 962 0 0 0 0 0 
0 1 5 914 61 23 17 3 0 2 9 931 54 16 12 0 1 35 925 19 23 17 4 0 
0 16 10 955 43 0 0 0 1 15 10 863 135 0 0 0 7 22 988 7 0 0 0 0 
0 0 0 897 127 0 0 0 0 0 0 862 162 0 0 0 0 29 995 0 0 0 0 0 
0 0 0 906 118 0 0 0 0 0 0 939 85 0 0 0 0 19 1005 0 0 0 0 0 
0 0 1 870 138 14 1 0 0 1 3 937 72 10 1 0 0 14 948 47 14 1 0 0 
0 0 0 585 438 1 0 0 0 0 1 681 342 0 0 0 0 25 990 9 0 0 0 0 
0 0 0 680 344 0 0 0 0 0 0 739 285 0 0 0 0 5 1012 7 0 0 0 0 
0 0 4 837 183 0 0 0 0 0 4 884 136 0 0 0 0 97 914 13 0 0 0 0 
0 0 45 905 74 0 0 0 0 0 0 919 105 0 0 0 0 256 768 0 0 0 0 0 
0 0 105 868 51 0 0 0 0 0 28 964 32 0 0 0 2 451 571 0 0 0 0 0 
0 6 56 847 94 13 4 4 0 6 56 897 50 8 7 0 3 269 700 27 18 4 3 0 
0 0 137 878 9 0 0 0 0 0 146 876 2 0 0 0 0 456 568 0 0 0 0 0 
0 0 35 986 3 0 0 0 0 0 117 895 12 0 0 0 0 398 626 0 0 0 0 0 
0 0 140 871 13 0 0 0 0 1 194 812 17 0 0 0 1 418 605 0 0 0 0 0 
0 0 5 955 64 0 0 0 0 0 8 982 34 0 0 0 0 189 835 0 0 0 0 0 
0 0 9 904 111 0 0 0 0 0 6 908 110 0 0 0 0 242 782 0 0 0 0 0 
0 0 0 847 177 0 0 0 0 0 1 813 210 0 0 0 0 186 838 0 0 0 0 0 
0 0 27 774 223 0 0 0 0 0 12 749 263 0 0 0 0 354 670 0 0 0 0 0 
0 0 37 869 118 0 0 0 0 0 19 668 337 0 0 0 0 211 813 0 0 0 0 0 
0 0 181 694 149 0 0 0 0 0 106 527 391 0 0 0 0 343 681 0 0 0 0 0 
0 0 126 799 99 0 0 0 0 0 62 557 405 0 0 0 1 280 743 0 0 0 0 0 
0 0 26 409 268 28 86 207 0 1 20 188 509 71 151 84 7 111 580 24 31 118 135 18 
0 0 7 329 163 34 98 393 0 0 14 167 337 86 243 177 4 67 417 30 40 153 234 79 
0 0 0 167 130 26 61 640 0 0 4 140 173 46 220 441 0 58 234 27 25 77 407 196 
0 1 4 44 63 66 258 588 0 1 11 63 76 196 361 316 2 23 65 45 63 282 395 149 
0 0 0 0 4 13 179 828 0 0 0 4 10 134 562 314 0 0 3 7 26 360 536 92 
9 225 403 178 33 7 25 144 9 239 422 163 19 16 53 103 18 210 419 183 23 27 56 88 
174 696 153 1 0 0 0 0 102 777 145 0 0 0 0 0 146 676 201 1 0 0 0 0 
307 578 129 10 0 0 0 0 202 658 153 11 0 0 0 0 237 594 156 37 0 0 0 0 
325 652 47 0 0 0 0 0 276 684 64 0 0 0 0 0 285 654 83 2 0 0 0 0 
223 729 70 2 0 0 0 0 173 752 95 4 0 0 0 0 202 701 121 0 0 0 0 0 
76 631 214 40 43 20 0 0 51 623 238 66 39 7 0 0 66 591 228 107 31 1 0 0 
38 713 189 61 22 1 0 0 34 695 201 85 9 0 0 0 66 685 157 110 6 0 0 0 
85 611 328 0 0 0 0 0 43 606 364 11 0 0 0 0 113 586 274 51 0 0 0 0 
97 720 207 0 0 0 0 0 67 714 243 0 0 0 0 0 173 657 179 15 0 0 0 0 
12 499 496 12 3 2 0 0 14 469 529 7 4 1 0 0 35 396 570 18 5 0 0 0 
4 167 248 540 65 0 0 0 2 142 257 587 36 0 0 0 39 255 668 62 0 0 0 0 
0 15 64 824 121 0 0 0 0 13 82 894 35 0 0 0 12 224 788 0 0 0 0 0 
0 0 21 985 18 0 0 0 0 0 13 995 16 0 0 0 0 154 870 0 0 0 0 0 
0 0 8 1000 16 0 0 0 0 0 0 995 29 0 0 0 0 300 724 0 0 0 0 0 
0 0 35 970 15 4 0 0 0 0 35 967 20 2 0 0 0 287 720 15 2 0 0 0 
0 25 90 909 0 0 0 0 0 26 71 923 4 0 0 0 11 380 633 0 0 0 0 0 
0 0 30 994 0 0 0 0 0 0 12 1004 8 0 0 0 0 404 620 0 0 0 0 0 
0 0 77 941 6 0 0 0 0 0 36 985 3 0 0 0 0 467 557 0 0 0 0 0 
0 1 219 789 15 0 0 0 0 3 209 806 6 0 0 0 6 551 463 4 0 0 0 0 
0 0 0 339 685 0 0 0 0 0 1 442 581 0 0 0 0 68 858 98 0 0 0 0 
0 0 7 613 404 0 0 0 0 0 9 656 359 0 0 0 0 91 892 41 0 0 0 0 
0 0 0 315 709 0 0 0 0 0 0 478 546 0 0 0 0 21 965 38 0 0 0 0 
0 0 1 488 535 0 0 0 0 0 0 652 372 0 0 0 0 25 964 35 0 0 0 0 
0 0 1 523 500 0 0 0 0 0 0 617 407 0 0 0 0 45 970 9 0 0 0 0 
0 0 0 463 549 8 4 0 0 0 0 542 475 6 1 0 1 23 977 22 1 0 0 0 
0 0 1 522 501 0 0 0 0 0 0 534 490 0 0 0 0 14 946 64 0 0 0 0 
0 0 17 614 393 0 0 0 0 0 4 629 391 0 0 0 0 61 958 5 0 0 0 0 
0 0 3 798 223 0 0 0 0 0 1 757 266 0 0 0 0 78 942 4 0 0 0 0 
0 0 9 786 228 1 0 0 0 0 7 735 281 1 0 0 0 91 931 2 0 0 0 0 
0 0 13 803 208 0 0 0 0 0 10 720 294 0 0 0 0 96 926 2 0 0 0 0 
0 0 0 834 190 0 0 0 0 0 1 826 197 0 0 0 0 100 924 0 0 0 0 0 
0 0 3 861 160 0 0 0 0 0 0 887 137 0 0 0 0 96 913 15 0 0 0 0 
0 0 70 860 93 1 0 0 0 0 79 868 77 0 0 0 0 265 753 6 0 0 0 0 
0 0 33 825 165 1 0 0 0 0 29 854 141 0 0 0 0 165 839 20 0 0 0 0 
0 0 4 877 141 2 0 0 0 0 7 831 184 2 0 0 0 243 775 6 0 0 0 0 
0 0 10 885 129 0 0 0 0 0 4 733 287 0 0 0 0 222 802 0 0 0 0 0 
0 0 1 945 78 0 0 0 0 0 0 715 309 0 0 0 0 258 766 0 0 0 0 0 
0 0 30 929 65 0 0 0 0 0 2 817 205 0 0 0 0 520 504 0 0 0 0 0 
0 1 26 882 114 1 0 0 0 0 10 746 268 0 0 0 7 337 675 5 0 0 0 0 
0 1 24 720 225 24 23 7 0 3 21 529 429 25 14 3 5 221 734 26 22 13 3 0 
15 27 79 741 144 9 2 7 15 29 73 509 383 6 4 5 39 301 661 8 6 4 4 1 
2 43 172 722 80 5 0 0 1 33 119 625 246 0 0 0 52 449 515 8 0 0 0 0 
14 69 307 544 90 0 0 0 12 45 258 533 175 1 0 0 98 447 461 17 1 0 0 0 
22 53 404 444 101 0 0 0 15 47 350 450 162 0 0 0 95 518 411 0 0 0 0 0 
6 133 257 455 173 0 0 0 3 144 237 481 159 0 0 0 115 387 517 5 0 0 0 0 
0 47 215 543 202 17 0 0 1 89 350 461 116 7 0 0 21 254 655 77 17 0 0 0 
13 93 496 359 61 2 0 0 16 366 356 258 28 0 0 0 40 517 417 45 5 0 0 0 
5 321 397 199 102 0 0 0 19 477 278 215 35 0 0 0 81 533 393 17 0 0 0 0 
55 513 163 210 83 0 0 0 49 495 206 247 27 0 0 0 269 467 282 6 0 0 0 0 
195 389 130 180 130 0 0 0 205 422 99 244 54 0 0 0 410 303 293 18 0 0 0 0 
235 328 117 111 218 9 5 1 234 342 111 224 99 8 6 0 403 227 362 15 7 6 4 0 
83 294 259 204 183 1 0 0 62 338 243 296 84 1 0 0 284 339 372 19 9 1 0 0 
40 291 271 281 141 0 0 0 11 315 284 316 98 0 0 0 280 345 391 8 0 0 0 0 
160 242 142 380 96 4 0 0 17 371 148 414 71 3 0 0 342 241 423 14 4 0 0 0 
107 255 90 483 85 4 0 0 2 352 88 532 46 4 0 0 333 230 438 18 4 1 0 0 
69 279 77 568 31 0 0 0 0 338 78 573 35 0 0 0 300 234 490 0 0 0 0 0 
24 216 78 622 84 0 0 0 2 229 82 687 24 0 0 0 207 197 620 0 0 0 0 0 
9 31 61 775 148 0 0 0 1 38 56 857 72 0 0 0 35 169 806 14 0 0 0 0 
0 0 10 858 156 0 0 0 0 0 11 964 49 0 0 0 0 275 747 2 0 0 0 0 
0 0 16 519 489 0 0 0 0 0 18 636 370 0 0 0 0 162 847 15 0 0 0 0 
0 0 3 525 496 0 0 0 0 0 14 699 311 0 0 0 0 141 870 13 0 0 0 0 
0 0 62 419 542 1 0 0 0 0 45 627 351 1 0 0 3 218 782 21 0 0 0 0 
0 0 63 601 360 0 0 0 0 0 67 675 282 0 0 0 2 302 719 1 0 0 0 0 
0 0 62 684 277 1 0 0 0 0 13 791 220 0 0 0 0 301 721 2 0 0 0 0 
0 0 40 628 350 1 5 0 0 0 13 780 225 1 5 0 1 218 788 11 6 0 0 0 
0 0 0 591 426 6 1 0 0 0 0 716 305 3 0 0 0 110 870 44 0 0 0 0 
0 0 8 600 400 16 0 0 0 0 10 629 385 0 0 0 1 197 708 118 0 0 0 0 
0 0 0 505 472 47 0 0 0 0 0 598 421 5 0 0 0 76 761 185 2 0 0 0 
0 0 0 423 592 7 2 0 0 0 0 521 496 5 2 0 0 88 851 83 2 0 0 0 
0 0 0 560 464 0 0 0 0 0 0 631 393 0 0 0 0 103 769 152 0 0 0 0 
0 0 4 539 478 3 0 0 0 0 6 704 314 0 0 0 0 171 754 99 0 0 0 0 
0 0 1 477 544 2 0 0 0 0 0 679 345 0 0 0 0 63 805 156 0 0 0 0 
0 0 0 513 495 16 0 0 0 0 0 635 389 0 0 0 0 105 746 173 0 0 0 0 
0 0 10 545 454 15 0 0 0 0 9 630 383 2 0 0 1 63 836 122 2 0 0 0 
0 0 15 540 453 16 0 0 0 0 7 592 425 0 0 0 1 74 789 160 0 0 0 0 
0 0 41 538 436 9 0 0 0 0 34 658 332 0 0 0 0 189 704 131 0 0 0 0 
0 0 2 506 515 1 0 0 0 0 19 608 397 0 0 0 0 96 855 73 0 0 0 0 
0 0 34 610 367 11 2 0 0 0 29 616 369 10 0 0 1 137 842 40 4 0 0 0 
0 0 20 590 414 0 0 0 0 0 21 562 441 0 0 0 0 76 913 35 0 0 0 0 
0 0 16 579 429 0 0 0 0 0 24 620 380 0 0 0 0 95 926 3 0 0 0 0 
0 0 31 661 332 0 0 0 0 0 51 697 276 0 0 0 0 113 889 22 0 0 0 0 
0 3 63 772 186 0 0 0 0 6 70 820 128 0 0 0 12 119 826 67 0 0 0 0 
0 1 3 736 284 0 0 0 0 1 14 905 104 0 0 0 1 43 953 27 0 0 0 0 
0 0 0 523 494 6 1 0 0 0 0 778 243 3 0 0 0 32 952 39 1 0 0 0 
0 0 0 533 491 0 0 0 0 0 0 638 386 0 0 0 0 41 968 15 0 0 0 0 
0 0 0 611 413 0 0 0 0 0 0 771 253 0 0 0 0 21 997 6 0 0 0 0 
0 0 0 762 262 0 0 0 0 0 2 797 225 0 0 0 0 55 969 0 0 0 0 0 
0 0 1 629 394 0 0 0 0 0 1 806 217 0 0 0 0 49 974 1 0 0 0 0 
0 0 0 683 341 0 0 0 0 0 0 796 228 0 0 0 0 40 983 1 0 0 0 0 
0 0 0 765 259 0 0 0 0 0 0 829 195 0 0 0 0 47 974 3 0 0 0 0 
0 0 4 847 173 0 0 0 0 0 2 931 91 0 0 0 0 127 891 6 0 0 0 0 
0 0 45 758 221 0 0 0 0 0 24 830 170 0 0 0 0 171 853 0 0 0 0 0 
0 6 59 823 136 0 0 0 0 7 59 878 80 0 0 0 33 232 759 0 0 0 0 0 
0 0 23 928 73 0 0 0 0 0 13 977 34 0 0 0 0 146 877 1 0 0 0 0 
0 0 38 913 73 0 0 0 0 0 43 931 50 0 0 0 3 234 786 1 0 0 0 0 
0 0 0 896 128 0 0 0 0 0 0 940 84 0 0 0 0 109 915 0 0 0 0 0 
0 0 4 892 128 0 0 0 0 0 3 939 82 0 0 0 0 116 906 2 0 0 0 0 
0 0 3 888 133 0 0 0 0 0 4 976 44 0 0 0 0 87 937 0 0 0 0 0 
0 0 3 868 153 0 0 0 0 0 4 924 96 0 0 0 0 125 899 0 0 0 0 0 
0 0 17 554 453 0 0 0 0 0 1 725 298 0 0 0 0 143 858 23 0 0 0 0 
0 0 99 678 247 0 0 0 0 0 67 792 165 0 0 0 0 347 669 8 0 0 0 0 
0 0 3 521 496 4 0 0 0 0 3 659 359 3 0 0 0 124 864 36 0 0 0 0 
0 0 16 602 406 0 0 0 0 0 17 791 216 0 0 0 0 181 839 4 0 0 0 0 
0 0 39 551 434 0 0 0 0 0 41 717 266 0 0 0 4 204 795 21 0 0 0 0 
0 0 6 432 586 0 0 0 0 0 16 656 352 0 0 0 0 71 905 48 0 0 0 0 
0 0 1 324 698 1 0 0 0 0 4 638 382 0 0 0 0 34 922 68 0 0 0 0 
0 0 34 607 381 2 0 0 0 0 37 763 224 0 0 0 0 196 762 66 0 0 0 0 
0 0 9 459 547 9 0 0 0 0 25 750 249 0 0 0 0 83 846 95 0 0 0 0 
0 0 0 178 844 2 0 0 0 0 0 537 487 0 0 0 0 21 903 100 0 0 0 0 
0 0 0 206 817 1 0 0 0 0 12 677 335 0 0 0 0 41 896 87 0 0 0 0 
0 0 8 232 784 0 0 0 0 0 22 613 389 0 0 0 0 33 861 130 0 0 0 0 
0 0 3 256 763 2 0 0 0 0 8 725 291 0 0 0 0 18 843 163 0 0 0 0 
0 0 9 371 640 4 0 0 0 0 32 705 287 0 0 0 1 84 781 158 0 0 0 0 
0 0 6 331 684 3 0 0 0 0 34 686 304 0 0 0 0 61 838 125 0 0 0 0 
0 0 14 284 719 7 0 0 0 0 37 644 342 1 0 0 0 63 842 119 0 0 0 0 
0 0 13 352 657 2 0 0 0 2 47 658 317 0 0 0 1 106 753 164 0 0 0 0 
0 0 1 205 812 6 0 0 0 0 10 527 486 1 0 0 0 27 799 197 1 0 0 0 
0 0 5 230 789 0 0 0 0 1 11 595 417 0 0 0 0 18 870 136 0 0 0 0 
0 0 15 358 651 0 0 0 0 0 32 656 336 0 0 0 1 69 881 73 0 0 0 0 
0 0 0 225 799 0 0 0 0 0 0 606 418 0 0 0 0 7 1003 14 0 0 0 0 
0 0 0 201 823 0 0 0 0 0 0 456 568 0 0 0 0 6 981 37 0 0 0 0 
0 0 0 200 818 6 0 0 0 0 3 561 456 4 0 0 0 10 936 74 4 0 0 0 
0 0 0 255 769 0 0 0 0 0 7 562 455 0 0 0 0 14 979 31 0 0 0 0 
0 0 0 211 813 0 0 0 0 0 0 509 515 0 0 0 0 5 943 76 0 0 0 0 
0 0 2 419 603 0 0 0 0 0 20 566 438 0 0 0 0 65 929 30 0 0 0 0 
0 0 4 623 397 0 0 0 0 0 6 735 283 0 0 0 0 44 970 10 0 0 0 0 
0 0 24 561 439 0 0 0 0 0 36 750 238 0 0 0 0 117 883 24 0 0 0 0 
0 0 16 669 338 1 0 0 0 0 39 802 183 0 0 0 0 108 879 37 0 0 0 0 
0 0 2 584 438 0 0 0 0 0 22 822 180 0 0 0 0 69 888 67 0 0 0 0 
0 0 7 434 583 0 0 0 0 0 6 784 234 0 0 0 0 61 940 23 0 0 0 0 
0 0 45 603 375 1 0 0 0 0 67 750 207 0 0 0 1 183 802 38 0 0 0 0 
0 0 8 473 543 0 0 0 0 0 12 666 346 0 0 0 0 65 954 5 0 0 0 0 
0 0 3 733 287 1 0 0 0 0 1 758 265 0 0 0 0 85 933 6 0 0 0 0 
0 0 1 664 359 0 0 0 0 0 2 813 209 0 0 0 0 85 935 4 0 0 0 0 
0 0 0 672 352 0 0 0 0 0 0 685 339 0 0 0 0 25 998 1 0 0 0 0 
0 0 0 770 254 0 0 0 0 0 0 789 235 0 0 0 0 54 969 1 0 0 0 0 
0 0 0 840 184 0 0 0 0 0 0 872 152 0 0 0 0 56 968 0 0 0 0 0 
0 0 0 733 291 0 0 0 0 0 0 790 234 0 0 0 0 46 978 0 0 0 0 0 
0 0 0 626 398 0 0 0 0 0 1 791 232 0 0 0 0 38 986 0 0 0 0 0 
0 0 28 727 269 0 0 0 0 0 39 792 193 0 0 0 2 177 841 4 0 0 0 0 
0 1 49 727 247 0 0 0 0 5 72 813 134 0 0 0 15 196 802 11 0 0 0 0 
0 0 2 691 331 0 0 0 0 0 3 866 155 0 0 0 0 81 940 3 0 0 0 0 
0 0 52 740 232 0 0 0 0 0 65 825 134 0 0 0 1 246 749 28 0 0 0 0 
0 0 79 688 257 0 0 0 0 0 107 751 166 0 0 0 0 412 579 33 0 0 0 0 
0 0 8 546 470 0 0 0 0 0 20 777 227 0 0 0 0 139 876 9 0 0 0 0 
0 0 12 734 276 2 0 0 0 0 38 842 144 0 0 0 0 251 752 21 0 0 0 0 
0 0 68 859 97 0 0 0 0 0 92 895 37 0 0 0 0 472 552 0 0 0 0 0 
0 0 183 818 23 0 0 0 0 0 195 819 10 0 0 0 4 643 377 0 0 0 0 0 
0 0 66 890 68 0 0 0 0 0 69 924 31 0 0 0 0 328 693 3 0 0 0 0 
0 0 11 799 214 0 0 0 0 0 26 887 111 0 0 0 0 247 770 7 0 0 0 0 
0 0 5 601 418 0 0 0 0 0 6 836 182 0 0 0 0 135 859 30 0 0 0 0 
0 0 12 768 244 0 0 0 0 0 22 923 79 0 0 0 0 180 843 1 0 0 0 0 
0 0 42 721 261 0 0 0 0 0 57 831 136 0 0 0 4 327 669 24 0 0 0 0 
0 0 23 749 252 0 0 0 0 0 46 897 81 0 0 0 0 401 620 3 0 0 0 0 
0 0 39 780 205 0 0 0 0 0 45 881 98 0 0 0 1 383 636 4 0 0 0 0 
0 0 37 817 170 0 0 0 0 0 56 901 67 0 0 0 0 388 636 0 0 0 0 0 
0 0 15 734 275 0 0 0 0 0 12 877 135 0 0 0 0 252 763 9 0 0 0 0 
0 0 12 705 307 0 0 0 0 0 4 831 189 0 0 0 0 217 795 12 0 0 0 0 
0 0 44 802 178 0 0 0 0 0 37 888 99 0 0 0 0 271 749 4 0 0 0 0 
0 0 12 869 143 0 0 0 0 0 9 936 79 0 0 0 0 252 772 0 0 0 0 0 
0 0 6 709 307 2 0 0 0 0 16 860 145 3 0 0 0 172 831 21 0 0 0 0 
0 0 1 696 327 0 0 0 0 0 1 838 185 0 0 0 0 112 902 10 0 0 0 0 
0 0 6 585 433 0 0 0 0 0 3 823 198 0 0 0 0 140 874 10 0 0 0 0 
0 0 10 674 340 0 0 0 0 0 8 865 151 0 0 0 1 107 909 7 0 0 0 0 
0 0 2 367 655 0 0 0 0 0 4 626 394 0 0 0 0 73 929 22 0 0 0 0 
0 0 2 386 636 0 0 0 0 0 7 692 325 0 0 0 2 50 967 5 0 0 0 0 
0 0 0 238 780 6 0 0 0 0 0 565 454 5 0 0 0 24 987 12 1 0 0 0 
0 0 0 379 645 0 0 0 0 0 0 603 421 0 0 0 0 34 988 2 0 0 0 0 
0 0 0 611 413 0 0 0 0 0 0 700 324 0 0 0 0 51 973 0 0 0 0 0 
0 0 11 596 411 6 0 0 0 0 0 690 330 4 0 0 0 137 864 23 0 0 0 0 
0 3 93 680 248 0 0 0 0 4 91 598 331 0 0 0 4 194 822 4 0 0 0 0 
0 0 3 580 441 0 0 0 0 0 11 715 298 0 0 0 0 94 927 3 0 0 0 0 
0 0 14 890 120 0 0 0 0 0 4 889 131 0 0 0 0 135 889 0 0 0 0 0 
0 0 0 717 307 0 0 0 0 0 2 856 166 0 0 0 0 99 899 26 0 0 0 0 
0 0 0 544 480 0 0 0 0 0 4 775 245 0 0 0 0 42 940 42 0 0 0 0 
0 0 15 739 270 0 0 0 0 0 43 832 149 0 0 0 0 171 847 6 0 0 0 0 
0 0 35 763 226 0 0 0 0 0 34 868 122 0 0 0 0 172 832 20 0 0 0 0 
0 0 3 808 213 0 0 0 0 0 8 868 148 0 0 0 0 97 923 4 0 0 0 0 
0 0 1 741 282 0 0 0 0 0 6 901 117 0 0 0 0 59 944 21 0 0 0 0 
0 0 0 315 704 5 0 0 0 0 2 604 417 1 0 0 0 43 965 16 0 0 0 0 
0 0 0 472 552 0 0 0 0 0 0 580 444 0 0 0 0 36 985 3 0 0 0 0 
0 0 1 550 473 0 0 0 0 0 0 669 355 0 0 0 0 77 942 5 0 0 0 0 
0 0 1 663 360 0 0 0 0 0 3 735 286 0 0 0 0 170 848 6 0 0 0 0 
0 0 3 621 400 0 0 0 0 0 1 715 308 0 0 0 0 160 854 10 0 0 0 0 
0 0 4 720 300 0 0 0 0 0 0 736 286 2 0 0 0 173 840 11 0 0 0 0 
0 0 0 683 341 0 0 0 0 0 1 755 268 0 0 0 0 151 871 2 0 0 0 0 
0 0 4 821 199 0 0 0 0 0 5 848 171 0 0 0 0 243 777 4 0 0 0 0 
0 0 12 870 142 0 0 0 0 0 9 846 169 0 0 0 0 172 849 3 0 0 0 0 
0 0 4 862 158 0 0 0 0 0 2 809 213 0 0 0 0 274 741 9 0 0 0 0 
0 0 28 826 167 3 0 0 0 0 5 820 197 2 0 0 2 333 685 4 0 0 0 0 
0 0 35 912 77 0 0 0 0 0 15 937 72 0 0 0 0 391 633 0 0 0 0 0 
0 0 89 895 40 0 0 0 0 0 67 910 47 0 0 0 0 482 542 0 0 0 0 0 
0 1 76 865 81 1 0 0 0 0 75 868 80 1 0 0 3 503 506 12 0 0 0 0 
0 0 140 829 55 0 0 0 0 0 146 834 44 0 0 0 13 624 384 3 0 0 0 0 
0 0 68 894 62 0 0 0 0 0 83 897 44 0 0 0 0 398 620 6 0 0 0 0 
0 0 89 883 52 0 0 0 0 1 93 897 33 0 0 0 2 439 577 6 0 0 0 0 
0 0 43 933 48 0 0 0 0 0 37 944 43 0 0 0 0 411 610 3 0 0 0 0 
0 0 67 936 21 0 0 0 0 0 54 952 18 0 0 0 0 565 458 1 0 0 0 0 
0 1 86 878 59 0 0 0 0 0 55 904 63 2 0 0 1 335 683 5 0 0 0 0 
0 0 85 910 29 0 0 0 0 0 39 942 43 0 0 0 0 519 503 2 0 0 0 0 
0 1 167 823 33 0 0 0 0 0 74 915 35 0 0 0 8 656 358 2 0 0 0 0 
0 1 174 831 18 0 0 0 0 1 136 859 28 0 0 0 15 504 504 1 0 0 0 0 
0 0 243 749 32 0 0 0 0 0 269 748 7 0 0 0 9 681 334 0 0 0 0 0 
0 0 187 819 18 0 0 0 0 0 142 875 7 0 0 0 1 623 400 0 0 0 0 0 
0 0 172 830 22 0 0 0 0 1 147 854 22 0 0 0 6 620 398 0 0 0 0 0 
0 0 80 865 79 0 0 0 0 4 57 887 76 0 0 0 4 484 536 0 0 0 0 0 
0 0 59 861 104 0 0 0 0 0 94 844 86 0 0 0 0 360 663 1 0 0 0 0 
0 0 0 712 311 1 0 0 0 0 2 827 195 0 0 0 0 107 907 10 0 0 0 0 
0 0 7 538 479 0 0 0 0 0 9 776 239 0 0 0 1 93 930 0 0 0 0 0 
0 0 4 575 445 0 0 0 0 0 3 732 289 0 0 0 0 103 914 7 0 0 0 0 
0 0 5 427 592 0 0 0 0 0 10 683 331 0 0 0 0 44 950 30 0 0 0 0 
0 0 7 429 588 0 0 0 0 0 10 660 354 0 0 0 1 102 842 79 0 0 0 0 
0 0 7 455 562 0 0 0 0 0 1 767 256 0 0 0 0 97 918 9 0 0 0 0 
0 0 0 528 496 0 0 0 0 0 0 817 207 0 0 0 0 95 929 0 0 0 0 0 
0 0 12 501 511 0 0 0 0 0 8 742 274 0 0 0 0 80 932 12 0 0 0 0 
0 0 9 773 242 0 0 0 0 0 10 850 164 0 0 0 0 195 827 2 0 0 0 0 
0 0 14 783 227 0 0 0 0 0 14 879 131 0 0 0 0 192 826 6 0 0 0 0 
0 0 0 894 130 0 0 0 0 0 3 941 80 0 0 0 0 150 873 1 0 0 0 0 
0 0 11 881 132 0 0 0 0 0 34 932 58 0 0 0 1 297 724 2 0 0 0 0 
0 0 68 612 344 0 0 0 0 0 47 719 257 1 0 0 1 360 628 35 0 0 0 0 
0 0 33 759 232 0 0 0 0 0 28 780 216 0 0 0 2 286 723 13 0 0 0 0 
0 0 31 774 218 1 0 0 0 0 23 843 157 1 0 0 1 293 725 5 0 0 0 0 
0 0 32 882 110 0 0 0 0 0 35 860 129 0 0 0 3 378 642 1 0 0 0 0 
0 0 22 802 199 1 0 0 0 0 15 804 203 2 0 0 0 283 734 7 0 0 0 0 
0 0 33 902 89 0 0 0 0 0 23 897 104 0 0 0 0 337 685 2 0 0 0 0 
0 0 20 803 201 0 0 0 0 1 24 859 140 0 0 0 3 331 689 1 0 0 0 0 
0 1 52 774 196 1 0 0 0 0 46 752 223 3 0 0 7 312 691 14 0 0 0 0 
0 16 172 780 55 1 0 0 0 29 175 765 54 1 0 0 28 474 513 9 0 0 0 0 
0 0 178 770 75 1 0 0 0 0 158 806 59 1 0 0 1 441 571 11 0 0 0 0 
0 2 174 780 68 0 0 0 0 4 189 785 46 0 0 0 15 523 484 2 0 0 0 0 
0 0 172 770 77 5 0 0 0 0 128 830 62 4 0 0 3 504 497 19 1 0 0 0 
0 3 227 678 115 1 0 0 0 2 220 693 109 0 0 0 25 447 520 32 0 0 0 0 
0 10 252 715 47 0 0 0 0 11 235 714 64 0 0 0 32 503 484 5 0 0 0 0 
0 1 336 598 89 0 0 0 0 1 287 658 78 0 0 0 22 497 498 7 0 0 0 0 
0 4 264 668 88 0 0 0 0 3 237 683 101 0 0 0 22 462 520 20 0 0 0 0 
0 1 182 763 77 1 0 0 0 0 168 780 76 0 0 0 2 442 571 9 0 0 0 0 
0 0 90 855 79 0 0 0 0 0 54 907 63 0 0 0 0 312 701 11 0 0 0 0 
0 0 26 811 187 0 0 0 0 0 26 913 85 0 0 0 0 314 694 16 0 0 0 0 
0 1 94 835 94 0 0 0 0 0 66 898 60 0 0 0 2 388 620 14 0 0 0 0 
0 1 137 779 107 0 0 0 0 0 66 936 22 0 0 0 2 358 663 1 0 0 0 0 
0 6 93 886 39 0 0 0 0 14 122 874 14 0 0 0 19 437 564 4 0 0 0 0 
0 3 155 807 59 0 0 0 0 5 271 724 24 0 0 0 17 499 508 0 0 0 0 0 
0 0 41 867 116 0 0 0 0 0 87 882 55 0 0 0 1 331 682 10 0 0 0 0 
0 0 91 815 118 0 0 0 0 0 133 832 59 0 0 0 4 356 660 4 0 0 0 0 
0 0 13 888 121 2 0 0 0 0 10 943 71 0 0 0 0 301 711 12 0 0 0 0 
0 0 52 892 79 1 0 0 0 0 102 888 34 0 0 0 1 271 747 5 0 0 0 0 
0 0 24 810 190 0 0 0 0 0 35 933 56 0 0 0 0 274 737 13 0 0 0 0 
0 0 0 725 299 0 0 0 0 0 1 933 90 0 0 0 0 101 914 9 0 0 0 0 
0 0 77 848 99 0 0 0 0 0 123 838 63 0 0 0 0 486 535 3 0 0 0 0 
0 0 94 761 162 7 0 0 0 1 115 825 78 5 0 0 4 465 492 61 2 0 0 0 
0 0 160 664 193 7 0 0 0 0 174 745 102 3 0 0 4 390 587 41 2 0 0 0 
0 0 127 648 240 9 0 0 0 0 205 702 115 2 0 0 0 421 558 37 8 0 0 0 
0 0 9 684 331 0 0 0 0 0 39 884 101 0 0 0 0 218 779 27 0 0 0 0 
0 0 3 531 488 2 0 0 0 0 2 808 212 2 0 0 0 111 895 18 0 0 0 0 
0 0 26 542 445 9 2 0 0 0 20 777 219 6 2 0 0 183 802 35 4 0 0 0 
0 0 30 526 468 0 0 0 0 0 4 772 248 0 0 0 0 182 838 4 0 0 0 0 
0 0 0 517 507 0 0 0 0 0 0 758 266 0 0 0 0 61 959 4 0 0 0 0 
0 0 52 728 244 0 0 0 0 1 73 864 86 0 0 0 1 309 708 6 0 0 0 0 
0 0 33 751 240 0 0 0 0 0 48 919 57 0 0 0 0 213 810 1 0 0 0 0 
0 0 65 870 89 0 0 0 0 0 52 894 78 0 0 0 1 531 491 1 0 0 0 0 
0 2 111 791 120 0 0 0 0 2 97 840 85 0 0 0 7 520 496 1 0 0 0 0 
0 0 41 795 186 2 0 0 0 0 43 831 148 2 0 0 1 308 704 11 0 0 0 0 
0 0 30 841 153 0 0 0 0 0 28 902 94 0 0 0 0 277 741 6 0 0 0 0 
0 0 64 893 65 2 0 0 0 0 56 910 57 1 0 0 0 407 614 3 0 0 0 0 
0 0 117 878 29 0 0 0 0 0 58 915 51 0 0 0 0 601 423 0 0 0 0 0 
0 0 24 864 135 1 0 0 0 0 26 885 112 1 0 0 1 246 768 9 0 0 0 0 
0 0 41 921 62 0 0 0 0 0 32 943 49 0 0 0 1 438 580 5 0 0 0 0 
0 0 27 813 184 0 0 0 0 0 37 852 135 0 0 0 0 208 808 8 0 0 0 0 
0 0 35 721 268 0 0 0 0 0 76 801 147 0 0 0 0 273 745 6 0 0 0 0 
0 0 75 790 159 0 0 0 0 0 93 833 98 0 0 0 6 419 586 13 0 0 0 0 
0 0 83 820 121 0 0 0 0 0 69 850 105 0 0 0 0 326 673 25 0 0 0 0 
0 0 76 733 215 0 0 0 0 0 78 805 141 0 0 0 0 264 743 17 0 0 0 0 
0 0 58 752 214 0 0 0 0 0 85 803 136 0 0 0 1 251 759 13 0 0 0 0 
0 1 15 800 208 0 0 0 0 0 18 914 92 0 0 0 1 119 892 12 0 0 0 0 
0 0 47 711 265 1 0 0 0 0 30 800 193 1 0 0 0 163 822 39 0 0 0 0 
0 0 47 805 172 0 0 0 0 0 51 835 138 0 0 0 2 217 790 15 0 0 0 0 
0 0 22 842 160 0 0 0 0 0 10 890 124 0 0 0 0 162 848 14 0 0 0 0 
0 0 63 740 221 0 0 0 0 0 61 820 143 0 0 0 2 249 741 32 0 0 0 0 
0 0 67 813 144 0 0 0 0 0 85 855 84 0 0 0 0 333 673 18 0 0 0 0 
0 0 83 862 79 0 0 0 0 0 87 861 76 0 0 0 0 389 630 5 0 0 0 0 
0 5 142 708 159 8 2 0 0 5 151 773 87 6 2 0 9 341 638 28 6 2 0 0 
0 2 167 741 114 0 0 0 0 3 235 745 41 0 0 0 5 414 598 7 0 0 0 0 
0 0 47 763 214 0 0 0 0 0 73 835 116 0 0 0 2 341 664 17 0 0 0 0 
0 4 107 735 178 0 0 0 0 3 146 814 61 0 0 0 13 338 670 3 0 0 0 0 
0 0 18 833 173 0 0 0 0 0 22 898 104 0 0 0 3 334 681 6 0 0 0 0 
0 0 24 754 246 0 0 0 0 0 40 873 111 0 0 0 0 194 819 11 0 0 0 0 
0 0 27 802 195 0 0 0 0 0 43 923 58 0 0 0 0 248 773 3 0 0 0 0 
0 0 5 659 360 0 0 0 0 0 11 858 155 0 0 0 0 130 888 6 0 0 0 0 
0 0 2 660 362 0 0 0 0 0 14 861 149 0 0 0 0 85 932 7 0 0 0 0 
0 0 5 593 419 5 2 0 0 0 26 858 135 5 0 0 0 184 810 28 2 0 0 0 
0 0 32 671 321 0 0 0 0 0 62 797 165 0 0 0 0 202 788 34 0 0 0 0 
0 6 254 725 39 0 0 0 0 13 398 612 1 0 0 0 13 601 410 0 0 0 0 0 
0 0 19 836 169 0 0 0 0 0 58 918 48 0 0 0 0 266 740 18 0 0 0 0 
0 0 6 593 425 0 0 0 0 0 31 892 101 0 0 0 0 120 867 37 0 0 0 0 
0 0 4 603 417 0 0 0 0 0 9 864 151 0 0 0 0 59 946 19 0 0 0 0 
0 0 24 607 393 0 0 0 0 0 28 803 193 0 0 0 0 125 838 61 0 0 0 0 
0 0 80 754 190 0 0 0 0 0 50 906 68 0 0 0 0 374 646 4 0 0 0 0 
0 0 102 656 266 0 0 0 0 0 122 749 153 0 0 0 0 344 663 17 0 0 0 0 
0 0 2 704 318 0 0 0 0 0 10 896 118 0 0 0 3 245 776 0 0 0 0 0 
0 15 101 669 239 0 0 0 0 5 83 651 285 0 0 0 23 296 696 9 0 0 0 0 
0 0 41 804 177 2 0 0 0 0 34 802 186 2 0 0 4 340 671 9 0 0 0 0 
0 0 20 785 216 3 0 0 0 0 21 787 213 3 0 0 1 292 713 18 0 0 0 0 
0 0 37 749 238 0 0 0 0 0 29 780 213 2 0 0 0 232 766 26 0 0 0 0 
0 0 16 738 270 0 0 0 0 0 15 814 195 0 0 0 0 175 823 26 0 0 0 0 
0 0 12 680 332 0 0 0 0 0 9 766 249 0 0 0 0 177 806 41 0 0 0 0 
0 0 31 644 342 7 0 0 0 0 22 710 285 7 0 0 1 194 799 29 1 0 0 0 
0 1 21 694 308 0 0 0 0 0 30 787 207 0 0 0 7 214 785 18 0 0 0 0 
0 0 27 600 397 0 0 0 0 0 39 717 268 0 0 0 2 203 803 16 0 0 0 0 
0 0 13 633 377 1 0 0 0 1 24 774 225 0 0 0 1 163 844 16 0 0 0 0 
0 0 14 781 229 0 0 0 0 0 33 863 128 0 0 0 0 256 764 4 0 0 0 0 
0 0 11 699 314 0 0 0 0 0 18 810 196 0 0 0 0 195 815 14 0 0 0 0 
0 0 15 797 212 0 0 0 0 0 43 876 105 0 0 0 0 305 712 7 0 0 0 0 
0 0 42 736 246 0 0 0 0 0 72 800 152 0 0 0 1 343 671 9 0 0 0 0 
0 0 130 749 145 0 0 0 0 0 128 795 101 0 0 0 1 389 624 10 0 0 0 0 
0 0 137 684 203 0 0 0 0 0 188 708 128 0 0 0 2 393 617 12 0 0 0 0 
0 1 72 658 289 4 0 0 0 0 97 741 186 0 0 0 5 234 747 38 0 0 0 0 
0 0 59 642 323 0 0 0 0 0 42 791 191 0 0 0 4 237 757 26 0 0 0 0 
0 0 46 680 297 1 0 0 0 0 47 775 201 1 0 0 0 293 694 37 0 0 0 0 
0 0 17 739 267 1 0 0 0 0 31 833 160 0 0 0 0 241 767 16 0 0 0 0 
0 0 55 753 212 4 0 0 0 2 80 877 65 0 0 0 1 301 697 22 3 0 0 0 
0 0 37 778 205 4 0 0 0 0 142 805 77 0 0 0 0 310 685 29 0 0 0 0 
0 0 64 691 269 0 0 0 0 0 131 832 61 0 0 0 4 343 663 14 0 0 0 0 
0 0 120 839 65 0 0 0 0 0 239 771 14 0 0 0 1 535 486 2 0 0 0 0 
0 26 213 721 64 0 0 0 0 26 236 741 21 0 0 0 39 493 492 0 0 0 0 0 
0 0 239 745 40 0 0 0 0 0 260 748 16 0 0 0 8 650 366 0 0 0 0 0 
0 0 172 766 86 0 0 0 0 2 230 752 40 0 0 0 19 566 434 5 0 0 0 0 
0 0 56 875 93 0 0 0 0 0 56 889 79 0 0 0 1 397 620 6 0 0 0 0 
0 0 36 737 250 1 0 0 0 0 39 790 194 1 0 0 3 345 668 8 0 0 0 0 
0 0 44 807 173 0 0 0 0 0 40 875 109 0 0 0 2 446 574 2 0 0 0 0 
0 2 25 700 288 9 0 0 0 4 54 845 119 2 0 0 3 238 747 33 3 0 0 0 
0 0 14 635 375 0 0 0 0 2 14 768 240 0 0 0 1 140 865 18 0 0 0 0 
0 0 10 785 229 0 0 0 0 0 31 861 132 0 0 0 0 208 801 15 0 0 0 0 
0 0 53 745 226 0 0 0 0 0 92 824 108 0 0 0 1 405 607 11 0 0 0 0 
0 0 4 855 165 0 0 0 0 0 11 985 28 0 0 0 0 254 769 1 0 0 0 0 
0 0 19 733 271 1 0 0 0 2 24 889 108 1 0 0 1 215 784 24 0 0 0 0 
0 0 8 697 316 3 0 0 0 0 18 888 115 3 0 0 0 207 799 17 1 0 0 0 
0 2 80 792 150 0 0 0 0 4 176 800 44 0 0 0 6 433 573 12 0 0 0 0 
0 0 354 542 128 0 0 0 0 3 413 576 32 0 0 0 8 579 432 5 0 0 0 0 
0 0 125 843 56 0 0 0 0 0 147 863 14 0 0 0 2 606 415 1 0 0 0 0 
0 0 1 636 385 2 0 0 0 0 0 629 393 2 0 0 0 173 837 14 0 0 0 0 
0 0 45 759 220 0 0 0 0 0 24 763 237 0 0 0 0 359 664 1 0 0 0 0 
0 0 8 714 300 2 0 0 0 0 4 737 281 2 0 0 0 195 819 10 0 0 0 0 
0 0 8 764 252 0 0 0 0 0 11 758 255 0 0 0 0 189 828 7 0 0 0 0 
0 0 24 809 191 0 0 0 0 0 15 763 246 0 0 0 0 300 711 13 0 0 0 0 
0 0 36 836 152 0 0 0 0 0 25 747 251 1 0 0 2 357 659 6 0 0 0 0 
0 0 15 834 175 0 0 0 0 0 9 761 254 0 0 0 0 338 681 5 0 0 0 0 
0 0 11 646 365 2 0 0 0 0 8 617 395 4 0 0 0 156 830 38 0 0 0 0 
0 0 8 796 220 0 0 0 0 0 8 789 227 0 0 0 0 293 712 19 0 0 0 0 
0 0 5 850 168 1 0 0 0 0 1 757 265 1 0 0 0 315 701 8 0 0 0 0 
0 0 23 816 181 4 0 0 0 0 14 763 243 4 0 0 0 311 706 7 0 0 0 0 
0 0 24 711 288 1 0 0 0 0 25 749 249 1 0 0 7 283 720 14 0 0 0 0 
0 0 16 620 378 8 2 0 0 0 16 671 330 6 1 0 0 201 782 37 4 0 0 0 
0 0 5 666 353 0 0 0 0 0 9 677 338 0 0 0 0 213 805 6 0 0 0 0 
0 0 6 658 359 1 0 0 0 0 2 665 355 2 0 0 0 237 766 21 0 0 0 0 
0 0 13 683 327 1 0 0 0 0 10 670 343 1 0 0 1 220 797 6 0 0 0 0 
0 0 27 561 436 0 0 0 0 0 20 643 361 0 0 0 0 204 789 31 0 0 0 0 
0 0 11 687 325 1 0 0 0 0 15 772 237 0 0 0 0 175 806 43 0 0 0 0 
0 0 21 625 378 0 0 0 0 0 27 683 314 0 0 0 4 157 832 31 0 0 0 0 
0 0 4 708 312 0 0 0 0 0 2 827 195 0 0 0 0 152 844 28 0 0 0 0 
0 0 25 765 231 3 0 0 0 0 30 812 179 3 0 0 1 276 720 27 0 0 0 0 
0 0 20 756 245 3 0 0 0 0 46 789 186 3 0 0 2 226 769 27 0 0 0 0 
0 3 99 706 216 0 0 0 0 8 141 695 180 0 0 0 5 285 715 19 0 0 0 0 
0 0 113 583 324 4 0 0 0 0 131 695 197 1 0 0 4 293 672 55 0 0 0 0 
0 0 10 576 438 0 0 0 0 0 29 723 272 0 0 0 1 112 860 51 0 0 0 0 
0 0 5 721 298 0 0 0 0 0 14 781 229 0 0 0 0 166 821 37 0 0 0 0 
0 0 10 443 570 1 0 0 0 0 20 756 248 0 0 0 1 94 890 39 0 0 0 0 
0 0 3 617 404 0 0 0 0 0 9 750 265 0 0 0 0 165 848 11 0 0 0 0 
0 0 17 687 320 0 0 0 0 0 21 737 266 0 0 0 0 279 731 14 0 0 0 0 
0 1 29 637 346 11 0 0 0 1 51 735 235 2 0 0 3 231 738 50 2 0 0 0 
0 0 91 744 189 0 0 0 0 0 147 733 144 0 0 0 3 344 667 10 0 0 0 0 
0 32 192 758 42 0 0 0 0 32 194 744 54 0 0 0 48 622 344 10 0 0 0 0 
3 43 113 658 207 0 0 0 1 53 138 660 172 0 0 0 66 391 557 10 0 0 0 0 
1 91 180 656 96 0 0 0 0 68 249 637 70 0 0 0 96 400 508 20 0 0 0 0 
0 30 169 693 127 5 0 0 0 48 208 692 75 1 0 0 29 435 531 29 0 0 0 0 
0 3 88 736 196 1 0 0 0 10 77 834 102 1 0 0 5 275 725 19 0 0 0 0 
0 0 43 842 139 0 0 0 0 0 72 858 94 0 0 0 1 266 740 17 0 0 0 0 
0 0 12 862 150 0 0 0 0 0 23 872 129 0 0 0 0 340 682 2 0 0 0 0 
0 0 6 917 101 0 0 0 0 0 10 937 77 0 0 0 0 390 632 2 0 0 0 0 
0 0 13 863 148 0 0 0 0 0 29 932 63 0 0 0 0 433 588 3 0 0 0 0 
0 0 99 784 141 0 0 0 0 0 83 736 204 1 0 0 6 461 548 9 0 0 0 0 
0 0 39 795 188 2 0 0 0 0 22 720 281 1 0 0 0 320 687 17 0 0 0 0 
0 0 40 763 215 6 0 0 0 1 36 742 241 4 0 0 6 346 650 20 2 0 0 0 
0 0 14 724 285 1 0 0 0 0 11 655 356 2 0 0 4 372 627 21 0 0 0 0 
0 0 10 701 311 2 0 0 0 0 7 628 388 1 0 0 1 279 736 7 1 0 0 0 
0 0 7 718 295 4 0 0 0 0 3 659 356 6 0 0 1 317 689 16 1 0 0 0 
0 0 34 797 193 0 0 0 0 0 14 737 273 0 0 0 1 313 705 5 0 0 0 0 
0 0 44 736 244 0 0 0 0 0 17 581 426 0 0 0 5 390 621 8 0 0 0 0 
0 0 39 768 217 0 0 0 0 0 28 614 381 1 0 0 6 535 478 5 0 0 0 0 
0 0 19 692 313 0 0 0 0 0 5 619 400 0 0 0 0 348 672 4 0 0 0 0 
0 0 71 736 215 2 0 0 0 0 39 718 264 3 0 0 3 415 574 32 0 0 0 0 
0 0 124 785 113 2 0 0 0 0 124 759 137 4 0 0 3 578 438 5 0 0 0 0 
0 3 196 613 205 7 0 0 0 4 216 648 150 6 0 0 17 524 443 39 1 0 0 0 
0 0 166 773 85 0 0 0 0 0 153 761 110 0 0 0 6 619 393 6 0 0 0 0 
0 0 50 773 201 0 0 0 0 0 56 773 195 0 0 0 4 422 578 20 0 0 0 0 
0 1 46 732 245 0 0 0 0 1 43 750 230 0 0 0 6 430 575 13 0 0 0 0 
0 0 94 795 133 2 0 0 0 1 103 813 107 0 0 0 6 519 483 16 0 0 0 0 
0 0 139 804 81 0 0 0 0 0 189 796 39 0 0 0 7 593 421 3 0 0 0 0 
0 0 203 755 65 1 0 0 0 2 261 735 26 0 0 0 8 548 456 12 0 0 0 0 
0 0 160 757 103 4 0 0 0 8 256 668 90 2 0 0 15 575 416 18 0 0 0 0 
0 1 253 686 84 0 0 0 0 1 227 733 63 0 0 0 3 593 421 7 0 0 0 0 
0 0 198 781 45 0 0 0 0 0 166 809 49 0 0 0 8 571 432 13 0 0 0 0 
0 0 118 793 113 0 0 0 0 0 144 791 89 0 0 0 6 524 484 10 0 0 0 0 
0 0 146 787 86 5 0 0 0 0 168 791 61 4 0 0 4 595 403 20 2 0 0 0 
0 1 144 718 160 1 0 0 0 0 149 751 123 1 0 0 4 529 472 18 1 0 0 0 
0 0 151 752 120 1 0 0 0 0 182 747 94 1 0 0 30 543 434 17 0 0 0 0 
0 0 128 788 108 0 0 0 0 0 170 786 68 0 0 0 4 546 468 6 0 0 0 0 
0 0 121 802 101 0 0 0 0 0 192 781 51 0 0 0 6 641 376 1 0 0 0 0 
0 0 176 744 104 0 0 0 0 3 239 716 66 0 0 0 9 595 405 15 0 0 0 0 
0 1 209 748 62 4 0 0 0 0 161 804 56 3 0 0 11 670 317 26 0 0 0 0 
0 3 363 598 60 0 0 0 0 4 400 604 16 0 0 0 37 788 199 0 0 0 0 0 
0 35 258 607 123 1 0 0 0 36 302 656 30 0 0 0 39 688 292 5 0 0 0 0 
45 127 370 425 57 0 0 0 37 156 349 448 34 0 0 0 194 518 305 7 0 0 0 0 
2 100 436 464 22 0 0 0 0 55 423 526 20 0 0 0 114 628 278 4 0 0 0 0 
7 234 459 275 49 0 0 0 3 204 457 309 51 0 0 0 167 619 215 23 0 0 0 0 
3 86 525 375 35 0 0 0 1 87 510 409 17 0 0 0 97 614 307 6 0 0 0 0 
0 3 244 691 82 4 0 0 0 12 350 606 56 0 0 0 13 541 451 19 0 0 0 0 
0 0 135 811 78 0 0 0 0 0 164 792 68 0 0 0 2 576 438 8 0 0 0 0 
0 1 113 871 39 0 0 0 0 0 107 845 72 0 0 0 9 616 396 3 0 0 0 0 
0 0 50 818 156 0 0 0 0 0 55 838 131 0 0 0 6 564 453 1 0 0 0 0 
0 0 11 706 307 0 0 0 0 0 24 804 196 0 0 0 1 252 749 22 0 0 0 0 
0 0 13 749 262 0 0 0 0 0 19 837 168 0 0 0 0 258 758 8 0 0 0 0 
0 0 24 732 266 2 0 0 0 0 29 832 161 2 0 0 1 347 656 20 0 0 0 0 
0 0 36 702 284 2 0 0 0 0 39 818 167 0 0 0 2 374 641 7 0 0 0 0 
0 0 39 725 257 3 0 0 0 0 48 780 194 2 0 0 10 318 680 15 1 0 0 0 
0 0 55 722 245 2 0 0 0 0 69 802 151 2 0 0 2 441 567 14 0 0 0 0 
0 0 25 735 264 0 0 0 0 0 30 802 192 0 0 0 3 375 627 19 0 0 0 0 
0 0 43 778 202 1 0 0 0 0 39 812 172 1 0 0 7 468 542 7 0 0 0 0 
0 0 46 872 106 0 0 0 0 0 21 901 102 0 0 0 1 500 523 0 0 0 0 0 
0 1 56 710 254 3 0 0 0 0 55 725 241 3 0 0 8 314 686 16 0 0 0 0 
0 0 32 652 339 1 0 0 0 0 44 706 274 0 0 0 2 409 605 8 0 0 0 0 
0 0 10 646 368 0 0 0 0 0 15 768 241 0 0 0 0 363 643 18 0 0 0 0 
0 0 5 474 537 8 0 0 0 0 17 635 366 6 0 0 0 236 762 23 3 0 0 0 
0 0 13 558 453 0 0 0 0 0 25 714 285 0 0 0 7 287 725 5 0 0 0 0 
0 0 24 574 423 3 0 0 0 0 37 668 317 2 0 0 5 206 788 25 0 0 0 0 
0 0 136 504 383 1 0 0 0 1 156 614 253 0 0 0 16 339 640 29 0 0 0 0 
0 0 50 584 382 8 0 0 0 0 61 694 266 3 0 0 6 320 665 32 1 0 0 0 
0 0 49 612 361 2 0 0 0 0 45 783 196 0 0 0 2 381 633 8 0 0 0 0 
0 0 43 609 372 0 0 0 0 0 50 769 205 0 0 0 7 249 753 15 0 0 0 0 
0 0 28 578 417 1 0 0 0 0 48 781 195 0 0 0 2 292 696 34 0 0 0 0 
0 0 15 694 310 5 0 0 0 0 19 815 190 0 0 0 1 327 682 14 0 0 0 0 
0 0 32 684 301 7 0 0 0 0 48 784 190 2 0 0 0 339 661 24 0 0 0 0 
0 0 31 538 447 8 0 0 0 2 45 715 262 0 0 0 9 338 665 12 0 0 0 0 
0 0 42 665 311 6 0 0 0 0 50 740 232 2 0 0 6 396 602 20 0 0 0 0 
0 0 95 550 377 2 0 0 0 2 116 649 256 1 0 0 17 370 617 20 0 0 0 0 
0 0 99 644 276 5 0 0 0 0 122 754 146 2 0 0 16 485 513 10 0 0 0 0 
0 2 84 769 168 1 0 0 0 3 115 833 73 0 0 0 10 466 537 11 0 0 0 0 
0 3 85 775 160 1 0 0 0 4 129 811 79 1 0 0 12 530 460 22 0 0 0 0 
0 0 81 755 187 1 0 0 0 0 125 813 85 1 0 0 7 529 477 11 0 0 0 0 
0 0 41 736 246 1 0 0 0 0 69 802 152 1 0 0 5 398 586 35 0 0 0 0 
0 1 22 565 433 3 0 0 0 1 65 760 198 0 0 0 10 420 582 12 0 0 0 0 
0 0 22 556 440 6 0 0 0 0 128 743 153 0 0 0 13 452 556 3 0 0 0 0 
0 0 62 673 282 7 0 0 0 0 157 741 126 0 0 0 11 485 521 7 0 0 0 0 
0 0 11 567 443 3 0 0 0 0 49 756 218 1 0 0 1 313 699 11 0 0 0 0 
0 0 13 511 500 0 0 0 0 0 20 638 366 0 0 0 3 257 750 14 0 0 0 0 
0 0 9 624 391 0 0 0 0 0 9 689 326 0 0 0 2 319 700 3 0 0 0 0 
0 0 18 676 325 5 0 0 0 0 28 805 190 1 0 0 0 336 675 13 0 0 0 0 
0 6 229 697 92 0 0 0 0 8 184 738 94 0 0 0 43 571 399 11 0 0 0 0 
0 36 273 589 126 0 0 0 0 39 283 601 100 1 0 0 69 497 441 17 0 0 0 0 
0 1 135 767 120 1 0 0 0 1 144 789 89 1 0 0 13 601 399 11 0 0 0 0 
0 0 54 689 277 4 0 0 0 0 60 797 166 1 0 0 3 424 578 18 1 0 0 0 
0 0 49 789 173 12 1 0 0 0 40 852 125 7 0 0 5 427 567 20 5 0 0 0 
0 0 119 806 99 0 0 0 0 0 125 826 73 0 0 0 16 622 384 2 0 0 0 0 
0 0 45 816 163 0 0 0 0 0 52 842 129 1 0 0 10 587 418 9 0 0 0 0 
0 0 41 671 302 10 0 0 0 0 49 731 240 4 0 0 7 478 520 19 0 0 0 0 
0 0 25 689 308 2 0 0 0 0 27 809 188 0 0 0 3 542 476 3 0 0 0 0 
0 0 8 522 493 1 0 0 0 0 8 606 409 1 0 0 3 328 689 4 0 0 0 0 
0 0 18 594 408 4 0 0 0 0 19 649 354 2 0 0 7 309 693 15 0 0 0 0 
0 0 32 724 268 0 0 0 0 0 23 772 229 0 0 0 7 406 604 7 0 0 0 0 
0 0 4 527 493 0 0 0 0 0 9 661 354 0 0 0 0 191 800 33 0 0 0 0 
0 0 53 621 350 0 0 0 0 0 69 678 277 0 0 0 12 364 635 13 0 0 0 0 
0 3 202 702 115 2 0 0 0 6 272 672 74 0 0 0 35 588 397 4 0 0 0 0 
0 2 248 566 196 12 0 0 0 5 366 526 122 5 0 0 22 580 393 29 0 0 0 0 
0 1 202 725 95 1 0 0 0 2 208 735 77 2 0 0 31 527 451 15 0 0 0 0 
0 0 158 679 185 2 0 0 0 1 190 694 138 1 0 0 31 448 517 28 0 0 0 0 
0 0 98 632 292 2 0 0 0 2 157 665 198 2 0 0 11 400 576 37 0 0 0 0 
0 2 32 715 267 8 0 0 0 3 63 812 141 5 0 0 11 463 528 19 3 0 0 0 
0 0 61 712 247 4 0 0 0 0 86 791 147 0 0 0 6 478 516 24 0 0 0 0 
0 0 23 644 350 7 0 0 0 1 50 834 138 1 0 0 8 410 592 14 0 0 0 0 
0 0 17 498 509 0 0 0 0 0 25 691 308 0 0 0 5 266 737 16 0 0 0 0 
0 0 46 669 309 0 0 0 0 0 56 815 153 0 0 0 2 353 654 15 0 0 0 0 
0 3 40 636 340 5 0 0 0 3 68 761 192 0 0 0 16 460 525 23 0 0 0 0 
0 0 35 681 308 0 0 0 0 0 89 813 122 0 0 0 3 514 505 2 0 0 0 0 
0 0 23 514 487 0 0 0 0 1 47 803 173 0 0 0 8 375 631 10 0 0 0 0 
0 0 9 371 643 1 0 0 0 0 40 664 320 0 0 0 3 307 713 1 0 0 0 0 
0 0 4 414 590 12 4 0 0 0 20 745 254 3 2 0 2 348 647 23 3 1 0 0 
0 0 22 546 454 2 0 0 0 2 58 798 166 0 0 0 12 505 495 12 0 0 0 0 
0 0 22 511 486 5 0 0 0 0 66 760 198 0 0 0 2 416 590 16 0 0 0 0 
0 0 9 552 463 0 0 0 0 0 33 805 186 0 0 0 5 498 515 6 0 0 0 0 
0 0 25 578 418 3 0 0 0 0 62 799 163 0 0 0 3 478 541 2 0 0 0 0 
0 0 9 525 490 0 0 0 0 0 20 834 170 0 0 0 3 387 630 4 0 0 0 0 
0 0 11 550 449 12 2 0 0 0 46 836 138 4 0 0 4 450 552 16 2 0 0 0 
0 0 16 428 577 3 0 0 0 0 55 760 209 0 0 0 6 377 640 1 0 0 0 0 
0 0 4 470 549 1 0 0 0 0 30 766 228 0 0 0 1 326 692 5 0 0 0 0 
0 0 10 517 495 2 0 0 0 0 53 833 137 1 0 0 4 469 543 8 0 0 0 0 
0 0 19 508 491 6 0 0 0 0 31 844 149 0 0 0 3 387 627 7 0 0 0 0 
0 0 42 609 372 1 0 0 0 0 96 810 118 0 0 0 5 442 573 4 0 0 0 0 
0 0 12 611 401 0 0 0 0 0 31 833 160 0 0 0 4 392 625 3 0 0 0 0 
0 0 34 454 535 1 0 0 0 0 53 709 262 0 0 0 3 459 555 7 0 0 0 0 
0 0 17 624 382 1 0 0 0 0 48 806 170 0 0 0 9 485 525 5 0 0 0 0 
