0 0 0 0 1024 0 0 0 0 0 0 0 0 1024 0 0 0 0 0 0 0 0 0 1024 
0 0 0 0 1024 0 0 0 0 0 0 0 0 810 214 0 0 0 0 0 0 0 0 1024 
0 0 0 0 930 94 0 0 0 0 0 0 0 469 555 0 0 0 0 0 0 0 0 1024 
0 0 0 0 797 227 0 0 0 0 0 0 0 240 784 0 0 0 0 0 0 0 0 1024 
0 0 0 0 744 280 0 0 0 0 0 0 0 64 960 0 0 0 0 0 0 0 0 1024 
0 5 3 3 910 103 0 0 0 1 4 3 3 75 938 0 0 0 4 3 2 2 4 1009 
34 68 31 31 761 96 3 0 45 50 30 31 21 416 431 0 36 46 29 26 35 22 17 813 
0 0 0 0 1019 5 0 0 0 0 0 0 0 721 303 0 0 0 0 0 0 0 1 1023 
0 0 0 0 1024 0 0 0 0 0 0 0 0 1018 6 0 0 0 0 0 0 0 0 1024 
0 0 0 0 1024 0 0 0 0 0 0 0 0 1024 0 0 0 0 0 0 0 0 0 1024 
4 271 75 22 601 51 0 0 0 6 281 61 22 241 413 0 0 7 252 81 15 35 17 617 
0 9 75 28 609 298 5 0 0 0 17 78 32 197 696 4 0 0 8 58 37 87 161 673 
3 0 2 3 86 870 43 17 2 1 0 3 8 100 873 37 2 1 0 2 2 19 137 861 
106 95 34 13 33 701 37 5 93 117 20 14 15 23 703 39 69 128 26 16 12 20 19 734 
182 297 61 27 52 377 28 0 283 209 42 26 30 42 378 14 286 195 42 27 29 40 18 387 
373 386 91 30 38 95 11 0 511 302 39 24 24 33 82 9 517 281 44 28 17 36 16 85 
568 432 19 4 1 0 0 0 867 149 4 4 0 0 0 0 930 86 3 4 1 0 0 0 
136 268 55 35 418 105 7 0 280 127 43 35 21 17 495 6 328 70 37 35 26 10 13 505 
0 0 0 0 968 56 0 0 0 0 0 0 0 140 884 0 0 0 0 0 0 0 0 1024 
0 0 0 0 1024 0 0 0 0 0 0 0 0 352 672 0 0 0 0 0 0 0 0 1024 
81 456 267 139 79 2 0 0 28 134 451 215 163 33 0 0 126 252 417 195 33 1 0 0 
234 422 309 52 7 0 0 0 257 192 271 256 44 4 0 0 322 145 263 255 36 3 0 0 
435 402 103 37 18 18 11 0 671 172 32 88 17 18 18 8 696 154 21 42 61 16 16 18 
272 648 65 34 4 1 0 0 625 348 45 4 2 0 0 0 689 316 16 1 2 0 0 0 
85 303 491 72 58 15 0 0 146 630 143 65 36 4 0 0 181 642 107 66 28 0 0 0 
90 358 472 66 31 7 0 0 139 619 178 72 15 1 0 0 165 613 142 84 17 3 0 0 
128 537 345 12 2 0 0 0 280 662 73 9 0 0 0 0 331 625 63 5 0 0 0 0 
365 585 66 7 0 1 0 0 787 217 12 6 1 0 1 0 872 138 6 4 3 0 1 0 
163 244 118 60 141 286 12 0 235 124 99 101 31 18 399 17 276 123 94 59 30 19 12 411 
24 117 144 72 416 250 0 0 0 37 114 125 72 42 626 5 13 74 117 85 50 29 48 605 
239 374 211 141 46 9 2 2 200 292 228 188 101 11 2 2 442 319 167 60 26 7 1 2 
245 288 282 161 41 7 0 0 432 279 197 93 22 1 0 0 639 246 118 19 2 0 0 0 
191 320 278 173 42 19 1 0 324 387 192 78 24 18 1 0 525 299 122 41 26 10 1 0 
62 354 259 97 136 104 11 1 169 390 123 78 138 109 17 0 295 295 102 83 134 98 17 0 
33 177 406 166 155 51 17 19 45 328 250 168 155 38 18 22 63 399 158 178 150 44 13 19 
13 166 432 180 134 67 12 20 32 343 298 150 135 33 9 24 69 398 243 153 113 20 12 16 
41 302 331 141 141 44 11 13 95 403 223 144 109 25 11 14 153 410 204 153 54 25 13 12 
172 294 255 181 72 14 14 22 215 290 159 203 94 25 11 27 243 285 180 143 95 35 17 26 
149 284 334 164 38 35 18 2 49 186 293 302 119 22 20 33 162 282 274 141 80 21 18 46 
170 360 402 90 0 0 0 0 10 229 338 400 45 0 0 0 165 416 416 26 0 0 0 0 
24 56 121 283 287 114 108 31 14 45 85 257 290 167 109 57 50 89 212 294 154 125 79 21 
71 216 121 172 349 87 4 4 139 164 120 187 311 85 13 5 202 175 108 278 191 59 11 0 
4 57 196 163 511 87 6 0 3 128 164 127 442 159 1 0 65 129 172 253 339 66 0 0 
53 45 182 147 411 181 5 0 66 143 138 80 372 207 18 0 158 126 124 232 205 157 22 0 
7 93 184 216 330 178 16 0 11 159 191 144 323 164 32 0 91 192 127 319 182 101 12 0 
2 55 147 120 370 294 36 0 11 145 107 82 353 293 33 0 55 117 112 302 230 160 47 1 
20 161 254 141 342 102 4 0 22 310 188 94 362 48 0 0 116 343 109 313 137 6 0 0 
58 182 207 187 288 66 28 8 45 219 173 235 236 70 21 25 114 226 147 330 106 54 35 12 
151 208 251 124 106 47 116 21 62 169 245 224 119 39 67 99 224 280 186 105 45 23 92 69 
101 336 325 82 5 58 106 8 16 157 368 256 48 16 96 66 229 408 168 40 5 29 96 48 
0 2 51 336 449 148 34 4 0 0 5 107 462 360 70 20 1 48 377 428 112 33 19 6 
21 69 164 328 373 66 3 0 51 51 106 144 389 248 34 1 76 171 353 360 60 4 0 0 
0 22 103 204 480 198 13 4 0 33 72 112 341 430 32 4 17 99 170 244 274 213 3 4 
17 55 70 155 331 298 36 62 13 67 76 90 168 444 97 69 21 83 86 96 206 373 98 61 
4 76 202 226 173 273 32 38 2 111 221 133 122 224 161 50 12 209 168 143 171 101 185 35 
16 199 353 257 96 61 39 3 13 131 226 287 219 89 49 10 67 241 356 173 76 60 46 5 
16 88 145 162 352 199 24 38 28 126 149 82 168 373 59 39 60 194 80 339 211 60 49 31 
2 7 24 95 623 202 41 30 0 6 16 40 194 631 81 56 1 14 63 431 157 164 158 36 
5 7 21 216 556 125 70 24 2 7 16 50 297 517 89 46 5 8 150 504 183 82 67 25 
2 26 26 282 544 80 53 8 0 10 24 40 346 504 90 8 13 16 112 653 90 93 40 5 
0 1 29 224 522 212 33 3 0 1 16 140 512 301 49 5 3 50 314 432 184 37 4 0 
0 1 19 217 521 241 25 0 0 0 10 90 477 386 61 0 2 38 292 487 183 22 0 0 
0 0 14 181 537 263 29 0 0 0 0 41 384 494 100 5 0 25 263 539 182 15 0 0 
0 2 3 140 457 367 54 1 0 0 3 10 226 577 201 7 2 4 145 495 334 42 2 0 
1 13 25 218 513 230 24 0 1 3 11 39 281 531 149 9 6 26 203 493 257 37 2 0 
48 142 186 206 314 113 15 0 6 62 167 159 250 297 79 4 143 181 227 313 130 29 1 0 
1 9 66 263 345 162 88 90 0 1 16 88 275 352 156 136 5 54 206 331 178 76 68 106 
1 8 38 123 491 163 117 83 1 4 13 61 164 488 162 131 5 32 98 400 218 68 104 99 
0 0 13 350 645 16 0 0 0 0 0 17 404 590 13 0 0 8 339 628 49 0 0 0 
0 2 13 506 488 13 0 0 0 0 2 18 477 512 13 0 2 13 421 570 16 0 0 0 
0 0 0 96 480 352 96 0 0 0 0 128 352 416 128 0 0 0 128 416 448 32 0 0 
0 0 0 256 384 320 64 0 0 0 0 160 448 288 128 0 0 32 352 384 224 32 0 0 
0 0 0 32 544 416 32 0 0 0 0 32 320 640 32 0 0 0 160 608 224 32 0 0 
0 0 0 0 288 704 32 0 0 0 0 0 192 704 128 0 0 0 32 576 416 0 0 0 
0 0 0 0 480 480 64 0 0 0 0 0 32 768 224 0 0 0 32 480 416 96 0 0 
0 0 0 224 736 64 0 0 0 0 0 0 256 704 64 0 0 0 256 768 0 0 0 0 
0 0 0 576 448 0 0 0 0 0 0 0 512 512 0 0 0 64 544 416 0 0 0 0 
0 0 64 480 128 128 160 64 0 0 0 96 512 128 192 96 0 32 352 224 64 96 192 64 
0 0 64 768 192 0 0 0 0 0 0 128 800 96 0 0 0 32 512 480 0 0 0 0 
0 0 256 426 341 0 0 0 0 0 0 85 597 341 0 0 0 256 426 341 0 0 0 0 
