0 2 90 268 197 143 119 205 0 0 1 84 278 217 156 288 0 26 124 221 162 142 109 240 
0 0 9 173 172 174 186 310 0 0 0 7 177 206 204 430 0 5 70 131 125 139 172 382 
0 0 0 2 15 22 23 962 0 0 0 0 3 16 31 974 0 0 0 2 13 21 25 963 
0 0 0 0 0 5 10 1009 0 0 0 0 0 2 9 1013 0 0 0 0 0 4 10 1010 
0 0 0 0 0 0 0 1024 0 0 0 0 0 0 0 1024 0 0 0 0 0 0 0 1024 
0 0 0 0 0 0 0 1024 0 0 0 0 0 0 0 1024 0 0 0 0 0 0 0 1024 
0 0 1 7 20 27 37 932 0 0 0 2 15 18 35 954 0 0 0 1 12 21 31 959 
14 52 70 69 64 72 135 548 0 17 66 67 78 67 107 622 4 18 57 65 68 65 96 651 
133 437 198 90 62 40 38 21 0 117 424 220 111 57 43 48 276 298 161 79 80 42 33 52 
0 203 615 139 48 17 2 0 0 0 157 638 163 47 16 3 11 552 322 87 35 16 1 0 
0 23 327 441 181 42 8 2 0 0 44 272 392 236 67 13 0 153 489 272 82 20 5 3 
8 35 52 150 226 159 140 254 0 32 19 32 114 240 226 361 7 57 120 215 137 98 119 271 
8 74 20 172 124 128 97 401 0 80 10 52 159 146 127 450 1 77 72 146 123 102 98 405 
0 1 56 267 207 159 136 198 0 0 0 24 203 316 190 291 0 9 207 237 112 116 135 208 
0 2 76 207 249 139 81 270 0 0 0 52 176 292 169 335 0 13 151 243 176 96 80 265 
0 11 137 267 192 87 88 242 0 0 4 72 264 264 108 312 4 95 236 176 116 63 74 260 
0 60 364 312 138 79 49 22 0 0 34 302 351 179 89 69 5 265 378 138 89 74 46 29 
20 360 405 173 53 6 3 0 0 6 264 439 215 80 13 3 254 441 242 60 15 8 1 0 
5 354 568 94 3 0 0 0 0 4 318 579 119 4 0 0 71 676 255 22 0 0 0 0 
2 193 596 200 33 0 0 0 0 2 183 536 263 38 2 0 19 479 438 73 15 0 0 0 
52 478 301 132 44 16 1 0 5 401 170 233 150 50 14 1 48 645 240 48 31 11 1 0 
36 328 272 193 132 49 14 0 5 250 279 213 170 71 33 3 16 328 258 202 148 53 16 3 
7 39 236 425 222 88 4 3 1 16 81 286 440 151 43 6 7 82 281 274 268 99 9 4 
2 85 390 392 128 14 11 2 1 4 54 347 478 117 16 7 6 271 448 151 116 17 11 4 
33 544 328 111 7 1 0 0 0 34 460 336 179 13 2 0 67 698 236 20 3 0 0 0 
68 711 222 21 2 0 0 0 0 108 618 270 26 2 0 0 264 661 84 15 0 0 0 0 
112 700 181 28 0 0 0 0 0 158 636 193 35 0 0 0 500 449 65 8 0 0 0 0 
125 548 302 49 0 0 0 0 11 179 441 293 95 5 0 0 255 577 183 9 0 0 0 0 
87 593 275 65 4 0 0 0 8 171 523 280 39 3 0 0 174 639 183 26 2 0 0 0 
219 373 241 84 56 45 6 0 117 391 294 101 57 44 19 1 229 402 220 77 47 44 5 0 
123 386 414 84 11 4 0 2 42 345 489 126 14 5 1 2 118 419 396 75 12 2 0 2 
81 251 170 118 119 168 97 20 25 194 218 133 112 121 176 45 79 225 184 123 123 138 125 27 
275 228 113 325 69 12 2 0 124 355 85 277 145 36 1 1 301 205 117 322 65 12 1 1 
297 370 190 150 13 0 0 4 121 246 347 271 35 0 0 4 373 328 176 132 11 0 0 4 
417 495 88 11 12 1 0 0 6 540 389 68 11 9 1 0 530 402 70 9 8 5 0 0 
446 461 85 21 8 0 0 0 15 547 365 74 20 1 0 0 675 256 72 20 0 0 0 0 
512 394 93 14 3 7 1 0 89 528 298 87 14 6 2 0 660 299 45 10 2 7 1 0 
330 474 189 27 4 0 0 0 214 448 287 62 11 2 0 0 458 472 82 12 0 0 0 0 
497 309 176 23 9 10 0 0 433 322 219 30 10 10 0 0 585 322 85 18 8 6 0 0 
333 583 102 3 0 1 1 1 223 659 134 5 0 1 1 1 409 522 87 3 1 0 1 1 
125 439 268 83 96 9 4 0 66 420 296 111 86 40 4 1 217 509 158 104 24 7 4 1 
58 206 144 126 357 130 3 0 21 167 193 115 278 221 29 0 88 245 128 263 184 111 5 0 
180 436 179 179 46 4 0 0 106 384 257 144 123 9 1 0 290 390 166 141 36 1 0 0 
640 265 55 52 8 4 0 0 314 475 147 51 33 4 0 0 712 207 59 37 9 0 0 0 
747 239 37 0 0 0 0 0 405 456 136 25 0 0 0 0 848 163 11 0 0 0 0 0 
171 183 130 130 100 169 141 0 47 150 151 149 162 108 232 25 320 182 164 45 70 198 45 0 
117 180 203 153 74 58 235 4 55 141 159 208 136 42 218 65 238 242 155 87 20 121 159 2 
219 191 63 119 133 78 214 7 156 204 89 80 155 82 155 103 277 175 136 123 54 75 184 0 
205 217 56 75 100 102 259 10 142 214 97 59 100 96 210 106 236 215 83 97 76 108 209 0 
167 142 72 71 78 82 384 28 36 212 112 69 80 51 350 114 100 199 114 94 37 198 279 3 
19 58 142 106 171 122 395 11 6 45 107 120 195 64 386 101 17 138 118 162 72 197 320 0 
31 162 125 72 139 301 183 11 14 133 132 90 87 277 243 48 117 171 95 50 155 298 138 0 
57 26 31 145 392 325 48 0 38 35 18 49 225 488 161 10 85 49 164 200 293 221 12 0 
97 45 40 286 469 84 0 0 37 79 33 101 301 427 43 0 126 58 429 346 57 5 0 0 
0 0 0 4 304 617 98 0 0 0 0 0 86 605 322 9 0 0 0 66 534 393 29 0 
0 0 0 0 96 649 278 0 0 0 0 0 18 420 571 13 0 0 0 4 224 674 121 0 
0 0 0 0 45 512 466 0 0 0 0 0 11 326 624 61 0 0 0 0 121 539 363 0 
0 0 0 0 43 450 516 13 0 0 0 0 16 342 603 61 0 0 0 0 162 496 361 4 
0 0 0 4 86 502 413 16 0 0 0 0 36 361 571 54 0 0 0 4 130 578 308 2 
0 0 0 2 121 818 80 2 0 0 0 0 22 619 377 4 0 0 0 4 182 790 45 0 
0 0 0 16 637 365 4 0 0 0 0 0 297 694 32 0 0 0 0 32 813 178 0 0 
0 0 38 459 500 25 0 0 0 0 0 73 587 361 2 0 6 96 374 331 203 11 0 0 
0 15 169 577 242 19 0 0 0 3 80 392 461 84 0 0 11 192 535 261 23 0 0 0 
