0 89 72 133 138 155 152 285 0 23 108 110 148 155 159 321 0 0 32 113 139 162 172 406 
3 205 123 87 86 75 117 328 0 126 166 111 82 86 98 355 0 8 116 147 121 117 103 412 
43 510 209 104 58 33 19 48 16 466 256 119 65 31 22 49 5 339 310 149 92 37 28 64 
40 505 294 77 44 34 18 12 22 433 371 92 42 36 16 12 14 452 320 122 47 38 14 17 
49 637 185 89 35 19 5 5 23 499 325 102 45 18 8 4 16 614 222 93 44 18 11 6 
32 686 211 55 23 10 4 3 19 426 447 79 32 13 5 3 10 597 292 78 27 11 6 3 
29 386 287 122 82 51 41 26 16 290 354 157 89 54 40 24 1 262 384 156 95 55 39 32 
28 631 247 39 36 22 14 7 3 438 431 66 40 24 15 7 2 505 357 72 41 21 15 11 
8 526 310 79 43 31 16 11 1 288 489 122 52 36 20 16 1 357 423 111 55 37 20 20 
1 212 418 162 74 62 46 49 0 54 453 243 94 74 44 62 0 93 402 212 108 83 50 76 
1 285 428 172 70 39 21 8 0 107 514 229 95 41 25 13 0 149 480 222 83 45 30 15 
0 286 542 104 48 14 20 10 0 23 689 196 65 16 21 14 0 210 564 130 56 26 20 18 
0 34 437 247 94 45 39 128 0 1 257 407 125 58 41 135 0 20 353 263 117 72 44 155 
0 0 54 161 236 117 123 333 0 0 19 142 233 151 134 345 0 0 9 107 154 221 130 403 
0 0 1 39 128 125 133 598 0 0 0 24 132 129 130 609 0 0 0 6 70 156 138 654 
0 0 20 142 292 93 94 383 0 0 1 76 341 110 100 396 0 0 1 52 212 217 92 450 
0 0 23 129 160 149 138 425 0 0 2 102 154 175 143 448 0 0 0 64 110 157 170 523 
0 0 54 167 138 141 135 389 0 0 17 150 145 154 139 419 0 0 2 81 172 133 162 474 
0 0 4 165 181 128 144 402 0 0 2 91 231 138 150 412 0 0 0 28 199 172 158 467 
0 0 0 12 55 112 149 696 0 0 0 8 52 110 154 700 0 0 0 1 14 85 161 763 
0 0 6 31 58 132 195 602 0 0 2 27 60 134 195 606 0 0 0 8 27 98 189 702 
0 0 0 4 30 52 116 822 0 0 0 5 26 58 110 825 0 0 0 0 9 42 114 859 
0 0 27 71 122 117 109 578 0 0 19 60 123 125 109 588 0 0 8 39 94 116 129 638 
0 67 334 99 130 94 79 221 0 12 378 101 130 98 79 226 0 0 184 215 143 129 89 264 
0 63 430 213 93 32 46 147 0 31 402 242 117 37 47 148 0 6 229 327 157 86 47 172 
0 2 50 84 175 187 108 418 0 0 47 77 190 178 102 430 0 0 5 57 100 210 165 487 
0 26 259 246 83 74 95 241 0 8 159 322 112 71 101 251 0 3 173 290 109 66 103 280 
0 21 397 193 111 82 82 138 0 0 228 352 123 88 87 146 0 23 363 182 112 90 85 169 
0 435 379 105 57 24 13 11 0 354 319 230 62 30 15 14 1 320 483 93 61 32 18 16 
0 492 371 116 28 10 6 1 0 393 372 196 41 14 7 1 0 316 555 96 37 14 3 3 
0 363 399 143 69 28 17 5 0 258 374 233 84 47 22 6 0 179 448 234 85 48 23 7 
0 144 447 246 95 46 34 12 0 69 363 351 123 60 40 18 0 32 345 382 141 57 48 19 
14 278 89 87 93 71 92 300 0 199 151 96 92 74 101 311 0 33 166 136 119 100 102 368 
0 126 97 65 96 107 138 395 0 50 154 74 89 101 139 417 0 4 42 144 104 108 130 492 
4 231 147 80 70 74 120 298 1 180 176 98 71 77 110 311 0 108 171 145 65 77 96 362 
20 310 390 139 73 51 30 11 10 283 421 148 75 49 26 12 9 231 410 200 76 56 30 12 
9 221 258 202 119 85 70 60 5 153 306 208 127 92 68 65 5 109 289 237 125 107 65 87 
2 386 283 151 72 62 41 27 0 183 424 204 74 69 41 29 0 256 347 184 86 62 52 37 
4 139 302 201 154 112 71 41 0 58 333 247 154 110 77 45 0 76 287 237 161 118 76 69 
4 413 378 113 60 40 13 3 0 194 558 144 68 39 18 3 1 414 361 122 68 39 16 3 
5 503 355 88 34 18 14 7 1 164 627 148 39 22 15 8 3 446 389 102 39 21 12 12 
0 202 323 209 115 68 61 46 0 58 351 262 149 76 66 62 0 120 311 230 134 89 64 76 
0 26 259 276 172 126 88 77 0 6 208 294 192 133 95 96 0 3 189 273 205 140 100 114 
2 102 431 164 112 96 60 57 2 26 395 246 120 99 71 65 0 81 376 192 118 95 79 83 
0 51 483 233 88 45 39 85 0 3 309 402 125 51 37 97 0 24 418 249 127 64 34 108 
0 2 46 142 147 113 133 441 0 0 14 124 169 112 136 469 0 0 6 70 139 152 127 530 
0 1 46 159 249 125 97 347 0 0 24 141 258 141 101 359 0 0 13 101 239 177 110 384 
0 1 73 236 200 96 113 305 0 0 36 191 256 101 116 324 0 0 10 114 250 159 115 376 
0 0 16 88 118 113 136 553 0 0 2 64 130 129 127 572 0 0 0 19 97 145 135 628 
0 0 18 71 110 96 118 611 0 0 2 58 121 97 120 626 0 0 0 34 92 110 109 679 
0 0 6 199 224 155 111 329 0 0 0 128 272 179 110 335 0 0 0 83 235 215 133 358 
0 0 0 12 54 121 116 721 0 0 0 6 53 113 119 733 0 0 0 0 17 89 146 772 
0 0 8 15 157 209 150 485 0 0 8 10 126 244 141 495 0 0 1 8 33 256 171 555 
0 0 0 21 54 103 169 677 0 0 0 20 57 107 162 678 0 0 0 6 30 100 158 730 
0 2 15 106 193 103 140 465 0 1 8 80 195 119 138 483 0 1 5 45 148 156 131 538 
0 34 153 218 223 145 88 163 0 11 155 177 251 153 106 171 0 0 122 160 246 185 119 192 
0 132 425 255 90 41 31 50 0 61 436 264 131 45 33 54 0 18 361 300 176 59 40 70 
0 0 18 103 218 142 96 447 0 0 3 98 231 143 102 447 0 0 0 20 156 231 128 489 
0 71 309 242 148 93 65 96 0 27 285 281 159 106 67 99 0 28 251 259 159 124 74 129 
0 134 487 302 56 25 13 7 0 45 332 493 97 31 17 9 0 72 539 265 85 37 16 10 
3 358 390 157 71 22 14 9 0 227 439 214 83 34 16 11 1 243 467 174 68 38 21 12 
2 489 368 106 38 12 8 1 1 338 438 169 52 14 9 3 1 246 553 153 47 12 9 3 
3 348 340 138 84 51 37 23 1 272 313 211 95 61 37 34 0 192 402 198 86 65 45 36 
1 361 348 154 55 38 26 41 0 219 425 181 85 42 26 46 0 82 457 202 139 52 35 57 
0 147 76 34 62 54 104 547 0 29 177 38 61 54 104 561 0 0 69 93 54 81 103 624 
1 152 60 23 55 69 93 571 0 44 158 25 62 62 89 584 0 3 86 86 48 77 95 629 
2 192 153 56 64 71 119 367 0 152 172 71 66 70 119 374 0 55 197 95 66 80 100 431 
13 236 285 190 96 79 47 78 7 218 297 208 97 76 43 78 5 140 299 235 133 78 41 93 
13 410 223 120 78 52 46 82 2 300 320 131 83 56 43 89 0 218 361 140 90 66 41 108 
9 455 261 119 69 33 42 36 4 280 411 138 71 40 36 44 1 283 363 159 82 43 38 55 
12 441 284 130 73 40 32 12 5 265 415 160 86 40 35 18 1 315 357 160 89 41 36 25 
2 166 382 210 117 77 43 27 2 71 406 239 143 81 53 29 1 94 382 220 148 86 56 37 
4 217 365 172 84 73 64 45 0 99 368 243 111 82 68 53 0 135 374 188 113 72 78 64 
2 105 238 205 146 116 105 107 1 60 195 226 176 134 107 125 0 45 196 215 161 148 108 151 
0 76 224 272 145 115 100 92 0 49 197 277 170 129 100 102 0 31 197 252 173 129 117 125 
0 44 213 219 81 80 95 292 0 7 197 255 84 88 87 306 0 39 185 213 80 72 87 348 
0 98 343 217 78 64 78 146 0 30 276 321 97 62 84 154 0 73 310 207 101 69 74 190 
0 42 195 182 84 86 117 318 0 5 145 208 135 83 108 340 0 9 144 174 134 59 121 383 
0 14 126 285 246 140 96 117 0 4 90 290 271 150 98 121 0 0 67 260 285 157 112 143 
0 4 107 352 193 76 86 206 0 0 50 324 268 85 83 214 0 0 39 245 296 121 86 237 
0 3 32 83 158 160 187 401 0 0 15 70 168 161 177 433 0 0 5 42 129 162 189 497 
0 0 2 6 113 174 175 554 0 0 1 8 160 149 153 553 0 0 0 4 86 179 146 609 
1 242 163 109 220 119 69 101 0 82 55 311 251 138 83 104 0 60 47 146 316 207 112 136 
0 83 222 77 55 62 72 453 0 51 30 159 159 73 89 463 0 30 43 29 202 118 107 495 
0 0 0 44 241 188 153 398 0 0 0 25 223 220 144 412 0 0 0 2 92 292 163 475 
0 0 0 25 126 113 103 657 0 0 0 13 142 107 108 654 0 0 0 7 88 127 109 693 
0 14 141 144 190 97 107 331 0 0 71 164 208 130 101 350 0 0 71 137 164 156 113 383 
0 40 334 279 127 68 67 109 0 7 198 377 177 76 76 113 0 2 228 312 181 98 73 130 
0 300 371 147 57 39 40 70 0 183 444 165 80 36 41 75 0 53 481 208 109 41 44 88 
0 0 32 212 268 151 95 266 0 0 32 193 269 151 106 273 0 0 11 122 267 194 126 304 
0 34 184 151 118 102 110 325 0 10 168 162 123 120 114 327 0 12 101 184 119 116 131 361 
3 247 412 190 101 43 21 7 0 145 458 230 104 53 27 7 0 166 389 254 109 66 29 11 
2 367 434 152 52 11 5 1 1 222 514 187 70 23 4 3 3 239 471 176 92 35 6 2 
6 244 509 180 57 17 10 1 3 148 491 268 76 25 11 2 1 161 450 255 104 39 10 4 
1 333 299 149 71 56 51 64 0 245 320 198 79 58 55 69 0 111 347 230 120 81 48 87 
2 274 353 125 65 52 63 90 1 199 384 149 80 55 57 99 1 65 394 198 120 69 58 119 
0 130 61 51 58 61 85 578 0 23 147 62 66 53 83 590 0 0 40 88 78 82 95 641 
1 192 98 89 94 104 101 345 0 125 146 94 104 97 109 349 0 19 127 119 139 102 131 387 
7 317 287 124 47 50 50 142 1 259 304 162 52 47 53 146 0 103 345 185 107 63 56 165 
96 573 176 101 29 18 13 18 56 577 179 127 34 19 12 20 20 572 189 145 44 19 12 23 
138 628 97 57 42 25 14 23 65 674 120 56 44 26 15 24 62 626 159 59 45 26 20 27 
67 614 183 74 29 23 21 13 28 563 248 93 30 24 22 16 17 546 257 108 27 25 24 20 
30 722 136 57 37 21 15 6 3 574 286 76 39 23 14 9 5 658 201 67 45 23 16 9 
52 743 141 47 12 16 7 6 10 619 277 69 18 14 11 6 18 681 206 67 20 16 9 7 
34 631 204 75 30 25 18 7 6 480 338 102 40 28 19 11 4 496 319 96 48 27 21 13 
20 728 151 47 28 19 22 9 4 417 441 73 33 19 25 12 1 647 226 58 27 24 24 17 
8 588 253 56 39 31 30 19 3 302 459 129 43 31 33 24 1 515 301 72 51 23 34 27 
2 425 452 92 24 12 9 8 0 185 614 166 27 15 9 8 2 487 410 71 23 12 8 11 
1 295 551 101 22 24 11 19 0 94 628 217 25 29 10 21 1 426 410 102 25 23 16 21 
0 363 502 82 23 20 18 16 0 42 709 170 45 22 17 19 1 294 536 98 37 18 20 20 
0 175 620 142 42 24 13 8 0 1 512 385 72 28 14 12 0 166 624 135 46 24 16 13 
0 9 423 356 135 49 28 24 0 0 155 549 203 56 33 28 0 20 384 337 155 64 31 33 
0 1 5 27 89 90 119 693 0 0 1 18 96 93 115 701 0 0 0 4 57 104 108 751 
0 329 223 62 121 99 53 137 0 8 223 364 123 102 70 134 0 0 138 321 205 110 93 157 
0 326 440 256 2 0 0 0 0 120 391 465 47 1 0 0 0 63 334 398 227 1 1 0 
0 420 402 195 6 1 0 0 0 334 283 289 115 2 1 0 0 260 280 197 263 21 3 0 
0 138 381 69 223 84 36 93 0 80 87 327 265 122 48 95 0 51 98 59 457 168 82 109 
0 8 61 107 219 155 194 280 0 1 32 120 224 161 189 297 0 0 28 84 221 167 201 323 
0 78 375 227 143 93 54 54 0 14 278 309 183 111 62 67 0 6 257 299 191 117 83 71 
3 358 402 128 57 21 28 27 1 101 533 220 80 28 28 33 0 101 546 197 85 32 29 34 
1 272 439 197 41 17 11 46 1 218 454 220 53 20 12 46 1 101 500 255 81 23 11 52 
0 113 295 229 158 76 59 94 0 48 258 293 179 85 60 101 0 38 335 235 161 90 58 107 
0 9 110 169 121 117 151 347 0 4 75 186 131 125 145 358 0 3 60 149 129 140 157 386 
2 190 451 250 86 23 20 2 0 104 412 296 147 38 14 13 1 92 394 273 175 50 22 17 
0 280 577 102 24 21 9 11 0 120 617 214 27 24 10 12 0 368 481 104 25 22 11 13 
0 186 739 73 18 2 5 1 0 19 706 250 38 5 4 2 0 263 660 73 17 6 4 1 
1 135 528 205 77 37 26 15 1 64 345 413 108 42 32 19 2 126 497 215 88 43 32 21 
1 386 307 147 64 25 31 63 0 233 346 216 97 34 34 64 0 227 404 151 95 46 32 69 
3 155 122 113 77 78 110 366 1 122 130 112 95 73 113 378 1 98 95 77 138 88 110 417 
0 79 242 168 119 106 112 198 0 39 203 229 123 105 109 216 0 11 130 220 169 126 116 252 
0 129 382 175 97 74 76 91 0 76 357 231 105 81 75 99 0 48 263 236 167 111 75 124 
16 558 282 63 36 21 20 28 10 334 458 109 39 23 19 32 7 488 313 103 34 24 19 36 
80 536 182 84 53 35 30 24 29 515 227 102 57 34 31 29 34 505 217 103 59 38 36 32 
105 646 150 50 32 12 13 16 32 630 219 61 35 16 16 15 49 580 242 63 40 17 14 19 
36 489 175 93 55 46 49 81 15 429 239 103 58 47 48 85 14 355 262 124 67 52 46 104 
26 462 155 80 90 71 69 71 9 411 209 89 82 77 68 79 6 348 226 98 97 82 66 101 
19 363 154 145 78 54 84 127 5 303 205 156 78 63 84 130 5 255 207 168 81 75 78 155 
10 350 163 129 95 80 78 119 1 299 203 127 100 83 89 122 2 283 185 133 100 93 81 147 
7 478 275 96 65 35 39 29 1 239 474 133 67 39 41 30 3 364 338 127 70 37 40 45 
1 236 346 174 90 69 42 66 0 93 435 200 99 80 45 72 0 175 372 187 87 73 51 79 
0 475 387 98 37 19 4 4 0 148 638 157 45 24 8 4 0 548 320 92 34 20 6 4 
0 133 615 162 44 33 21 16 0 10 566 309 62 34 23 20 0 209 547 142 53 30 21 22 
0 109 634 154 65 32 19 11 0 7 526 342 73 37 25 14 0 161 534 182 70 36 24 17 
0 41 389 453 83 27 17 14 0 0 205 584 157 43 17 18 0 18 294 472 160 39 22 19 
0 221 311 205 75 55 40 117 0 0 271 426 93 66 46 122 0 2 165 468 113 74 62 140 
0 125 404 339 150 6 0 0 0 26 335 438 146 79 0 0 0 6 193 457 227 137 4 0 
2 234 412 210 136 28 2 0 1 114 371 306 136 90 6 0 1 84 483 192 136 114 14 0 
0 490 198 138 167 31 0 0 0 301 361 161 59 140 2 0 0 173 477 122 76 154 22 0 
0 360 317 222 122 3 0 0 0 269 332 254 104 65 0 0 0 217 309 234 143 120 1 0 
1 338 308 87 65 33 33 159 0 183 215 278 94 50 45 159 0 146 174 158 246 72 56 172 
2 90 169 146 132 109 90 286 0 25 178 171 135 131 87 297 0 11 138 159 163 130 106 317 
2 277 353 185 81 46 32 48 0 142 409 225 111 56 32 49 0 112 397 238 126 57 36 58 
1 390 339 189 53 19 12 21 1 324 342 229 72 21 13 22 0 261 372 231 105 17 15 23 
0 185 491 187 63 50 27 21 0 157 317 351 89 55 32 23 0 71 513 250 83 52 30 25 
0 153 637 135 39 22 20 18 0 8 558 331 59 29 18 21 0 89 671 147 52 24 23 18 
0 434 442 113 25 7 3 0 0 68 715 193 34 10 4 0 0 454 384 137 35 7 6 1 
0 298 640 79 5 2 0 0 0 26 717 252 26 3 0 0 1 437 467 105 13 1 0 0 
1 106 530 192 75 62 29 29 0 26 362 405 96 66 37 32 0 146 528 155 66 63 37 29 
0 114 553 186 69 39 36 27 0 28 463 336 83 51 30 33 0 187 496 169 68 41 32 31 
1 272 487 174 45 32 9 4 0 119 523 270 61 37 11 3 0 268 524 144 49 27 10 2 
42 429 293 100 64 40 35 21 16 335 339 165 60 50 34 25 18 397 290 136 77 43 38 25 
33 524 198 89 53 37 30 60 9 420 296 103 64 39 28 65 11 455 245 105 61 46 27 74 
31 426 312 126 37 31 30 31 1 384 309 174 55 34 28 39 3 371 289 189 64 36 29 43 
11 386 262 118 71 47 57 72 1 235 386 128 89 46 61 78 5 288 302 134 82 68 51 94 
7 141 246 216 108 68 68 170 2 111 243 238 110 77 74 169 3 92 209 197 148 96 83 196 
30 461 297 100 59 37 20 20 11 407 333 131 58 36 27 21 10 377 335 144 61 40 29 28 
8 184 255 188 106 97 77 109 4 151 257 206 122 97 77 110 0 81 240 234 148 98 93 130 
2 222 175 134 100 109 116 166 0 150 227 139 104 112 123 169 0 120 202 134 117 119 122 210 
0 221 264 195 92 94 86 72 0 127 333 210 100 95 81 78 0 85 316 211 140 91 92 89 
5 390 303 132 87 54 29 24 3 307 351 153 89 61 36 24 1 339 322 143 105 52 33 29 
11 327 326 159 76 56 43 26 1 248 384 174 81 58 48 30 2 288 361 152 84 50 48 39 
5 389 302 129 104 44 28 23 0 253 412 148 106 52 29 24 1 333 342 138 101 58 24 27 
2 431 374 86 35 28 33 35 1 136 616 131 42 33 29 36 1 536 263 82 43 30 33 36 
0 37 410 265 106 81 72 53 0 3 308 375 126 77 79 56 0 92 401 221 101 78 70 61 
0 56 240 307 139 76 89 117 0 2 185 383 164 78 88 124 0 69 246 263 153 74 85 134 
0 197 632 146 28 14 4 3 0 3 500 453 42 18 5 3 0 147 607 204 38 15 8 5 
0 33 401 575 15 0 0 0 0 0 142 659 222 1 0 0 0 2 436 441 142 3 0 0 
0 196 548 153 99 28 0 0 0 101 408 317 107 86 5 0 0 173 460 193 93 90 15 0 
6 449 254 120 71 124 0 0 0 351 278 165 60 91 79 0 0 284 387 100 71 62 100 20 
5 635 119 52 86 126 1 0 0 517 208 68 53 94 84 0 0 314 380 85 37 78 102 28 
0 460 92 127 194 150 1 0 0 347 176 80 151 254 16 0 0 238 258 68 99 195 164 2 
0 170 231 536 87 0 0 0 0 149 188 338 344 5 0 0 0 136 130 218 374 166 0 0 
3 567 266 111 36 11 11 19 0 281 303 342 45 22 12 19 0 237 232 315 174 31 14 21 
12 266 358 175 145 38 14 16 2 99 270 377 127 115 15 19 0 43 230 287 252 126 67 19 
1 379 454 165 22 2 0 1 0 297 450 239 35 2 0 1 0 236 470 254 58 5 0 1 
4 400 332 158 57 30 21 22 1 336 297 236 74 31 23 26 1 235 326 225 141 37 27 32 
2 194 282 259 141 57 35 54 0 132 277 331 135 58 37 54 0 117 309 279 153 71 35 60 
0 221 580 186 36 1 0 0 0 61 639 271 51 2 0 0 0 321 473 173 50 7 0 0 
0 149 572 191 62 26 13 11 0 11 632 255 67 34 13 12 0 241 463 188 74 32 14 12 
0 99 394 299 104 55 40 33 0 61 300 397 128 57 45 36 0 132 373 272 109 56 44 38 
0 135 508 177 92 47 32 33 0 63 491 266 89 46 35 34 1 196 483 156 78 45 26 39 
0 242 499 179 64 30 6 4 0 74 593 246 74 27 7 3 1 358 420 158 58 20 7 2 
41 286 309 133 114 55 56 30 19 201 359 168 122 58 66 31 25 225 324 174 117 62 56 41 
5 165 284 198 102 93 87 90 0 77 330 218 119 96 88 96 2 95 283 209 130 104 84 117 
3 187 372 150 93 62 79 78 1 127 380 181 106 63 75 91 2 106 321 225 116 67 75 112 
24 387 220 192 90 39 39 33 10 314 279 230 84 38 37 32 17 368 196 238 87 46 35 37 
36 381 189 101 79 41 61 136 10 326 230 133 86 40 63 136 20 313 229 105 86 59 58 154 
26 438 259 137 56 25 30 53 5 338 345 161 64 28 28 55 12 431 266 142 56 32 24 61 
25 327 299 147 86 59 45 36 6 262 329 191 97 62 44 33 7 318 298 158 95 67 42 39 
0 5 59 91 99 120 158 492 0 3 49 93 107 125 157 490 0 1 38 83 87 123 149 543 
0 53 236 296 150 100 83 106 0 40 239 312 150 93 86 104 0 30 215 322 160 100 81 116 
0 75 264 286 163 112 77 47 0 39 288 302 167 109 75 44 0 48 276 295 168 108 81 48 
2 87 136 196 199 117 97 190 1 52 158 216 190 121 90 196 0 50 139 190 222 108 104 211 
0 270 246 126 122 73 57 130 0 170 333 146 120 73 56 126 1 210 282 136 125 83 52 135 
2 581 260 76 33 34 17 21 1 290 528 94 39 33 17 22 0 559 269 79 44 27 21 25 
1 406 491 98 15 8 5 0 0 130 659 197 22 11 5 0 4 692 262 38 20 5 3 0 
0 475 479 59 8 3 0 0 0 119 658 234 9 3 1 0 5 579 406 29 3 2 0 0 
0 247 601 126 41 8 1 0 0 25 613 298 67 20 1 0 0 161 643 154 45 21 0 0 
0 85 644 219 57 19 0 0 0 16 447 432 96 30 3 0 0 49 563 282 84 37 9 0 
29 257 420 169 110 38 1 0 17 223 312 270 123 67 12 0 10 341 316 163 107 65 21 1 
141 551 74 58 103 97 0 0 30 604 113 57 74 97 49 0 12 579 159 46 71 68 66 23 
18 726 62 53 78 87 0 0 2 671 118 36 75 61 61 0 0 583 183 53 56 51 71 27 
3 506 93 110 134 178 0 0 0 470 92 113 104 166 79 0 0 326 212 92 95 91 196 12 
1 34 159 226 499 104 1 0 1 20 182 131 382 289 19 0 0 4 172 67 154 474 151 2 
0 92 436 373 119 4 0 0 0 85 544 237 131 27 0 0 0 82 556 188 131 66 1 0 
1 444 357 112 99 11 0 0 0 302 339 241 92 45 5 0 0 247 265 282 139 52 38 1 
6 364 347 184 90 33 0 0 3 278 364 223 81 71 4 0 1 213 352 260 88 66 43 1 
0 107 206 409 250 52 0 0 0 59 115 391 267 188 4 0 0 12 91 293 363 174 90 1 
1 255 496 189 46 23 13 1 0 148 391 365 72 34 13 1 0 145 488 240 98 37 14 2 
0 206 392 359 61 6 0 0 0 154 316 419 125 10 0 0 0 164 394 305 142 17 2 0 
7 176 482 224 69 25 20 21 4 101 462 294 93 28 18 24 2 227 456 176 94 27 19 23 
0 309 532 144 21 11 6 1 0 77 634 253 40 12 7 1 0 272 610 106 19 10 6 1 
2 429 464 68 31 18 8 4 2 161 673 119 37 22 4 6 2 497 403 61 33 18 5 5 
3 448 387 88 46 22 17 13 2 243 568 112 46 24 13 16 3 600 259 82 35 18 13 14 
39 730 180 37 14 13 8 3 15 559 346 62 18 11 9 4 24 685 211 59 20 11 6 8 
8 561 221 79 46 38 38 33 4 393 362 93 53 45 31 43 8 451 285 93 61 46 32 48 
4 312 251 210 49 45 44 109 0 242 318 205 57 46 45 111 3 227 263 230 83 47 44 127 
4 133 218 289 113 64 79 124 0 106 247 307 100 69 75 120 0 86 246 297 113 81 66 135 
2 472 295 119 57 43 25 11 0 244 508 139 52 48 24 9 1 310 427 151 62 43 20 10 
10 769 199 33 9 4 0 0 1 439 518 50 12 3 1 0 4 705 275 27 10 2 1 0 
44 681 205 56 21 10 4 3 10 573 330 71 24 9 4 3 27 729 185 51 15 12 2 3 
2 352 422 108 70 42 13 15 1 159 510 198 76 44 22 14 2 368 401 112 71 44 13 13 
7 177 319 223 121 90 64 23 3 143 327 244 129 91 66 21 5 186 347 206 121 76 63 20 
19 348 280 174 99 46 47 11 16 296 321 189 95 49 48 10 10 327 296 197 90 48 44 12 
10 333 320 181 97 43 23 17 3 250 381 199 108 41 24 18 0 342 341 191 72 36 27 15 
2 219 174 230 164 86 60 89 1 184 204 241 165 79 68 82 0 151 232 250 169 69 66 87 
6 526 237 89 58 40 35 33 0 312 436 104 62 42 36 32 3 533 222 98 57 41 36 34 
0 696 295 29 4 0 0 0 0 221 732 63 6 2 0 0 1 717 252 47 5 2 0 0 
0 428 536 54 6 0 0 0 0 138 685 187 13 1 0 0 0 397 542 72 12 1 0 0 
0 610 236 75 66 37 0 0 0 269 537 91 58 52 17 0 0 639 203 53 49 46 32 2 
0 220 272 213 210 108 1 0 0 81 309 228 199 170 37 0 0 142 234 179 168 187 106 8 
44 301 370 181 100 26 2 0 15 309 300 236 123 33 8 0 9 384 359 115 104 38 15 0 
103 471 219 123 84 23 1 0 23 542 195 138 88 37 1 0 16 503 232 142 72 57 2 0 
20 642 226 60 69 7 0 0 0 632 229 72 67 24 0 0 0 599 241 80 60 43 1 0 
5 476 187 97 140 119 0 0 0 426 213 107 77 135 66 0 0 330 273 126 64 84 143 4 
2 105 77 102 567 170 1 0 0 70 109 63 258 447 77 0 0 19 144 25 98 435 294 9 
0 309 441 47 79 147 1 0 0 264 475 50 32 156 47 0 0 215 498 66 21 77 140 7 
0 45 288 346 221 124 0 0 0 43 270 195 246 259 11 0 0 127 153 124 226 237 155 2 
0 267 556 185 14 2 0 0 0 224 427 330 39 4 0 0 0 190 484 278 60 11 1 0 
0 197 530 218 73 5 1 0 0 62 400 413 128 19 2 0 0 55 440 359 125 41 4 0 
0 259 318 320 82 8 16 21 0 223 233 383 134 14 16 21 0 214 257 330 150 37 17 19 
0 68 388 413 134 21 0 0 0 56 296 420 204 48 0 0 0 42 323 344 213 90 12 0 
2 484 340 148 42 8 0 0 1 285 498 155 69 16 0 0 4 577 236 123 61 18 5 0 
0 539 406 54 13 8 4 0 0 331 600 67 14 7 5 0 2 806 172 26 8 5 5 0 
0 219 520 174 58 26 17 10 0 134 575 201 63 23 18 10 1 359 449 112 51 27 16 9 
13 364 275 164 79 45 41 43 3 240 427 163 67 49 31 44 5 323 328 170 73 45 34 46 
83 486 350 69 26 6 3 1 57 376 371 171 37 7 4 1 56 412 341 142 63 6 3 1 
10 471 375 104 35 16 9 4 1 333 416 196 46 20 8 4 1 303 395 221 71 21 8 4 
4 392 397 147 37 24 18 5 0 244 475 213 45 23 18 6 0 190 431 281 74 20 19 9 
4 470 266 110 36 44 25 69 1 263 363 206 54 40 29 68 1 243 292 230 108 51 26 73 
19 498 226 93 69 53 48 18 2 376 283 165 84 54 47 13 0 354 246 197 106 56 50 15 
19 500 299 113 33 20 13 27 11 331 401 163 60 20 12 26 5 407 288 189 74 20 12 29 
11 443 397 119 36 11 6 1 0 253 523 192 41 7 7 1 1 359 421 186 45 6 5 1 
26 377 488 120 8 3 0 2 7 256 517 213 26 2 1 2 8 377 441 135 59 2 1 1 
8 306 561 127 17 2 2 1 0 170 524 275 49 3 2 1 9 319 477 156 58 2 2 1 
20 246 356 256 96 24 21 5 2 195 223 374 175 32 18 5 2 190 229 316 219 47 16 5 
14 164 435 297 78 24 8 4 0 121 307 379 188 17 9 3 0 77 273 309 290 65 6 4 
8 387 353 167 46 34 15 14 1 260 441 204 54 35 15 14 3 343 368 190 60 33 14 13 
6 395 398 176 46 3 0 0 0 172 554 224 56 18 0 0 0 294 440 155 107 28 0 0 
0 514 271 147 85 7 0 0 0 373 360 168 83 40 0 0 0 485 242 155 74 66 2 0 
16 401 243 151 118 95 0 0 1 349 269 151 105 138 11 0 1 389 243 118 97 93 83 0 
11 550 157 121 94 91 0 0 1 459 223 97 131 56 57 0 1 420 236 112 129 36 79 11 
2 112 41 175 503 191 0 0 0 90 33 130 361 294 116 0 0 61 55 47 160 402 279 20 
1 294 500 121 74 34 0 0 0 164 505 214 89 45 7 0 5 391 403 100 71 22 32 0 
76 495 254 128 64 7 0 0 22 503 238 163 80 18 0 0 25 538 275 88 62 36 0 0 
54 797 62 66 45 0 0 0 4 835 61 60 62 2 0 0 2 828 70 56 66 2 0 0 
4 660 76 24 128 130 2 0 1 615 98 39 59 139 73 0 0 592 102 49 41 80 151 9 
3 186 55 117 509 154 0 0 1 142 93 90 244 413 41 0 0 23 177 45 107 414 247 11 
15 543 202 96 94 74 0 0 2 437 290 97 70 80 48 0 0 195 448 160 67 94 34 26 
23 465 107 97 103 229 0 0 1 425 154 78 59 257 50 0 0 259 281 78 78 38 280 10 
7 397 452 140 18 10 0 0 3 372 372 240 21 14 2 0 1 353 308 306 36 11 9 0 
6 262 345 266 114 28 3 0 1 184 357 274 137 66 5 0 0 128 279 307 207 94 9 0 
11 671 203 78 37 19 4 1 1 382 424 128 41 32 12 4 2 300 295 308 56 35 18 10 
0 120 360 401 140 3 0 0 0 86 307 423 179 28 1 0 0 71 343 333 204 64 8 1 
5 346 362 214 93 4 0 0 0 233 452 224 108 7 0 0 0 460 250 141 130 43 0 0 
1 257 595 133 24 9 5 0 1 88 687 209 24 10 5 0 0 573 358 70 12 8 3 0 
1 460 429 77 30 20 7 0 0 332 542 88 39 19 4 0 24 685 227 39 33 15 1 0 
6 706 229 38 20 14 6 5 1 559 363 56 20 14 6 5 16 742 189 37 17 13 6 4 
229 564 218 13 0 0 0 0 154 381 311 176 2 0 0 0 147 345 276 199 57 0 0 0 
82 595 300 36 8 3 0 0 35 504 348 123 12 2 0 0 44 450 333 157 38 2 0 0 
40 437 438 84 15 5 5 0 8 225 420 305 59 5 2 0 14 172 331 326 167 14 0 0 
15 415 535 58 1 0 0 0 0 69 412 476 67 0 0 0 0 25 256 414 329 0 0 0 
28 444 479 73 0 0 0 0 0 125 392 438 69 0 0 0 0 58 205 453 302 6 0 0 
50 534 380 60 0 0 0 0 9 355 349 277 34 0 0 0 4 242 324 318 135 1 0 0 
28 455 461 77 3 0 0 0 1 229 495 264 35 0 0 0 0 144 476 323 79 2 0 0 
13 448 446 96 18 3 0 0 2 217 600 174 27 4 0 0 1 258 571 155 36 3 0 0 
1 173 598 220 23 8 1 0 0 81 568 304 60 10 1 0 3 262 505 182 66 6 0 0 
61 220 568 171 3 1 0 0 3 116 270 472 162 1 0 0 0 61 256 318 352 37 0 0 
179 448 273 100 23 1 0 0 7 463 235 177 123 19 0 0 1 228 405 129 188 69 4 0 
26 337 357 283 21 0 0 0 0 274 346 304 100 0 0 0 1 218 305 276 213 11 0 0 
0 263 446 246 59 9 1 0 0 187 442 272 102 20 1 0 1 304 361 217 113 28 0 0 
3 241 598 149 27 6 0 0 0 159 625 197 37 6 0 0 3 496 410 89 24 1 1 0 
11 299 301 218 101 94 0 0 0 214 284 279 117 122 8 0 2 239 378 182 95 40 88 0 
4 549 134 154 146 37 0 0 0 331 308 146 184 46 9 0 0 251 342 199 133 80 19 0 
0 114 8 124 579 199 0 0 0 90 27 43 354 420 90 0 0 53 61 7 100 446 345 12 
33 563 22 40 171 195 0 0 5 554 52 38 62 260 53 0 2 501 103 34 35 135 214 0 
143 480 42 78 173 108 0 0 35 562 65 61 111 158 32 0 8 573 73 55 65 99 150 1 
70 590 52 57 157 98 0 0 3 655 25 67 71 170 33 0 1 601 76 43 73 109 120 1 
56 431 63 31 246 197 0 0 6 414 122 25 93 288 76 0 0 365 152 33 50 167 252 5 
3 132 30 154 552 153 0 0 0 114 42 64 367 417 20 0 0 27 110 24 81 472 309 1 
12 591 51 67 187 116 0 0 0 508 138 54 137 167 20 0 0 302 329 40 46 188 119 0 
26 364 125 77 182 250 0 0 1 353 130 76 120 308 36 0 0 275 165 88 66 135 294 1 
11 409 330 169 65 33 7 0 8 401 293 211 58 45 8 0 4 350 294 245 66 40 25 0 
11 243 110 368 246 46 0 0 0 223 92 211 362 131 5 0 0 166 102 114 274 310 58 0 
6 269 213 455 72 8 1 0 1 235 186 317 272 13 0 0 0 161 208 185 378 91 1 0 
4 418 351 187 62 2 0 0 1 233 414 268 99 9 0 0 0 192 436 254 121 20 1 0 
4 205 494 252 65 4 0 0 0 136 452 336 95 5 0 0 0 218 481 216 72 37 0 0 
2 341 536 116 25 2 2 0 0 129 675 189 27 2 2 0 0 474 452 72 21 5 0 0 
0 669 337 18 0 0 0 0 0 297 684 43 0 0 0 0 9 910 99 6 0 0 0 0 
3 911 109 0 1 0 0 0 2 822 197 2 1 0 0 0 51 950 22 0 1 0 0 0 
245 692 85 2 0 0 0 0 154 631 218 19 2 0 0 0 219 655 108 38 2 2 0 0 
71 697 191 29 16 8 3 9 14 615 316 50 13 5 10 1 69 654 218 55 12 8 8 0 
29 569 355 63 8 0 0 0 20 476 388 131 9 0 0 0 40 492 325 147 20 0 0 0 
11 459 404 142 8 0 0 0 4 346 398 261 15 0 0 0 3 345 339 260 76 1 0 0 
5 474 396 145 4 0 0 0 1 292 427 292 12 0 0 0 1 396 289 265 73 0 0 0 
0 424 444 149 7 0 0 0 0 290 470 246 18 0 0 0 0 314 395 261 54 0 0 0 
10 534 361 115 4 0 0 0 5 457 362 185 15 0 0 0 3 410 344 217 50 0 0 0 
9 736 213 63 3 0 0 0 1 544 389 71 19 0 0 0 1 623 301 61 38 0 0 0 
9 563 391 54 4 3 0 0 2 341 594 78 7 2 0 0 9 618 362 30 5 0 0 0 
0 65 634 287 33 4 1 0 0 31 582 351 56 3 1 0 5 425 469 112 13 0 0 0 
12 179 313 480 40 0 0 0 0 151 244 405 224 0 0 0 0 176 313 176 323 36 0 0 
6 127 322 456 113 0 0 0 1 100 238 363 317 5 0 0 0 55 195 312 391 71 0 0 
0 127 254 438 194 11 0 0 0 95 202 293 383 51 0 0 0 35 174 253 387 169 6 0 
1 124 337 361 195 6 0 0 0 37 309 325 315 38 0 0 0 70 264 239 306 144 1 0 
0 27 347 347 259 43 1 0 0 6 226 408 263 105 16 0 0 39 321 242 203 175 41 3 
0 27 45 295 532 125 0 0 0 0 34 200 463 279 48 0 0 0 10 158 228 401 197 30 
0 21 20 210 725 48 0 0 0 0 21 100 574 315 14 0 0 0 6 28 133 656 193 8 
24 142 57 147 651 3 0 0 0 53 167 74 528 202 0 0 0 31 120 73 136 555 109 0 
28 150 25 199 616 6 0 0 0 64 125 108 491 236 0 0 0 1 142 75 132 579 95 0 
132 120 4 167 587 14 0 0 44 112 100 100 402 266 0 0 15 133 39 69 123 566 79 0 
122 132 34 108 597 31 0 0 45 91 126 111 390 261 0 0 26 106 43 95 102 565 87 0 
0 10 2 194 763 55 0 0 0 7 5 82 554 361 15 0 0 0 10 2 115 654 240 3 
3 59 28 226 593 111 4 0 0 31 42 109 496 298 48 0 0 3 55 19 139 518 266 24 
0 90 85 221 462 159 7 0 1 57 87 146 404 263 66 0 0 4 102 66 177 437 217 21 
0 264 307 186 180 78 9 0 0 250 251 233 178 84 28 0 0 209 218 270 128 145 47 7 
0 32 116 222 594 58 2 0 0 8 66 156 563 203 28 0 0 0 20 79 160 644 115 6 
0 11 121 560 328 2 2 0 0 3 36 233 706 42 3 1 0 0 5 67 360 583 6 3 
3 282 324 389 22 1 3 0 1 242 289 345 135 8 1 3 1 155 256 250 316 36 7 3 
2 446 357 169 43 5 2 0 1 409 381 179 47 6 1 0 0 378 373 188 78 6 1 0 
1 31 344 404 152 61 25 6 1 30 349 462 116 45 19 2 5 104 414 331 115 37 18 0 
0 308 419 223 54 12 6 2 0 200 479 284 45 12 2 2 5 586 268 115 35 10 3 2 
1 687 302 33 1 0 0 0 0 467 513 43 1 0 0 0 31 847 138 8 0 0 0 0 
438 539 41 6 0 0 0 0 374 580 61 8 1 0 0 0 440 535 43 6 0 0 0 0 
102 729 153 33 4 3 0 0 55 707 217 38 4 3 0 0 92 738 161 28 4 1 0 0 
60 642 217 98 7 0 0 0 23 541 297 140 23 0 0 0 46 642 168 134 34 0 0 0 
49 805 134 34 2 0 0 0 4 690 260 65 5 0 0 0 32 797 145 44 6 0 0 0 
69 646 203 96 8 2 0 0 20 565 319 77 42 1 0 0 45 625 222 84 47 1 0 0 
37 536 280 163 8 0 0 0 3 391 394 204 32 0 0 0 15 488 294 176 51 0 0 0 
34 514 316 129 29 2 0 0 4 376 436 160 46 2 0 0 4 522 334 115 48 1 0 0 
22 734 218 45 4 1 0 0 3 592 343 72 13 1 0 0 22 722 230 43 6 1 0 0 
6 754 215 40 8 1 0 0 0 567 407 38 12 0 0 0 7 845 152 15 5 0 0 0 
1 408 456 127 22 8 2 0 0 180 616 192 25 9 2 0 10 742 230 30 9 3 0 0 
3 351 517 143 6 4 0 0 0 143 602 244 30 5 0 0 9 423 488 90 14 0 0 0 
1 123 394 393 105 6 2 0 1 33 358 419 196 16 1 0 0 96 467 289 143 29 0 0 
0 184 467 256 110 7 0 0 0 87 369 349 182 37 0 0 0 115 370 328 143 68 0 0 
0 442 571 10 1 0 0 0 0 103 806 114 1 0 0 0 0 405 589 30 0 0 0 0 
0 98 569 277 70 10 0 0 0 25 375 415 181 27 1 0 0 65 399 317 179 61 3 0 
0 3 181 661 178 1 0 0 0 0 47 295 584 98 0 0 0 0 37 249 318 403 17 0 
1 152 155 469 208 39 0 0 0 27 187 203 441 161 5 0 0 0 94 189 298 332 111 0 
86 267 517 76 49 29 0 0 0 208 224 481 46 59 6 0 0 40 219 264 405 67 29 0 
98 274 529 59 23 41 0 0 0 305 123 493 39 62 2 0 0 41 307 169 438 23 46 0 
61 255 99 374 207 28 0 0 0 110 234 123 369 176 12 0 0 55 198 131 153 358 128 1 
111 336 118 307 140 12 0 0 0 262 231 107 322 99 3 0 0 49 359 135 119 310 52 0 
2 114 255 277 296 79 1 0 0 46 189 246 320 212 11 0 0 0 90 232 249 297 155 1 
3 137 867 11 6 0 0 0 0 42 315 659 5 3 0 0 0 3 92 645 277 6 1 0 
30 215 465 150 107 57 0 0 4 141 275 341 151 95 17 0 0 45 166 381 219 136 77 0 
3 288 231 355 138 9 0 0 3 281 154 238 266 81 1 0 2 277 119 259 76 273 18 0 
0 1 49 549 361 64 0 0 0 0 5 125 595 297 2 0 0 0 1 16 164 602 241 0 
0 23 94 411 495 1 0 0 0 17 33 173 690 111 0 0 0 0 22 56 222 708 16 0 
0 73 258 538 155 0 0 0 0 59 232 183 535 15 0 0 0 5 173 197 384 265 0 0 
8 568 305 136 6 1 0 0 4 501 379 136 3 1 0 0 14 549 254 195 11 1 0 0 
20 552 308 91 40 11 1 1 6 503 372 101 29 12 1 0 24 631 266 77 20 5 1 0 
12 447 393 121 33 11 6 1 1 405 473 109 27 6 3 0 12 616 296 69 24 5 2 0 
7 511 414 74 16 2 0 0 1 429 519 68 6 1 0 0 16 727 256 21 4 0 0 0 
335 581 86 22 0 0 0 0 224 660 107 30 3 0 0 0 304 596 91 30 3 0 0 0 
124 644 195 44 14 3 0 0 95 644 219 51 15 0 0 0 136 635 189 54 10 0 0 0 
148 731 130 11 4 0 0 0 97 725 186 9 7 0 0 0 159 719 127 12 7 0 0 0 
61 838 107 15 3 0 0 0 34 677 288 18 7 0 0 0 54 824 122 17 7 0 0 0 
17 346 432 196 26 5 2 0 8 239 480 236 55 5 1 0 4 349 434 180 54 3 0 0 
23 538 200 179 84 0 0 0 14 350 358 174 122 6 0 0 8 492 234 149 95 46 0 0 
27 616 256 102 23 0 0 0 3 378 460 139 41 3 0 0 13 622 240 102 42 5 0 0 
17 656 228 75 48 0 0 0 3 447 420 82 56 16 0 0 42 626 209 76 33 38 0 0 
14 819 164 22 3 2 0 0 4 711 274 28 5 2 0 0 19 861 126 12 4 2 0 0 
7 766 207 38 6 0 0 0 0 562 404 49 7 2 0 0 5 733 241 33 10 2 0 0 
2 521 410 80 9 2 0 0 0 251 621 138 12 2 0 0 6 666 317 33 2 0 0 0 
0 261 612 137 14 0 0 0 0 85 703 207 27 2 0 0 5 453 483 78 4 1 0 0 
0 42 587 301 84 9 1 0 0 4 451 430 104 34 1 0 0 121 519 304 48 30 2 0 
0 144 866 14 0 0 0 0 0 7 567 447 3 0 0 0 0 42 335 623 24 0 0 0 
0 127 305 408 150 34 0 0 0 8 275 204 405 129 3 0 0 47 102 325 86 391 73 0 
0 0 0 796 228 0 0 0 0 0 0 0 818 206 0 0 0 0 0 0 2 944 78 0 
0 64 60 431 395 74 0 0 0 0 65 113 595 249 2 0 0 0 43 41 164 598 178 0 
52 191 556 161 38 26 0 0 0 127 157 612 64 62 2 0 0 2 185 112 643 53 29 0 
51 202 660 50 34 27 0 0 0 200 85 665 18 54 2 0 0 1 243 97 620 14 49 0 
9 214 64 354 357 24 2 0 0 9 228 80 307 387 13 0 0 0 125 126 110 319 343 1 
99 288 52 371 200 14 0 0 0 180 221 72 307 241 3 0 0 5 342 65 93 334 185 0 
0 9 189 310 413 95 7 1 0 0 91 200 450 269 12 2 0 0 1 151 202 475 187 8 
0 24 1000 0 0 0 0 0 0 0 209 815 0 0 0 0 0 0 0 632 392 0 0 0 
17 85 575 174 132 41 0 0 0 44 183 457 195 145 0 0 0 17 36 409 227 247 88 0 
32 390 203 273 112 12 2 0 32 366 161 162 254 48 1 0 19 377 140 164 124 197 3 0 
0 27 191 526 255 25 0 0 1 22 68 261 520 152 0 0 0 17 43 152 256 439 117 0 
0 129 259 417 219 0 0 0 1 106 167 339 372 39 0 0 2 57 158 263 287 254 3 0 
1 13 221 634 154 1 0 0 0 6 159 333 504 22 0 0 0 1 62 318 396 242 5 0 
1 523 272 203 25 0 0 0 0 371 441 189 23 0 0 0 5 535 148 289 46 1 0 0 
4 967 53 0 0 0 0 0 0 792 232 0 0 0 0 0 6 1005 13 0 0 0 0 0 
2 971 49 2 0 0 0 0 0 882 132 10 0 0 0 0 25 974 23 2 0 0 0 0 
23 791 199 11 0 0 0 0 13 687 306 18 0 0 0 0 46 836 141 1 0 0 0 0 
295 700 27 1 1 0 0 0 194 787 40 2 1 0 0 0 242 750 29 2 1 0 0 0 
169 773 82 0 0 0 0 0 105 811 108 0 0 0 0 0 164 782 78 0 0 0 0 0 
172 813 25 13 1 0 0 0 55 893 59 13 4 0 0 0 230 746 27 15 6 0 0 0 
156 766 95 7 0 0 0 0 102 704 203 15 0 0 0 0 176 759 79 10 0 0 0 0 
172 649 165 35 3 0 0 0 123 587 248 53 13 0 0 0 147 664 155 43 15 0 0 0 
61 584 189 122 65 3 0 0 49 508 260 88 117 2 0 0 37 491 273 82 94 47 0 0 
12 600 343 67 2 0 0 0 1 356 506 152 9 0 0 0 4 463 318 202 37 0 0 0 
11 328 518 108 58 1 0 0 4 180 558 189 83 10 0 0 6 261 448 203 51 55 0 0 
9 449 469 82 15 0 0 0 6 203 640 151 15 9 0 0 7 302 442 202 62 9 0 0 
5 600 310 89 18 2 0 0 2 428 438 132 16 8 0 0 2 440 395 141 30 16 0 0 
1 612 362 44 4 1 0 0 0 371 569 78 4 2 0 0 10 702 272 34 5 1 0 0 
0 497 451 64 9 3 0 0 0 259 624 121 16 4 0 0 0 705 262 46 11 0 0 0 
0 71 529 345 72 6 1 0 0 39 443 419 107 15 1 0 2 184 469 277 82 10 0 0 
0 118 482 347 76 1 0 0 0 112 312 357 234 9 0 0 0 105 198 397 229 95 0 0 
0 118 312 477 110 7 0 0 0 107 256 225 374 62 0 0 0 97 153 221 202 324 27 0 
0 98 233 571 119 3 0 0 0 101 189 217 467 50 0 0 0 100 135 159 167 460 3 0 
0 97 270 392 244 21 0 0 0 92 222 219 383 108 0 0 0 83 153 141 248 351 48 0 
30 172 508 259 36 19 0 0 4 141 268 455 113 43 0 0 0 92 209 198 460 45 20 0 
31 172 450 237 66 33 16 19 3 162 266 363 134 53 22 21 0 82 240 199 306 119 44 34 
4 204 251 258 287 16 4 0 0 100 302 189 132 296 2 3 0 70 197 239 128 151 234 5 
57 251 229 369 118 0 0 0 0 216 298 154 221 135 0 0 0 90 288 215 119 217 95 0 
0 87 235 411 274 17 0 0 0 104 196 209 404 110 1 0 0 101 118 177 192 376 60 0 
5 78 430 331 175 5 0 0 1 99 209 392 266 57 0 0 0 102 168 211 274 251 18 0 
21 166 318 365 140 14 0 0 18 154 210 313 267 61 1 0 8 162 151 230 210 230 33 0 
27 338 402 208 42 7 0 0 22 254 369 245 113 21 0 0 31 299 337 178 128 47 4 0 
0 142 340 387 143 12 0 0 0 55 281 330 280 74 4 0 0 70 250 237 252 181 34 0 
0 98 475 375 70 6 0 0 0 39 318 454 171 37 5 0 0 78 249 376 225 67 25 4 
1 128 590 228 77 0 0 0 3 96 494 294 118 19 0 0 0 144 376 310 109 85 0 0 
14 499 396 106 9 0 0 0 11 345 539 121 8 0 0 0 23 553 253 179 16 0 0 0 
3 593 405 23 0 0 0 0 0 345 658 21 0 0 0 0 13 838 165 8 0 0 0 0 
0 793 224 7 0 0 0 0 2 683 331 8 0 0 0 0 47 902 73 2 0 0 0 0 
6 821 187 10 0 0 0 0 0 715 300 9 0 0 0 0 22 933 67 2 0 0 0 0 
235 650 133 6 0 0 0 0 156 643 202 23 0 0 0 0 198 629 168 29 0 0 0 0 
82 771 156 15 0 0 0 0 38 740 212 33 1 0 0 0 90 728 185 20 1 0 0 0 
84 777 147 16 0 0 0 0 23 714 249 35 3 0 0 0 41 746 197 39 1 0 0 0 
93 486 285 150 10 0 0 0 43 399 319 195 68 0 0 0 48 408 293 169 104 2 0 0 
43 428 342 195 16 0 0 0 12 312 387 245 68 0 0 0 25 334 301 245 115 4 0 0 
40 327 344 254 59 0 0 0 31 244 298 260 190 1 0 0 22 261 259 241 206 35 0 0 
117 397 278 207 25 0 0 0 83 324 249 240 128 0 0 0 63 354 185 223 188 11 0 0 
46 342 326 202 108 0 0 0 24 220 346 200 229 5 0 0 30 265 262 193 158 116 0 0 
13 238 293 326 153 1 0 0 0 110 287 273 337 17 0 0 1 81 227 251 307 157 0 0 
2 258 318 389 57 0 0 0 0 126 328 302 259 9 0 0 0 105 296 247 293 83 0 0 
0 203 512 284 25 0 0 0 0 86 468 388 81 1 0 0 0 69 428 363 152 12 0 0 
1 232 456 309 26 0 0 0 0 134 412 375 99 4 0 0 2 195 370 299 155 3 0 0 
0 182 649 170 22 1 0 0 0 65 603 305 49 2 0 0 3 422 424 141 32 2 0 0 
0 58 510 383 68 3 2 0 0 7 350 504 152 9 2 0 0 20 472 363 144 25 0 0 
0 15 270 590 148 1 0 0 0 2 109 499 395 19 0 0 0 25 184 315 353 146 1 0 
0 0 130 590 304 0 0 0 0 0 10 324 631 59 0 0 0 0 0 69 398 546 11 0 
0 12 126 609 275 2 0 0 0 0 36 324 590 74 0 0 0 0 4 67 385 553 15 0 
24 296 428 180 93 3 0 0 0 189 176 531 49 79 0 0 0 0 263 148 511 84 18 0 
36 314 421 182 35 24 3 9 0 214 190 489 73 46 3 9 0 0 288 176 463 42 42 13 
1 303 214 291 203 12 0 0 0 1 348 235 262 175 3 0 0 0 160 253 213 296 102 0 
119 329 191 325 53 7 0 0 0 218 286 200 269 50 1 0 0 0 353 213 171 261 26 0 
0 0 75 596 353 0 0 0 0 0 3 276 633 112 0 0 0 0 0 25 355 580 64 0 
0 1 86 504 430 3 0 0 0 0 7 295 602 120 0 0 0 0 1 37 354 577 55 0 
0 112 413 394 105 0 0 0 0 26 265 443 262 28 0 0 0 125 172 283 299 138 7 0 
3 339 490 139 39 14 0 0 0 160 535 212 85 22 10 0 5 390 384 111 66 52 12 4 
0 93 469 404 58 0 0 0 0 29 361 393 235 6 0 0 0 20 344 330 265 65 0 0 
0 63 579 347 34 1 0 0 0 0 389 483 142 10 0 0 0 75 431 327 161 27 3 0 
0 19 715 287 3 0 0 0 0 0 546 468 10 0 0 0 0 16 379 543 85 1 0 0 
113 339 391 168 13 0 0 0 126 308 399 187 4 0 0 0 145 288 299 273 19 0 0 0 
0 130 691 182 21 0 0 0 1 152 742 122 7 0 0 0 0 442 505 74 3 0 0 0 
0 214 594 180 34 2 0 0 1 439 537 44 3 0 0 0 21 749 237 15 2 0 0 0 
0 298 512 195 18 1 0 0 0 348 589 84 3 0 0 0 7 627 334 55 1 0 0 0 
137 659 193 35 0 0 0 0 47 629 253 94 1 0 0 0 97 597 200 122 8 0 0 0 
105 668 191 48 10 2 0 0 67 627 254 70 5 1 0 0 124 651 181 61 7 0 0 0 
90 700 192 42 0 0 0 0 42 646 265 66 5 0 0 0 92 624 235 67 6 0 0 0 
98 746 141 37 2 0 0 0 13 723 218 60 10 0 0 0 55 730 173 45 21 0 0 0 
28 471 378 141 6 0 0 0 12 337 436 165 74 0 0 0 51 348 351 164 109 1 0 0 
38 489 346 143 8 0 0 0 16 336 452 164 55 1 0 0 15 405 356 136 111 1 0 0 
42 735 233 14 0 0 0 0 13 553 431 26 1 0 0 0 71 796 147 10 0 0 0 0 
46 298 501 159 19 1 0 0 22 257 446 232 66 1 0 0 60 394 366 129 67 8 0 0 
62 414 351 170 27 0 0 0 27 388 302 210 97 0 0 0 12 318 327 215 137 15 0 0 
15 461 376 163 9 0 0 0 5 369 382 205 63 0 0 0 2 345 374 205 90 8 0 0 
14 527 361 118 4 0 0 0 8 386 456 154 19 1 0 0 7 467 386 116 47 1 0 0 
7 155 627 201 33 1 0 0 1 61 598 299 63 2 0 0 8 196 516 221 70 13 0 0 
5 181 620 200 16 2 0 0 0 74 604 307 37 1 1 0 24 465 441 70 23 1 0 0 
4 180 625 201 13 1 0 0 2 111 544 331 34 2 0 0 13 326 555 115 13 2 0 0 
0 27 440 495 62 0 0 0 0 8 231 597 179 9 0 0 1 116 470 307 109 21 0 0 
0 104 371 463 86 0 0 0 0 48 250 443 266 17 0 0 1 94 229 242 254 203 1 0 
0 36 254 612 120 2 0 0 0 23 129 488 360 24 0 0 0 18 149 335 306 215 1 0 
0 62 256 550 148 8 0 0 0 37 115 528 271 73 0 0 1 22 173 328 258 219 23 0 
10 90 346 468 104 6 0 0 2 54 201 501 199 67 0 0 0 56 226 288 233 194 27 0 
37 115 356 464 51 1 0 0 9 70 214 561 141 29 0 0 0 71 108 420 281 130 14 0 
49 132 359 445 39 0 0 0 6 98 232 552 118 18 0 0 0 69 116 376 352 110 1 0 
7 31 414 447 123 2 0 0 1 23 139 573 261 27 0 0 0 18 119 369 286 221 11 0 
19 190 516 231 68 0 0 0 1 107 410 359 131 16 0 0 0 125 347 305 156 89 2 0 
16 262 583 138 25 0 0 0 1 147 584 207 84 1 0 0 1 317 379 199 105 23 0 0 
3 330 443 153 61 34 0 0 1 229 408 243 80 44 19 0 1 384 312 166 55 64 31 11 
0 45 420 411 148 0 0 0 0 31 210 470 283 30 0 0 0 14 78 486 249 192 5 0 
5 67 538 316 94 4 0 0 2 30 360 368 244 15 5 0 0 19 120 458 286 127 12 2 
18 35 503 370 46 51 1 0 5 37 290 550 65 34 43 0 0 29 134 466 294 23 31 47 
24 406 324 262 8 0 0 0 44 384 297 274 25 0 0 0 64 334 201 310 115 0 0 0 
0 7 556 427 33 1 0 0 1 70 659 289 5 0 0 0 1 66 545 395 17 0 0 0 
0 164 383 429 45 3 0 0 0 386 454 182 2 0 0 0 2 412 341 264 5 0 0 0 
0 4 426 533 57 4 0 0 0 47 753 215 9 0 0 0 0 36 673 306 9 0 0 0 
194 781 47 2 0 0 0 0 140 836 46 2 0 0 0 0 283 723 18 0 0 0 0 0 
215 665 114 26 4 0 0 0 146 707 146 24 1 0 0 0 303 631 77 13 0 0 0 0 
75 419 311 205 14 0 0 0 48 447 452 75 2 0 0 0 149 565 275 35 0 0 0 0 
49 746 218 11 0 0 0 0 13 623 378 10 0 0 0 0 28 775 211 9 1 0 0 0 
66 689 240 21 7 1 0 0 33 625 333 29 4 0 0 0 116 765 133 10 0 0 0 0 
229 624 135 30 6 0 0 0 122 584 273 43 2 0 0 0 145 681 176 22 0 0 0 0 
129 722 133 26 12 1 1 0 43 560 371 42 7 1 0 0 81 667 241 29 6 0 0 0 
167 676 151 25 5 0 0 0 75 641 245 53 10 0 0 0 157 728 109 26 4 0 0 0 
80 767 171 6 0 0 0 0 32 562 391 38 1 0 0 0 60 759 194 11 0 0 0 0 
43 715 247 18 1 0 0 0 15 462 503 42 2 0 0 0 35 781 190 17 1 0 0 0 
26 808 153 34 3 0 0 0 7 630 328 48 11 0 0 0 25 814 155 26 4 0 0 0 
11 725 226 38 15 6 3 0 1 472 485 42 16 5 3 0 26 816 150 19 10 3 0 0 
72 636 282 30 4 0 0 0 31 449 488 52 4 0 0 0 73 780 162 8 1 0 0 0 
37 487 404 80 16 0 0 0 20 386 489 116 12 1 0 0 87 697 219 20 1 0 0 0 
25 547 420 26 6 0 0 0 4 293 661 60 6 0 0 0 35 685 291 12 1 0 0 0 
18 734 244 25 3 0 0 0 20 439 515 48 2 0 0 0 39 776 193 14 2 0 0 0 
0 221 524 272 7 0 0 0 2 131 527 354 10 0 0 0 2 315 466 213 28 0 0 0 
47 291 356 271 49 10 0 0 28 206 440 263 69 17 1 0 7 344 404 177 62 25 5 0 
272 563 186 3 0 0 0 0 121 337 530 36 0 0 0 0 81 427 455 61 0 0 0 0 
391 627 6 0 0 0 0 0 190 468 365 1 0 0 0 0 95 386 486 57 0 0 0 0 
421 603 0 0 0 0 0 0 234 567 223 0 0 0 0 0 135 430 452 7 0 0 0 0 
87 251 316 331 39 0 0 0 15 281 331 348 49 0 0 0 7 211 250 420 136 0 0 0 
332 543 149 0 0 0 0 0 164 499 316 45 0 0 0 0 115 474 432 3 0 0 0 0 
349 592 82 1 0 0 0 0 141 689 181 13 0 0 0 0 107 751 166 0 0 0 0 0 
14 499 434 70 4 3 0 0 14 448 434 115 10 3 0 0 22 469 364 154 11 1 3 0 
0 52 580 355 37 0 0 0 0 38 309 616 58 3 0 0 0 20 223 662 92 27 0 0 
5 89 681 209 40 0 0 0 0 60 443 434 87 0 0 0 0 18 173 721 76 36 0 0 
44 240 446 267 21 6 0 0 0 163 467 347 41 1 5 0 0 66 298 502 146 6 1 5 
22 449 162 364 25 2 0 0 16 455 140 293 119 1 0 0 49 410 100 186 245 34 0 0 
0 79 514 308 92 31 0 0 1 146 630 211 36 0 0 0 0 126 570 308 20 0 0 0 
7 369 360 246 40 2 0 0 9 465 425 116 9 0 0 0 17 446 375 177 9 0 0 0 
0 25 540 374 69 12 4 0 1 93 736 171 20 3 0 0 1 76 700 226 19 2 0 0 
406 385 159 69 5 0 0 0 398 336 173 93 23 1 0 0 434 298 160 88 41 3 0 0 
197 476 277 60 14 0 0 0 193 430 309 84 8 0 0 0 228 402 272 110 12 0 0 0 
362 336 259 64 1 2 0 0 325 311 279 87 20 2 0 0 375 264 191 143 48 3 0 0 
197 418 369 40 0 0 0 0 122 405 352 144 1 0 0 0 129 382 312 163 38 0 0 0 
324 421 164 100 15 0 0 0 200 502 137 135 46 4 0 0 253 471 87 118 77 17 1 0 
148 771 83 21 1 0 0 0 42 830 124 24 4 0 0 0 170 732 93 23 6 0 0 0 
285 672 58 9 0 0 0 0 59 861 92 11 1 0 0 0 268 671 69 14 2 0 0 0 
140 742 132 10 0 0 0 0 55 766 182 21 0 0 0 0 203 669 126 26 0 0 0 0 
78 619 259 67 1 0 0 0 36 583 308 90 7 0 0 0 150 578 173 104 19 0 0 0 
46 636 257 83 2 0 0 0 18 577 319 104 5 1 0 0 31 583 280 114 14 2 0 0 
85 622 235 82 0 0 0 0 26 553 344 92 9 0 0 0 82 598 237 81 26 0 0 0 
20 750 172 77 5 0 0 0 12 527 398 73 13 1 0 0 8 672 250 70 23 1 0 0 
36 797 167 23 1 0 0 0 12 584 389 38 1 0 0 0 18 726 262 17 1 0 0 0 
41 757 153 72 1 0 0 0 12 523 415 72 2 0 0 0 32 681 220 82 9 0 0 0 
168 481 246 112 17 0 0 0 71 443 409 92 9 0 0 0 99 530 296 86 13 0 0 0 
36 210 329 384 65 0 0 0 16 208 364 365 70 1 0 0 11 210 304 384 112 3 0 0 
136 580 195 96 17 0 0 0 191 607 191 24 11 0 0 0 231 579 175 27 9 3 0 0 
266 328 255 157 18 0 0 0 145 525 286 66 2 0 0 0 99 517 322 77 9 0 0 0 
426 345 119 112 22 0 0 0 223 529 203 64 5 0 0 0 147 516 267 85 9 0 0 0 
384 387 104 127 22 0 0 0 210 532 221 54 7 0 0 0 124 502 313 72 13 0 0 0 
378 400 84 130 32 0 0 0 210 549 174 82 9 0 0 0 147 494 264 100 19 0 0 0 
75 187 288 418 56 0 0 0 6 272 366 339 41 0 0 0 2 207 284 392 138 1 0 0 
470 379 93 68 14 0 0 0 221 662 100 34 7 0 0 0 168 626 176 47 7 0 0 0 
399 376 218 26 5 0 0 0 193 602 203 24 2 0 0 0 139 700 169 14 2 0 0 0 
41 416 492 74 1 0 0 0 26 328 512 154 4 0 0 0 34 480 396 110 4 0 0 0 
0 62 495 428 39 0 0 0 0 48 268 623 85 0 0 0 0 26 317 549 117 15 0 0 
0 55 495 430 44 0 0 0 0 41 272 642 67 2 0 0 0 4 134 754 95 37 0 0 
73 221 486 211 33 0 0 0 14 191 502 271 46 0 0 0 11 100 337 440 127 9 0 0 
0 117 484 371 51 1 0 0 0 39 498 343 144 0 0 0 1 53 260 451 186 73 0 0 
1 84 648 199 58 26 8 0 1 41 599 334 41 7 1 0 0 36 309 608 69 2 0 0 
0 98 690 169 56 11 0 0 0 68 652 274 29 1 0 0 3 49 357 545 68 2 0 0 
0 103 676 233 11 1 0 0 0 70 672 272 10 0 0 0 0 53 436 479 55 1 0 0 
275 563 173 13 0 0 0 0 267 568 178 11 0 0 0 0 300 611 111 2 0 0 0 0 
12 231 526 239 15 1 0 0 19 237 477 273 17 1 0 0 23 246 563 179 12 1 0 0 
10 106 404 470 29 4 1 0 9 96 408 478 28 4 1 0 2 148 514 326 32 1 1 0 
45 136 284 486 71 2 0 0 42 144 266 508 63 1 0 0 34 144 433 372 40 1 0 0 
0 76 294 515 132 7 0 0 0 48 314 555 104 3 0 0 0 62 331 542 84 5 0 0 
33 280 228 397 82 4 0 0 6 288 259 406 61 4 0 0 23 333 309 330 27 2 0 0 
0 148 439 366 70 1 0 0 0 126 444 391 62 1 0 0 0 259 394 279 78 14 0 0 
10 145 460 348 60 1 0 0 4 117 445 389 67 2 0 0 3 212 468 272 65 4 0 0 
0 98 521 365 40 0 0 0 0 83 393 470 76 2 0 0 0 84 479 308 133 20 0 0 
2 180 417 354 58 10 3 0 0 154 366 392 91 20 1 0 0 155 426 318 90 35 0 0 
0 121 462 371 68 2 0 0 0 92 421 409 69 33 0 0 0 107 484 298 82 48 5 0 
0 113 497 350 58 6 0 0 0 81 452 400 82 7 2 0 0 149 477 326 61 6 5 0 
1 204 535 269 15 0 0 0 2 185 473 325 38 1 0 0 0 202 574 225 23 0 0 0 
16 216 403 301 68 20 0 0 19 218 376 319 75 17 0 0 14 201 397 225 146 34 7 0 
5 71 328 398 131 91 0 0 7 74 202 433 168 117 23 0 5 58 219 249 275 124 94 0 
14 240 568 176 12 13 1 0 22 149 499 316 28 10 0 0 32 123 570 229 63 7 0 0 
43 490 422 59 10 0 0 0 92 670 225 36 1 0 0 0 114 683 187 39 1 0 0 0 
2 25 307 446 162 64 13 5 3 41 235 446 208 82 9 0 2 52 180 303 318 137 32 0 
0 11 267 664 77 5 0 0 0 9 85 656 267 7 0 0 0 4 34 204 662 120 0 0 
0 10 387 572 54 1 0 0 0 4 166 626 221 7 0 0 0 3 122 211 558 130 0 0 
0 13 367 575 66 3 0 0 0 3 129 645 238 9 0 0 0 0 24 281 615 102 2 0 
0 4 252 554 117 76 21 0 0 22 113 527 217 85 59 1 0 7 78 289 391 135 81 43 
0 7 342 546 74 40 15 0 0 15 122 603 217 25 42 0 0 4 76 181 574 129 26 34 
32 290 263 408 29 2 0 0 33 310 136 371 172 2 0 0 27 289 123 109 364 111 1 0 
147 519 200 136 21 1 0 0 147 503 183 138 52 1 0 0 113 511 182 88 114 16 0 0 
0 25 382 581 36 0 0 0 1 15 192 554 257 5 0 0 1 5 117 168 583 150 0 0 
0 58 340 562 57 7 0 0 0 39 199 529 244 13 0 0 0 18 110 189 554 149 4 0 
0 15 293 606 104 6 0 0 0 9 137 574 293 11 0 0 0 2 60 233 576 149 4 0 
3 8 267 602 138 5 1 0 0 4 101 593 308 16 2 0 0 2 22 213 618 162 6 1 
0 15 323 612 69 5 0 0 0 1 110 597 304 12 0 0 0 0 15 189 630 185 5 0 
0 10 395 546 69 4 0 0 0 12 174 617 211 10 0 0 0 1 55 262 607 95 4 0 
0 60 349 529 74 9 3 0 0 11 254 525 221 10 3 0 0 0 76 319 505 118 5 1 
69 686 249 20 0 0 0 0 56 603 333 32 0 0 0 0 165 620 220 19 0 0 0 0 
43 317 544 108 10 2 0 0 36 210 562 203 11 2 0 0 27 430 500 60 5 2 0 0 
10 217 505 237 48 7 0 0 6 162 521 268 57 10 0 0 16 260 496 201 44 7 0 0 
1 120 661 233 8 1 0 0 0 72 603 333 15 1 0 0 4 270 640 102 7 1 0 0 
0 59 631 327 7 0 0 0 0 13 427 558 25 1 0 0 2 169 673 175 5 0 0 0 
0 21 481 446 74 2 0 0 0 5 275 625 117 2 0 0 0 89 628 248 57 2 0 0 
0 20 498 469 35 2 0 0 0 11 292 652 64 5 0 0 0 104 676 227 15 2 0 0 
0 1 364 589 70 0 0 0 0 1 143 789 91 0 0 0 0 32 647 327 18 0 0 0 
0 7 448 491 74 4 0 0 0 5 268 642 100 9 0 0 0 71 681 249 21 2 0 0 
0 29 351 616 27 1 0 0 0 21 166 743 93 1 0 0 0 66 672 274 11 1 0 0 
0 49 292 614 69 0 0 0 0 48 155 697 122 2 0 0 0 73 514 408 29 0 0 0 
0 18 285 652 66 3 0 0 0 15 91 790 124 4 0 0 0 25 531 436 30 2 0 0 
0 3 306 643 63 6 3 0 0 3 113 767 133 6 2 0 0 29 533 414 45 0 3 0 
0 69 294 527 126 8 0 0 0 54 270 506 181 13 0 0 0 34 401 462 106 21 0 0 
24 143 283 506 68 0 0 0 23 116 240 489 152 4 0 0 12 117 383 400 102 10 0 0 
5 305 330 300 61 23 0 0 2 282 238 370 96 35 1 0 1 253 413 229 84 41 3 0 
64 446 455 59 0 0 0 0 61 488 405 69 1 0 0 0 57 469 397 97 4 0 0 0 
34 145 264 396 141 43 1 0 30 122 267 390 194 19 2 0 33 100 466 282 110 30 3 0 
1 49 224 548 142 60 0 0 1 47 213 522 148 92 1 0 2 101 436 279 106 97 3 0 
0 4 254 602 142 22 0 0 0 3 203 618 156 43 1 0 0 29 540 345 62 37 11 0 
0 28 395 513 76 12 0 0 1 34 300 517 164 7 1 0 0 109 624 241 42 7 1 0 
0 9 266 648 94 7 0 0 0 1 120 687 207 9 0 0 0 28 447 367 176 6 0 0 
0 4 129 757 115 19 0 0 0 4 106 678 191 45 0 0 0 13 477 340 126 60 8 0 
88 242 194 414 82 4 0 0 95 237 150 410 127 5 0 0 111 268 328 195 104 18 0 0 
253 473 189 81 22 6 0 0 256 459 187 92 23 7 0 0 260 463 191 61 37 11 1 0 
0 10 195 650 158 10 1 0 0 7 156 608 234 18 1 0 0 1 281 385 301 55 1 0 
0 4 190 711 116 3 0 0 0 0 58 590 338 38 0 0 0 19 189 193 459 153 11 0 
0 81 255 544 109 35 0 0 0 54 124 508 268 54 16 0 1 52 54 187 539 143 43 5 
0 15 315 579 107 8 0 0 0 2 97 609 277 37 2 0 0 0 12 199 646 146 21 0 
1 11 268 637 99 8 0 0 0 1 110 583 307 23 0 0 0 1 8 205 653 151 6 0 
0 9 294 598 110 11 2 0 0 1 72 587 328 33 3 0 0 0 4 139 658 204 17 2 
1 32 305 557 119 10 0 0 0 18 105 586 274 39 2 0 0 0 23 186 610 189 14 2 
78 459 326 148 13 0 0 0 76 536 373 37 2 0 0 0 188 684 142 10 0 0 0 0 
27 246 514 228 9 0 0 0 27 328 582 84 3 0 0 0 59 694 254 17 0 0 0 0 
10 276 499 216 22 1 0 0 2 345 524 131 22 0 0 0 38 573 321 76 16 0 0 0 
28 233 583 170 10 0 0 0 31 358 544 86 5 0 0 0 52 658 284 29 1 0 0 0 
1 159 596 237 29 2 0 0 1 177 576 250 20 0 0 0 11 443 457 105 8 0 0 0 
15 262 565 171 8 3 0 0 12 173 561 256 18 4 0 0 24 378 506 106 10 0 0 0 
3 96 493 395 35 2 0 0 3 92 343 540 42 4 0 0 13 216 541 233 20 1 0 0 
1 55 356 518 84 10 0 0 1 83 256 612 64 8 0 0 9 116 612 263 23 1 0 0 
0 6 305 516 168 26 3 0 0 18 257 637 98 14 0 0 1 70 668 234 46 5 0 0 
0 14 210 443 260 89 8 0 0 24 236 537 199 28 0 0 0 76 561 330 46 11 0 0 
0 8 165 485 321 36 7 2 0 32 288 507 180 14 2 1 1 100 429 403 79 9 2 1 
0 5 203 569 228 16 3 0 0 28 378 508 103 6 1 0 0 115 535 344 27 2 1 0 
0 6 159 587 250 22 0 0 0 31 254 586 145 8 0 0 3 96 479 395 49 2 0 0 
0 19 173 515 305 12 0 0 0 32 257 590 143 2 0 0 2 49 440 470 62 1 0 0 
3 82 185 407 309 34 4 0 4 56 298 492 154 20 0 0 3 62 412 444 89 14 0 0 
7 88 113 313 410 82 9 2 8 87 175 461 269 22 2 0 7 99 282 527 103 6 0 0 
2 91 140 233 311 224 23 0 2 92 154 363 372 41 0 0 0 82 265 558 117 2 0 0 
0 4 160 400 343 106 11 0 0 6 166 496 310 44 2 0 0 22 380 477 126 17 2 0 
0 1 51 490 421 59 2 0 0 1 84 577 325 36 1 0 0 13 425 480 95 10 1 0 
0 0 58 479 440 46 1 0 0 0 70 499 416 38 1 0 0 26 431 470 83 14 0 0 
0 1 33 498 450 42 0 0 0 0 21 398 577 28 0 0 0 20 521 457 26 0 0 0 
0 0 32 725 250 15 2 0 0 1 26 722 264 10 1 0 2 75 605 323 17 2 0 0 
0 1 127 699 190 7 0 0 0 0 68 683 268 5 0 0 0 88 676 244 15 1 0 0 
60 187 141 499 130 7 0 0 48 199 98 511 159 9 0 0 106 213 469 221 14 1 0 0 
115 350 365 185 9 0 0 0 107 355 345 193 24 0 0 0 132 354 420 116 2 0 0 0 
0 1 354 621 46 2 0 0 0 0 133 810 78 3 0 0 0 90 742 185 6 1 0 0 
0 1 321 678 24 0 0 0 0 1 114 851 58 0 0 0 0 42 802 177 3 0 0 0 
1 32 255 637 90 7 2 0 1 36 155 672 149 9 2 0 4 65 543 356 45 9 2 0 
1 30 326 552 102 12 1 0 0 48 320 547 97 11 1 0 0 67 440 365 136 14 2 0 
0 53 565 313 85 8 0 0 0 74 493 308 143 6 0 0 0 74 478 281 162 29 0 0 
0 54 372 450 133 15 0 0 0 33 254 421 269 47 0 0 0 23 168 265 387 166 15 0 
2 116 324 422 147 13 0 0 1 98 231 412 235 47 0 0 0 21 210 247 378 161 7 0 
13 536 330 91 27 15 8 4 41 737 179 38 16 10 3 0 136 756 96 23 10 3 0 0 
6 393 460 139 22 3 1 0 30 704 250 34 5 1 0 0 112 784 111 15 1 1 0 0 
3 288 605 102 21 4 1 0 12 672 290 42 7 1 0 0 116 761 117 26 3 1 0 0 
10 312 503 162 35 2 0 0 27 669 306 22 0 0 0 0 135 798 90 1 0 0 0 0 
2 204 443 302 67 6 0 0 14 403 445 152 10 0 0 0 83 668 242 31 0 0 0 0 
3 146 384 361 121 8 1 0 8 229 427 302 55 3 0 0 25 518 402 71 7 1 0 0 
1 101 441 352 124 5 0 0 6 144 556 251 65 2 0 0 31 509 409 67 8 0 0 0 
1 93 412 397 111 10 0 0 2 146 454 370 49 3 0 0 33 494 447 45 5 0 0 0 
2 135 343 382 140 20 2 0 2 203 474 285 53 7 0 0 35 489 395 95 10 0 0 0 
8 80 245 486 197 7 1 0 11 118 506 344 43 2 0 0 17 324 517 149 16 1 0 0 
0 11 230 555 220 8 0 0 2 47 420 451 101 3 0 0 6 297 595 122 4 0 0 0 
0 8 254 519 204 35 4 0 0 72 394 463 88 6 1 0 4 176 570 245 26 2 1 0 
0 9 276 441 242 54 2 0 0 43 426 407 142 5 1 0 1 133 584 275 30 1 0 0 
0 3 72 383 509 56 1 0 0 30 145 569 274 6 0 0 0 58 454 466 46 0 0 0 
0 7 96 254 457 187 23 0 2 35 148 393 383 59 4 0 1 94 467 418 42 2 0 0 
0 10 110 453 343 84 16 8 0 24 302 443 215 30 7 3 0 70 518 348 72 12 3 1 
0 6 149 411 342 102 9 5 0 40 285 467 203 23 2 4 0 66 460 400 82 11 3 2 
0 59 180 388 342 48 7 0 0 49 277 521 160 13 4 0 1 114 465 373 64 5 2 0 
0 15 128 319 370 183 9 0 0 25 177 419 368 32 3 0 0 41 256 533 179 15 0 0 
0 1 97 499 380 47 0 0 0 5 124 573 304 18 0 0 0 21 390 495 115 3 0 0 
0 6 152 533 317 16 0 0 0 13 207 652 148 4 0 0 0 83 328 531 81 1 0 0 
0 25 188 520 278 13 0 0 0 45 269 568 138 4 0 0 0 112 460 406 44 2 0 0 
0 0 82 690 251 1 0 0 0 5 178 708 132 1 0 0 0 13 391 596 24 0 0 0 
7 274 140 500 102 1 0 0 4 283 179 466 90 2 0 0 20 300 403 278 23 0 0 0 
21 250 469 273 11 0 0 0 23 242 463 278 18 0 0 0 35 250 524 210 5 0 0 0 
0 18 355 537 104 10 0 0 0 18 338 564 95 9 0 0 1 122 558 301 36 6 0 0 
0 21 412 510 71 10 0 0 0 25 335 574 79 11 0 0 0 131 613 240 37 3 0 0 
0 12 318 610 75 8 1 0 0 12 259 646 97 8 2 0 1 68 564 343 42 5 1 0 
0 17 262 588 136 20 1 0 0 33 232 590 152 15 2 0 1 83 489 379 59 11 2 0 
0 37 393 464 112 16 2 0 0 60 387 469 95 12 1 0 1 137 542 274 60 9 1 0 
0 37 539 383 60 5 0 0 0 67 468 429 54 4 2 0 1 276 546 170 26 5 0 0 
0 46 512 376 81 9 0 0 2 121 488 335 73 5 0 0 4 187 482 282 63 6 0 0 
148 613 155 57 27 13 8 3 214 606 126 43 21 10 4 0 323 573 77 35 13 3 0 0 
222 715 87 0 0 0 0 0 282 703 39 0 0 0 0 0 400 618 6 0 0 0 0 0 
41 474 401 73 22 9 3 1 86 686 197 40 11 3 0 1 214 677 100 24 8 0 1 0 
40 372 467 115 26 4 0 0 81 645 258 32 8 0 0 0 152 695 148 26 3 0 0 0 
22 535 407 55 5 0 0 0 51 749 195 27 2 0 0 0 129 795 76 24 0 0 0 0 
20 412 499 85 8 0 0 0 37 655 297 31 4 0 0 0 146 792 80 6 0 0 0 0 
2 215 419 354 31 2 1 0 27 547 422 22 6 0 0 0 175 788 50 9 2 0 0 0 
7 258 532 203 20 3 0 1 12 448 494 62 7 0 1 0 57 695 230 36 5 1 0 0 
31 426 412 139 15 1 0 0 40 543 357 75 8 1 0 0 73 657 244 43 6 1 0 0 
28 543 366 75 10 2 0 0 38 633 323 24 4 2 0 0 82 778 148 10 5 1 0 0 
37 311 467 182 26 1 0 0 39 417 434 123 11 0 0 0 117 698 189 20 0 0 0 0 
0 153 273 422 160 13 2 1 9 219 332 363 94 6 1 0 42 469 373 120 18 2 0 0 
0 38 280 402 261 33 10 0 1 75 368 445 123 9 3 0 6 382 467 150 13 6 0 0 
0 27 235 372 314 70 6 0 2 63 371 414 157 17 0 0 3 208 548 239 23 3 0 0 
0 36 276 381 260 67 4 0 1 117 390 344 155 17 0 0 5 248 492 247 29 3 0 0 
0 68 431 395 121 9 0 0 1 131 504 328 55 5 0 0 5 213 536 233 35 2 0 0 
1 54 397 485 83 4 0 0 4 108 438 415 57 2 0 0 4 186 570 246 17 1 0 0 
0 69 505 392 56 1 1 0 2 104 475 392 48 3 0 0 16 193 620 161 33 1 0 0 
0 72 412 431 96 13 0 0 2 126 448 360 80 7 1 0 3 156 519 252 84 9 1 0 
2 125 488 331 70 8 0 0 1 192 475 285 64 6 1 0 7 302 452 214 41 8 0 0 
6 212 395 354 57 0 0 0 4 238 449 302 31 0 0 0 36 406 447 130 5 0 0 0 
0 28 339 496 146 13 2 0 0 53 412 442 101 14 2 0 0 98 471 361 79 10 5 0 
11 218 311 373 105 6 0 0 12 276 388 299 47 2 0 0 31 326 374 254 36 3 0 0 
36 357 255 309 65 2 0 0 35 368 327 253 40 1 0 0 53 326 400 212 32 1 0 0 
4 229 427 263 91 6 3 1 4 211 418 279 101 8 2 1 2 155 403 356 92 14 2 0 
0 3 71 433 438 75 4 0 0 19 139 484 346 35 1 0 0 29 361 507 107 19 1 0 
0 0 167 594 232 24 7 0 0 15 256 577 153 16 7 0 1 55 500 414 39 12 3 0 
0 22 347 551 88 14 2 0 0 32 322 558 96 15 1 0 1 124 590 260 36 10 3 0 
0 129 393 375 119 8 0 0 2 147 447 363 56 9 0 0 7 210 440 306 56 5 0 0 
0 72 463 396 86 7 0 0 1 93 515 350 58 7 0 0 2 219 484 252 60 7 0 0 
0 33 571 336 77 7 0 0 1 63 521 371 63 5 0 0 0 169 553 243 54 5 0 0 
0 35 539 410 37 3 0 0 0 44 427 508 43 2 0 0 0 86 648 268 19 3 0 0 
10 545 340 58 32 15 18 6 25 687 222 36 21 23 10 0 108 761 91 27 22 15 0 0 
4 364 558 87 7 3 1 0 11 448 499 59 4 2 1 0 63 763 177 17 3 1 0 0 
59 621 305 37 2 0 0 0 71 680 245 27 1 0 0 0 231 709 60 24 0 0 0 0 
93 462 394 66 7 2 0 0 109 562 318 32 3 0 0 0 208 709 101 5 1 0 0 0 
107 657 249 10 0 0 1 0 112 699 204 8 0 1 0 0 210 757 54 2 0 1 0 0 
14 636 338 24 11 1 0 0 31 707 259 20 7 0 0 0 90 818 97 16 3 0 0 0 
71 379 377 144 47 6 0 0 71 534 318 79 21 1 0 0 171 635 192 23 3 0 0 0 
4 133 405 196 243 42 1 0 9 252 381 238 139 5 0 0 44 610 310 59 1 0 0 0 
3 231 445 299 39 6 1 0 11 325 479 187 19 3 0 0 63 652 275 27 6 1 0 0 
1 205 426 304 61 17 9 1 8 325 422 203 47 17 2 0 23 545 361 67 23 5 0 0 
3 203 538 246 26 6 2 0 9 415 515 71 11 2 1 0 32 616 323 45 5 2 1 0 
1 201 491 291 34 3 3 0 4 363 512 127 14 4 0 0 27 538 391 59 7 2 0 0 
1 150 539 287 45 2 0 0 2 211 586 200 25 0 0 0 10 292 521 176 25 0 0 0 
1 248 545 172 57 1 0 0 11 363 468 148 33 1 0 0 6 429 426 137 25 1 0 0 
0 147 619 232 22 3 1 0 0 202 578 223 16 5 0 0 5 376 486 137 19 1 0 0 
0 132 583 283 22 4 0 0 0 149 643 217 12 3 0 0 1 260 587 162 12 2 0 0 
0 136 564 277 40 6 1 0 0 191 516 275 35 6 1 0 4 297 514 178 24 7 0 0 
0 165 606 228 24 1 0 0 0 156 585 259 20 4 0 0 6 343 523 138 13 1 0 0 
0 51 412 423 124 11 3 0 0 82 465 387 81 8 1 0 0 113 523 332 46 7 3 0 
0 91 411 485 33 4 0 0 2 69 439 485 27 2 0 0 4 163 644 190 23 0 0 0 
23 268 389 318 23 3 0 0 20 304 366 308 25 1 0 0 68 333 457 150 14 2 0 0 
0 193 507 283 41 0 0 0 5 218 485 274 42 0 0 0 16 294 481 212 21 0 0 0 
0 203 497 268 36 20 0 0 9 303 448 214 32 18 0 0 8 285 500 170 45 16 0 0 
16 418 343 180 61 6 0 0 38 461 304 146 65 10 0 0 34 412 303 179 84 12 0 0 
1 202 368 295 137 18 3 0 2 221 390 287 113 9 2 0 35 357 393 160 64 12 3 0 
7 184 478 236 97 22 0 0 10 285 451 185 79 13 1 0 11 317 418 169 87 21 1 0 
25 411 391 169 24 4 0 0 20 435 406 140 21 2 0 0 85 509 295 113 18 4 0 0 
0 98 476 389 60 1 0 0 0 135 490 350 49 0 0 0 5 207 523 238 51 0 0 0 
1 58 332 484 135 14 0 0 1 128 416 381 88 10 0 0 1 122 418 360 107 16 0 0 
0 47 528 410 37 2 0 0 2 51 485 444 39 3 0 0 2 147 545 301 25 4 0 0 
10 160 489 332 33 0 0 0 14 287 443 252 28 0 0 0 20 351 456 180 17 0 0 0 
2 169 527 280 41 3 2 0 13 313 466 198 30 2 2 0 19 362 482 129 28 2 2 0 
