0 0 0 0 88 879 57 0 0 0 0 0 0 992 32 0 0 0 0 0 0 333 691 0 
0 0 0 0 0 1019 5 0 0 0 0 0 0 1024 0 0 0 0 0 0 0 0 1024 0 
0 0 0 0 0 568 415 41 0 0 0 0 0 841 183 0 0 0 0 0 0 12 1004 8 
0 0 0 0 0 399 471 154 0 0 0 0 0 705 319 0 0 0 0 0 0 34 955 35 
0 0 0 0 0 948 36 40 0 0 0 0 0 967 57 0 0 0 0 0 0 2 1005 17 
0 0 0 0 0 1024 0 0 0 0 0 0 0 1024 0 0 0 0 0 0 0 0 1024 0 
0 0 0 0 0 1024 0 0 0 0 0 0 0 1024 0 0 0 0 0 0 0 3 1021 0 
0 0 0 0 173 811 0 39 0 0 0 0 0 984 0 39 0 0 0 0 0 553 430 39 
10 229 115 45 56 209 355 5 11 263 93 44 62 506 45 0 61 256 56 43 49 187 369 3 
1 21 108 134 90 323 343 4 3 38 152 101 93 548 88 1 17 116 84 76 84 110 522 15 
1 23 93 66 88 217 520 16 1 33 99 72 91 474 253 1 10 67 73 57 79 105 610 23 
1 10 28 25 41 203 703 13 1 14 31 26 40 580 332 0 1 24 19 27 27 31 766 129 
0 0 0 0 11 306 625 82 0 0 0 1 16 673 334 0 0 0 0 1 10 22 932 59 
0 0 0 0 0 797 227 0 0 0 0 0 0 969 55 0 0 0 0 0 0 0 991 33 
0 0 0 0 0 814 210 0 0 0 0 0 0 998 26 0 0 0 0 0 0 0 1024 0 
0 0 0 0 0 984 0 39 0 0 0 0 0 984 0 39 0 0 0 0 0 167 817 39 
47 920 25 0 32 0 0 0 38 919 35 0 32 0 0 0 189 794 9 0 32 0 0 0 
18 615 326 33 18 8 6 0 29 631 313 20 17 9 5 0 115 774 92 13 18 7 5 0 
31 648 272 30 17 15 8 3 29 707 224 31 16 9 8 0 77 807 91 18 14 9 8 0 
0 111 455 186 60 53 152 7 3 199 461 106 56 104 93 2 27 477 216 58 41 38 134 33 
4 174 258 154 108 162 150 14 9 228 254 123 105 199 98 8 19 339 171 89 83 79 211 33 
4 124 292 139 79 257 127 2 3 189 289 85 80 327 49 2 18 345 159 62 60 69 279 32 
0 19 142 123 96 472 172 0 0 65 144 98 74 593 50 0 6 115 116 68 65 64 575 15 
0 2 17 56 114 779 14 39 0 3 18 54 98 796 13 39 0 2 14 34 86 224 620 41 
40 832 120 0 31 1 0 0 51 841 100 0 32 0 0 0 178 808 6 2 30 0 0 0 
41 862 119 2 0 0 0 0 37 855 130 2 0 0 0 0 182 814 28 0 0 0 0 0 
49 926 49 0 0 0 0 0 50 918 56 0 0 0 0 0 88 922 14 0 0 0 0 0 
28 590 402 4 0 0 0 0 26 635 360 3 0 0 0 0 110 852 62 0 0 0 0 0 
31 719 260 12 2 0 0 0 19 803 195 6 1 0 0 0 56 906 58 4 0 0 0 0 
29 795 187 8 4 1 0 0 20 849 146 4 4 1 0 0 67 886 65 1 5 0 0 0 
0 314 599 87 22 2 0 0 5 488 454 64 11 2 0 0 47 806 143 22 6 0 0 0 
1 217 363 153 128 105 13 40 7 270 340 141 118 93 12 39 34 413 193 130 105 88 17 40 
15 744 229 4 32 0 0 0 15 716 256 5 32 0 0 0 205 760 27 4 28 0 0 0 
67 887 70 0 0 0 0 0 43 896 85 0 0 0 0 0 259 755 10 0 0 0 0 0 
91 858 74 1 0 0 0 0 80 858 85 1 0 0 0 0 176 823 25 0 0 0 0 0 
28 618 342 36 0 0 0 0 23 602 360 39 0 0 0 0 186 741 95 2 0 0 0 0 
51 530 297 140 6 0 0 0 62 555 286 119 2 0 0 0 211 681 115 17 0 0 0 0 
59 776 189 0 0 0 0 0 77 770 177 0 0 0 0 0 206 776 42 0 0 0 0 0 
3 819 199 3 0 0 0 0 8 851 162 3 0 0 0 0 140 859 25 0 0 0 0 0 
30 438 388 87 39 0 0 39 22 406 342 173 40 0 0 39 193 701 50 13 25 0 6 33 
11 443 201 156 195 17 1 0 16 400 443 132 33 0 0 0 173 727 88 14 22 0 0 0 
20 129 80 538 250 5 2 0 22 118 311 418 155 0 0 0 190 732 99 3 0 0 0 0 
46 485 45 342 85 15 6 0 55 481 53 259 175 1 0 0 314 668 34 6 2 0 0 0 
62 783 125 43 7 3 1 0 57 796 145 18 6 2 0 0 247 703 64 8 2 0 0 0 
54 418 372 138 33 8 1 0 62 487 354 90 23 7 1 0 261 582 137 24 18 2 0 0 
40 689 293 2 0 0 0 0 23 697 297 7 0 0 0 0 232 580 209 3 0 0 0 0 
53 689 261 19 2 0 0 0 29 698 269 27 1 0 0 0 247 640 127 9 1 0 0 0 
57 419 393 72 40 0 0 39 25 371 414 129 43 0 0 39 354 459 126 16 28 0 0 39 
0 62 96 188 444 175 52 7 85 363 424 77 73 2 0 0 237 504 228 28 27 0 0 0 
0 44 54 115 250 240 208 113 50 151 278 253 156 105 31 0 177 456 257 118 16 0 0 0 
22 114 89 261 210 151 106 71 83 200 291 232 130 62 26 0 267 392 272 81 12 0 0 0 
36 178 170 345 257 31 4 3 109 286 557 53 13 5 1 0 187 321 500 6 7 3 0 0 
1 51 54 183 288 294 113 40 57 96 399 280 109 80 3 0 135 404 307 133 44 1 0 0 
57 420 88 450 8 1 0 0 169 381 464 10 0 0 0 0 218 439 365 2 0 0 0 0 
25 320 216 436 24 3 0 0 83 388 498 47 7 1 0 0 178 664 163 17 2 0 0 0 
24 324 281 158 158 29 6 39 109 388 337 96 51 1 0 39 273 521 118 38 33 0 0 39 
0 52 279 120 108 104 113 248 1 131 283 177 87 105 162 78 222 320 61 113 174 133 1 0 
1 56 353 112 131 97 104 170 10 173 383 123 80 130 94 31 254 378 115 84 115 72 6 0 
0 5 42 383 116 116 181 181 3 27 99 388 174 212 96 25 209 355 126 147 143 41 3 0 
0 2 77 362 122 129 91 241 9 66 49 412 168 90 185 45 222 362 117 76 148 99 0 0 
0 4 77 368 160 166 107 142 0 49 134 414 223 102 55 47 176 414 167 141 57 68 1 0 
6 154 175 484 117 58 30 0 39 195 162 465 124 37 2 0 303 477 98 86 46 14 0 0 
47 388 269 284 30 6 0 0 77 399 238 286 21 3 0 0 378 540 70 25 11 0 0 0 
8 92 230 402 168 61 17 43 25 166 406 264 93 24 3 39 258 482 129 65 46 1 1 39 
0 1 432 489 30 33 1 35 0 0 183 740 19 44 1 35 240 681 2 33 29 1 9 25 
0 12 401 539 0 35 0 35 0 20 212 719 0 35 0 35 314 638 0 14 20 0 23 12 
0 2 169 647 137 30 0 35 0 1 171 765 15 35 0 35 286 666 0 4 30 0 25 9 
0 0 94 847 11 35 0 35 0 0 6 900 46 35 0 35 318 631 3 2 33 0 14 20 
0 0 37 912 3 35 0 35 0 0 7 860 84 35 0 35 304 648 0 34 1 0 35 0 
0 0 112 840 8 26 0 35 0 0 23 919 13 33 0 35 302 645 5 19 15 0 9 25 
0 0 349 603 19 15 0 35 0 0 78 873 17 18 0 35 308 637 6 19 15 0 13 22 
17 210 556 81 76 8 1 71 2 206 407 262 52 19 1 71 291 581 6 25 43 1 4 69 
