3 90 190 143 158 309 131 0 0 88 189 139 146 174 286 2 1 113 186 120 140 132 275 57 
0 0 8 36 187 554 237 2 0 1 5 23 109 499 383 4 0 3 6 21 105 321 518 50 
0 0 6 27 131 610 249 1 0 0 6 23 81 270 643 1 0 0 4 25 52 132 699 112 
0 1 18 50 173 573 209 0 0 0 18 60 125 315 506 0 0 1 22 63 108 149 655 26 
0 2 57 296 299 303 66 1 0 4 91 301 266 274 88 0 0 12 170 264 225 241 112 0 
0 0 65 467 100 174 218 0 0 0 93 442 88 108 293 0 0 1 172 374 74 80 309 14 
0 0 48 494 227 89 146 20 0 0 22 439 287 99 151 26 0 0 20 407 319 93 139 46 
18 292 305 212 92 38 32 32 17 315 292 212 86 36 30 32 33 393 262 190 61 28 24 29 
11 181 257 185 153 148 74 15 11 212 246 167 158 122 92 16 36 272 220 151 143 90 91 21 
0 0 12 201 208 275 294 34 0 0 10 166 232 243 340 33 0 0 14 168 230 211 295 106 
0 1 27 203 255 155 265 118 0 6 24 143 303 121 304 123 1 18 16 124 319 123 156 267 
0 0 28 178 201 138 90 389 0 0 66 215 155 81 124 383 0 49 65 197 138 63 109 403 
0 5 51 178 164 168 90 368 4 21 188 199 110 75 69 358 25 142 129 164 99 54 100 311 
0 7 34 205 261 219 156 142 3 58 261 213 121 101 150 117 36 251 113 180 120 95 155 74 
2 14 62 250 151 143 252 150 0 13 53 237 187 159 266 109 0 21 75 244 184 162 283 55 
110 452 199 114 54 59 29 3 36 520 217 107 54 60 22 4 80 532 187 100 64 39 18 1 
118 205 105 97 99 81 134 185 56 279 102 103 105 79 113 187 57 304 123 87 93 83 121 156 
0 0 2 22 31 74 151 744 0 0 2 23 33 95 135 736 0 0 6 25 46 95 145 707 
0 0 0 4 21 58 45 896 0 0 26 73 8 12 16 889 13 67 20 6 9 13 18 878 
26 93 109 52 63 234 62 385 51 201 196 158 16 8 14 380 149 429 34 11 7 8 22 364 
1 125 84 33 57 130 574 20 35 195 144 153 483 3 1 10 158 813 36 3 1 2 4 7 
14 180 124 71 88 131 411 5 73 298 181 307 162 3 0 0 258 728 34 4 0 0 0 0 
16 158 114 95 254 157 151 79 101 219 359 190 36 24 24 71 176 616 61 39 23 23 51 35 
183 320 103 76 200 33 30 76 96 433 288 60 22 22 40 61 87 647 104 48 17 27 66 25 
420 301 89 61 63 44 25 21 240 471 97 64 69 41 29 13 129 585 107 70 66 33 26 8 
187 381 60 85 125 14 42 130 128 491 172 32 15 12 39 135 102 641 64 18 14 16 58 111 
0 180 121 71 99 131 273 149 12 318 127 227 182 11 16 131 128 649 77 15 4 13 26 112 
40 27 46 20 35 60 225 571 33 85 29 97 195 21 36 528 82 306 44 19 10 17 41 505 
0 0 0 3 17 92 312 600 0 4 42 146 220 20 46 546 42 328 29 25 12 32 81 475 
14 21 9 19 48 233 404 276 13 38 177 381 121 22 56 216 165 501 51 18 17 22 105 145 
45 32 21 35 28 179 557 127 44 54 70 685 35 13 23 100 119 710 37 23 11 15 50 59 
578 360 49 25 7 1 1 0 254 643 91 24 6 2 1 0 130 766 88 28 6 2 1 0 
726 142 40 24 46 19 19 8 442 422 47 23 43 22 21 4 105 770 45 24 38 20 20 2 
41 144 89 126 298 182 108 36 24 257 514 95 85 15 25 9 136 751 58 26 12 16 24 1 
73 165 92 66 61 53 58 456 63 259 119 40 30 19 63 431 78 346 63 21 11 16 141 348 
0 21 69 53 63 118 350 350 0 126 79 292 168 12 14 333 99 523 33 9 9 13 21 317 
0 67 122 45 70 132 545 43 1 226 96 250 435 11 1 4 184 780 50 3 1 2 3 1 
0 46 136 67 74 103 579 19 16 222 149 267 366 2 2 0 201 790 29 1 3 0 0 0 
153 100 31 44 71 333 223 69 210 96 236 357 31 25 31 38 197 696 31 17 24 15 26 18 
541 164 116 60 91 23 12 13 393 343 204 44 12 8 12 4 96 721 113 57 11 11 11 2 
135 81 140 108 113 138 239 70 72 167 102 123 110 127 265 58 17 244 77 124 123 115 273 51 
0 2 23 68 164 344 204 219 1 49 208 320 100 47 140 159 112 347 171 43 29 41 182 99 
26 24 57 46 171 479 173 48 44 42 466 222 189 56 5 0 141 649 166 39 19 10 0 0 
0 0 29 8 74 261 646 6 0 29 148 569 263 9 6 0 94 897 15 4 5 9 0 0 
0 46 20 6 18 82 673 179 0 66 50 443 225 33 77 130 149 596 50 14 11 22 120 62 
0 83 237 77 100 112 328 87 4 138 309 340 97 17 34 85 51 530 43 245 16 21 51 67 
146 77 121 38 41 51 213 337 73 152 120 89 25 32 170 363 37 250 16 130 21 36 148 386 
18 403 436 52 32 51 28 0 13 14 754 112 36 45 43 3 0 24 67 776 50 46 44 13 
0 72 75 48 72 70 187 500 0 0 107 66 57 78 161 555 0 0 0 120 72 86 122 624 
0 787 35 15 17 21 48 101 0 0 803 26 19 17 48 111 0 0 1 815 22 23 38 125 
0 829 159 34 2 0 0 0 0 5 1013 6 0 0 0 0 0 24 99 901 0 0 0 0 
0 810 102 50 39 21 2 0 0 2 972 32 8 10 0 0 3 51 39 916 9 6 0 0 
0 783 141 23 14 29 28 6 0 0 904 34 19 31 29 7 0 0 0 919 33 27 35 10 
0 504 450 12 13 14 21 10 0 0 844 118 15 11 24 12 0 0 0 906 68 9 28 13 
0 851 173 0 0 0 0 0 0 0 991 33 0 0 0 0 0 0 0 1021 3 0 0 0 
0 1011 12 0 0 0 0 0 0 0 1022 1 0 0 0 0 0 0 71 952 0 0 0 0 
0 352 37 26 16 32 101 458 0 0 368 32 32 32 85 474 0 0 0 362 37 32 69 522 
0 1024 0 0 0 0 0 0 0 0 1024 0 0 0 0 0 0 0 0 1024 0 0 0 0 
0 1024 0 0 0 0 0 0 0 0 1024 0 0 0 0 0 0 0 0 1024 0 0 0 0 
0 1024 0 0 0 0 0 0 0 0 1024 0 0 0 0 0 0 0 0 1024 0 0 0 0 
0 1013 10 0 0 0 0 0 0 0 1013 10 0 0 0 0 0 0 0 960 64 0 0 0 
0 789 234 0 0 0 0 0 0 0 986 37 0 0 0 0 0 0 0 981 42 0 0 0 
0 1024 0 0 0 0 0 0 0 0 1024 0 0 0 0 0 0 0 181 842 0 0 0 0 
0 1024 0 0 0 0 0 0 0 0 1024 0 0 0 0 0 0 0 452 571 0 0 0 0 
