0 0 0 989 35 0 0 0 0 0 0 0 7 1017 0 0 0 0 0 0 0 0 0 1024 
0 0 0 833 191 0 0 0 0 0 0 0 0 1024 0 0 0 0 0 0 0 0 0 1024 
0 0 0 250 774 0 0 0 0 0 0 0 0 1021 3 0 0 0 0 0 0 0 0 1024 
0 0 0 74 719 231 0 0 0 0 0 0 0 629 395 0 0 0 0 0 0 0 0 1024 
0 0 0 0 953 71 0 0 0 0 0 0 0 760 264 0 0 0 0 0 0 0 0 1024 
0 0 0 0 1024 0 0 0 0 0 0 0 0 500 524 0 0 0 0 0 0 0 0 1024 
0 0 0 0 1024 0 0 0 0 0 0 0 0 218 806 0 0 0 0 0 0 0 0 1024 
0 0 0 0 1024 0 0 0 0 0 0 0 0 80 944 0 0 0 0 0 0 0 0 1024 
0 0 0 0 1024 0 0 0 0 0 0 0 0 28 996 0 0 0 0 0 0 0 0 1024 
0 0 0 0 1024 0 0 0 0 0 0 0 0 0 1024 0 0 0 0 0 0 0 0 1024 
0 0 0 0 1024 0 0 0 0 0 0 0 0 0 1024 0 0 0 0 0 0 0 0 1024 
0 0 0 0 800 224 0 0 0 0 0 0 0 0 1024 0 0 0 0 0 0 0 0 1024 
0 0 0 0 484 540 0 0 0 0 0 0 0 0 1024 0 0 0 0 0 0 0 0 1024 
0 0 0 0 1002 22 0 0 0 0 0 0 0 0 1024 0 0 0 0 0 0 0 0 1024 
0 0 0 0 1024 0 0 0 0 0 0 0 0 0 1024 0 0 0 0 0 0 0 0 1024 
0 0 0 0 1024 0 0 0 0 0 0 0 0 0 1024 0 0 0 0 0 0 0 0 1024 
0 0 0 0 1024 0 0 0 0 0 0 0 0 0 1024 0 0 0 0 0 0 0 0 1024 
0 0 0 0 928 96 0 0 0 0 0 0 0 0 1024 0 0 0 0 0 0 0 0 1024 
0 0 0 0 466 558 0 0 0 0 0 0 0 0 1024 0 0 0 0 0 0 0 0 1024 
0 0 0 0 821 197 6 0 0 0 0 0 0 0 1023 1 0 0 0 0 0 0 0 1024 
0 0 0 0 482 509 33 0 0 0 0 0 0 0 1018 6 0 0 0 0 0 0 0 1024 
0 0 0 0 108 710 206 0 0 0 0 0 0 0 1005 19 0 0 0 0 0 0 0 1024 
0 0 0 0 314 708 2 0 0 0 0 0 0 0 1024 0 0 0 0 0 0 0 0 1024 
0 0 0 0 7 634 383 0 0 0 0 0 0 0 1012 12 0 0 0 0 0 0 0 1024 
0 0 0 0 264 760 0 0 0 0 0 0 0 0 1024 0 0 0 0 0 0 0 0 1024 
0 0 0 0 445 579 0 0 0 0 0 0 0 0 1024 0 0 0 0 0 0 0 0 1024 
0 0 0 0 182 825 17 0 0 0 0 0 0 0 1024 0 0 0 0 0 0 0 0 1024 
0 0 0 0 0 653 371 0 0 0 0 0 0 0 1023 1 0 0 0 0 0 0 0 1024 
0 0 0 0 296 365 363 0 0 0 0 0 0 24 1000 0 0 0 0 0 0 0 0 1024 
0 0 0 0 934 90 0 0 0 0 0 0 0 315 709 0 0 0 0 0 0 0 0 1024 
0 0 0 102 919 3 0 0 0 0 0 0 0 761 263 0 0 0 0 0 0 0 0 1024 
0 0 0 36 617 371 0 0 0 0 0 0 0 726 298 0 0 0 0 0 0 0 180 844 
0 0 0 409 615 0 0 0 0 0 0 0 0 1008 16 0 0 0 0 0 0 0 0 1024 
0 0 0 6 1018 0 0 0 0 0 0 0 0 630 394 0 0 0 0 0 0 0 0 1024 
0 0 0 0 989 35 0 0 0 0 0 0 0 348 676 0 0 0 0 0 0 0 0 1024 
0 0 0 0 253 771 0 0 0 0 0 0 0 0 1024 0 0 0 0 0 0 0 0 1024 
0 0 0 0 234 790 0 0 0 0 0 0 0 0 1024 0 0 0 0 0 0 0 0 1024 
0 0 0 0 809 215 0 0 0 0 0 0 0 0 1024 0 0 0 0 0 0 0 0 1024 
0 0 0 0 991 33 0 0 0 0 0 0 0 0 1024 0 0 0 0 0 0 0 0 1024 
0 0 0 0 975 49 0 0 0 0 0 0 0 0 1024 0 0 0 0 0 0 0 0 1024 
0 0 0 0 871 153 0 0 0 0 0 0 0 0 1024 0 0 0 0 0 0 0 0 1024 
0 0 0 0 768 256 0 0 0 0 0 0 0 0 1024 0 0 0 0 0 0 0 0 1024 
0 0 0 0 600 424 0 0 0 0 0 0 0 0 1024 0 0 0 0 0 0 0 0 1024 
0 0 0 0 340 684 0 0 0 0 0 0 0 0 1024 0 0 0 0 0 0 0 0 1024 
0 0 0 0 233 791 0 0 0 0 0 0 0 0 1024 0 0 0 0 0 0 0 0 1024 
0 0 0 0 304 720 0 0 0 0 0 0 0 0 1024 0 0 0 0 0 0 0 0 1024 
0 0 0 0 232 792 0 0 0 0 0 0 0 0 1024 0 0 0 0 0 0 0 0 1024 
0 0 0 0 210 814 0 0 0 0 0 0 0 0 1024 0 0 0 0 0 0 0 0 1024 
0 0 0 0 235 789 0 0 0 0 0 0 0 0 1024 0 0 0 0 0 0 0 0 1024 
0 0 0 0 30 994 0 0 0 0 0 0 0 0 1024 0 0 0 0 0 0 0 0 1024 
0 0 0 0 39 985 0 0 0 0 0 0 0 0 1024 0 0 0 0 0 0 0 0 1024 
0 0 0 0 0 547 477 0 0 0 0 0 0 0 916 108 0 0 0 0 0 0 0 1024 
0 0 0 0 0 484 540 0 0 0 0 0 0 0 803 221 0 0 0 0 0 0 0 1024 
0 0 0 0 119 905 0 0 0 0 0 0 0 0 1024 0 0 0 0 0 0 0 0 1024 
0 0 0 0 214 810 0 0 0 0 0 0 0 0 1024 0 0 0 0 0 0 0 0 1024 
0 0 0 0 219 788 17 0 0 0 0 0 0 0 1024 0 0 0 0 0 0 0 0 1024 
0 0 0 0 408 616 0 0 0 0 0 0 0 0 1024 0 0 0 0 0 0 0 0 1024 
0 0 0 0 115 829 80 0 0 0 0 0 0 0 1024 0 0 0 0 0 0 0 0 1024 
0 0 0 0 0 606 418 0 0 0 0 0 0 0 917 107 0 0 0 0 0 0 0 1024 
0 0 0 0 2 711 311 0 0 0 0 0 0 0 1024 0 0 0 0 0 0 0 0 1024 
0 0 0 0 0 607 417 0 0 0 0 0 0 0 1024 0 0 0 0 0 0 0 0 1024 
0 0 0 0 279 735 10 0 0 0 0 0 0 0 1024 0 0 0 0 0 0 0 0 1024 
0 0 0 0 966 58 0 0 0 0 0 0 0 12 1012 0 0 0 0 0 0 0 0 1024 
0 0 0 0 994 30 0 0 0 0 0 0 0 537 487 0 0 0 0 0 0 0 0 1024 
0 0 0 0 989 35 0 0 0 0 0 0 0 169 855 0 0 0 0 0 0 0 0 1024 
0 0 0 0 648 376 0 0 0 0 0 0 0 0 1024 0 0 0 0 0 0 0 0 1024 
0 0 0 0 458 562 4 0 0 0 0 0 0 0 1024 0 0 0 0 0 0 0 0 1024 
0 0 0 0 24 970 30 0 0 0 0 0 0 0 1024 0 0 0 0 0 0 0 0 1024 
0 0 0 0 332 524 168 0 0 0 0 0 0 0 926 98 0 0 0 0 0 0 0 1024 
0 0 0 0 12 977 35 0 0 0 0 0 0 0 1008 16 0 0 0 0 0 0 0 1024 
0 0 0 0 82 777 165 0 0 0 0 0 0 0 990 34 0 0 0 0 0 0 0 1024 
0 0 0 0 41 406 571 6 0 0 0 0 0 0 795 229 0 0 0 0 0 0 0 1024 
0 0 0 0 0 610 377 37 0 0 0 0 0 0 660 364 0 0 0 0 0 0 0 1024 
0 0 0 0 0 1024 0 0 0 0 0 0 0 0 1024 0 0 0 0 0 0 0 0 1024 
0 0 0 0 0 1024 0 0 0 0 0 0 0 0 1024 0 0 0 0 0 0 0 0 1024 
0 0 0 0 0 1024 0 0 0 0 0 0 0 0 1024 0 0 0 0 0 0 0 0 1024 
0 0 0 0 0 1024 0 0 0 0 0 0 0 0 1024 0 0 0 0 0 0 0 0 1024 
0 0 0 0 0 1010 14 0 0 0 0 0 0 0 1014 10 0 0 0 0 0 0 0 1024 
0 0 0 0 0 985 39 0 0 0 0 0 0 0 977 47 0 0 0 0 0 0 0 1024 
0 0 0 0 0 1024 0 0 0 0 0 0 0 0 1024 0 0 0 0 0 0 0 0 1024 
0 0 0 0 0 1024 0 0 0 0 0 0 0 0 1024 0 0 0 0 0 0 0 0 1024 
0 0 0 0 0 963 61 0 0 0 0 0 0 0 1003 21 0 0 0 0 0 0 0 1024 
0 0 0 0 0 881 143 0 0 0 0 0 0 0 978 46 0 0 0 0 0 0 0 1024 
0 0 0 0 0 1013 11 0 0 0 0 0 0 0 1024 0 0 0 0 0 0 0 0 1024 
0 0 0 0 0 1002 22 0 0 0 0 0 0 0 1023 1 0 0 0 0 0 0 0 1024 
0 0 0 0 0 1024 0 0 0 0 0 0 0 0 1024 0 0 0 0 0 0 0 0 1024 
0 0 0 0 0 1024 0 0 0 0 0 0 0 0 1024 0 0 0 0 0 0 0 0 1024 
0 0 0 0 0 1024 0 0 0 0 0 0 0 0 1024 0 0 0 0 0 0 0 0 1024 
0 0 0 0 0 1024 0 0 0 0 0 0 0 0 1024 0 0 0 0 0 0 0 0 1024 
0 0 0 0 0 1005 19 0 0 0 0 0 0 0 1024 0 0 0 0 0 0 0 0 1024 
0 0 0 0 0 890 134 0 0 0 0 0 0 0 1021 3 0 0 0 0 0 0 0 1024 
0 0 0 0 0 1024 0 0 0 0 0 0 0 0 1024 0 0 0 0 0 0 0 0 1024 
0 0 0 0 0 1024 0 0 0 0 0 0 0 0 1024 0 0 0 0 0 0 0 0 1024 
0 0 0 0 103 921 0 0 0 0 0 0 0 0 1024 0 0 0 0 0 0 0 0 1024 
0 0 0 0 526 498 0 0 0 0 0 0 0 0 1024 0 0 0 0 0 0 0 0 1024 
0 0 0 0 914 110 0 0 0 0 0 0 0 0 1024 0 0 0 0 0 0 0 0 1024 
0 0 0 0 87 937 0 0 0 0 0 0 0 0 1024 0 0 0 0 0 0 0 0 1024 
0 0 0 0 18 606 400 0 0 0 0 0 0 0 1024 0 0 0 0 0 0 0 0 1024 
0 0 0 0 1 122 901 0 0 0 0 0 0 0 1024 0 0 0 0 0 0 0 0 1024 
0 0 0 0 0 548 476 0 0 0 0 0 0 0 993 31 0 0 0 0 0 0 0 1024 
0 0 0 0 0 0 1024 0 0 0 0 0 0 0 315 709 0 0 0 0 0 0 0 1024 
0 0 0 0 0 241 767 16 0 0 0 0 0 0 612 412 0 0 0 0 0 0 0 1024 
0 0 0 0 0 547 435 42 0 0 0 0 0 0 745 279 0 0 0 0 0 0 0 1024 
0 0 0 0 0 286 701 37 0 0 0 0 0 0 518 506 0 0 0 0 0 0 0 1024 
0 0 0 0 0 647 377 0 0 0 0 0 0 0 752 272 0 0 0 0 0 0 0 1024 
0 0 0 0 0 534 207 283 0 0 0 0 0 0 575 449 0 0 0 0 0 0 0 1024 
0 0 0 0 0 392 356 276 0 0 0 0 0 0 437 587 0 0 0 0 0 0 0 1024 
0 0 0 0 0 537 487 0 0 0 0 0 0 0 603 421 0 0 0 0 0 0 0 1024 
0 0 0 0 0 509 515 0 0 0 0 0 0 0 586 438 0 0 0 0 0 0 0 1024 
0 0 0 0 0 80 910 34 0 0 0 0 0 0 107 917 0 0 0 0 0 0 0 1024 
0 0 0 0 0 7 1017 0 0 0 0 0 0 0 25 999 0 0 0 0 0 0 0 1024 
0 0 0 0 0 143 881 0 0 0 0 0 0 0 225 799 0 0 0 0 0 0 0 1024 
0 0 0 0 0 253 771 0 0 0 0 0 0 0 320 704 0 0 0 0 0 0 0 1024 
0 0 0 0 0 208 816 0 0 0 0 0 0 0 352 672 0 0 0 0 0 0 0 1024 
0 0 0 0 0 336 688 0 0 0 0 0 0 0 346 678 0 0 0 0 0 0 0 1024 
0 0 0 0 0 464 560 0 0 0 0 0 0 0 338 686 0 0 0 0 0 0 0 1024 
0 0 0 0 0 512 512 0 0 0 0 0 0 0 408 616 0 0 0 0 0 0 0 1024 
0 0 0 0 0 555 469 0 0 0 0 0 0 0 421 603 0 0 0 0 0 0 0 1024 
0 0 0 0 0 592 432 0 0 0 0 0 0 0 536 488 0 0 0 0 0 0 0 1024 
0 0 0 0 0 696 328 0 0 0 0 0 0 0 581 443 0 0 0 0 0 0 0 1024 
0 0 0 0 0 720 304 0 0 0 0 0 0 0 600 424 0 0 0 0 0 0 0 1024 
0 0 0 0 0 720 304 0 0 0 0 0 0 0 640 384 0 0 0 0 0 0 0 1024 
0 0 0 0 0 737 287 0 0 0 0 0 0 0 669 355 0 0 0 0 0 0 0 1024 
0 0 0 0 0 814 210 0 0 0 0 0 0 0 769 255 0 0 0 0 0 0 0 1024 
0 0 0 0 0 1014 10 0 0 0 0 0 0 0 814 210 0 0 0 0 0 0 0 1024 
0 0 0 0 0 1024 0 0 0 0 0 0 0 0 935 89 0 0 0 0 0 0 0 1024 
0 0 0 0 0 1024 0 0 0 0 0 0 0 0 1024 0 0 0 0 0 0 0 0 1024 
0 0 0 0 0 1024 0 0 0 0 0 0 0 0 1024 0 0 0 0 0 0 0 0 1024 
0 0 0 0 0 1017 7 0 0 0 0 0 0 0 1024 0 0 0 0 0 0 0 0 1024 
0 0 0 0 0 984 40 0 0 0 0 0 0 0 1024 0 0 0 0 0 0 0 0 1024 
0 0 0 0 0 908 116 0 0 0 0 0 0 0 1024 0 0 0 0 0 0 0 0 1024 
0 3 25 20 8 783 185 0 0 0 9 29 10 6 899 71 0 10 21 11 6 4 9 963 
3 23 69 69 30 266 563 1 2 14 50 63 52 19 723 101 13 66 69 26 10 18 16 806 
11 49 141 91 37 628 67 0 2 24 108 122 48 23 679 18 15 101 108 51 23 13 30 683 
0 18 83 74 24 136 657 32 0 5 60 99 26 14 320 500 17 96 54 18 13 11 17 798 
8 101 237 169 44 20 298 147 0 44 198 216 90 22 56 398 59 254 174 54 19 15 10 439 
21 97 145 125 27 32 565 12 5 66 131 145 61 23 77 516 39 156 152 50 15 19 22 571 
0 2 12 20 12 143 421 414 0 0 5 17 20 10 363 609 0 3 13 8 12 11 17 960 
0 0 0 0 0 313 423 288 0 0 0 0 0 0 479 545 0 0 0 0 0 0 0 1024 
0 0 0 0 0 0 976 48 0 0 0 0 0 0 7 1017 0 0 0 0 0 0 0 1024 
0 0 0 0 0 0 1024 0 0 0 0 0 0 0 0 1024 0 0 0 0 0 0 0 1024 
0 0 0 0 0 0 1024 0 0 0 0 0 0 0 0 1024 0 0 0 0 0 0 0 1024 
0 0 0 0 0 0 1024 0 0 0 0 0 0 0 0 1024 0 0 0 0 0 0 0 1024 
0 0 0 0 0 0 1024 0 0 0 0 0 0 0 0 1024 0 0 0 0 0 0 0 1024 
0 0 0 0 0 0 1024 0 0 0 0 0 0 0 0 1024 0 0 0 0 0 0 0 1024 
0 0 0 0 0 0 1017 7 0 0 0 0 0 0 0 1024 0 0 0 0 0 0 0 1024 
0 0 0 0 0 0 1024 0 0 0 0 0 0 0 0 1024 0 0 0 0 0 0 0 1024 
0 0 0 0 0 0 1024 0 0 0 0 0 0 0 0 1024 0 0 0 0 0 0 0 1024 
0 0 0 0 0 0 1024 0 0 0 0 0 0 0 0 1024 0 0 0 0 0 0 0 1024 
0 0 0 0 0 0 1024 0 0 0 0 0 0 0 0 1024 0 0 0 0 0 0 0 1024 
0 0 0 0 0 0 1024 0 0 0 0 0 0 0 0 1024 0 0 0 0 0 0 0 1024 
0 0 0 0 0 0 1024 0 0 0 0 0 0 0 0 1024 0 0 0 0 0 0 0 1024 
0 0 0 0 0 0 1024 0 0 0 0 0 0 0 0 1024 0 0 0 0 0 0 0 1024 
0 0 0 0 0 0 1024 0 0 0 0 0 0 0 0 1024 0 0 0 0 0 0 0 1024 
0 0 0 0 0 14 1010 0 0 0 0 0 0 0 0 1024 0 0 0 0 0 0 0 1024 
0 0 0 0 0 32 992 0 0 0 0 0 0 0 0 1024 0 0 0 0 0 0 0 1024 
0 0 0 0 0 50 974 0 0 0 0 0 0 0 0 1024 0 0 0 0 0 0 0 1024 
0 0 0 0 0 171 853 0 0 0 0 0 0 0 64 960 0 0 0 0 0 0 0 1024 
0 0 0 0 0 387 598 39 0 0 0 0 0 0 220 804 0 0 0 0 0 0 0 1024 
0 0 0 0 0 640 325 59 0 0 0 0 0 0 467 557 0 0 0 0 0 0 0 1024 
0 0 0 0 3 931 90 0 0 0 0 0 0 0 1024 0 0 0 0 0 0 0 0 1024 
15 160 194 46 19 545 45 0 2 79 198 111 26 15 535 58 43 230 99 26 18 10 21 577 
85 364 235 64 33 162 81 0 46 234 308 136 30 31 213 26 136 367 167 52 22 26 23 231 
38 212 405 181 42 117 28 1 17 101 363 282 96 29 117 19 79 325 295 100 48 34 17 126 
116 402 334 117 34 13 7 1 47 272 404 214 49 23 12 3 175 422 247 91 39 21 16 13 
286 349 234 86 36 24 9 0 144 366 278 134 47 27 20 8 266 352 174 96 62 28 18 28 
104 220 256 113 46 192 92 1 40 164 272 163 72 36 180 97 61 249 221 92 53 51 31 266 
97 282 347 152 67 51 27 1 28 200 329 248 98 52 42 27 69 317 258 133 83 58 50 56 
83 268 398 177 54 32 11 1 22 182 365 280 103 37 22 13 94 386 273 121 60 35 21 34 
74 181 262 247 91 90 69 10 14 127 247 271 140 69 77 79 28 188 267 167 93 78 54 149 
3 17 11 29 19 61 562 322 0 7 19 16 25 12 103 842 0 1 14 28 14 8 22 937 
0 0 0 0 0 5 447 572 0 0 0 0 0 0 10 1014 0 0 0 0 0 0 0 1024 
0 0 0 0 0 0 389 635 0 0 0 0 0 0 0 1024 0 0 0 0 0 0 0 1024 
0 0 0 0 0 0 649 375 0 0 0 0 0 0 0 1024 0 0 0 0 0 0 0 1024 
0 0 0 0 0 0 552 472 0 0 0 0 0 0 0 1024 0 0 0 0 0 0 0 1024 
0 0 0 0 0 0 51 973 0 0 0 0 0 0 0 1024 0 0 0 0 0 0 0 1024 
0 0 0 0 0 0 0 1024 0 0 0 0 0 0 0 1024 0 0 0 0 0 0 0 1024 
0 0 0 0 0 0 33 991 0 0 0 0 0 0 0 1024 0 0 0 0 0 0 0 1024 
0 0 0 0 0 0 227 797 0 0 0 0 0 0 0 1024 0 0 0 0 0 0 0 1024 
0 0 0 0 0 0 160 864 0 0 0 0 0 0 0 1024 0 0 0 0 0 0 0 1024 
0 0 0 0 0 0 160 864 0 0 0 0 0 0 0 1024 0 0 0 0 0 0 0 1024 
0 0 0 0 0 0 177 847 0 0 0 0 0 0 0 1024 0 0 0 0 0 0 0 1024 
0 0 0 0 0 0 253 771 0 0 0 0 0 0 0 1024 0 0 0 0 0 0 0 1024 
0 0 0 0 0 0 380 644 0 0 0 0 0 0 0 1024 0 0 0 0 0 0 0 1024 
0 0 0 0 0 0 471 553 0 0 0 0 0 0 0 1024 0 0 0 0 0 0 0 1024 
0 0 0 0 0 0 503 521 0 0 0 0 0 0 0 1024 0 0 0 0 0 0 0 1024 
0 0 0 0 0 0 463 561 0 0 0 0 0 0 0 1024 0 0 0 0 0 0 0 1024 
0 0 0 0 0 0 649 375 0 0 0 0 0 0 10 1014 0 0 0 0 0 0 0 1024 
0 0 3 37 70 63 561 290 0 0 3 29 65 66 99 762 0 0 7 29 49 59 58 822 
0 0 28 171 153 102 513 57 0 0 13 131 148 96 93 543 0 4 56 139 109 76 72 568 
0 0 2 9 15 96 468 434 0 0 1 7 12 14 187 803 0 0 1 8 9 8 23 975 
0 0 75 201 77 71 389 211 0 0 34 209 100 41 193 447 0 18 180 101 38 25 44 618 
0 4 11 10 62 563 333 41 0 0 9 9 9 72 777 148 0 0 5 9 8 7 8 987 
9 213 411 129 55 63 130 14 1 82 405 245 61 45 90 95 62 410 193 80 40 40 37 162 
65 306 334 114 67 65 54 19 26 214 374 172 84 61 57 36 98 346 225 98 79 61 50 67 
40 163 274 189 133 93 115 17 18 95 240 230 149 99 116 77 35 134 191 157 145 108 87 167 
200 242 203 94 55 50 103 77 106 247 231 109 72 49 69 141 132 265 157 89 72 64 54 191 
289 375 253 65 17 17 5 3 191 349 310 112 33 15 11 3 372 407 143 45 22 13 10 12 
122 336 370 154 31 8 3 0 69 237 365 265 64 17 7 0 283 466 195 54 9 13 4 0 
116 227 311 159 72 57 66 16 46 175 265 262 100 45 58 73 129 290 249 104 52 32 54 114 
84 225 301 203 96 68 36 11 24 171 294 251 133 77 47 27 66 270 240 178 101 72 48 49 
67 185 225 180 104 70 160 33 19 132 220 223 129 71 87 143 17 139 195 178 134 86 68 207 
1 6 34 58 51 35 549 290 0 2 18 65 52 27 197 663 0 3 34 52 39 42 74 780 
0 0 0 0 0 0 5 1019 0 0 0 0 0 0 0 1024 0 0 0 0 0 0 0 1024 
0 0 0 0 0 0 25 999 0 0 0 0 0 0 0 1024 0 0 0 0 0 0 0 1024 
0 0 0 0 0 0 26 998 0 0 0 0 0 0 0 1024 0 0 0 0 0 0 0 1024 
0 0 0 0 0 0 79 945 0 0 0 0 0 0 0 1024 0 0 0 0 0 0 0 1024 
0 0 0 0 0 0 398 626 0 0 0 0 0 0 54 970 0 0 0 0 0 0 0 1024 
0 0 0 0 0 0 136 888 0 0 0 0 0 0 9 1015 0 0 0 0 0 0 0 1024 
0 0 0 0 0 0 0 1024 0 0 0 0 0 0 0 1024 0 0 0 0 0 0 0 1024 
0 0 0 0 0 0 24 1000 0 0 0 0 0 0 0 1024 0 0 0 0 0 0 0 1024 
0 0 0 0 0 0 32 992 0 0 0 0 0 0 0 1024 0 0 0 0 0 0 0 1024 
0 0 0 0 0 0 242 782 0 0 0 0 0 0 31 993 0 0 0 0 0 0 0 1024 
0 0 0 0 0 0 419 605 0 0 0 0 0 0 18 1006 0 0 0 0 0 0 0 1024 
0 0 0 0 0 0 444 580 0 0 0 0 0 0 158 866 0 0 0 0 0 0 0 1024 
0 1 0 25 43 35 505 415 0 0 3 22 40 28 132 799 0 2 18 25 23 24 12 920 
1 14 49 107 100 31 181 541 1 9 40 90 117 37 53 677 7 52 128 59 29 23 21 705 
4 15 46 145 63 26 230 495 1 13 29 125 96 26 19 715 7 59 128 66 20 23 14 707 
0 0 4 19 21 16 534 430 0 0 1 10 26 18 32 937 0 0 13 16 22 9 13 951 
0 6 33 139 118 86 306 336 0 2 26 129 118 71 143 535 0 11 60 97 104 54 79 619 
3 40 140 298 243 166 100 34 0 29 99 308 230 168 125 65 0 33 207 265 146 150 119 104 
1 32 284 395 189 91 30 2 0 15 212 423 225 98 47 4 2 133 353 274 144 71 40 7 
0 17 253 544 143 61 6 0 0 11 161 575 193 53 30 1 10 269 454 136 79 43 31 2 
0 39 591 313 51 28 2 0 0 11 471 445 53 37 7 0 5 464 418 79 36 14 8 0 
0 0 0 0 0 438 503 83 0 0 0 0 0 0 715 309 0 0 0 0 0 0 0 1024 
33 140 232 81 68 200 261 9 11 79 233 142 60 53 342 104 8 139 170 112 68 48 49 430 
87 234 319 153 72 65 79 15 41 171 322 227 77 57 72 57 87 305 218 131 63 55 52 113 
57 265 331 199 59 56 56 1 24 162 327 267 113 32 71 28 94 341 253 148 54 28 17 89 
46 311 457 193 13 2 2 0 7 155 440 331 84 4 1 2 297 475 190 50 7 3 0 2 
113 334 387 167 19 3 1 0 52 251 372 269 74 5 1 0 352 425 175 54 11 4 3 0 
184 346 355 115 20 4 0 0 99 268 371 230 48 8 0 0 353 412 169 70 12 7 1 0 
448 290 197 73 13 3 0 0 338 322 201 126 32 5 0 0 486 347 109 63 15 4 0 0 
141 247 262 189 87 45 45 8 72 223 244 229 124 56 47 29 131 281 222 181 68 50 45 46 
43 158 343 306 95 26 27 26 12 109 253 373 173 43 23 38 99 391 260 126 52 29 24 43 
1 38 149 436 256 102 35 7 0 19 139 426 277 109 36 18 13 68 262 346 179 86 48 22 
0 0 38 169 177 95 249 296 0 0 26 155 178 95 126 444 0 5 41 153 147 84 68 526 
0 0 0 0 2 7 657 358 0 0 0 0 1 3 72 948 0 0 0 0 0 2 3 1019 
0 0 0 0 0 0 252 772 0 0 0 0 0 0 0 1024 0 0 0 0 0 0 0 1024 
0 0 0 0 0 0 604 420 0 0 0 0 0 0 70 954 0 0 0 0 0 0 0 1024 
0 0 0 0 0 69 546 409 0 0 0 0 0 0 445 579 0 0 0 0 0 0 0 1024 
0 0 0 0 0 0 694 330 0 0 0 0 0 0 268 756 0 0 0 0 0 0 0 1024 
0 0 0 0 0 0 476 548 0 0 0 0 0 0 18 1006 0 0 0 0 0 0 0 1024 
0 0 0 0 0 0 444 580 0 0 0 0 0 0 18 1006 0 0 0 0 0 0 0 1024 
0 0 0 0 0 8 743 273 0 0 0 0 0 0 156 868 0 0 0 0 0 0 0 1024 
0 0 0 0 0 133 717 174 0 0 0 0 0 0 297 727 0 0 0 0 0 0 0 1024 
0 0 0 0 0 4 609 411 0 0 0 0 0 0 146 878 0 0 0 0 0 0 0 1024 
0 0 0 2 8 34 797 183 0 0 0 2 5 22 450 545 0 0 0 0 5 16 14 989 
2 39 120 213 206 115 223 106 0 21 110 216 211 117 99 250 25 122 194 144 99 73 78 289 
24 101 162 218 165 128 136 90 13 72 151 190 191 123 140 144 12 112 178 179 122 103 105 213 
47 167 227 249 162 83 71 18 23 142 197 232 224 87 70 49 64 207 290 165 108 77 42 71 
4 41 72 171 159 217 334 26 0 19 68 131 164 137 342 163 6 28 81 119 126 99 129 436 
0 7 77 330 309 183 106 12 0 2 50 274 338 187 129 44 0 16 136 265 213 182 117 95 
3 62 341 372 164 49 25 8 1 36 302 394 188 55 33 15 17 252 402 179 65 61 22 26 
0 80 311 461 168 4 0 0 1 63 284 480 192 4 0 0 52 351 500 121 0 0 0 0 
17 334 528 142 3 0 0 0 7 224 564 220 9 0 0 0 132 735 154 3 0 0 0 0 
24 378 572 49 1 0 0 0 16 288 608 111 1 0 0 0 183 735 103 3 0 0 0 0 
0 0 0 261 21 527 215 0 0 0 0 11 260 12 715 26 0 0 0 0 28 142 111 743 
0 0 0 219 29 487 289 0 0 0 0 6 222 18 751 27 0 0 0 0 23 149 70 782 
63 180 235 212 112 131 83 8 20 146 235 154 205 54 167 43 59 216 170 95 72 146 68 198 
135 324 315 116 50 53 28 3 66 252 355 176 69 42 54 10 283 333 147 74 54 37 50 46 
158 399 324 92 30 11 10 0 78 317 378 174 48 13 11 5 301 437 162 55 33 17 8 11 
226 368 282 117 17 10 3 1 152 307 309 191 46 13 5 1 375 388 168 59 14 12 7 1 
261 324 290 102 23 16 8 0 158 317 316 163 32 21 14 3 413 367 134 51 16 20 12 11 
385 350 224 59 6 0 0 0 281 380 244 103 15 1 0 0 583 326 99 14 2 0 0 0 
34 180 430 335 43 2 0 0 14 174 441 358 35 2 0 0 166 533 298 26 1 0 0 0 
4 68 288 541 122 1 0 0 2 53 291 567 110 1 0 0 83 469 435 36 1 0 0 0 
1 33 215 540 218 14 3 0 1 37 249 562 159 13 3 0 39 298 544 110 19 9 5 0 
1 48 185 401 215 128 44 2 1 39 181 397 230 130 44 2 5 105 322 252 155 132 46 7 
0 0 4 60 311 298 282 69 0 0 0 11 342 342 227 102 0 0 3 8 237 392 266 118 
0 0 0 58 258 361 297 50 0 0 0 0 302 475 196 51 0 0 0 0 171 522 271 60 
0 0 0 13 155 237 546 73 0 0 0 0 157 297 420 150 0 0 0 0 93 373 383 175 
0 0 0 0 80 337 555 52 0 0 0 0 61 415 381 167 0 0 0 0 42 393 357 232 
0 0 0 0 199 389 436 0 0 0 0 0 97 531 354 42 0 0 0 0 12 520 190 302 
0 0 0 1 362 109 540 12 0 0 0 0 204 267 373 180 0 0 0 0 27 423 134 440 
0 0 0 11 473 18 520 2 0 0 0 0 403 92 333 196 0 0 0 0 38 455 15 516 
0 0 0 35 366 39 583 1 0 0 0 0 323 102 187 412 0 0 0 0 25 387 28 584 
0 0 0 43 286 61 529 105 0 0 2 11 180 167 61 603 0 0 3 17 68 224 62 650 
0 0 0 64 242 335 362 21 0 0 0 21 113 247 433 210 0 0 5 23 44 190 110 652 
2 28 98 162 216 299 219 0 1 27 77 135 210 163 390 21 18 69 125 126 124 103 127 332 
76 138 141 160 256 214 39 0 50 121 151 162 236 165 132 7 81 167 204 184 114 92 80 102 
83 146 203 273 210 87 19 3 58 125 189 270 256 82 36 8 178 326 264 105 65 35 36 15 
52 131 144 268 248 145 36 0 21 120 150 289 238 96 101 9 102 256 250 143 77 66 49 81 
0 6 55 326 316 254 67 0 0 0 29 281 197 251 252 14 9 36 69 276 105 106 198 225 
9 138 335 284 165 71 21 1 3 104 324 336 143 67 42 5 29 324 331 139 79 53 37 32 
9 136 329 408 134 8 0 0 9 121 323 422 139 10 0 0 105 342 451 118 8 0 0 0 
18 122 365 386 120 12 1 0 19 116 338 409 130 11 1 0 129 397 392 96 9 1 0 0 
44 272 381 273 54 0 0 0 21 226 382 337 58 0 0 0 200 543 256 25 0 0 0 0 
16 250 600 153 5 0 0 0 10 159 579 270 6 0 0 0 147 770 106 1 0 0 0 0 
0 32 73 605 174 129 11 0 0 3 65 532 295 129 0 0 0 0 37 317 490 105 73 2 
0 24 78 603 168 143 8 0 0 2 42 486 371 111 12 0 0 0 55 402 351 136 70 10 
22 175 282 283 139 111 12 0 7 80 313 277 241 96 10 0 125 300 127 242 145 58 22 5 
226 382 294 97 18 6 1 0 153 349 340 146 31 5 0 0 445 392 140 34 10 3 0 0 
202 301 296 111 70 38 6 0 156 256 300 190 99 22 1 0 404 387 105 93 30 5 0 0 
196 404 333 76 14 1 0 0 117 385 337 166 17 2 0 0 502 412 93 15 1 1 0 0 
240 407 288 74 11 4 0 0 153 379 326 145 18 3 0 0 524 395 87 14 4 0 0 0 
194 363 322 131 14 0 0 0 134 306 360 201 23 0 0 0 440 427 147 10 0 0 0 0 
9 176 421 355 63 0 0 0 5 179 455 355 30 0 0 0 133 540 339 12 0 0 0 0 
38 235 303 382 66 0 0 0 31 250 317 381 45 0 0 0 205 504 303 12 0 0 0 0 
29 234 307 378 74 2 0 0 18 240 351 368 47 0 0 0 193 490 318 22 1 0 0 0 
2 21 238 405 236 121 1 0 2 26 257 432 219 87 1 0 30 237 453 268 34 1 1 0 
0 0 7 204 332 469 12 0 0 0 18 138 404 464 0 0 0 1 73 519 358 66 7 0 
0 0 0 105 457 453 9 0 0 0 8 75 440 486 15 0 0 0 67 517 321 119 0 0 
0 0 0 84 360 565 15 0 0 0 10 72 421 502 19 0 0 0 60 562 304 98 0 0 
0 0 0 72 365 512 72 3 0 0 0 53 322 611 37 1 0 0 36 531 319 137 1 0 
0 0 0 11 331 641 38 3 0 0 0 11 276 702 33 2 0 0 23 594 236 165 4 2 
0 0 0 0 283 720 21 0 0 0 0 2 221 767 34 0 0 0 9 565 281 162 7 0 
0 0 0 12 421 575 16 0 0 0 0 6 258 748 12 0 0 0 20 640 239 125 0 0 
0 0 13 147 582 269 13 0 0 0 12 151 216 642 3 0 0 3 112 767 135 7 0 0 
0 0 10 149 672 182 11 0 0 0 7 78 233 700 6 0 0 0 115 815 92 2 0 0 
0 0 0 118 755 151 0 0 0 0 0 18 220 786 0 0 0 0 97 896 31 0 0 0 
1 28 89 217 583 106 0 0 0 20 70 155 343 435 1 0 72 128 287 517 20 0 0 0 
16 91 181 395 313 28 0 0 11 82 213 353 282 82 1 0 191 438 276 105 14 0 0 0 
16 26 118 638 224 2 0 0 11 48 404 496 64 1 0 0 97 697 220 9 1 0 0 0 
0 2 133 651 236 2 0 0 0 5 249 644 125 1 0 0 71 659 292 2 0 0 0 0 
0 0 44 382 581 17 0 0 0 0 40 616 352 16 0 0 4 230 673 100 17 0 0 0 
0 2 63 527 402 30 0 0 0 7 240 653 121 3 0 0 7 290 660 66 1 0 0 0 
0 44 251 469 243 16 1 0 1 50 337 481 144 11 0 0 61 415 453 88 7 0 0 0 
22 133 278 416 160 15 0 0 26 150 348 384 104 12 0 0 174 436 345 64 5 0 0 0 
9 135 408 424 48 0 0 0 2 119 465 409 29 0 0 0 135 585 296 8 0 0 0 0 
7 216 503 280 18 0 0 0 4 196 508 301 15 0 0 0 133 693 194 4 0 0 0 0 
0 0 2 276 586 159 1 0 0 0 0 27 748 249 0 0 0 4 580 416 24 0 0 0 
0 0 0 240 635 148 1 0 0 0 0 19 795 209 1 0 0 1 591 407 25 0 0 0 
0 0 0 305 547 167 4 1 0 0 1 7 802 210 3 1 0 5 666 290 62 0 1 0 
21 62 112 249 529 51 0 0 9 50 102 121 613 129 0 0 103 129 622 162 8 0 0 0 
31 218 456 221 84 14 0 0 10 126 399 340 137 12 0 0 356 465 137 64 2 0 0 0 
138 327 430 124 5 0 0 0 81 268 371 284 20 0 0 0 497 457 67 3 0 0 0 0 
256 326 272 150 20 0 0 0 196 336 278 182 32 0 0 0 515 379 117 13 0 0 0 0 
400 300 231 86 7 0 0 0 298 313 236 143 34 0 0 0 622 305 92 5 0 0 0 0 
229 250 194 214 120 15 2 0 180 259 221 220 113 31 0 0 371 341 244 58 10 0 0 0 
222 350 202 157 76 17 0 0 125 403 227 152 73 43 1 0 379 408 180 51 6 0 0 0 
186 370 193 133 135 7 0 0 44 417 254 144 115 50 0 0 238 505 216 61 4 0 0 0 
11 274 87 77 549 26 0 0 0 105 231 57 263 368 0 0 31 328 461 204 0 0 0 0 
0 22 121 115 669 97 0 0 0 0 110 101 322 491 0 0 3 143 609 269 0 0 0 0 
0 0 1 25 707 289 2 0 0 0 0 25 444 547 8 0 0 4 403 604 13 0 0 0 
0 0 0 0 487 532 5 0 0 0 0 6 451 556 11 0 0 0 69 918 37 0 0 0 
0 0 0 87 388 524 25 0 0 0 0 76 382 558 8 0 0 0 96 719 104 79 25 1 
0 0 2 103 554 337 28 0 0 0 2 49 542 407 24 0 0 3 62 524 136 124 143 32 
0 0 23 424 319 233 25 0 0 0 10 399 341 164 109 1 0 60 413 204 86 62 82 117 
0 0 27 346 315 323 13 0 0 0 17 329 263 186 228 1 0 34 356 139 55 47 147 246 
0 0 0 31 314 634 45 0 0 0 0 12 301 475 236 0 0 0 27 267 108 80 238 304 
0 0 0 35 376 573 40 0 0 0 0 28 288 643 65 0 0 2 61 523 111 61 196 70 
0 0 2 48 382 567 25 0 0 0 1 38 394 544 47 0 1 6 308 608 57 18 17 9 
3 95 99 87 448 289 3 0 0 29 119 85 308 461 22 0 36 159 348 457 24 0 0 0 
5 81 293 491 137 17 0 0 4 120 447 367 58 28 0 0 135 615 236 38 0 0 0 0 
7 162 358 427 70 0 0 0 17 291 477 224 15 0 0 0 284 612 128 0 0 0 0 0 
8 65 118 508 321 4 0 0 5 78 340 568 33 0 0 0 123 580 320 1 0 0 0 0 
0 13 151 462 388 10 0 0 0 41 388 567 28 0 0 0 26 467 522 9 0 0 0 0 
0 14 283 515 200 12 0 0 0 57 486 404 75 2 0 0 56 526 383 58 1 0 0 0 
0 17 280 580 143 4 0 0 0 46 379 550 49 0 0 0 91 638 286 9 0 0 0 0 
7 149 424 396 47 1 0 0 7 168 482 334 32 1 0 0 210 596 199 19 0 0 0 0 
24 209 447 308 35 1 0 0 14 176 407 364 62 1 0 0 179 578 246 21 0 0 0 0 
48 460 350 142 23 1 0 0 44 419 364 160 35 2 0 0 327 546 132 18 1 0 0 0 
0 0 25 945 54 0 0 0 0 0 3 148 871 2 0 0 0 112 910 2 0 0 0 0 
0 0 10 881 133 0 0 0 0 0 0 57 962 5 0 0 0 99 917 8 0 0 0 0 
0 0 3 790 231 0 0 0 0 0 0 11 1000 13 0 0 0 71 951 2 0 0 0 0 
0 0 12 857 155 0 0 0 0 0 2 34 975 13 0 0 2 183 835 4 0 0 0 0 
5 44 94 756 125 0 0 0 0 25 59 101 831 8 0 0 41 306 672 5 0 0 0 0 
112 395 227 217 53 18 2 0 44 348 251 188 177 15 1 0 289 483 187 44 19 1 1 0 
446 312 147 107 12 0 0 0 182 553 122 122 44 1 0 0 616 361 44 3 0 0 0 0 
506 259 186 69 4 0 0 0 35 669 177 126 16 1 0 0 551 428 42 3 0 0 0 0 
456 367 85 89 10 17 0 0 16 785 74 85 53 11 0 0 368 556 79 12 9 0 0 0 
120 682 84 124 14 0 0 0 7 726 110 69 106 6 0 0 169 734 120 1 0 0 0 0 
60 602 172 167 23 0 0 0 0 515 256 136 112 5 0 0 103 712 167 20 18 4 0 0 
26 374 86 109 302 127 0 0 1 252 208 72 185 230 76 0 51 381 139 51 14 106 176 106 
0 1 7 253 588 175 0 0 0 1 3 33 363 454 170 0 2 18 237 45 19 53 297 353 
0 0 7 321 484 209 3 0 0 0 0 19 365 485 155 0 0 0 25 17 21 159 501 301 
0 0 26 456 521 21 0 0 0 0 0 72 506 427 19 0 0 0 0 0 43 314 585 82 
0 0 73 710 240 1 0 0 0 0 0 140 696 188 0 0 0 0 0 0 44 527 447 6 
0 0 78 525 358 57 6 0 0 0 35 167 499 305 18 0 0 23 75 60 71 316 427 52 
0 1 162 665 170 23 3 0 0 0 98 687 230 9 0 0 3 322 639 58 2 0 0 0 
0 0 44 329 575 76 0 0 0 0 26 304 381 313 0 0 0 75 669 269 11 0 0 0 
0 0 9 67 713 235 0 0 0 0 2 21 195 805 1 0 0 0 303 572 48 35 66 0 
0 0 0 4 789 231 0 0 0 0 0 0 96 928 0 0 0 1 274 681 26 21 15 6 
0 0 0 23 875 126 0 0 0 0 0 6 421 597 0 0 0 31 596 397 0 0 0 0 
0 22 23 104 846 29 0 0 0 8 20 44 565 387 0 0 9 149 685 181 0 0 0 0 
31 214 123 156 490 10 0 0 26 194 119 102 435 148 0 0 135 276 521 92 0 0 0 0 
67 188 188 254 313 10 2 2 40 217 190 110 379 82 2 4 227 338 430 22 3 4 0 0 
20 78 233 428 263 2 0 0 23 88 314 402 179 18 0 0 103 550 358 13 0 0 0 0 
4 184 434 372 30 0 0 0 7 272 533 208 4 0 0 0 233 656 135 0 0 0 0 0 
24 303 358 303 36 0 0 0 30 368 402 220 4 0 0 0 353 578 92 1 0 0 0 0 
19 177 416 342 68 2 0 0 17 210 437 309 51 0 0 0 252 558 203 11 0 0 0 0 
135 461 286 125 17 0 0 0 81 483 326 119 15 0 0 0 453 467 100 4 0 0 0 0 
275 490 209 45 5 0 0 0 201 526 228 61 8 0 0 0 565 383 71 5 0 0 0 0 
125 415 356 118 10 0 0 0 81 418 366 147 12 0 0 0 384 510 121 9 0 0 0 0 
0 0 46 959 19 0 0 0 0 0 0 150 874 0 0 0 0 428 596 0 0 0 0 0 
0 1 65 920 38 0 0 0 0 0 6 150 867 1 0 0 5 417 602 0 0 0 0 0 
0 0 67 950 7 0 0 0 0 0 2 194 827 1 0 0 2 580 442 0 0 0 0 0 
0 0 24 967 33 0 0 0 0 0 1 126 896 1 0 0 1 559 464 0 0 0 0 0 
0 0 1 954 69 0 0 0 0 0 0 51 969 4 0 0 0 371 653 0 0 0 0 0 
0 0 37 800 171 12 4 0 0 1 6 118 872 25 2 0 2 357 637 18 8 2 0 0 
147 79 46 597 153 0 2 0 111 104 40 97 655 16 1 0 182 393 444 3 0 2 0 0 
64 183 54 487 236 0 0 0 4 184 95 41 667 33 0 0 101 354 565 4 0 0 0 0 
69 113 140 435 262 5 0 0 0 159 139 91 615 20 0 0 73 212 690 49 0 0 0 0 
1 19 617 230 157 0 0 0 0 14 604 103 298 5 0 0 3 176 523 322 0 0 0 0 
0 0 883 137 4 0 0 0 0 0 715 290 19 0 0 0 1 66 164 746 46 1 0 0 
0 0 572 396 56 0 0 0 0 0 162 659 194 9 0 0 0 0 0 291 560 168 5 0 
0 3 363 646 12 0 0 0 0 0 28 613 379 4 0 0 0 0 0 14 464 514 32 0 
0 7 347 618 52 0 0 0 0 0 50 554 403 17 0 0 0 0 0 37 417 496 74 0 
0 12 391 558 63 0 0 0 0 1 51 542 406 24 0 0 0 0 0 39 418 494 73 0 
0 8 347 558 111 0 0 0 0 0 65 498 402 59 0 0 0 0 0 50 394 440 136 4 
0 9 135 466 354 58 2 0 0 2 97 249 396 263 16 1 5 93 192 71 71 253 306 33 
0 9 343 587 83 2 0 0 0 2 174 676 170 2 0 0 19 461 513 31 0 0 0 0 
0 2 60 361 559 42 0 0 0 0 24 287 529 184 0 0 4 102 708 208 2 0 0 0 
0 0 0 27 946 51 0 0 0 0 0 0 240 783 1 0 0 2 706 316 0 0 0 0 
0 0 0 18 842 164 0 0 0 0 0 0 220 803 1 0 0 4 544 475 1 0 0 0 
0 0 0 43 936 45 0 0 0 0 0 1 302 719 2 0 0 6 735 283 0 0 0 0 
0 0 0 224 799 1 0 0 0 0 0 0 621 403 0 0 0 1 941 82 0 0 0 0 
0 0 0 111 896 17 0 0 0 0 0 1 572 451 0 0 0 2 797 225 0 0 0 0 
0 1 26 138 840 19 0 0 0 0 8 75 618 323 0 0 1 71 896 56 0 0 0 0 
8 165 192 239 420 0 0 0 3 113 205 231 466 6 0 0 86 390 548 0 0 0 0 0 
180 476 227 125 16 0 0 0 78 537 241 143 25 0 0 0 455 461 106 2 0 0 0 0 
508 397 103 16 0 0 0 0 447 450 107 20 0 0 0 0 765 244 15 0 0 0 0 0 
352 401 183 81 7 0 0 0 311 424 177 101 11 0 0 0 614 335 70 5 0 0 0 0 
318 283 294 116 13 0 0 0 252 305 319 133 15 0 0 0 512 393 108 11 0 0 0 0 
25 291 485 203 19 1 0 0 14 244 494 245 26 1 0 0 260 604 151 9 0 0 0 0 
164 459 276 110 15 0 0 0 134 455 291 127 17 0 0 0 459 423 122 20 0 0 0 0 
0 0 44 953 27 0 0 0 0 0 0 83 941 0 0 0 0 446 578 0 0 0 0 0 
0 0 48 909 67 0 0 0 0 0 1 102 911 10 0 0 1 457 566 0 0 0 0 0 
0 0 16 882 126 0 0 0 0 0 0 53 951 20 0 0 0 394 630 0 0 0 0 0 
0 1 33 763 227 0 0 0 0 0 4 128 879 13 0 0 7 340 677 0 0 0 0 0 
0 0 36 844 144 0 0 0 0 0 6 103 902 13 0 0 5 398 621 0 0 0 0 0 
0 0 16 733 275 0 0 0 0 0 0 82 918 24 0 0 2 422 600 0 0 0 0 0 
0 0 6 566 451 1 0 0 0 0 1 78 888 57 0 0 1 314 703 6 0 0 0 0 
0 24 361 371 265 3 0 0 0 8 318 231 450 17 0 0 5 474 529 16 0 0 0 0 
0 1 883 127 13 0 0 0 0 0 688 284 52 0 0 0 0 93 417 514 0 0 0 0 
0 0 1024 0 0 0 0 0 0 0 690 334 0 0 0 0 0 0 0 1024 0 0 0 0 
0 0 1023 1 0 0 0 0 0 0 560 464 0 0 0 0 0 0 1 859 164 0 0 0 
0 2 668 351 3 0 0 0 0 0 64 866 94 0 0 0 0 0 0 89 806 128 1 0 
0 2 258 693 71 0 0 0 0 0 19 452 523 30 0 0 0 0 0 10 310 599 105 0 
0 6 253 642 121 2 0 0 0 0 29 415 509 71 0 0 0 0 0 19 265 585 152 3 
0 2 232 648 142 0 0 0 0 0 9 385 560 70 0 0 0 0 0 5 237 633 148 1 
0 6 236 654 128 0 0 0 0 0 14 359 596 55 0 0 0 0 0 9 238 641 135 1 
0 4 374 484 138 24 0 0 0 1 169 448 316 86 4 0 1 54 124 135 250 331 123 6 
0 9 607 238 132 36 2 0 0 17 621 242 123 21 0 0 33 388 426 168 9 0 0 0 
0 1 126 502 315 77 3 0 0 3 220 437 325 38 1 0 12 288 564 153 7 0 0 0 
0 0 5 239 660 120 0 0 0 0 5 173 510 335 1 0 1 153 612 257 1 0 0 0 
0 0 0 135 670 219 0 0 0 0 0 3 346 675 0 0 0 29 578 417 0 0 0 0 
0 0 0 19 989 16 0 0 0 0 0 0 194 830 0 0 0 2 818 204 0 0 0 0 
0 0 0 95 882 47 0 0 0 0 0 2 352 670 0 0 0 9 762 253 0 0 0 0 
0 0 0 138 885 1 0 0 0 0 0 4 306 714 0 0 0 1 746 277 0 0 0 0 
0 0 0 103 911 10 0 0 0 0 0 0 354 670 0 0 0 2 881 141 0 0 0 0 
0 0 0 119 863 42 0 0 0 0 0 0 723 301 0 0 0 10 932 82 0 0 0 0 
0 0 10 248 714 52 0 0 0 0 10 152 792 70 0 0 1 100 865 58 0 0 0 0 
67 367 221 234 135 0 0 0 57 350 229 195 191 2 0 0 262 451 308 3 0 0 0 0 
897 124 3 0 0 0 0 0 824 197 3 0 0 0 0 0 969 54 1 0 0 0 0 0 
701 200 82 36 5 0 0 0 693 201 81 43 6 0 0 0 805 177 38 4 0 0 0 0 
640 166 176 41 1 0 0 0 626 165 170 62 1 0 0 0 744 243 35 2 0 0 0 0 
142 349 408 116 9 0 0 0 133 319 415 146 11 0 0 0 395 516 107 6 0 0 0 0 
41 29 171 681 78 18 5 1 37 36 99 319 511 19 3 0 73 476 435 21 16 2 1 0 
16 107 222 614 65 0 0 0 5 63 115 371 468 2 0 0 90 546 388 0 0 0 0 0 
44 88 182 658 52 0 0 0 4 95 61 271 588 5 0 0 109 524 391 0 0 0 0 0 
41 79 147 691 66 0 0 0 2 88 59 265 606 4 0 0 100 547 377 0 0 0 0 0 
6 22 118 769 109 0 0 0 1 19 39 292 665 8 0 0 31 560 431 2 0 0 0 0 
1 37 184 608 184 5 4 1 2 29 125 321 522 20 4 1 31 483 477 21 7 3 1 1 
2 416 344 227 32 1 2 0 1 473 242 167 133 6 2 0 33 829 154 5 1 2 0 0 
0 198 826 0 0 0 0 0 0 375 648 1 0 0 0 0 6 784 234 0 0 0 0 0 
0 5 1019 0 0 0 0 0 0 6 997 21 0 0 0 0 0 4 769 251 0 0 0 0 
0 4 1020 0 0 0 0 0 0 0 934 90 0 0 0 0 0 0 375 648 1 0 0 0 
0 5 1016 3 0 0 0 0 0 0 826 198 0 0 0 0 0 0 48 895 81 0 0 0 
0 12 808 203 1 0 0 0 0 0 331 657 36 0 0 0 0 0 6 418 551 49 0 0 
0 10 449 536 29 0 0 0 0 0 72 634 310 8 0 0 0 0 1 61 555 384 23 0 
0 20 371 593 40 0 0 0 0 2 86 544 380 12 0 0 0 0 1 70 422 499 32 0 
0 22 241 683 78 0 0 0 0 1 57 428 511 27 0 0 0 0 2 47 289 622 64 0 
0 5 131 731 157 0 0 0 0 0 12 283 662 67 0 0 0 0 0 8 134 725 157 0 
0 2 206 692 123 1 0 0 0 0 19 307 629 69 0 0 0 0 0 9 215 637 162 1 
0 2 497 428 76 20 1 0 0 2 187 683 131 21 0 0 2 54 185 373 318 92 0 0 
0 11 244 621 145 3 0 0 0 11 206 621 184 2 0 0 24 394 546 60 0 0 0 0 
2 5 84 406 451 76 0 0 0 3 71 485 422 43 0 0 13 167 565 262 17 0 0 0 
0 0 3 228 737 56 0 0 0 0 0 117 807 100 0 0 0 41 778 202 3 0 0 0 
0 0 0 382 638 4 0 0 0 0 0 17 745 262 0 0 0 60 920 44 0 0 0 0 
0 0 0 116 877 31 0 0 0 0 0 1 476 547 0 0 0 37 882 105 0 0 0 0 
0 0 0 183 796 45 0 0 0 0 1 28 563 432 0 0 0 84 847 93 0 0 0 0 
0 0 0 259 731 31 3 0 0 0 0 16 813 195 0 0 0 37 934 51 2 0 0 0 
0 0 0 357 651 16 0 0 0 0 0 2 853 169 0 0 0 41 960 23 0 0 0 0 
0 0 2 543 479 0 0 0 0 0 0 45 911 68 0 0 0 129 887 8 0 0 0 0 
5 103 140 628 143 5 0 0 0 78 91 230 620 5 0 0 60 488 463 13 0 0 0 0 
27 341 295 265 96 0 0 0 3 264 317 233 207 0 0 0 198 601 224 1 0 0 0 0 
40 377 340 260 7 0 0 0 14 295 346 259 110 0 0 0 240 668 116 0 0 0 0 0 
230 414 306 74 0 0 0 0 185 355 336 142 6 0 0 0 504 475 45 0 0 0 0 0 
470 457 91 6 0 0 0 0 370 493 148 13 0 0 0 0 747 264 13 0 0 0 0 0 
712 258 48 5 1 0 0 0 280 678 53 12 1 0 0 0 795 227 1 1 0 0 0 0 
951 73 0 0 0 0 0 0 320 704 0 0 0 0 0 0 945 79 0 0 0 0 0 0 
865 159 0 0 0 0 0 0 253 771 0 0 0 0 0 0 887 137 0 0 0 0 0 0 
887 137 0 0 0 0 0 0 292 732 0 0 0 0 0 0 929 95 0 0 0 0 0 0 
611 349 39 25 0 0 0 0 389 558 34 41 2 0 0 0 656 351 16 1 0 0 0 0 
2 840 147 35 0 0 0 0 1 835 127 45 16 0 0 0 35 983 6 0 0 0 0 0 
18 965 41 0 0 0 0 0 0 1022 2 0 0 0 0 0 0 1024 0 0 0 0 0 0 
0 436 588 0 0 0 0 0 0 593 431 0 0 0 0 0 0 837 187 0 0 0 0 0 
0 11 1013 0 0 0 0 0 0 22 1000 2 0 0 0 0 0 1 1004 19 0 0 0 0 
0 1 1023 0 0 0 0 0 0 0 1020 4 0 0 0 0 0 0 714 310 0 0 0 0 
0 2 1021 1 0 0 0 0 0 0 918 106 0 0 0 0 0 0 33 975 16 0 0 0 
0 9 884 119 3 5 4 0 0 0 381 632 3 7 1 0 0 0 13 549 454 7 1 0 
0 16 636 367 5 0 0 0 0 0 162 764 98 0 0 0 0 0 0 181 708 134 1 0 
0 12 453 542 17 0 0 0 0 0 86 660 277 1 0 0 0 0 0 77 584 359 4 0 
0 7 313 627 64 9 3 1 0 3 58 516 425 18 4 0 0 3 11 71 423 485 31 0 
0 1 236 696 91 0 0 0 0 0 28 374 597 25 0 0 0 0 0 18 274 646 86 0 
0 0 194 748 82 0 0 0 0 0 2 279 709 34 0 0 0 0 0 0 118 761 145 0 
0 0 159 543 196 95 24 7 0 1 45 466 407 82 21 2 3 40 151 178 237 392 23 0 
6 33 234 455 207 71 17 1 4 31 229 460 224 68 8 0 80 354 404 142 40 4 0 0 
15 116 269 433 184 7 0 0 4 78 231 447 254 10 0 0 157 341 427 98 1 0 0 0 
3 29 122 368 444 58 0 0 0 17 101 266 544 94 2 0 39 208 564 202 11 0 0 0 
0 0 6 577 432 9 0 0 0 0 0 35 820 169 0 0 0 165 837 22 0 0 0 0 
0 0 0 281 740 3 0 0 0 0 0 13 612 399 0 0 0 59 941 24 0 0 0 0 
0 0 1 355 668 0 0 0 0 0 0 4 762 258 0 0 0 65 952 7 0 0 0 0 
0 0 0 491 529 4 0 0 0 0 0 33 902 89 0 0 0 154 860 10 0 0 0 0 
0 0 0 537 484 3 0 0 0 0 0 24 936 64 0 0 0 170 847 7 0 0 0 0 
0 0 6 751 267 0 0 0 0 0 0 14 916 94 0 0 0 145 879 0 0 0 0 0 
0 0 1 804 219 0 0 0 0 0 0 2 996 26 0 0 0 202 820 2 0 0 0 0 
0 0 37 772 215 0 0 0 0 0 0 51 958 15 0 0 1 433 590 0 0 0 0 0 
0 2 71 614 336 1 0 0 0 0 37 368 611 8 0 0 5 507 512 0 0 0 0 0 
0 30 128 761 105 0 0 0 0 10 98 496 419 1 0 0 24 667 333 0 0 0 0 0 
2 66 231 635 89 1 0 0 1 34 188 500 300 1 0 0 53 688 282 1 0 0 0 0 
1024 0 0 0 0 0 0 0 778 246 0 0 0 0 0 0 1024 0 0 0 0 0 0 0 
1024 0 0 0 0 0 0 0 898 126 0 0 0 0 0 0 1024 0 0 0 0 0 0 0 
1024 0 0 0 0 0 0 0 953 71 0 0 0 0 0 0 1024 0 0 0 0 0 0 0 
834 190 0 0 0 0 0 0 613 411 0 0 0 0 0 0 629 299 96 0 0 0 0 0 
65 959 0 0 0 0 0 0 37 987 0 0 0 0 0 0 32 738 254 0 0 0 0 0 
1 1023 0 0 0 0 0 0 0 1024 0 0 0 0 0 0 0 1020 4 0 0 0 0 0 
40 984 0 0 0 0 0 0 0 1024 0 0 0 0 0 0 2 1022 0 0 0 0 0 0 
2 736 286 0 0 0 0 0 0 744 280 0 0 0 0 0 0 746 278 0 0 0 0 0 
0 16 1008 0 0 0 0 0 0 22 1002 0 0 0 0 0 0 7 1008 9 0 0 0 0 
0 9 1007 8 0 0 0 0 0 0 1009 15 0 0 0 0 0 0 624 400 0 0 0 0 
0 17 996 11 0 0 0 0 0 3 911 110 0 0 0 0 0 0 153 854 17 0 0 0 
0 15 893 116 0 0 0 0 0 0 416 596 12 0 0 0 0 0 0 564 447 13 0 0 
0 19 661 343 1 0 0 0 0 0 184 761 79 0 0 0 0 0 0 224 696 104 0 0 
0 19 473 509 15 8 0 0 0 0 131 741 150 2 0 0 0 0 6 152 680 185 1 0 
0 13 363 603 45 0 0 0 0 0 62 583 372 7 0 0 0 0 0 38 507 452 27 0 
0 11 340 635 37 1 0 0 0 0 31 495 485 13 0 0 0 0 0 24 327 621 52 0 
0 3 318 697 6 0 0 0 0 0 4 465 552 3 0 0 0 0 0 0 161 826 37 0 
0 2 197 481 227 97 19 1 0 2 40 459 426 91 6 0 3 27 122 164 308 386 14 0 
3 41 202 322 224 138 77 17 1 26 169 366 292 128 36 6 65 273 366 218 80 21 1 0 
2 55 230 363 277 88 7 2 2 49 234 411 279 45 3 1 138 379 383 116 7 1 0 0 
2 26 164 421 349 56 6 0 0 18 108 405 400 88 5 0 47 284 473 200 20 0 0 0 
0 0 8 157 753 104 2 0 0 0 6 59 636 320 3 0 5 76 790 147 6 0 0 0 
0 0 0 354 667 3 0 0 0 0 0 3 636 385 0 0 0 109 896 19 0 0 0 0 
0 0 2 531 490 1 0 0 0 0 0 10 844 170 0 0 0 214 804 6 0 0 0 0 
0 0 0 515 508 1 0 0 0 0 0 10 908 106 0 0 0 186 836 2 0 0 0 0 
0 0 1 698 325 0 0 0 0 0 0 51 937 36 0 0 0 420 602 2 0 0 0 0 
0 0 0 552 472 0 0 0 0 0 0 7 947 70 0 0 0 229 795 0 0 0 0 0 
0 0 17 921 86 0 0 0 0 0 0 56 960 8 0 0 0 417 607 0 0 0 0 0 
0 0 13 991 20 0 0 0 0 0 0 53 970 1 0 0 0 448 576 0 0 0 0 0 
0 0 29 818 173 4 0 0 0 0 1 206 805 12 0 0 8 542 471 3 0 0 0 0 
0 0 44 635 337 8 0 0 0 0 5 277 733 9 0 0 7 548 461 8 0 0 0 0 
0 0 24 775 223 2 0 0 0 0 4 515 501 4 0 0 1 700 321 2 0 0 0 0 
1024 0 0 0 0 0 0 0 1024 0 0 0 0 0 0 0 1024 0 0 0 0 0 0 0 
1008 16 0 0 0 0 0 0 972 50 2 0 0 0 0 0 974 46 4 0 0 0 0 0 
544 479 1 0 0 0 0 0 439 310 275 0 0 0 0 0 393 146 272 213 0 0 0 0 
50 974 0 0 0 0 0 0 0 1002 22 0 0 0 0 0 0 13 1011 0 0 0 0 0 
86 938 0 0 0 0 0 0 0 1024 0 0 0 0 0 0 0 252 772 0 0 0 0 0 
167 857 0 0 0 0 0 0 0 1024 0 0 0 0 0 0 0 937 87 0 0 0 0 0 
76 897 51 0 0 0 0 0 0 985 39 0 0 0 0 0 0 845 179 0 0 0 0 0 
0 550 474 0 0 0 0 0 0 558 466 0 0 0 0 0 0 371 653 0 0 0 0 0 
0 58 966 0 0 0 0 0 0 78 946 0 0 0 0 0 0 3 1021 0 0 0 0 0 
0 30 992 2 0 0 0 0 0 3 1015 6 0 0 0 0 0 0 867 157 0 0 0 0 
0 56 942 26 0 0 0 0 0 5 922 97 0 0 0 0 0 0 354 648 22 0 0 0 
0 57 879 88 0 0 0 0 0 3 665 355 1 0 0 0 0 0 48 816 160 0 0 0 
0 54 783 186 1 0 0 0 0 3 438 561 22 0 0 0 0 0 15 596 399 14 0 0 
0 84 586 341 13 0 0 0 0 14 269 607 132 2 0 0 0 0 18 309 568 126 3 0 
0 33 484 479 28 0 0 0 0 1 150 636 234 3 0 0 0 0 1 119 586 309 9 0 
0 69 453 484 18 0 0 0 0 0 168 565 286 5 0 0 0 0 1 136 456 415 16 0 
0 10 589 415 10 0 0 0 0 2 74 800 148 0 0 0 0 0 2 68 674 280 0 0 
0 13 434 387 126 44 18 2 2 19 141 693 143 23 3 0 27 153 269 164 319 92 0 0 
3 41 131 282 312 158 82 15 1 49 173 337 302 138 24 0 91 273 381 192 82 5 0 0 
1 15 87 225 367 272 51 6 2 24 143 374 372 102 7 0 67 266 416 238 36 1 0 0 
2 5 76 240 414 243 43 1 2 18 146 335 414 107 2 0 61 253 466 228 16 0 0 0 
0 3 39 357 532 91 2 0 0 9 61 293 573 87 1 0 19 182 658 157 8 0 0 0 
0 0 0 362 649 12 1 0 0 0 0 29 788 206 1 0 0 56 938 28 2 0 0 0 
0 0 2 469 549 4 0 0 0 0 0 54 828 142 0 0 0 126 893 5 0 0 0 0 
0 0 13 760 250 1 0 0 0 0 2 288 698 36 0 0 1 436 581 6 0 0 0 0 
0 0 5 561 454 4 0 0 0 0 0 69 843 112 0 0 0 279 740 5 0 0 0 0 
0 0 18 854 152 0 0 0 0 0 0 32 971 21 0 0 0 471 553 0 0 0 0 0 
0 0 13 997 14 0 0 0 0 0 0 33 989 2 0 0 0 410 614 0 0 0 0 0 
0 0 7 987 30 0 0 0 0 0 0 48 975 1 0 0 0 392 632 0 0 0 0 0 
0 0 14 929 81 0 0 0 0 0 3 136 884 1 0 0 3 419 602 0 0 0 0 0 
0 0 115 881 28 0 0 0 0 0 0 303 717 4 0 0 0 815 209 0 0 0 0 0 
0 0 86 878 60 0 0 0 0 0 4 372 648 0 0 0 23 842 159 0 0 0 0 0 
556 468 0 0 0 0 0 0 497 74 453 0 0 0 0 0 447 78 34 54 411 0 0 0 
339 685 0 0 0 0 0 0 270 115 639 0 0 0 0 0 251 52 52 411 258 0 0 0 
74 950 0 0 0 0 0 0 18 489 517 0 0 0 0 0 13 19 449 543 0 0 0 0 
202 798 24 0 0 0 0 0 0 975 49 0 0 0 0 0 0 64 960 0 0 0 0 0 
159 811 54 0 0 0 0 0 0 912 112 0 0 0 0 0 0 303 721 0 0 0 0 0 
0 900 124 0 0 0 0 0 0 917 107 0 0 0 0 0 0 572 452 0 0 0 0 0 
0 857 167 0 0 0 0 0 0 942 82 0 0 0 0 0 0 846 178 0 0 0 0 0 
0 629 395 0 0 0 0 0 0 687 337 0 0 0 0 0 0 334 690 0 0 0 0 0 
0 221 803 0 0 0 0 0 0 299 725 0 0 0 0 0 0 94 930 0 0 0 0 0 
0 89 935 0 0 0 0 0 0 49 971 4 0 0 0 0 0 1 982 41 0 0 0 0 
0 69 953 2 0 0 0 0 0 12 990 22 0 0 0 0 0 0 575 449 0 0 0 0 
0 91 864 68 1 0 0 0 0 7 779 235 3 0 0 0 0 0 128 815 79 2 0 0 
0 91 705 227 1 0 0 0 0 12 474 525 13 0 0 0 0 0 49 574 394 7 0 0 
0 103 565 343 13 0 0 0 0 14 317 563 128 2 0 0 0 0 21 324 552 125 2 0 
0 79 618 319 8 0 0 0 0 11 368 558 87 0 0 0 0 0 17 407 513 87 0 0 
0 63 643 317 1 0 0 0 0 6 355 618 45 0 0 0 0 0 15 432 539 38 0 0 
0 25 755 223 21 0 0 0 0 7 208 769 40 0 0 0 0 4 32 302 654 32 0 0 
0 74 700 180 43 23 4 0 2 216 392 348 54 11 1 0 47 278 214 219 256 10 0 0 
1 114 393 209 196 80 28 3 5 365 218 218 156 56 6 0 158 466 228 137 30 5 0 0 
0 16 162 322 381 129 14 0 1 65 218 384 311 45 0 0 75 328 445 156 20 0 0 0 
0 3 55 332 504 121 9 0 1 11 109 375 450 76 2 0 34 270 525 182 13 0 0 0 
0 7 66 402 474 73 2 0 0 6 51 365 521 79 2 0 21 235 602 157 9 0 0 0 
0 3 21 473 518 9 0 0 0 0 9 158 803 54 0 0 8 199 760 56 1 0 0 0 
0 0 0 647 377 0 0 0 0 0 0 4 911 109 0 0 0 186 838 0 0 0 0 0 
0 0 7 878 139 0 0 0 0 0 0 16 972 36 0 0 0 315 709 0 0 0 0 0 
0 0 37 784 203 0 0 0 0 0 0 63 881 80 0 0 0 417 607 0 0 0 0 0 
0 0 99 857 68 0 0 0 0 0 0 78 915 31 0 0 0 546 475 3 0 0 0 0 
0 0 125 887 11 1 0 0 0 0 0 163 852 9 0 0 0 454 568 2 0 0 0 0 
0 0 82 928 14 0 0 0 0 0 0 207 816 1 0 0 1 500 523 0 0 0 0 0 
0 0 56 951 17 0 0 0 0 0 0 188 836 0 0 0 0 440 584 0 0 0 0 0 
0 0 64 952 8 0 0 0 0 0 0 331 693 0 0 0 0 589 435 0 0 0 0 0 
0 2 235 772 15 0 0 0 0 0 18 589 416 1 0 0 12 834 177 1 0 0 0 0 
3 1021 0 0 0 0 0 0 0 6 1018 0 0 0 0 0 0 0 0 508 516 0 0 0 
34 990 0 0 0 0 0 0 0 174 850 0 0 0 0 0 0 0 66 861 97 0 0 0 
21 829 174 0 0 0 0 0 0 413 611 0 0 0 0 0 0 6 769 249 0 0 0 0 
1 646 375 2 0 0 0 0 0 468 554 2 0 0 0 0 0 52 970 2 0 0 0 0 
0 647 377 0 0 0 0 0 0 622 402 0 0 0 0 0 0 144 880 0 0 0 0 0 
0 866 158 0 0 0 0 0 0 895 129 0 0 0 0 0 0 686 338 0 0 0 0 0 
0 883 141 0 0 0 0 0 0 963 61 0 0 0 0 0 0 917 107 0 0 0 0 0 
0 682 342 0 0 0 0 0 0 773 251 0 0 0 0 0 0 559 465 0 0 0 0 0 
0 390 634 0 0 0 0 0 0 454 570 0 0 0 0 0 0 147 877 0 0 0 0 0 
0 108 916 0 0 0 0 0 0 89 935 0 0 0 0 0 0 9 1014 1 0 0 0 0 
0 89 934 1 0 0 0 0 0 26 995 3 0 0 0 0 0 0 880 144 0 0 0 0 
0 72 929 23 0 0 0 0 0 8 915 98 3 0 0 0 0 0 264 738 22 0 0 0 
0 153 657 211 3 0 0 0 0 18 536 422 48 0 0 0 0 0 73 557 358 36 0 0 
0 169 622 228 5 0 0 0 0 35 501 450 38 0 0 0 0 1 121 536 344 22 0 0 
0 168 632 223 1 0 0 0 0 43 536 415 30 0 0 0 0 0 141 605 272 6 0 0 
0 154 624 240 6 0 0 0 0 54 512 429 29 0 0 0 0 1 158 593 260 12 0 0 
0 127 714 181 2 0 0 0 0 32 531 446 14 1 0 0 0 0 120 637 263 4 0 0 
0 108 877 39 0 0 0 0 0 117 739 167 1 0 0 0 4 149 360 397 114 0 0 0 
0 322 664 35 3 0 0 0 0 750 268 6 0 0 0 0 152 851 20 1 0 0 0 0 
0 19 354 180 258 179 33 1 1 228 256 268 230 40 1 0 106 423 317 167 11 0 0 0 
0 0 16 198 522 265 23 0 0 3 70 465 446 40 0 0 14 209 604 193 4 0 0 0 
0 0 29 420 512 61 2 0 0 1 84 619 306 14 0 0 24 369 585 46 0 0 0 0 
0 2 49 486 465 22 0 0 0 5 60 493 452 14 0 0 27 348 607 42 0 0 0 0 
0 0 10 712 298 4 0 0 0 0 0 79 915 30 0 0 0 273 730 21 0 0 0 0 
0 0 12 717 294 1 0 0 0 0 1 15 961 47 0 0 2 292 727 3 0 0 0 0 
0 0 21 785 218 0 0 0 0 0 0 24 913 87 0 0 1 507 515 1 0 0 0 0 
0 0 15 835 174 0 0 0 0 0 0 38 942 44 0 0 0 467 557 0 0 0 0 0 
0 0 6 909 109 0 0 0 0 0 0 13 996 15 0 0 0 358 663 3 0 0 0 0 
0 0 99 921 4 0 0 0 0 0 0 142 882 0 0 0 0 475 549 0 0 0 0 0 
0 0 184 836 4 0 0 0 0 0 0 238 782 4 0 0 0 688 332 4 0 0 0 0 
0 0 390 634 0 0 0 0 0 0 0 453 571 0 0 0 1 827 196 0 0 0 0 0 
0 0 312 712 0 0 0 0 0 0 0 648 376 0 0 0 0 909 115 0 0 0 0 0 
140 881 3 0 0 0 0 0 0 629 395 0 0 0 0 0 0 0 467 557 0 0 0 0 
33 817 174 0 0 0 0 0 0 329 695 0 0 0 0 0 0 0 462 562 0 0 0 0 
0 486 535 3 0 0 0 0 0 170 849 5 0 0 0 0 0 2 884 138 0 0 0 0 
0 526 497 1 0 0 0 0 0 381 641 2 0 0 0 0 0 34 964 26 0 0 0 0 
0 759 265 0 0 0 0 0 0 731 293 0 0 0 0 0 0 193 831 0 0 0 0 0 
0 826 195 2 1 0 0 0 0 905 116 2 1 0 0 0 0 554 466 3 1 0 0 0 
0 961 63 0 0 0 0 0 0 1007 17 0 0 0 0 0 0 949 75 0 0 0 0 0 
0 930 94 0 0 0 0 0 0 976 48 0 0 0 0 0 0 901 123 0 0 0 0 0 
0 436 588 0 0 0 0 0 0 501 523 0 0 0 0 0 0 82 942 0 0 0 0 0 
0 206 816 2 0 0 0 0 0 214 808 2 0 0 0 0 0 26 991 7 0 0 0 0 
0 157 867 0 0 0 0 0 0 104 919 1 0 0 0 0 0 2 984 38 0 0 0 0 
0 133 884 7 0 0 0 0 0 47 948 29 0 0 0 0 0 0 645 379 0 0 0 0 
0 178 756 89 1 0 0 0 0 76 742 200 6 0 0 0 0 2 336 596 89 1 0 0 
0 225 600 198 1 0 0 0 0 85 562 364 13 0 0 0 0 0 252 560 207 5 0 0 
0 203 649 171 1 0 0 0 0 75 613 333 3 0 0 0 0 0 283 612 129 0 0 0 
0 194 672 155 3 0 0 0 0 81 610 326 7 0 0 0 0 0 234 643 144 3 0 0 
0 220 633 171 0 0 0 0 0 117 574 325 8 0 0 0 0 11 289 578 146 0 0 0 
0 145 847 32 0 0 0 0 0 44 874 102 4 0 0 0 0 0 412 579 33 0 0 0 
0 73 921 14 16 0 0 0 0 288 718 18 0 0 0 0 7 611 406 0 0 0 0 0 
0 110 549 80 95 139 50 1 0 478 247 99 150 49 1 0 28 705 141 126 24 0 0 0 
0 25 109 202 391 258 38 1 0 74 172 362 370 44 2 0 43 227 470 267 17 0 0 0 
0 0 21 370 568 64 1 0 0 2 94 653 267 8 0 0 7 309 649 57 2 0 0 0 
2 9 92 532 369 20 0 0 0 6 73 544 389 12 0 0 21 354 592 57 0 0 0 0 
0 1 105 612 274 19 6 7 0 1 42 461 485 34 1 0 24 471 472 55 2 0 0 0 
0 3 77 805 139 0 0 0 0 0 16 204 800 4 0 0 7 385 628 4 0 0 0 0 
0 0 54 800 170 0 0 0 0 0 0 150 848 26 0 0 0 455 569 0 0 0 0 0 
0 1 49 876 98 0 0 0 0 0 2 120 889 13 0 0 3 543 477 1 0 0 0 0 
0 0 23 908 93 0 0 0 0 0 0 129 889 6 0 0 2 486 535 1 0 0 0 0 
0 0 66 804 153 1 0 0 0 0 0 166 838 20 0 0 2 556 463 3 0 0 0 0 
0 0 170 849 5 0 0 0 0 0 4 298 722 0 0 0 2 843 179 0 0 0 0 0 
0 0 140 880 4 0 0 0 0 0 0 358 664 2 0 0 1 776 247 0 0 0 0 0 
0 2 668 354 0 0 0 0 0 0 17 875 132 0 0 0 3 974 47 0 0 0 0 0 
9 942 73 0 0 0 0 0 0 365 659 0 0 0 0 0 0 3 932 89 0 0 0 0 
0 737 287 0 0 0 0 0 0 177 847 0 0 0 0 0 0 0 823 201 0 0 0 0 
0 618 406 0 0 0 0 0 0 370 654 0 0 0 0 0 0 34 922 68 0 0 0 0 
0 669 355 0 0 0 0 0 0 428 596 0 0 0 0 0 0 34 989 1 0 0 0 0 
0 810 214 0 0 0 0 0 0 799 225 0 0 0 0 0 0 157 867 0 0 0 0 0 
0 898 126 0 0 0 0 0 0 937 87 0 0 0 0 0 0 482 542 0 0 0 0 0 
0 996 28 0 0 0 0 0 0 1003 21 0 0 0 0 0 0 874 150 0 0 0 0 0 
0 1006 18 0 0 0 0 0 0 1020 4 0 0 0 0 0 0 878 146 0 0 0 0 0 
0 596 428 0 0 0 0 0 0 622 402 0 0 0 0 0 0 201 823 0 0 0 0 0 
0 298 726 0 0 0 0 0 0 274 750 0 0 0 0 0 0 30 987 7 0 0 0 0 
0 298 722 4 0 0 0 0 0 179 839 6 0 0 0 0 0 23 949 50 2 0 0 0 
0 322 683 19 0 0 0 0 0 142 821 61 0 0 0 0 0 13 642 359 10 0 0 0 
0 296 670 58 0 0 0 0 0 55 794 173 2 0 0 0 0 3 329 639 53 0 0 0 
0 249 656 118 1 0 0 0 0 119 688 213 4 0 0 0 0 7 448 489 78 2 0 0 
0 215 731 78 0 0 0 0 0 100 761 163 0 0 0 0 0 3 442 534 45 0 0 0 
0 183 785 56 0 0 0 0 0 63 795 166 0 0 0 0 0 3 304 684 33 0 0 0 
0 67 942 15 0 0 0 0 0 9 956 59 0 0 0 0 0 0 507 516 1 0 0 0 
0 62 962 0 0 0 0 0 0 17 1000 7 0 0 0 0 0 2 773 249 0 0 0 0 
0 54 961 8 1 0 0 0 0 111 906 6 1 0 0 0 0 67 951 5 1 0 0 0 
0 215 545 132 89 35 8 0 1 266 524 139 74 18 2 0 58 372 471 95 28 0 0 0 
0 114 268 404 201 35 2 0 0 155 313 370 164 21 1 0 50 340 444 168 20 2 0 0 
1 40 239 426 241 70 7 0 0 18 118 488 332 63 5 0 41 282 491 189 19 2 0 0 
1 19 166 491 290 52 5 0 1 8 84 406 440 78 7 0 34 272 526 167 25 0 0 0 
5 61 221 488 232 15 2 0 2 31 145 436 370 38 2 0 58 353 515 90 8 0 0 0 
16 87 309 409 172 28 3 0 12 52 249 519 180 12 0 0 68 416 436 94 10 0 0 0 
0 14 127 591 262 29 1 0 0 11 86 413 489 25 0 0 35 418 513 56 2 0 0 0 
0 0 118 701 154 43 7 1 0 0 1 279 687 53 3 1 6 507 440 63 7 1 0 0 
0 1 186 800 37 0 0 0 0 0 3 279 730 12 0 0 11 792 220 1 0 0 0 0 
0 1 261 755 7 0 0 0 0 0 1 391 632 0 0 0 10 806 208 0 0 0 0 0 
0 0 219 798 7 0 0 0 0 0 0 484 539 1 0 0 4 897 123 0 0 0 0 0 
0 0 370 653 1 0 0 0 0 0 4 605 415 0 0 0 4 946 74 0 0 0 0 0 
0 0 562 460 2 0 0 0 0 0 12 825 186 1 0 0 11 960 53 0 0 0 0 0 
1 964 59 0 0 0 0 0 0 611 413 0 0 0 0 0 0 12 975 37 0 0 0 0 
1 868 155 0 0 0 0 0 0 447 577 0 0 0 0 0 0 9 983 32 0 0 0 0 
0 780 244 0 0 0 0 0 0 518 505 1 0 0 0 0 0 8 995 21 0 0 0 0 
0 825 199 0 0 0 0 0 0 537 487 0 0 0 0 0 0 22 1002 0 0 0 0 0 
0 986 38 0 0 0 0 0 0 911 113 0 0 0 0 0 0 159 864 1 0 0 0 0 
0 994 30 0 0 0 0 0 0 932 92 0 0 0 0 0 0 555 469 0 0 0 0 0 
0 991 33 0 0 0 0 0 0 996 28 0 0 0 0 0 0 835 189 0 0 0 0 0 
0 905 119 0 0 0 0 0 0 928 96 0 0 0 0 0 0 587 437 0 0 0 0 0 
0 812 212 0 0 0 0 0 0 846 178 0 0 0 0 0 0 615 409 0 0 0 0 0 
0 616 408 0 0 0 0 0 0 703 321 0 0 0 0 0 0 338 686 0 0 0 0 0 
0 405 617 2 0 0 0 0 0 290 730 4 0 0 0 0 0 77 904 43 0 0 0 0 
0 484 537 3 0 0 0 0 0 97 909 18 0 0 0 0 0 2 777 243 2 0 0 0 
0 443 559 22 0 0 0 0 0 122 847 55 0 0 0 0 0 3 583 424 14 0 0 0 
0 320 653 51 0 0 0 0 0 153 739 132 0 0 0 0 0 7 551 450 16 0 0 0 
0 311 658 55 0 0 0 0 0 165 743 116 0 0 0 0 0 7 554 454 9 0 0 0 
0 241 735 48 0 0 0 0 0 124 778 122 0 0 0 0 0 6 545 462 11 0 0 0 
0 108 903 13 0 0 0 0 0 63 926 35 0 0 0 0 0 0 728 295 1 0 0 0 
0 102 915 7 0 0 0 0 0 81 931 12 0 0 0 0 0 5 930 89 0 0 0 0 
0 164 856 4 0 0 0 0 0 213 806 5 0 0 0 0 0 172 845 7 0 0 0 0 
0 208 744 60 12 0 0 0 0 263 691 58 12 0 0 0 0 260 726 34 4 0 0 0 
0 156 340 326 169 33 0 0 1 125 386 326 170 16 0 0 51 294 520 144 15 0 0 0 
0 37 162 330 356 128 11 0 0 33 169 341 373 99 9 0 71 273 445 197 37 1 0 0 
1 15 127 508 317 51 5 0 0 13 97 464 394 51 5 0 24 253 536 181 27 3 0 0 
0 8 111 445 399 61 0 0 0 2 75 374 499 66 8 0 21 204 549 235 15 0 0 0 
2 37 233 457 256 39 0 0 0 21 152 393 411 47 0 0 58 335 501 126 4 0 0 0 
21 168 277 256 217 81 4 0 10 140 322 322 196 33 1 0 176 383 338 121 6 0 0 0 
0 2 177 587 179 67 11 1 0 2 84 530 372 31 5 0 11 551 375 77 9 1 0 0 
0 0 215 800 9 0 0 0 0 0 0 452 571 1 0 0 2 800 222 0 0 0 0 0 
0 0 437 587 0 0 0 0 0 0 2 626 396 0 0 0 15 931 78 0 0 0 0 0 
0 0 577 445 2 0 0 0 0 0 11 810 203 0 0 0 5 941 78 0 0 0 0 0 
0 21 660 342 1 0 0 0 0 0 43 825 156 0 0 0 50 922 52 0 0 0 0 0 
0 6 821 197 0 0 0 0 0 0 20 940 64 0 0 0 30 978 16 0 0 0 0 0 
0 1012 12 0 0 0 0 0 0 945 79 0 0 0 0 0 0 257 767 0 0 0 0 0 
0 981 43 0 0 0 0 0 0 810 214 0 0 0 0 0 0 32 992 0 0 0 0 0 
0 984 40 0 0 0 0 0 0 816 208 0 0 0 0 0 0 17 1007 0 0 0 0 0 
0 965 59 0 0 0 0 0 0 887 137 0 0 0 0 0 0 149 875 0 0 0 0 0 
0 1016 8 0 0 0 0 0 0 1006 18 0 0 0 0 0 0 675 348 1 0 0 0 0 
0 1001 23 0 0 0 0 0 0 1007 17 0 0 0 0 0 0 928 96 0 0 0 0 0 
0 1023 1 0 0 0 0 0 0 1023 1 0 0 0 0 0 0 1012 12 0 0 0 0 0 
0 1022 2 0 0 0 0 0 0 1022 2 0 0 0 0 0 0 971 53 0 0 0 0 0 
0 953 71 0 0 0 0 0 0 956 68 0 0 0 0 0 0 813 211 0 0 0 0 0 
0 768 254 2 0 0 0 0 0 722 300 2 0 0 0 0 0 459 554 11 0 0 0 0 
0 604 419 1 0 0 0 0 0 327 694 3 0 0 0 0 0 56 954 14 0 0 0 0 
0 592 432 0 0 0 0 0 0 207 817 0 0 0 0 0 0 11 997 16 0 0 0 0 
0 474 541 9 0 0 0 0 0 212 798 14 0 0 0 0 0 2 915 107 0 0 0 0 
0 559 459 6 0 0 0 0 0 250 758 16 0 0 0 0 0 2 897 123 2 0 0 0 
0 503 500 21 0 0 0 0 0 264 696 64 0 0 0 0 0 13 739 266 6 0 0 0 
0 235 780 9 0 0 0 0 0 113 892 19 0 0 0 0 0 2 816 204 2 0 0 0 
0 252 764 8 0 0 0 0 0 127 878 19 0 0 0 0 0 31 829 164 0 0 0 0 
0 193 828 3 0 0 0 0 0 185 834 5 0 0 0 0 0 92 916 16 0 0 0 0 
0 174 848 2 0 0 0 0 0 172 850 2 0 0 0 0 0 87 931 6 0 0 0 0 
0 170 854 0 0 0 0 0 0 245 779 0 0 0 0 0 0 221 803 0 0 0 0 0 
0 264 665 89 6 0 0 0 1 306 647 65 5 0 0 0 8 240 726 48 2 0 0 0 
0 30 178 460 325 30 1 0 2 52 259 495 198 18 0 0 50 277 547 147 3 0 0 0 
1 31 260 484 229 18 1 0 1 31 217 433 316 25 1 0 64 353 484 118 3 2 0 0 
1 33 204 491 262 33 0 0 2 21 143 508 333 16 1 0 47 305 490 173 9 0 0 0 
2 34 241 495 235 16 1 0 2 28 197 487 286 23 1 0 72 354 483 108 6 1 0 0 
5 73 310 470 157 9 0 0 2 64 271 487 193 7 0 0 103 414 440 67 0 0 0 0 
3 45 335 574 66 1 0 0 2 28 212 642 138 2 0 0 55 449 481 39 0 0 0 0 
3 71 428 506 16 0 0 0 1 39 215 607 162 0 0 0 90 672 257 5 0 0 0 0 
0 2 705 317 0 0 0 0 0 0 6 855 163 0 0 0 13 959 52 0 0 0 0 0 
0 10 695 319 0 0 0 0 0 0 24 847 153 0 0 0 38 891 95 0 0 0 0 0 
0 52 896 75 1 0 0 0 0 3 149 847 24 1 0 0 77 909 37 1 0 0 0 0 
0 17 938 69 0 0 0 0 0 0 103 909 12 0 0 0 105 917 2 0 0 0 0 0 
