134 780 80 20 7 3 0 0 25 671 264 51 8 5 0 0 248 713 34 18 5 6 0 0 
309 687 28 0 0 0 0 0 98 720 200 6 0 0 0 0 418 604 2 0 0 0 0 0 
206 775 43 0 0 0 0 0 29 604 374 17 0 0 0 0 407 603 14 0 0 0 0 0 
136 737 115 36 0 0 0 0 42 511 368 82 21 0 0 0 306 619 69 30 0 0 0 0 
57 874 93 0 0 0 0 0 2 616 387 19 0 0 0 0 180 810 34 0 0 0 0 0 
46 939 39 0 0 0 0 0 0 651 358 15 0 0 0 0 148 874 2 0 0 0 0 0 
2 798 224 0 0 0 0 0 0 238 687 99 0 0 0 0 51 921 52 0 0 0 0 0 
0 536 486 2 0 0 0 0 0 52 737 235 0 0 0 0 29 893 102 0 0 0 0 0 
0 228 675 121 0 0 0 0 0 11 411 579 23 0 0 0 4 527 443 50 0 0 0 0 
0 117 618 275 14 0 0 0 0 9 200 693 118 4 0 0 1 342 539 120 22 0 0 0 
0 0 199 651 172 2 0 0 0 0 1 379 530 113 1 0 0 101 587 283 50 3 0 0 
0 3 280 501 212 28 0 0 0 0 51 413 353 178 29 0 0 104 509 288 100 21 2 0 
0 0 206 661 134 23 0 0 0 0 9 312 559 124 20 0 0 159 520 284 45 15 1 0 
0 0 56 517 358 93 0 0 0 0 0 110 545 301 68 0 0 39 399 355 162 60 9 0 
0 0 31 225 423 306 39 0 0 0 2 50 229 476 266 1 0 59 221 315 261 134 34 0 
0 0 6 148 557 271 42 0 0 0 0 12 180 577 244 11 0 1 158 344 350 140 31 0 
0 0 4 339 548 126 7 0 0 0 0 19 397 507 101 0 0 2 276 469 221 52 4 0 
0 0 40 535 409 39 1 0 0 0 0 164 524 309 27 0 0 1 261 587 166 8 1 0 
0 0 50 767 203 4 0 0 0 0 0 315 613 94 2 0 0 0 87 664 269 4 0 0 
0 0 51 408 443 104 18 0 0 0 1 152 427 378 66 0 0 0 80 451 389 102 2 0 
0 0 1 200 529 263 29 2 0 0 0 4 274 488 252 6 0 0 1 258 600 140 24 1 
0 0 0 202 674 109 24 15 0 0 0 7 263 635 97 22 0 0 0 225 602 150 29 18 
0 0 41 244 349 235 102 53 0 0 1 50 239 395 249 90 0 1 106 297 263 191 95 71 
0 4 137 483 281 61 31 27 0 0 6 184 455 268 69 42 0 32 375 324 165 59 33 36 
0 2 119 387 315 142 39 20 0 0 2 135 322 358 166 41 0 60 307 306 201 80 36 34 
0 0 52 416 438 105 10 3 0 0 0 46 330 493 146 9 0 70 403 333 159 44 11 4 
0 4 237 478 235 48 12 10 0 0 10 228 447 261 57 21 2 187 431 263 90 26 11 14 
0 48 549 395 31 1 0 0 0 2 68 453 463 38 0 0 1 466 427 109 20 1 0 0 
0 58 459 425 82 0 0 0 0 0 47 413 460 103 1 0 0 337 465 189 32 1 0 0 
0 221 692 101 10 0 0 0 0 0 215 679 120 10 0 0 12 619 339 48 6 0 0 0 
0 132 572 281 36 3 0 0 0 1 167 495 303 53 5 0 16 515 406 69 16 1 1 0 
0 87 511 334 86 6 0 0 0 0 82 426 390 113 13 0 9 435 407 144 29 0 0 0 
13 390 432 173 16 0 0 0 0 142 263 386 207 26 0 0 84 653 225 57 5 0 0 0 
152 733 119 10 7 3 0 0 15 694 225 76 10 4 0 0 203 739 65 6 8 3 0 0 
263 615 116 16 7 3 1 3 18 660 232 77 28 5 2 2 326 598 70 13 8 4 3 2 
40 770 194 15 3 2 0 0 0 254 531 210 27 1 1 0 207 738 67 8 2 2 0 0 
447 529 35 8 3 2 0 0 317 507 171 20 5 4 0 0 679 308 24 6 5 2 0 0 
606 310 90 8 4 6 0 0 506 348 94 66 4 4 2 0 732 242 28 10 6 4 2 0 
79 890 55 0 0 0 0 0 1 630 354 39 0 0 0 0 219 792 13 0 0 0 0 0 
107 885 32 0 0 0 0 0 28 709 285 2 0 0 0 0 257 751 16 0 0 0 0 0 
237 754 33 0 0 0 0 0 48 737 220 19 0 0 0 0 431 591 2 0 0 0 0 0 
431 590 2 1 0 0 0 0 82 867 74 1 0 0 0 0 668 351 4 1 0 0 0 0 
232 784 8 0 0 0 0 0 54 895 73 2 0 0 0 0 304 712 7 1 0 0 0 0 
166 855 3 0 0 0 0 0 8 930 86 0 0 0 0 0 253 771 0 0 0 0 0 0 
15 920 83 5 1 0 0 0 0 487 522 12 3 0 0 0 24 973 21 5 1 0 0 0 
0 837 184 3 0 0 0 0 0 238 746 40 0 0 0 0 10 972 40 2 0 0 0 0 
0 628 375 21 0 0 0 0 0 66 761 195 2 0 0 0 22 736 240 24 2 0 0 0 
0 416 590 18 0 0 0 0 0 23 638 361 2 0 0 0 2 672 339 11 0 0 0 0 
0 94 615 234 69 12 0 0 0 1 301 478 166 69 9 0 0 314 482 158 59 10 1 0 
0 4 318 518 149 35 0 0 0 0 20 442 414 127 21 0 0 141 500 265 79 34 5 0 
0 0 170 659 189 6 0 0 0 0 10 378 520 116 0 0 0 187 421 299 110 7 0 0 
0 15 138 582 261 24 4 0 0 0 41 236 561 178 8 0 0 107 429 339 124 21 4 0 
0 0 106 594 263 58 3 0 0 0 23 236 508 219 38 0 0 29 338 457 156 41 3 0 
0 3 106 502 365 48 0 0 0 0 26 138 451 366 43 0 0 62 429 385 128 19 1 0 
0 4 305 496 214 5 0 0 0 0 14 385 365 250 10 0 0 11 400 425 176 12 0 0 
0 0 119 754 144 7 0 0 0 0 11 360 513 138 2 0 0 3 224 707 87 3 0 0 
0 0 44 650 279 42 8 1 0 0 1 217 553 216 33 4 0 0 164 631 182 33 12 2 
0 0 35 590 327 54 17 1 0 0 0 215 515 245 47 2 0 0 146 537 258 59 17 7 
0 0 56 530 344 47 17 30 0 0 0 180 493 288 29 34 0 0 43 585 268 66 22 40 
0 0 146 488 184 98 48 60 0 0 12 279 387 169 89 88 0 0 59 551 184 94 45 91 
0 0 3 99 312 227 140 243 0 0 0 2 97 323 290 312 0 0 76 171 177 170 129 301 
0 0 38 273 330 195 75 113 0 0 0 55 294 315 209 151 0 5 169 254 263 123 80 130 
0 8 195 411 248 109 38 15 0 0 21 173 358 300 130 42 4 160 351 279 129 64 23 14 
0 13 282 562 132 34 1 0 0 0 18 296 485 185 39 1 0 201 460 260 89 14 0 0 
0 72 570 365 17 0 0 0 0 2 84 544 354 40 0 0 0 300 555 162 7 0 0 0 
0 156 678 182 8 0 0 0 0 10 199 677 133 5 0 0 4 519 424 72 5 0 0 0 
1 247 646 123 7 0 0 0 0 48 374 512 83 7 0 0 3 498 450 68 5 0 0 0 
0 294 543 171 16 0 0 0 0 13 325 453 194 38 1 0 3 576 395 49 1 0 0 0 
0 384 551 79 9 1 0 0 0 0 428 508 76 11 1 0 14 601 352 52 3 2 0 0 
2 404 571 46 1 0 0 0 0 75 345 538 66 0 0 0 31 711 260 22 0 0 0 0 
4 716 293 5 4 1 1 0 0 237 516 258 8 3 2 0 41 841 134 2 5 0 1 0 
19 869 135 1 0 0 0 0 0 234 659 126 5 0 0 0 109 855 60 0 0 0 0 0 
69 622 234 79 18 2 0 0 4 201 484 230 86 19 0 0 139 701 126 44 13 1 0 0 
3 516 483 22 0 0 0 0 0 68 399 491 65 1 0 0 128 823 72 1 0 0 0 0 
10 646 311 57 0 0 0 0 0 203 439 302 80 0 0 0 141 706 159 18 0 0 0 0 
12 634 340 38 0 0 0 0 0 174 422 372 56 0 0 0 66 848 106 4 0 0 0 0 
132 851 37 3 1 0 0 0 14 767 237 5 1 0 0 0 287 703 29 4 0 1 0 0 
86 846 90 2 0 0 0 0 0 698 254 60 12 0 0 0 189 807 28 0 0 0 0 0 
55 575 297 86 11 0 0 0 0 364 313 266 76 5 0 0 86 629 257 48 4 0 0 0 
323 557 117 11 6 5 2 3 131 489 309 75 10 4 3 3 316 561 109 16 7 5 6 4 
151 745 112 12 2 2 0 0 61 570 357 29 5 1 1 0 134 764 100 17 6 2 1 0 
25 878 113 7 1 0 0 0 2 324 673 23 2 0 0 0 47 815 146 15 1 0 0 0 
4 712 226 52 18 9 3 0 0 338 515 119 30 14 8 0 38 645 222 69 28 12 9 1 
0 939 83 2 0 0 0 0 0 466 522 36 0 0 0 0 26 941 55 2 0 0 0 0 
0 782 236 6 0 0 0 0 0 226 703 95 0 0 0 0 3 841 173 7 0 0 0 0 
0 401 554 69 0 0 0 0 0 25 632 344 23 0 0 0 0 541 424 58 1 0 0 0 
0 178 769 77 0 0 0 0 0 1 340 658 25 0 0 0 2 555 438 29 0 0 0 0 
0 26 502 482 14 0 0 0 0 0 71 683 267 3 0 0 0 247 558 210 9 0 0 0 
0 11 336 637 36 4 0 0 0 0 57 602 351 12 2 0 0 141 601 249 28 5 0 0 
0 0 163 663 189 9 0 0 0 0 8 362 513 140 1 0 0 104 515 286 105 14 0 0 
0 0 186 609 202 24 3 0 0 0 27 328 515 135 19 0 0 99 461 331 98 27 7 1 
0 15 231 501 246 31 0 0 0 0 55 284 411 250 24 0 0 36 424 423 123 18 0 0 
0 68 634 300 20 2 0 0 0 2 279 524 196 23 0 0 0 92 603 299 28 2 0 0 
0 16 570 411 27 0 0 0 0 0 106 709 190 19 0 0 0 193 540 266 25 0 0 0 
0 0 302 654 68 0 0 0 0 0 6 497 445 76 0 0 0 14 522 410 78 0 0 0 
0 0 139 637 177 39 18 14 0 0 1 361 470 140 35 17 0 0 253 560 137 34 22 18 
0 0 18 233 378 143 88 164 0 0 1 64 320 318 117 204 0 0 7 181 346 170 103 217 
0 0 17 193 197 142 146 329 0 0 0 60 199 168 203 394 0 0 12 195 173 117 141 386 
0 0 30 137 246 204 204 203 0 0 0 39 130 274 268 313 0 0 94 168 158 183 195 226 
0 1 85 287 159 144 96 252 0 0 2 112 269 171 164 306 0 15 169 217 124 125 89 285 
0 7 328 557 108 21 3 0 0 0 23 425 442 113 20 1 0 98 554 273 80 17 2 0 
0 90 504 395 34 1 0 0 0 0 93 565 333 33 0 0 2 326 510 174 12 0 0 0 
0 50 542 418 14 0 0 0 0 0 100 653 265 6 0 0 2 182 598 228 13 1 0 0 
0 108 714 190 12 0 0 0 0 2 259 589 168 6 0 0 1 292 637 84 10 0 0 0 
0 335 602 85 2 0 0 0 0 9 389 524 97 5 0 0 2 638 367 17 0 0 0 0 
0 396 558 57 13 0 0 0 0 15 404 510 70 23 2 0 3 709 295 17 0 0 0 0 
0 351 542 97 33 1 0 0 0 20 337 549 98 19 1 0 14 617 305 73 15 0 0 0 
8 492 451 67 5 1 0 0 0 77 576 332 37 2 0 0 10 742 228 38 6 0 0 0 
5 734 264 21 0 0 0 0 0 140 718 161 5 0 0 0 118 779 121 6 0 0 0 0 
3 722 267 32 0 0 0 0 0 192 596 185 51 0 0 0 78 807 131 8 0 0 0 0 
69 456 398 92 8 1 0 0 8 184 291 385 145 11 0 0 151 605 210 50 8 0 0 0 
260 648 113 3 0 0 0 0 59 515 306 138 6 0 0 0 437 545 41 1 0 0 0 0 
221 785 18 0 0 0 0 0 4 612 379 29 0 0 0 0 405 616 3 0 0 0 0 0 
284 738 2 0 0 0 0 0 12 876 136 0 0 0 0 0 562 460 2 0 0 0 0 0 
46 664 299 15 0 0 0 0 3 351 436 220 14 0 0 0 97 770 152 5 0 0 0 0 
45 490 425 64 0 0 0 0 0 288 325 317 93 1 0 0 100 635 261 28 0 0 0 0 
7 654 357 3 1 2 0 0 0 234 545 240 3 2 0 0 87 738 184 9 3 1 2 0 
19 707 222 39 16 12 5 4 4 254 582 133 25 12 9 5 89 689 146 47 20 14 11 8 
58 828 100 21 9 6 1 1 0 574 373 55 12 7 2 1 67 783 114 33 14 6 5 2 
18 926 63 8 6 2 1 0 0 473 524 17 5 4 0 1 85 875 40 8 9 3 3 1 
6 974 39 3 1 1 0 0 0 430 586 4 3 1 0 0 66 915 39 2 1 1 0 0 
6 972 45 1 0 0 0 0 0 592 427 5 0 0 0 0 25 975 23 1 0 0 0 0 
4 832 142 30 16 0 0 0 0 356 548 68 37 15 0 0 20 867 98 23 15 1 0 0 
0 352 327 252 82 11 0 0 0 100 348 247 229 92 8 0 11 492 335 127 42 17 0 0 
0 38 551 360 71 4 0 0 0 0 96 633 244 50 1 0 2 281 524 178 33 6 0 0 
0 25 556 401 38 4 0 0 0 0 92 673 232 24 3 0 0 236 544 219 21 4 0 0 
0 46 543 412 23 0 0 0 0 4 148 595 269 8 0 0 0 293 465 243 23 0 0 0 
0 14 324 588 92 6 0 0 0 0 28 474 450 70 2 0 0 163 514 301 42 4 0 0 
0 15 396 466 128 19 0 0 0 0 69 501 348 95 11 0 0 212 488 227 74 19 4 0 
0 2 228 421 265 98 10 0 0 0 21 308 352 245 97 1 0 121 432 231 147 77 15 1 
0 120 217 326 261 91 9 0 0 0 181 173 303 267 96 4 0 95 349 310 203 50 15 2 
0 130 655 230 8 1 0 0 0 10 312 569 123 10 0 0 0 142 541 320 21 0 0 0 
0 24 412 525 58 3 0 2 0 0 69 569 355 29 0 2 0 67 581 310 60 4 0 2 
0 0 93 489 227 66 58 91 0 0 8 277 402 155 71 111 0 1 155 427 176 77 63 125 
0 0 79 415 346 82 50 52 0 0 0 243 415 233 56 77 0 0 70 341 379 96 55 83 
0 0 1 56 119 109 144 595 0 0 0 8 89 108 133 686 0 0 4 70 113 129 90 618 
0 0 13 81 153 306 323 148 0 0 3 21 100 179 386 335 0 0 23 114 203 363 177 144 
0 0 81 257 288 298 100 0 0 0 7 122 255 288 312 40 0 16 161 277 311 249 10 0 
0 19 374 486 124 21 0 0 0 0 25 414 419 147 19 0 1 144 583 228 52 16 0 0 
0 54 567 388 14 1 0 0 0 0 83 639 281 21 0 0 2 306 569 141 5 1 0 0 
0 36 516 420 49 3 0 0 0 0 42 433 468 76 5 0 1 309 560 132 20 2 0 0 
0 164 604 231 23 2 0 0 0 9 155 553 269 38 0 0 2 493 456 63 7 3 0 0 
0 357 498 129 34 6 0 0 0 47 383 440 111 36 7 0 12 566 357 69 15 4 1 0 
0 207 536 240 38 3 0 0 0 22 242 424 265 63 8 0 30 568 337 81 8 0 0 0 
0 103 536 313 64 8 0 0 0 9 110 469 335 87 14 0 19 527 361 104 13 0 0 0 
4 485 427 96 12 0 0 0 0 107 387 392 119 19 0 0 31 711 245 33 4 0 0 0 
26 756 179 58 5 0 0 0 1 309 488 107 106 13 0 0 71 842 95 14 2 0 0 0 
52 606 239 51 34 17 14 11 6 330 412 140 79 26 18 13 71 673 147 47 25 21 24 16 
323 613 40 10 17 8 6 7 72 734 155 23 18 6 7 9 438 470 48 21 15 15 7 10 
535 480 6 2 1 0 0 0 78 878 63 4 1 0 0 0 747 267 6 3 1 0 0 0 
421 603 0 0 0 0 0 0 70 848 106 0 0 0 0 0 706 318 0 0 0 0 0 0 
428 596 0 0 0 0 0 0 20 882 122 0 0 0 0 0 810 214 0 0 0 0 0 0 
82 824 99 19 0 0 0 0 7 683 277 49 8 0 0 0 233 764 27 0 0 0 0 0 
153 775 77 13 2 3 1 0 0 752 214 48 6 2 2 0 332 628 44 10 5 2 2 1 
62 931 20 3 4 4 0 0 0 908 96 10 6 3 1 0 111 871 25 5 4 5 3 0 
34 913 62 11 4 0 0 0 0 728 274 17 4 1 0 0 117 825 60 12 9 1 0 0 
183 819 18 2 2 0 0 0 2 920 96 3 2 1 0 0 291 710 18 1 4 0 0 0 
90 893 33 6 2 0 0 0 3 888 117 13 3 0 0 0 116 846 43 16 3 0 0 0 
141 828 39 9 5 2 0 0 11 847 138 19 6 3 0 0 202 766 26 17 8 5 0 0 
104 902 13 2 2 1 0 0 10 813 191 6 2 2 0 0 129 873 15 2 3 0 2 0 
0 650 255 117 2 0 0 0 0 227 489 229 77 2 0 0 2 737 242 42 1 0 0 0 
10 475 350 144 37 8 0 0 0 94 460 292 132 42 4 0 29 643 230 75 35 12 0 0 
0 183 398 267 141 35 0 0 0 3 245 351 245 150 30 0 0 343 365 178 98 39 1 0 
0 32 242 433 246 71 0 0 0 0 74 290 363 242 55 0 0 183 382 261 129 55 14 0 
0 11 390 420 161 42 0 0 0 0 54 457 329 156 28 0 3 231 440 192 101 51 6 0 
0 13 542 432 35 2 0 0 0 0 94 659 258 13 0 0 0 269 506 220 26 3 0 0 
0 14 413 484 104 9 0 0 0 0 79 553 339 50 3 0 1 204 460 267 77 14 1 0 
0 31 319 486 138 43 7 0 0 0 79 427 350 139 27 2 1 193 438 238 104 40 9 1 
0 139 155 337 253 113 21 6 0 35 149 136 323 248 121 12 0 214 336 216 133 94 23 8 
0 149 447 255 101 56 16 0 0 29 279 344 202 109 56 5 0 138 447 286 100 37 16 0 
0 104 509 326 47 16 9 13 0 19 249 494 205 31 12 14 0 100 456 348 69 23 12 16 
0 0 178 362 176 79 82 147 0 0 19 320 294 124 82 185 0 7 141 318 184 100 85 189 
0 0 20 128 170 154 129 423 0 0 2 58 140 182 169 473 0 0 12 85 163 142 131 491 
0 0 54 299 388 264 18 1 0 0 0 153 267 448 153 3 0 0 52 329 423 193 26 1 
0 0 2 17 382 454 98 71 0 0 1 5 62 530 327 99 0 0 9 77 392 367 81 98 
0 21 168 404 370 51 10 0 0 0 38 181 412 337 55 1 0 63 288 387 241 35 9 1 
0 4 365 539 95 18 3 0 0 0 14 407 481 102 20 0 4 158 537 262 47 14 2 0 
0 54 502 393 73 2 0 0 0 0 65 421 444 91 3 0 1 358 451 180 34 0 0 0 
0 64 434 400 107 17 2 0 0 1 53 385 460 96 29 0 15 432 428 116 28 2 3 0 
0 80 364 390 172 18 0 0 0 7 86 358 326 214 33 0 7 368 401 186 57 4 1 0 
0 93 236 508 175 12 0 0 0 0 80 225 442 248 29 0 11 343 398 210 59 3 0 0 
3 240 461 267 52 1 0 0 0 45 191 361 336 81 10 0 25 541 337 100 21 0 0 0 
10 568 408 38 0 0 0 0 0 110 425 385 103 1 0 0 39 805 165 15 0 0 0 0 
6 338 457 198 24 1 0 0 0 81 271 356 267 48 1 0 22 545 356 93 8 0 0 0 
65 732 189 29 9 0 0 0 1 315 456 185 55 11 1 0 134 788 79 17 6 0 0 0 
115 685 95 24 26 16 14 49 35 537 292 44 21 26 15 54 158 626 92 22 30 19 16 61 
334 602 39 10 6 6 4 23 104 739 122 19 4 7 4 25 376 525 44 19 13 11 9 27 
360 656 7 1 0 0 0 0 43 874 106 0 1 0 0 0 551 468 4 1 0 0 0 0 
620 361 30 7 1 4 1 0 250 629 119 17 4 4 1 0 696 284 28 7 4 3 2 0 
684 332 8 0 0 0 0 0 450 398 176 0 0 0 0 0 762 256 6 0 0 0 0 0 
353 642 24 4 1 0 0 0 148 619 227 28 1 1 0 0 396 593 27 3 4 1 0 0 
355 631 29 5 3 1 0 0 51 810 142 17 2 2 0 0 366 615 30 6 4 3 0 0 
33 865 86 20 9 6 4 1 0 473 483 40 15 5 5 3 53 800 108 29 11 10 7 6 
35 836 99 23 10 5 7 9 0 515 419 49 15 8 8 10 98 729 110 40 13 11 9 14 
24 862 125 8 1 3 1 0 0 505 474 37 3 4 1 0 45 837 126 4 6 3 3 0 
52 661 272 22 8 6 2 1 7 384 453 154 12 9 3 2 53 663 236 44 15 4 7 2 
47 690 155 80 24 12 10 6 6 552 263 119 51 17 9 7 23 684 139 82 40 25 12 19 
29 669 175 50 42 40 15 4 0 412 368 127 41 42 27 7 17 621 177 76 35 38 37 23 
1 651 313 58 1 0 0 0 0 348 474 194 8 0 0 0 26 682 269 47 0 0 0 0 
21 831 165 6 1 0 0 0 1 459 533 27 4 0 0 0 33 913 71 6 1 0 0 0 
0 804 216 4 0 0 0 0 0 165 809 50 0 0 0 0 12 873 132 7 0 0 0 0 
0 475 500 47 2 0 0 0 0 42 742 232 7 1 0 0 3 665 329 27 0 0 0 0 
0 86 523 365 45 5 0 0 0 1 233 522 213 53 2 0 0 239 539 207 34 5 0 0 
0 15 343 436 206 24 0 0 0 0 85 440 348 132 19 0 0 136 349 373 146 20 0 0 
0 62 377 392 173 19 1 0 0 5 138 398 285 178 20 0 0 201 379 315 108 19 2 0 
0 52 355 452 135 30 0 0 0 2 83 361 421 130 27 0 1 142 405 324 114 32 6 0 
0 31 318 489 143 40 3 0 0 0 64 411 394 121 34 0 0 142 440 265 114 58 5 0 
0 13 172 446 305 76 12 0 0 5 18 250 452 248 49 2 0 104 371 330 156 54 9 0 
0 42 282 386 244 60 9 1 0 17 93 294 317 249 52 2 0 108 360 373 137 36 9 1 
0 5 218 550 221 27 3 0 0 0 40 347 476 152 9 0 0 14 224 496 238 47 5 0 
0 0 190 415 286 70 33 30 0 0 26 353 371 183 50 41 0 0 136 405 307 91 45 40 
0 0 5 104 463 253 77 122 0 0 0 24 229 443 187 141 0 0 9 132 425 213 95 150 
0 0 8 104 738 169 5 0 0 0 0 11 261 711 41 0 0 1 25 124 744 128 2 0 
0 6 125 478 359 52 4 0 0 0 7 186 464 331 36 0 0 53 174 383 347 63 4 0 
0 44 539 368 65 8 0 0 0 0 136 538 287 52 11 0 0 199 543 225 49 7 1 0 
0 352 547 109 15 0 1 0 0 22 524 396 72 9 1 0 6 528 422 57 7 3 1 0 
0 137 483 311 72 16 5 0 0 22 208 391 283 91 23 6 8 422 445 104 33 12 0 0 
0 120 453 295 125 31 0 0 0 1 110 405 295 152 57 4 5 372 431 165 45 6 0 0 
5 573 407 39 0 0 0 0 0 65 558 345 56 0 0 0 16 701 295 12 0 0 0 0 
21 771 219 13 0 0 0 0 0 228 631 162 3 0 0 0 84 787 147 6 0 0 0 0 
16 761 200 47 0 0 0 0 0 310 588 123 3 0 0 0 43 796 174 11 0 0 0 0 
114 892 16 2 0 0 0 0 10 724 277 11 1 1 0 0 208 805 10 1 0 0 0 0 
207 792 24 1 0 0 0 0 36 737 248 3 0 0 0 0 299 702 23 0 0 0 0 0 
119 879 26 0 0 0 0 0 9 529 463 23 0 0 0 0 213 789 20 2 0 0 0 0 
351 662 11 0 0 0 0 0 82 730 212 0 0 0 0 0 418 603 3 0 0 0 0 0 
708 311 5 0 0 0 0 0 517 480 27 0 0 0 0 0 769 255 0 0 0 0 0 0 
971 53 0 0 0 0 0 0 783 240 1 0 0 0 0 0 989 35 0 0 0 0 0 0 
968 56 0 0 0 0 0 0 576 448 0 0 0 0 0 0 1004 20 0 0 0 0 0 0 
784 210 15 10 4 1 0 0 366 610 32 6 9 1 0 0 732 250 23 5 11 2 1 0 
824 197 3 0 0 0 0 0 223 793 8 0 0 0 0 0 800 221 3 0 0 0 0 0 
81 631 295 12 4 1 0 0 2 390 336 285 10 1 0 0 78 599 285 55 6 1 0 0 
57 643 231 50 22 9 9 3 8 306 426 216 41 12 11 4 54 608 231 61 28 21 9 12 
117 704 169 24 8 1 1 0 2 471 401 136 9 3 2 0 106 713 165 24 11 3 1 1 
50 665 280 24 3 1 1 0 3 326 488 194 11 1 1 0 79 703 211 26 1 2 2 0 
47 646 206 63 18 14 17 13 8 442 317 167 39 10 24 17 48 608 187 96 24 14 18 29 
5 825 148 14 6 6 5 15 0 536 406 46 7 6 7 16 7 839 125 19 6 3 9 16 
51 648 285 39 1 0 0 0 1 346 507 170 0 0 0 0 49 695 253 27 0 0 0 0 
50 789 165 20 0 0 0 0 1 441 513 68 1 0 0 0 36 798 176 14 0 0 0 0 
23 739 251 11 0 0 0 0 0 314 634 76 0 0 0 0 35 761 220 8 0 0 0 0 
1 577 421 24 1 0 0 0 0 105 749 163 7 0 0 0 7 689 303 24 1 0 0 0 
0 174 635 209 6 0 0 0 0 10 367 552 93 2 0 0 5 321 495 192 11 0 0 0 
0 18 328 452 179 46 1 0 0 0 56 413 368 142 45 0 0 77 435 328 139 40 5 0 
0 60 488 369 93 14 0 0 0 2 176 525 233 75 13 0 0 205 479 254 71 15 0 0 
0 133 444 310 105 32 0 0 0 14 219 441 236 89 25 0 6 223 429 233 91 38 4 0 
0 70 375 367 169 41 2 0 0 1 146 375 328 141 33 0 1 193 347 268 150 55 10 0 
0 313 421 223 57 8 2 0 0 109 343 358 162 42 10 0 0 494 375 117 24 9 5 0 
0 147 597 204 56 14 6 0 0 0 273 530 169 34 17 1 0 403 509 78 15 12 7 0 
0 262 559 184 19 0 0 0 0 0 464 427 128 5 0 0 0 428 457 123 16 0 0 0 
0 64 435 315 148 44 16 2 0 1 238 419 235 95 29 7 0 46 420 313 164 61 17 3 
0 46 249 287 403 38 1 0 0 0 132 254 345 280 13 0 0 37 247 341 323 73 3 0 
0 11 337 401 263 12 0 0 0 0 91 405 337 188 3 0 0 4 278 458 256 28 0 0 
0 22 558 371 70 3 0 0 0 0 170 578 251 24 1 0 0 6 501 399 114 4 0 0 
0 511 425 84 4 0 0 0 0 150 565 268 40 1 0 0 0 452 446 118 8 0 0 0 
0 359 457 147 55 6 0 0 0 26 467 361 110 52 8 0 0 505 377 105 33 4 0 0 
0 82 450 370 99 23 0 0 0 0 98 425 338 131 32 0 16 319 426 192 58 13 0 0 
0 211 517 220 63 13 0 0 0 5 257 465 226 58 13 0 8 414 399 141 50 11 1 0 
1 538 326 106 46 7 0 0 0 123 494 272 93 40 2 0 10 527 311 109 45 20 2 0 
10 758 192 57 7 0 0 0 0 456 385 140 41 2 0 0 23 755 162 64 20 0 0 0 
59 881 68 16 0 0 0 0 0 764 223 36 1 0 0 0 47 898 70 9 0 0 0 0 
168 805 44 7 0 0 0 0 0 898 105 21 0 0 0 0 197 782 41 4 0 0 0 0 
165 842 17 0 0 0 0 0 8 880 134 2 0 0 0 0 176 830 18 0 0 0 0 0 
330 659 31 4 0 0 0 0 109 736 170 9 0 0 0 0 322 665 33 4 0 0 0 0 
709 311 4 0 0 0 0 0 434 429 145 16 0 0 0 0 724 299 1 0 0 0 0 0 
1017 7 0 0 0 0 0 0 982 42 0 0 0 0 0 0 1014 10 0 0 0 0 0 0 
960 64 0 0 0 0 0 0 917 62 45 0 0 0 0 0 1012 12 0 0 0 0 0 0 
726 298 0 0 0 0 0 0 536 288 200 0 0 0 0 0 870 154 0 0 0 0 0 0 
898 112 11 3 0 0 0 0 673 321 26 4 0 0 0 0 903 104 14 3 0 0 0 0 
964 60 0 0 0 0 0 0 722 300 2 0 0 0 0 0 968 56 0 0 0 0 0 0 
487 413 82 15 6 7 9 5 285 535 137 34 10 7 9 7 501 413 51 24 7 9 8 11 
506 360 57 37 25 28 10 1 273 497 113 57 28 31 21 4 498 343 64 43 29 30 12 5 
419 330 178 60 17 18 2 0 111 487 197 159 40 18 12 0 435 340 152 61 18 18 0 0 
481 443 77 23 0 0 0 0 166 691 76 76 15 0 0 0 463 492 52 17 0 0 0 0 
489 515 17 3 0 0 0 0 87 894 30 13 0 0 0 0 378 633 12 1 0 0 0 0 
108 507 303 85 18 3 0 0 2 463 246 214 86 13 0 0 73 559 282 93 15 2 0 0 
73 538 294 96 20 3 0 0 1 423 311 220 61 8 0 0 86 548 251 112 24 3 0 0 
79 582 308 50 5 0 0 0 3 428 349 231 13 0 0 0 74 665 245 40 0 0 0 0 
34 893 97 0 0 0 0 0 1 559 441 23 0 0 0 0 33 838 151 2 0 0 0 0 
19 656 322 27 0 0 0 0 2 290 477 235 20 0 0 0 16 717 266 25 0 0 0 0 
0 376 470 176 2 0 0 0 0 83 424 386 130 1 0 0 2 443 456 119 4 0 0 0 
0 170 659 183 11 1 0 0 0 23 397 474 123 7 0 0 1 330 528 157 7 1 0 0 
0 71 593 316 43 1 0 0 0 0 271 509 206 38 0 0 0 193 569 226 34 2 0 0 
0 46 565 324 73 16 0 0 0 0 142 557 242 67 16 0 4 277 491 192 47 12 1 0 
0 89 443 315 128 47 2 0 0 0 167 447 233 127 50 0 1 215 454 214 86 41 13 0 
0 426 464 86 30 18 0 0 0 35 598 284 65 30 12 0 0 330 564 83 27 15 5 0 
0 293 449 133 113 34 2 0 0 62 464 267 103 100 27 1 0 380 374 127 95 41 7 0 
0 110 516 330 61 7 0 0 0 1 236 456 277 49 5 0 3 276 572 141 26 6 0 0 
0 55 357 431 159 22 0 0 0 2 184 409 295 116 18 0 0 47 316 466 183 12 0 0 
0 150 387 355 123 9 0 0 0 4 300 382 234 97 7 0 0 117 423 372 107 5 0 0 
0 23 315 612 72 2 0 0 0 0 95 499 411 19 0 0 0 5 314 625 74 6 0 0 
0 158 688 174 4 0 0 0 0 13 529 430 51 1 0 0 0 97 758 160 8 1 0 0 
0 720 234 53 15 2 0 0 0 213 711 79 17 4 0 0 0 640 316 54 12 2 0 0 
0 338 314 263 93 16 0 0 0 118 295 268 239 91 13 0 0 339 388 205 76 13 3 0 
0 201 379 332 102 10 0 0 0 78 152 381 300 104 9 0 11 317 356 249 76 15 0 0 
0 216 460 270 74 4 0 0 0 23 253 435 252 58 3 0 10 332 379 221 68 14 0 0 
2 599 257 137 26 3 0 0 0 349 339 204 115 16 1 0 19 606 253 108 33 5 0 0 
34 817 145 26 2 0 0 0 1 615 297 89 22 0 0 0 41 808 128 36 11 0 0 0 
85 845 78 15 1 0 0 0 0 718 243 58 5 0 0 0 77 870 66 10 1 0 0 0 
80 843 90 11 0 0 0 0 3 592 389 40 0 0 0 0 122 804 84 14 0 0 0 0 
181 724 112 7 0 0 0 0 13 599 373 39 0 0 0 0 294 631 93 6 0 0 0 0 
525 456 40 3 0 0 0 0 232 662 124 6 0 0 0 0 549 421 50 4 0 0 0 0 
1004 20 0 0 0 0 0 0 962 62 0 0 0 0 0 0 1012 12 0 0 0 0 0 0 
1018 6 0 0 0 0 0 0 1003 21 0 0 0 0 0 0 1018 6 0 0 0 0 0 0 
992 32 0 0 0 0 0 0 967 39 18 0 0 0 0 0 1010 14 0 0 0 0 0 0 
748 260 16 0 0 0 0 0 546 286 170 22 0 0 0 0 866 158 0 0 0 0 0 0 
501 364 103 33 12 11 0 0 230 562 150 45 21 15 1 0 483 377 106 30 22 6 0 0 
764 175 36 25 13 10 1 0 484 412 59 26 21 13 9 0 734 210 38 22 16 4 0 0 
702 248 18 21 5 9 13 8 494 428 38 16 16 4 11 17 672 266 23 17 10 10 7 19 
494 378 82 38 21 11 0 0 324 505 114 54 21 6 0 0 531 327 92 40 26 8 0 0 
658 323 19 16 7 1 0 0 261 713 27 18 5 0 0 0 709 270 21 17 5 2 0 0 
602 422 0 0 0 0 0 0 195 780 49 0 0 0 0 0 545 479 0 0 0 0 0 0 
386 578 48 12 0 0 0 0 83 778 122 36 5 0 0 0 277 696 36 15 0 0 0 0 
18 551 372 78 4 1 0 0 0 143 440 369 67 4 1 0 43 674 259 45 3 0 0 0 
13 374 417 194 26 0 0 0 0 133 268 370 213 38 2 0 23 424 389 168 20 0 0 0 
1 281 541 189 12 0 0 0 0 77 405 366 168 8 0 0 4 434 413 152 21 0 0 0 
39 461 358 151 15 0 0 0 3 249 339 266 150 17 0 0 45 459 361 144 15 0 0 0 
44 681 283 16 0 0 0 0 11 405 434 170 4 0 0 0 32 660 296 36 0 0 0 0 
40 799 152 30 3 0 0 0 4 512 378 110 19 1 0 0 37 783 166 33 5 0 0 0 
4 532 330 139 19 0 0 0 0 238 430 277 73 6 0 0 18 540 279 151 35 1 0 0 
10 485 362 125 39 3 0 0 0 249 405 234 99 34 3 0 10 567 310 103 31 3 0 0 
0 196 578 186 51 13 0 0 0 8 428 403 129 44 12 0 0 326 434 184 62 18 0 0 
0 132 462 335 82 12 1 0 0 13 199 480 273 54 5 0 0 225 423 254 94 23 5 0 
0 62 514 347 89 12 0 0 0 1 169 473 294 78 9 0 0 280 452 203 70 16 3 0 
3 331 497 166 26 1 0 0 0 113 380 406 105 20 0 0 0 546 366 90 20 2 0 0 
0 459 490 72 3 0 0 0 0 81 591 330 22 0 0 0 1 633 335 51 4 0 0 0 
0 161 628 219 16 0 0 0 0 19 332 545 126 2 0 0 0 264 551 173 36 0 0 0 
0 28 293 597 106 0 0 0 0 0 109 454 419 42 0 0 0 12 263 577 162 10 0 0 
0 45 561 380 38 0 0 0 0 4 266 585 157 12 0 0 0 45 549 383 46 1 0 0 
0 340 606 74 4 0 0 0 0 87 676 223 38 0 0 0 0 285 634 83 22 0 0 0 
0 825 179 17 3 0 0 0 0 413 550 47 10 4 0 0 0 784 209 28 3 0 0 0 
0 375 242 257 127 22 1 0 0 165 311 175 244 111 18 0 0 387 276 205 131 21 4 0 
0 227 364 327 95 11 0 0 0 56 258 336 282 86 6 0 2 299 324 281 93 25 0 0 
2 338 467 174 41 2 0 0 0 75 387 402 130 28 2 0 12 432 386 149 40 5 0 0 
2 454 492 76 0 0 0 0 0 151 446 372 55 0 0 0 17 603 351 53 0 0 0 0 
36 813 167 8 0 0 0 0 0 475 442 102 5 0 0 0 69 780 169 6 0 0 0 0 
56 801 150 17 0 0 0 0 0 490 445 84 5 0 0 0 117 745 143 19 0 0 0 0 
248 706 57 10 3 0 0 0 51 680 259 28 6 0 0 0 367 584 60 10 3 0 0 0 
679 314 22 9 0 0 0 0 333 588 79 18 6 0 0 0 773 212 24 13 2 0 0 0 
967 57 0 0 0 0 0 0 859 165 0 0 0 0 0 0 946 78 0 0 0 0 0 0 
1000 22 2 0 0 0 0 0 965 57 2 0 0 0 0 0 983 39 2 0 0 0 0 0 
1020 4 0 0 0 0 0 0 1024 0 0 0 0 0 0 0 1023 1 0 0 0 0 0 0 
1021 3 0 0 0 0 0 0 1018 6 0 0 0 0 0 0 1021 3 0 0 0 0 0 0 
1024 0 0 0 0 0 0 0 1024 0 0 0 0 0 0 0 1024 0 0 0 0 0 0 0 
839 185 0 0 0 0 0 0 285 739 0 0 0 0 0 0 853 171 0 0 0 0 0 0 
866 154 4 0 0 0 0 0 305 710 9 0 0 0 0 0 844 180 0 0 0 0 0 0 
727 286 11 0 0 0 0 0 414 580 30 0 0 0 0 0 754 257 13 0 0 0 0 0 
564 460 0 0 0 0 0 0 129 867 28 0 0 0 0 0 617 407 0 0 0 0 0 0 
551 473 0 0 0 0 0 0 239 731 54 0 0 0 0 0 565 457 2 0 0 0 0 0 
545 466 12 1 0 0 0 0 243 590 173 15 3 0 0 0 582 435 7 0 0 0 0 0 
350 470 155 47 2 0 0 0 246 447 147 136 46 2 0 0 379 497 101 41 6 0 0 0 
74 415 402 125 8 0 0 0 16 226 266 328 175 13 0 0 107 550 281 74 12 0 0 0 
11 592 308 111 2 0 0 0 0 197 421 296 107 3 0 0 39 647 288 47 3 0 0 0 
62 499 266 117 73 7 0 0 24 270 304 223 106 79 18 0 90 593 191 75 53 21 1 0 
24 369 263 209 136 22 1 0 1 277 176 212 180 148 30 0 44 491 231 141 98 19 0 0 
145 546 245 68 20 0 0 0 26 474 277 173 53 21 0 0 139 549 234 78 24 0 0 0 
225 679 117 3 0 0 0 0 40 692 234 58 0 0 0 0 211 655 149 9 0 0 0 0 
122 824 78 0 0 0 0 0 19 745 233 27 0 0 0 0 131 810 81 2 0 0 0 0 
3 660 328 32 1 0 0 0 0 283 542 188 11 0 0 0 21 749 221 30 3 0 0 0 
1 363 558 95 7 0 0 0 0 29 539 420 34 2 0 0 6 508 402 96 11 1 0 0 
0 100 533 301 70 17 3 0 0 1 282 509 188 36 8 0 0 214 448 262 69 23 7 1 
2 469 377 121 39 14 2 0 1 300 349 256 85 25 8 0 4 532 299 122 48 12 7 0 
0 588 377 53 6 0 0 0 0 272 542 179 27 4 0 0 0 633 336 49 6 0 0 0 
0 479 506 38 1 0 0 0 0 49 698 270 7 0 0 0 0 530 454 39 1 0 0 0 
0 562 334 112 16 0 0 0 0 354 414 209 39 8 0 0 1 599 318 91 14 1 0 0 
0 42 460 414 108 0 0 0 0 0 139 525 281 79 0 0 0 34 396 467 127 0 0 0 
0 162 622 228 12 0 0 0 0 4 492 407 116 5 0 0 0 222 588 197 17 0 0 0 
0 563 420 41 0 0 0 0 0 191 690 132 11 0 0 0 0 600 363 57 4 0 0 0 
7 857 156 4 0 0 0 0 0 275 735 10 3 1 0 0 0 718 303 3 0 0 0 0 
9 642 255 93 22 3 0 0 1 420 323 199 62 17 2 0 12 689 226 72 20 5 0 0 
1 263 500 240 19 1 0 0 0 71 298 454 180 20 1 0 11 341 470 184 17 1 0 0 
4 489 436 81 13 1 0 0 0 53 550 360 56 5 0 0 73 546 321 71 11 2 0 0 
0 496 470 52 4 2 0 0 0 47 638 312 24 3 0 0 19 498 437 60 9 1 0 0 
76 802 118 23 5 0 0 0 4 610 330 67 13 0 0 0 67 794 128 28 7 0 0 0 
283 591 123 26 1 0 0 0 73 699 194 54 4 0 0 0 261 628 110 24 1 0 0 0 
614 385 24 1 0 0 0 0 327 597 91 9 0 0 0 0 692 306 25 1 0 0 0 0 
762 244 18 0 0 0 0 0 339 659 26 0 0 0 0 0 680 323 21 0 0 0 0 0 
994 30 0 0 0 0 0 0 899 125 0 0 0 0 0 0 989 35 0 0 0 0 0 0 
973 49 2 0 0 0 0 0 963 60 1 0 0 0 0 0 961 62 1 0 0 0 0 0 
1003 20 1 0 0 0 0 0 993 30 0 1 0 0 0 0 1005 18 1 0 0 0 0 0 
1022 2 0 0 0 0 0 0 992 32 0 0 0 0 0 0 1022 2 0 0 0 0 0 0 
1016 8 0 0 0 0 0 0 1002 20 2 0 0 0 0 0 1020 4 0 0 0 0 0 0 
839 185 0 0 0 0 0 0 755 269 0 0 0 0 0 0 923 101 0 0 0 0 0 0 
1012 12 0 0 0 0 0 0 843 181 0 0 0 0 0 0 1007 17 0 0 0 0 0 0 
986 27 6 3 2 0 0 0 701 311 6 4 2 0 0 0 970 42 4 6 2 0 0 0 
964 59 1 0 0 0 0 0 774 247 3 0 0 0 0 0 956 67 1 0 0 0 0 0 
918 104 2 0 0 0 0 0 804 220 0 0 0 0 0 0 935 89 0 0 0 0 0 0 
580 403 28 13 0 0 0 0 419 548 25 16 16 0 0 0 616 383 23 2 0 0 0 0 
45 502 205 211 61 0 0 0 11 435 156 203 156 63 0 0 86 645 188 73 31 1 0 0 
9 461 345 162 37 10 0 0 0 173 356 260 182 50 3 0 27 620 240 104 33 0 0 0 
9 416 220 199 164 15 1 0 0 163 319 184 185 158 15 0 52 512 213 136 82 29 0 0 
92 801 115 13 3 0 0 0 6 600 378 27 12 1 0 0 132 761 109 15 7 0 0 0 
225 646 138 15 0 0 0 0 123 600 203 91 7 0 0 0 313 576 121 14 0 0 0 0 
215 529 190 81 9 0 0 0 16 615 180 163 40 10 0 0 254 483 159 111 17 0 0 0 
379 631 12 2 0 0 0 0 76 917 23 8 0 0 0 0 361 646 11 6 0 0 0 0 
250 758 16 0 0 0 0 0 27 927 68 2 0 0 0 0 231 780 13 0 0 0 0 0 
53 896 75 0 0 0 0 0 6 779 222 17 0 0 0 0 58 892 74 0 0 0 0 0 
20 723 267 14 0 0 0 0 0 459 445 115 5 0 0 0 26 775 209 14 0 0 0 0 
4 696 234 80 10 0 0 0 0 397 433 140 46 8 0 0 15 735 187 70 16 1 0 0 
1 593 331 87 12 0 0 0 0 212 579 179 49 5 0 0 0 612 304 92 14 2 0 0 
0 422 395 143 60 4 0 0 0 190 482 220 97 33 2 0 1 527 312 102 65 16 1 0 
0 450 537 37 0 0 0 0 0 120 738 159 7 0 0 0 0 696 315 12 1 0 0 0 
1 837 165 20 1 0 0 0 0 464 484 69 7 0 0 0 2 836 160 25 1 0 0 0 
0 190 567 251 16 0 0 0 0 22 416 416 164 6 0 0 0 84 593 330 17 0 0 0 
0 355 645 23 1 0 0 0 0 25 817 178 4 0 0 0 0 296 702 26 0 0 0 0 
0 485 516 22 1 0 0 0 0 89 850 82 3 0 0 0 0 368 606 47 3 0 0 0 
46 731 230 17 0 0 0 0 22 511 419 72 0 0 0 0 1 624 358 41 0 0 0 0 
209 764 42 9 0 0 0 0 56 840 106 22 0 0 0 0 47 922 42 13 0 0 0 0 
165 563 208 73 14 1 0 0 82 468 253 153 64 4 0 0 108 652 182 65 16 1 0 0 
16 615 358 31 4 0 0 0 0 202 532 266 24 0 0 0 96 678 223 25 2 0 0 0 
81 704 219 20 0 0 0 0 5 403 421 191 4 0 0 0 156 636 206 26 0 0 0 0 
232 671 93 20 6 2 0 0 38 703 233 36 11 2 1 0 336 566 88 23 6 5 0 0 
448 548 28 0 0 0 0 0 115 697 203 9 0 0 0 0 576 424 24 0 0 0 0 0 
522 501 1 0 0 0 0 0 174 800 50 0 0 0 0 0 743 281 0 0 0 0 0 0 
778 244 2 0 0 0 0 0 258 727 39 0 0 0 0 0 813 210 1 0 0 0 0 0 
941 82 1 0 0 0 0 0 795 208 21 0 0 0 0 0 945 78 1 0 0 0 0 0 
1001 23 0 0 0 0 0 0 983 41 0 0 0 0 0 0 998 26 0 0 0 0 0 0 
1004 20 0 0 0 0 0 0 974 43 5 2 0 0 0 0 1010 14 0 0 0 0 0 0 
849 152 23 0 0 0 0 0 784 111 82 47 0 0 0 0 919 99 6 0 0 0 0 0 
516 488 20 0 0 0 0 0 382 222 286 134 0 0 0 0 838 184 2 0 0 0 0 0 
791 233 0 0 0 0 0 0 602 422 0 0 0 0 0 0 843 181 0 0 0 0 0 0 
819 166 25 12 2 0 0 0 621 360 25 15 3 0 0 0 871 111 21 15 6 0 0 0 
947 62 9 5 1 0 0 0 824 183 10 6 1 0 0 0 969 41 8 4 2 0 0 0 
1017 7 0 0 0 0 0 0 715 309 0 0 0 0 0 0 1015 9 0 0 0 0 0 0 
951 73 0 0 0 0 0 0 295 729 0 0 0 0 0 0 924 100 0 0 0 0 0 0 
727 297 0 0 0 0 0 0 184 837 3 0 0 0 0 0 766 258 0 0 0 0 0 0 
323 689 12 0 0 0 0 0 151 775 98 0 0 0 0 0 298 716 10 0 0 0 0 0 
447 551 24 2 0 0 0 0 407 457 160 0 0 0 0 0 460 542 22 0 0 0 0 0 
129 561 265 69 0 0 0 0 68 375 515 66 0 0 0 0 142 602 245 35 0 0 0 0 
345 594 78 7 0 0 0 0 97 640 265 22 0 0 0 0 365 515 126 18 0 0 0 0 
537 444 41 2 0 0 0 0 467 498 50 8 1 0 0 0 569 420 31 4 0 0 0 0 
654 306 64 0 0 0 0 0 481 474 69 0 0 0 0 0 724 267 33 0 0 0 0 0 
776 248 0 0 0 0 0 0 610 412 2 0 0 0 0 0 735 289 0 0 0 0 0 0 
239 777 8 0 0 0 0 0 103 795 126 0 0 0 0 0 243 744 37 0 0 0 0 0 
93 897 34 0 0 0 0 0 9 706 308 1 0 0 0 0 112 863 49 0 0 0 0 0 
81 874 69 0 0 0 0 0 8 650 356 10 0 0 0 0 123 790 111 0 0 0 0 0 
27 840 149 8 0 0 0 0 1 641 327 50 5 0 0 0 26 821 164 13 0 0 0 0 
3 650 269 83 19 0 0 0 0 338 483 135 55 13 0 0 4 626 294 75 21 4 0 0 
0 744 238 38 4 0 0 0 0 317 625 63 17 2 0 0 0 757 216 40 10 1 0 0 
0 566 298 122 33 5 0 0 0 195 614 212 3 0 0 0 0 791 232 1 0 0 0 0 
0 781 225 18 0 0 0 0 0 437 493 81 13 0 0 0 0 586 409 29 0 0 0 0 
0 637 382 5 0 0 0 0 0 259 679 86 0 0 0 0 0 477 538 9 0 0 0 0 
0 627 365 29 3 0 0 0 0 336 591 91 5 1 0 0 0 526 454 40 3 1 0 0 
6 596 335 84 3 0 0 0 0 325 479 205 15 0 0 0 0 488 385 141 10 0 0 0 
41 878 100 5 0 0 0 0 8 676 313 27 0 0 0 0 6 840 160 18 0 0 0 0 
245 586 126 46 18 3 0 0 111 529 247 85 35 15 2 0 102 700 149 48 21 4 0 0 
85 420 337 145 32 5 0 0 35 201 342 287 132 24 3 0 54 513 297 124 30 6 0 0 
83 625 257 54 5 0 0 0 10 383 353 224 52 2 0 0 137 626 221 35 5 0 0 0 
169 829 25 1 0 0 0 0 39 752 224 9 0 0 0 0 354 647 21 2 0 0 0 0 
223 756 41 4 0 0 0 0 52 677 278 16 1 0 0 0 454 534 31 5 0 0 0 0 
394 622 8 0 0 0 0 0 51 868 102 3 0 0 0 0 542 472 10 0 0 0 0 0 
692 325 7 0 0 0 0 0 238 765 20 1 0 0 0 0 700 318 6 0 0 0 0 0 
913 111 0 0 0 0 0 0 633 387 4 0 0 0 0 0 958 64 2 0 0 0 0 0 
995 28 1 0 0 0 0 0 944 79 1 0 0 0 0 0 994 30 0 0 0 0 0 0 
1024 0 0 0 0 0 0 0 1022 2 0 0 0 0 0 0 1024 0 0 0 0 0 0 0 
600 325 99 0 0 0 0 0 509 175 135 201 4 0 0 0 707 311 6 0 0 0 0 0 
501 410 113 0 0 0 0 0 426 83 182 330 3 0 0 0 637 372 15 0 0 0 0 0 
728 250 46 0 0 0 0 0 648 138 104 134 0 0 0 0 814 210 0 0 0 0 0 0 
880 144 0 0 0 0 0 0 745 279 0 0 0 0 0 0 968 56 0 0 0 0 0 0 
761 263 0 0 0 0 0 0 603 421 0 0 0 0 0 0 927 97 0 0 0 0 0 0 
861 163 0 0 0 0 0 0 597 427 0 0 0 0 0 0 967 57 0 0 0 0 0 0 
921 103 0 0 0 0 0 0 560 464 0 0 0 0 0 0 1012 12 0 0 0 0 0 0 
849 175 0 0 0 0 0 0 401 623 0 0 0 0 0 0 908 116 0 0 0 0 0 0 
681 343 0 0 0 0 0 0 329 695 0 0 0 0 0 0 837 187 0 0 0 0 0 0 
384 640 0 0 0 0 0 0 258 766 0 0 0 0 0 0 645 379 0 0 0 0 0 0 
405 356 219 44 0 0 0 0 399 356 227 42 0 0 0 0 488 354 166 16 0 0 0 0 
301 445 171 107 0 0 0 0 273 483 181 87 0 0 0 0 444 374 153 53 0 0 0 0 
139 806 79 0 0 0 0 0 103 665 251 5 0 0 0 0 230 739 54 1 0 0 0 0 
123 742 150 9 0 0 0 0 65 558 370 30 1 0 0 0 151 709 155 8 1 0 0 0 
198 600 212 14 0 0 0 0 188 431 301 103 1 0 0 0 232 587 180 25 0 0 0 0 
514 500 10 0 0 0 0 0 505 461 54 4 0 0 0 0 618 393 13 0 0 0 0 0 
95 856 73 0 0 0 0 0 52 644 315 13 0 0 0 0 106 785 131 2 0 0 0 0 
13 762 248 1 0 0 0 0 0 381 576 67 0 0 0 0 16 649 345 14 0 0 0 0 
49 623 310 41 0 0 1 0 1 521 290 206 5 0 1 0 56 599 278 88 2 0 1 0 
27 774 211 8 2 0 1 1 1 432 527 59 3 0 1 1 35 730 239 16 2 0 1 1 
8 749 229 37 1 0 0 0 0 472 426 115 11 0 0 0 7 709 240 66 2 0 0 0 
4 547 313 135 25 0 0 0 0 270 454 216 83 1 0 0 3 559 261 145 56 0 0 0 
48 659 284 30 2 1 0 0 0 634 317 67 4 2 0 0 0 710 258 52 3 1 0 0 
99 735 179 8 3 0 0 0 4 662 327 31 0 0 0 0 0 672 341 11 0 0 0 0 
118 848 58 0 0 0 0 0 3 906 106 9 0 0 0 0 0 893 129 2 0 0 0 0 
13 756 251 4 0 0 0 0 0 630 373 21 0 0 0 0 0 707 307 9 1 0 0 0 
21 812 177 14 0 0 0 0 2 460 500 60 2 0 0 0 0 756 242 26 0 0 0 0 
438 576 10 0 0 0 0 0 274 709 41 0 0 0 0 0 212 786 26 0 0 0 0 0 
768 246 10 0 0 0 0 0 557 451 15 1 0 0 0 0 505 505 13 1 0 0 0 0 
429 454 137 4 0 0 0 0 368 370 216 69 1 0 0 0 403 503 112 6 0 0 0 0 
379 571 49 15 10 0 0 0 285 472 213 41 13 0 0 0 473 476 45 20 10 0 0 0 
535 455 27 7 0 0 0 0 412 384 214 11 3 0 0 0 585 411 24 4 0 0 0 0 
629 380 14 1 0 0 0 0 476 455 90 3 0 0 0 0 581 428 14 1 0 0 0 0 
881 143 0 0 0 0 0 0 553 470 1 0 0 0 0 0 835 189 0 0 0 0 0 0 
996 28 0 0 0 0 0 0 765 259 0 0 0 0 0 0 972 52 0 0 0 0 0 0 
958 52 14 0 0 0 0 0 893 112 18 1 0 0 0 0 933 75 16 0 0 0 0 0 
1012 12 0 0 0 0 0 0 1006 17 1 0 0 0 0 0 1013 11 0 0 0 0 0 0 
1021 3 0 0 0 0 0 0 1015 9 0 0 0 0 0 0 1023 1 0 0 0 0 0 0 
1022 2 0 0 0 0 0 0 1016 7 1 0 0 0 0 0 1022 2 0 0 0 0 0 0 
1024 0 0 0 0 0 0 0 1024 0 0 0 0 0 0 0 1024 0 0 0 0 0 0 0 
1024 0 0 0 0 0 0 0 1024 0 0 0 0 0 0 0 1024 0 0 0 0 0 0 0 
1022 2 0 0 0 0 0 0 1013 11 0 0 0 0 0 0 1024 0 0 0 0 0 0 0 
895 129 0 0 0 0 0 0 801 223 0 0 0 0 0 0 1009 15 0 0 0 0 0 0 
773 251 0 0 0 0 0 0 447 577 0 0 0 0 0 0 1013 11 0 0 0 0 0 0 
484 540 0 0 0 0 0 0 191 833 0 0 0 0 0 0 978 46 0 0 0 0 0 0 
558 466 0 0 0 0 0 0 93 931 0 0 0 0 0 0 916 108 0 0 0 0 0 0 
423 599 2 0 0 0 0 0 39 984 1 0 0 0 0 0 637 387 0 0 0 0 0 0 
148 872 4 0 0 0 0 0 1 1003 20 0 0 0 0 0 510 514 0 0 0 0 0 0 
70 824 121 9 0 0 0 0 36 881 106 1 0 0 0 0 236 744 44 0 0 0 0 0 
9 981 33 1 0 0 0 0 0 971 53 0 0 0 0 0 463 558 3 0 0 0 0 0 
66 919 39 0 0 0 0 0 15 827 170 12 0 0 0 0 419 527 74 4 0 0 0 0 
61 790 172 1 0 0 0 0 2 572 384 66 0 0 0 0 151 643 212 18 0 0 0 0 
7 877 139 1 0 0 0 0 0 634 318 72 0 0 0 0 108 740 158 18 0 0 0 0 
220 788 16 0 0 0 0 0 44 855 124 1 0 0 0 0 379 617 28 0 0 0 0 0 
170 838 16 0 0 0 0 0 47 946 31 0 0 0 0 0 395 621 8 0 0 0 0 0 
208 658 158 0 0 0 0 0 107 682 208 27 0 0 0 0 282 621 114 7 0 0 0 0 
464 540 18 1 0 1 0 0 185 802 34 2 0 1 0 0 566 441 15 1 0 1 0 0 
143 613 230 36 2 0 0 0 15 564 270 167 8 0 0 0 196 524 251 51 1 1 0 0 
24 747 243 10 0 0 0 0 4 434 473 112 1 0 0 0 19 701 284 20 0 0 0 0 
11 811 161 19 15 6 1 0 4 502 467 30 13 7 1 0 13 817 146 15 20 12 1 0 
15 738 262 7 1 1 0 0 6 491 509 15 2 1 0 0 7 835 171 8 2 1 0 0 
0 845 173 6 0 0 0 0 0 416 597 11 0 0 0 0 0 627 388 9 0 0 0 0 
2 1007 15 0 0 0 0 0 0 822 202 0 0 0 0 0 0 970 54 0 0 0 0 0 
0 894 130 0 0 0 0 0 0 729 295 0 0 0 0 0 0 852 172 0 0 0 0 0 
25 982 17 0 0 0 0 0 1 794 228 1 0 0 0 0 10 996 18 0 0 0 0 0 
527 497 0 0 0 0 0 0 313 708 3 0 0 0 0 0 264 757 3 0 0 0 0 0 
831 193 0 0 0 0 0 0 760 264 0 0 0 0 0 0 717 307 0 0 0 0 0 0 
1024 0 0 0 0 0 0 0 1024 0 0 0 0 0 0 0 1022 2 0 0 0 0 0 0 
1020 4 0 0 0 0 0 0 1018 6 0 0 0 0 0 0 1017 7 0 0 0 0 0 0 
978 46 0 0 0 0 0 0 988 36 0 0 0 0 0 0 963 61 0 0 0 0 0 0 
919 100 5 0 0 0 0 0 874 143 7 0 0 0 0 0 866 151 7 0 0 0 0 0 
963 61 0 0 0 0 0 0 900 118 6 0 0 0 0 0 956 68 0 0 0 0 0 0 
1018 6 0 0 0 0 0 0 969 55 0 0 0 0 0 0 1013 11 0 0 0 0 0 0 
990 31 3 0 0 0 0 0 979 39 6 0 0 0 0 0 979 40 5 0 0 0 0 0 
1024 0 0 0 0 0 0 0 1024 0 0 0 0 0 0 0 1023 1 0 0 0 0 0 0 
986 38 0 0 0 0 0 0 958 65 1 0 0 0 0 0 967 57 0 0 0 0 0 0 
1024 0 0 0 0 0 0 0 999 25 0 0 0 0 0 0 1021 3 0 0 0 0 0 0 
1024 0 0 0 0 0 0 0 1008 16 0 0 0 0 0 0 1023 1 0 0 0 0 0 0 
1024 0 0 0 0 0 0 0 992 32 0 0 0 0 0 0 1020 4 0 0 0 0 0 0 
1024 0 0 0 0 0 0 0 952 72 0 0 0 0 0 0 1024 0 0 0 0 0 0 0 
1024 0 0 0 0 0 0 0 985 39 0 0 0 0 0 0 1024 0 0 0 0 0 0 0 
968 56 0 0 0 0 0 0 866 158 0 0 0 0 0 0 1024 0 0 0 0 0 0 0 
988 36 0 0 0 0 0 0 926 98 0 0 0 0 0 0 1010 14 0 0 0 0 0 0 
910 114 0 0 0 0 0 0 680 344 0 0 0 0 0 0 926 98 0 0 0 0 0 0 
446 578 0 0 0 0 0 0 53 922 49 0 0 0 0 0 504 520 0 0 0 0 0 0 
617 407 0 0 0 0 0 0 154 861 9 0 0 0 0 0 679 345 0 0 0 0 0 0 
635 389 0 0 0 0 0 0 175 828 21 0 0 0 0 0 732 292 0 0 0 0 0 0 
161 822 41 0 0 0 0 0 43 713 268 0 0 0 0 0 319 681 24 0 0 0 0 0 
201 790 33 0 0 0 0 0 44 575 403 2 0 0 0 0 281 667 76 0 0 0 0 0 
102 830 92 0 0 0 0 0 33 646 296 49 0 0 0 0 108 756 153 7 0 0 0 0 
146 720 154 4 0 0 0 0 51 521 369 83 0 0 0 0 127 701 165 31 0 0 0 0 
272 541 194 17 0 0 0 0 177 531 199 117 0 0 0 0 329 492 162 41 0 0 0 0 
330 600 85 9 0 0 0 0 226 668 83 46 1 0 0 0 403 543 61 17 0 0 0 0 
282 721 19 2 0 0 0 0 232 765 26 1 0 0 0 0 351 655 18 0 0 0 0 0 
401 606 17 0 0 0 0 0 156 820 40 8 0 0 0 0 504 503 13 4 0 0 0 0 
85 644 268 27 0 0 0 0 35 439 356 184 10 0 0 0 90 595 287 52 0 0 0 0 
61 714 202 47 0 0 0 0 10 492 381 122 19 0 0 0 74 691 196 58 5 0 0 0 
7 707 265 43 2 0 0 0 0 365 523 128 8 0 0 0 15 743 205 59 2 0 0 0 
0 359 629 32 4 0 0 0 0 27 915 69 13 0 0 0 0 712 273 34 5 0 0 0 
0 702 314 8 0 0 0 0 0 291 722 11 0 0 0 0 0 690 325 9 0 0 0 0 
0 702 322 0 0 0 0 0 0 195 829 0 0 0 0 0 0 734 290 0 0 0 0 0 
0 933 91 0 0 0 0 0 0 787 237 0 0 0 0 0 0 990 34 0 0 0 0 0 
0 946 78 0 0 0 0 0 0 853 171 0 0 0 0 0 0 965 59 0 0 0 0 0 
36 988 0 0 0 0 0 0 17 1007 0 0 0 0 0 0 28 996 0 0 0 0 0 0 
343 681 0 0 0 0 0 0 301 723 0 0 0 0 0 0 291 733 0 0 0 0 0 0 
850 174 0 0 0 0 0 0 875 149 0 0 0 0 0 0 898 126 0 0 0 0 0 0 
709 315 0 0 0 0 0 0 676 348 0 0 0 0 0 0 668 356 0 0 0 0 0 0 
892 132 0 0 0 0 0 0 882 142 0 0 0 0 0 0 878 146 0 0 0 0 0 0 
916 96 12 0 0 0 0 0 902 118 4 0 0 0 0 0 911 107 6 0 0 0 0 0 
1010 13 1 0 0 0 0 0 1010 14 0 0 0 0 0 0 1012 12 0 0 0 0 0 0 
1012 12 0 0 0 0 0 0 1009 15 0 0 0 0 0 0 1009 15 0 0 0 0 0 0 
1012 12 0 0 0 0 0 0 1006 18 0 0 0 0 0 0 1008 16 0 0 0 0 0 0 
964 49 11 0 0 0 0 0 968 53 3 0 0 0 0 0 978 46 0 0 0 0 0 0 
955 69 0 0 0 0 0 0 936 88 0 0 0 0 0 0 979 45 0 0 0 0 0 0 
1021 3 0 0 0 0 0 0 869 155 0 0 0 0 0 0 1012 12 0 0 0 0 0 0 
1024 0 0 0 0 0 0 0 904 120 0 0 0 0 0 0 1024 0 0 0 0 0 0 0 
1024 0 0 0 0 0 0 0 684 340 0 0 0 0 0 0 1024 0 0 0 0 0 0 0 
1024 0 0 0 0 0 0 0 1024 0 0 0 0 0 0 0 1024 0 0 0 0 0 0 0 
1024 0 0 0 0 0 0 0 1024 0 0 0 0 0 0 0 1024 0 0 0 0 0 0 0 
1024 0 0 0 0 0 0 0 1024 0 0 0 0 0 0 0 1024 0 0 0 0 0 0 0 
1003 21 0 0 0 0 0 0 983 41 0 0 0 0 0 0 1009 15 0 0 0 0 0 0 
928 96 0 0 0 0 0 0 849 159 16 0 0 0 0 0 943 81 0 0 0 0 0 0 
577 447 0 0 0 0 0 0 380 519 125 0 0 0 0 0 617 407 0 0 0 0 0 0 
677 344 3 0 0 0 0 0 412 506 106 0 0 0 0 0 690 329 5 0 0 0 0 0 
721 303 0 0 0 0 0 0 340 672 12 0 0 0 0 0 739 285 0 0 0 0 0 0 
627 397 0 0 0 0 0 0 232 655 137 0 0 0 0 0 620 398 6 0 0 0 0 0 
276 745 3 0 0 0 0 0 69 618 335 2 0 0 0 0 282 728 14 0 0 0 0 0 
57 842 125 0 0 0 0 0 2 322 628 72 0 0 0 0 54 655 306 9 0 0 0 0 
119 699 206 0 0 0 0 0 30 391 481 122 0 0 0 0 103 582 323 16 0 0 0 0 
768 224 32 0 0 0 0 0 430 511 60 23 0 0 0 0 807 173 35 9 0 0 0 0 
614 377 31 2 0 0 0 0 268 698 37 21 0 0 0 0 784 207 27 6 0 0 0 0 
568 456 0 0 0 0 0 0 389 635 0 0 0 0 0 0 696 328 0 0 0 0 0 0 
427 597 0 0 0 0 0 0 147 877 0 0 0 0 0 0 583 441 0 0 0 0 0 0 
87 870 52 15 0 0 0 0 8 912 57 42 5 0 0 0 171 788 44 21 0 0 0 0 
18 856 141 9 0 0 0 0 3 715 242 64 0 0 0 0 15 849 141 19 0 0 0 0 
0 569 388 55 8 2 2 0 0 303 596 114 8 2 1 0 1 745 218 49 8 2 1 0 
0 71 682 200 65 6 0 0 0 24 649 284 64 3 0 0 2 322 459 188 51 2 0 0 
0 12 932 38 35 6 1 0 0 0 939 66 18 1 0 0 0 288 677 38 20 1 0 0 
0 4 956 64 0 0 0 0 0 0 701 323 0 0 0 0 0 136 869 19 0 0 0 0 
0 54 970 0 0 0 0 0 0 31 984 9 0 0 0 0 0 557 467 0 0 0 0 0 
0 489 532 3 0 0 0 0 0 341 673 10 0 0 0 0 0 698 326 0 0 0 0 0 
0 972 52 0 0 0 0 0 0 904 120 0 0 0 0 0 3 1003 18 0 0 0 0 0 
9 1015 0 0 0 0 0 0 15 1005 4 0 0 0 0 0 40 984 0 0 0 0 0 0 
94 916 14 0 0 0 0 0 84 932 8 0 0 0 0 0 165 848 10 1 0 0 0 0 
62 944 18 0 0 0 0 0 13 994 17 0 0 0 0 0 138 869 17 0 0 0 0 0 
446 578 0 0 0 0 0 0 372 652 0 0 0 0 0 0 575 449 0 0 0 0 0 0 
889 107 24 4 0 0 0 0 840 172 9 3 0 0 0 0 877 135 12 0 0 0 0 0 
826 187 10 1 0 0 0 0 836 181 5 2 0 0 0 0 822 195 5 2 0 0 0 0 
856 152 16 0 0 0 0 0 869 150 5 0 0 0 0 0 881 143 0 0 0 0 0 0 
958 66 0 0 0 0 0 0 967 57 0 0 0 0 0 0 983 41 0 0 0 0 0 0 
982 41 1 0 0 0 0 0 987 37 0 0 0 0 0 0 997 27 0 0 0 0 0 0 
1012 10 2 0 0 0 0 0 1011 10 1 2 0 0 0 0 1010 10 4 0 0 0 0 0 
1024 0 0 0 0 0 0 0 1024 0 0 0 0 0 0 0 1024 0 0 0 0 0 0 0 
1022 2 0 0 0 0 0 0 1017 7 0 0 0 0 0 0 1022 2 0 0 0 0 0 0 
1018 6 0 0 0 0 0 0 1012 12 0 0 0 0 0 0 1024 0 0 0 0 0 0 0 
1024 0 0 0 0 0 0 0 1024 0 0 0 0 0 0 0 1024 0 0 0 0 0 0 0 
1024 0 0 0 0 0 0 0 1024 0 0 0 0 0 0 0 1024 0 0 0 0 0 0 0 
1024 0 0 0 0 0 0 0 1024 0 0 0 0 0 0 0 1024 0 0 0 0 0 0 0 
1023 1 0 0 0 0 0 0 1022 2 0 0 0 0 0 0 1023 1 0 0 0 0 0 0 
1024 0 0 0 0 0 0 0 1023 1 0 0 0 0 0 0 1024 0 0 0 0 0 0 0 
998 26 0 0 0 0 0 0 979 45 0 0 0 0 0 0 985 39 0 0 0 0 0 0 
1019 5 0 0 0 0 0 0 1006 18 0 0 0 0 0 0 983 41 0 0 0 0 0 0 
867 140 17 0 0 0 0 0 625 379 19 1 0 0 0 0 881 130 13 0 0 0 0 0 
556 466 2 0 0 0 0 0 281 702 41 0 0 0 0 0 660 364 0 0 0 0 0 0 
308 678 38 0 0 0 0 0 133 509 367 15 0 0 0 0 343 627 54 0 0 0 0 0 
96 793 135 0 0 0 0 0 21 314 572 117 0 0 0 0 108 712 204 0 0 0 0 0 
243 601 180 0 0 0 0 0 133 341 430 120 0 0 0 0 238 511 255 20 0 0 0 0 
457 486 81 0 0 0 0 0 296 465 222 41 0 0 0 0 476 452 92 4 0 0 0 0 
430 507 81 6 0 0 0 0 330 555 87 52 0 0 0 0 517 430 71 6 0 0 0 0 
643 381 0 0 0 0 0 0 614 410 0 0 0 0 0 0 672 352 0 0 0 0 0 0 
826 198 0 0 0 0 0 0 761 263 0 0 0 0 0 0 885 139 0 0 0 0 0 0 
641 383 0 0 0 0 0 0 380 643 1 0 0 0 0 0 780 244 0 0 0 0 0 0 
190 747 76 10 1 0 0 0 86 856 74 8 0 0 0 0 227 712 75 9 1 0 0 0 
12 300 352 291 63 6 0 0 19 389 406 198 11 1 0 0 5 386 373 242 17 1 0 0 
0 45 233 411 279 52 4 0 4 114 338 436 128 4 0 0 3 83 305 492 136 5 0 0 
0 2 50 346 515 101 9 1 0 9 160 569 269 16 1 0 0 3 82 540 371 27 1 0 
0 0 167 385 380 88 4 0 0 4 213 547 244 16 0 0 0 12 257 391 334 29 1 0 
0 16 713 189 97 9 0 0 0 16 747 199 58 4 0 0 0 443 305 196 73 7 0 0 
0 260 764 0 0 0 0 0 0 229 795 0 0 0 0 0 0 880 144 0 0 0 0 0 
0 826 198 0 0 0 0 0 0 699 325 0 0 0 0 0 0 979 45 0 0 0 0 0 
0 1021 3 0 0 0 0 0 0 993 31 0 0 0 0 0 10 1013 1 0 0 0 0 0 
1 1016 7 0 0 0 0 0 0 1006 18 0 0 0 0 0 6 1014 4 0 0 0 0 0 
133 891 0 0 0 0 0 0 44 980 0 0 0 0 0 0 418 606 0 0 0 0 0 0 
540 484 0 0 0 0 0 0 439 585 0 0 0 0 0 0 735 289 0 0 0 0 0 0 
911 113 0 0 0 0 0 0 827 197 0 0 0 0 0 0 913 111 0 0 0 0 0 0 
1024 0 0 0 0 0 0 0 1012 12 0 0 0 0 0 0 1024 0 0 0 0 0 0 0 
1018 6 0 0 0 0 0 0 1012 12 0 0 0 0 0 0 1013 11 0 0 0 0 0 0 
941 83 0 0 0 0 0 0 948 76 0 0 0 0 0 0 944 80 0 0 0 0 0 0 
886 134 4 0 0 0 0 0 866 153 3 2 0 0 0 0 845 175 3 1 0 0 0 0 
982 41 1 0 0 0 0 0 967 57 0 0 0 0 0 0 959 65 0 0 0 0 0 0 
1017 4 3 0 0 0 0 0 1013 8 3 0 0 0 0 0 1016 4 4 0 0 0 0 0 
986 36 2 0 0 0 0 0 982 39 1 2 0 0 0 0 985 34 4 1 0 0 0 0 
1016 8 0 0 0 0 0 0 1006 18 0 0 0 0 0 0 1014 10 0 0 0 0 0 0 
1024 0 0 0 0 0 0 0 1024 0 0 0 0 0 0 0 1024 0 0 0 0 0 0 0 
1024 0 0 0 0 0 0 0 1024 0 0 0 0 0 0 0 1024 0 0 0 0 0 0 0 
1024 0 0 0 0 0 0 0 1023 1 0 0 0 0 0 0 1023 1 0 0 0 0 0 0 
1022 2 0 0 0 0 0 0 1019 5 0 0 0 0 0 0 1019 5 0 0 0 0 0 0 
1024 0 0 0 0 0 0 0 1024 0 0 0 0 0 0 0 1024 0 0 0 0 0 0 0 
1021 3 0 0 0 0 0 0 1014 10 0 0 0 0 0 0 1023 1 0 0 0 0 0 0 
1023 1 0 0 0 0 0 0 967 57 0 0 0 0 0 0 1024 0 0 0 0 0 0 0 
733 287 0 4 0 0 0 0 662 355 3 2 2 0 0 0 792 225 3 2 2 0 0 0 
799 224 1 0 0 0 0 0 707 314 3 0 0 0 0 0 849 174 1 0 0 0 0 0 
621 401 2 0 0 0 0 0 455 563 5 1 0 0 0 0 697 325 2 0 0 0 0 0 
722 288 14 0 0 0 0 0 477 492 42 13 0 0 0 0 785 214 25 0 0 0 0 0 
857 166 1 0 0 0 0 0 791 231 2 0 0 0 0 0 941 82 1 0 0 0 0 0 
733 225 63 3 0 0 0 0 602 287 105 30 0 0 0 0 837 150 36 1 0 0 0 0 
356 624 39 5 0 0 0 0 241 705 51 27 0 0 0 0 685 313 26 0 0 0 0 0 
129 894 1 0 0 0 0 0 103 918 3 0 0 0 0 0 227 797 0 0 0 0 0 0 
200 824 0 0 0 0 0 0 174 850 0 0 0 0 0 0 599 425 0 0 0 0 0 0 
84 934 6 0 0 0 0 0 32 992 0 0 0 0 0 0 384 640 0 0 0 0 0 0 
2 958 64 0 0 0 0 0 3 966 55 0 0 0 0 0 104 920 0 0 0 0 0 0 
0 480 535 9 0 0 0 0 0 583 440 1 0 0 0 0 0 975 47 2 0 0 0 0 
0 230 669 101 24 0 0 0 0 231 707 71 15 0 0 0 0 789 158 60 17 0 0 0 
0 69 391 248 186 90 36 4 0 138 403 267 151 57 8 0 0 278 210 311 174 49 2 0 
0 37 156 456 276 69 20 10 0 65 212 478 211 42 13 3 0 16 183 447 296 65 16 1 
0 43 364 353 208 50 2 4 0 49 423 366 156 23 3 4 0 126 307 338 208 39 2 4 
0 482 468 56 15 3 0 0 0 398 561 50 14 1 0 0 0 836 119 50 18 1 0 0 
0 872 150 2 0 0 0 0 0 915 107 2 0 0 0 0 3 1018 2 1 0 0 0 0 
0 1018 6 0 0 0 0 0 0 1021 3 0 0 0 0 0 4 1020 0 0 0 0 0 0 
0 986 38 0 0 0 0 0 0 863 161 0 0 0 0 0 10 982 32 0 0 0 0 0 
1 1010 13 0 0 0 0 0 3 820 201 0 0 0 0 0 93 930 1 0 0 0 0 0 
411 613 0 0 0 0 0 0 312 712 0 0 0 0 0 0 644 380 0 0 0 0 0 0 
751 273 0 0 0 0 0 0 582 442 0 0 0 0 0 0 876 148 0 0 0 0 0 0 
1004 20 0 0 0 0 0 0 948 76 0 0 0 0 0 0 1008 16 0 0 0 0 0 0 
1024 0 0 0 0 0 0 0 1023 1 0 0 0 0 0 0 1024 0 0 0 0 0 0 0 
994 30 0 0 0 0 0 0 972 52 0 0 0 0 0 0 984 40 0 0 0 0 0 0 
1024 0 0 0 0 0 0 0 1024 0 0 0 0 0 0 0 1024 0 0 0 0 0 0 0 
1024 0 0 0 0 0 0 0 1024 0 0 0 0 0 0 0 1024 0 0 0 0 0 0 0 
1024 0 0 0 0 0 0 0 1024 0 0 0 0 0 0 0 1024 0 0 0 0 0 0 0 
1024 0 0 0 0 0 0 0 1022 2 0 0 0 0 0 0 1024 0 0 0 0 0 0 0 
1024 0 0 0 0 0 0 0 1024 0 0 0 0 0 0 0 1024 0 0 0 0 0 0 0 
1024 0 0 0 0 0 0 0 1024 0 0 0 0 0 0 0 1024 0 0 0 0 0 0 0 
1012 11 1 0 0 0 0 0 1012 10 2 0 0 0 0 0 1010 9 5 0 0 0 0 0 
874 94 29 17 8 1 1 0 839 125 27 21 8 3 1 0 828 125 26 23 10 9 2 1 
655 176 51 46 34 23 23 16 616 183 71 38 39 30 27 20 641 146 57 41 47 21 25 46 
939 36 22 12 8 6 1 0 920 50 24 12 8 5 5 0 920 45 24 12 10 4 8 1 
970 54 0 0 0 0 0 0 950 74 0 0 0 0 0 0 1009 15 0 0 0 0 0 0 
1013 11 0 0 0 0 0 0 1024 0 0 0 0 0 0 0 1024 0 0 0 0 0 0 0 
743 255 9 6 5 3 2 1 657 340 9 6 5 4 2 1 757 236 14 3 10 0 4 0 
325 685 14 0 0 0 0 0 271 743 10 0 0 0 0 0 379 636 9 0 0 0 0 0 
725 299 0 0 0 0 0 0 611 413 0 0 0 0 0 0 769 255 0 0 0 0 0 0 
729 295 0 0 0 0 0 0 527 497 0 0 0 0 0 0 957 67 0 0 0 0 0 0 
680 344 0 0 0 0 0 0 480 544 0 0 0 0 0 0 948 76 0 0 0 0 0 0 
415 609 0 0 0 0 0 0 129 895 0 0 0 0 0 0 929 95 0 0 0 0 0 0 
131 893 0 0 0 0 0 0 48 976 0 0 0 0 0 0 582 442 0 0 0 0 0 0 
12 994 18 0 0 0 0 0 0 1024 0 0 0 0 0 0 199 825 0 0 0 0 0 0 
2 1010 12 0 0 0 0 0 0 1023 1 0 0 0 0 0 163 861 0 0 0 0 0 0 
1 1016 7 0 0 0 0 0 0 1024 0 0 0 0 0 0 228 796 0 0 0 0 0 0 
0 834 180 8 2 0 0 0 0 840 179 5 0 0 0 0 47 931 46 0 0 0 0 0 
0 549 473 2 0 0 0 0 0 568 456 0 0 0 0 0 1 968 55 0 0 0 0 0 
0 125 877 22 0 0 0 0 0 69 900 55 0 0 0 0 0 734 286 4 0 0 0 0 
0 10 593 305 101 15 0 0 0 9 578 323 102 12 0 0 0 192 491 233 91 17 0 0 
0 19 461 371 123 39 10 1 0 24 405 456 99 31 9 0 0 60 553 214 134 46 17 0 
1 38 162 285 270 168 77 23 0 43 198 325 259 131 56 12 0 6 195 264 288 184 72 15 
0 55 547 218 143 50 11 0 0 64 576 206 133 40 5 0 0 190 385 202 185 55 7 0 
0 250 773 1 0 0 0 0 0 452 571 1 0 0 0 0 0 991 33 0 0 0 0 0 
0 700 324 0 0 0 0 0 0 889 135 0 0 0 0 0 0 1021 3 0 0 0 0 0 
0 727 295 2 0 0 0 0 0 708 313 3 0 0 0 0 5 989 29 1 0 0 0 0 
0 996 28 0 0 0 0 0 0 839 185 0 0 0 0 0 1 1021 2 0 0 0 0 0 
1 1014 9 0 0 0 0 0 0 1004 20 0 0 0 0 0 37 987 0 0 0 0 0 0 
25 992 7 0 0 0 0 0 1 1015 7 1 0 0 0 0 209 809 6 0 0 0 0 0 
486 538 0 0 0 0 0 0 177 847 0 0 0 0 0 0 655 369 0 0 0 0 0 0 
804 220 0 0 0 0 0 0 686 338 0 0 0 0 0 0 883 141 0 0 0 0 0 0 
825 199 0 0 0 0 0 0 829 195 0 0 0 0 0 0 965 59 0 0 0 0 0 0 
810 208 4 2 0 0 0 0 821 197 4 2 0 0 0 0 925 93 5 1 0 0 0 0 
944 76 4 0 0 0 0 0 941 81 2 0 0 0 0 0 959 63 2 0 0 0 0 0 
859 165 0 0 0 0 0 0 888 136 0 0 0 0 0 0 1008 16 0 0 0 0 0 0 
770 254 0 0 0 0 0 0 833 191 0 0 0 0 0 0 1005 19 0 0 0 0 0 0 
866 158 0 0 0 0 0 0 892 132 0 0 0 0 0 0 1002 22 0 0 0 0 0 0 
546 302 104 53 16 3 0 0 503 327 111 60 19 4 0 0 505 269 113 75 44 15 3 0 
75 115 180 285 250 83 29 7 58 91 135 217 324 143 42 14 57 60 88 123 220 287 132 57 
249 321 142 109 100 66 27 10 180 337 165 96 101 81 49 15 141 282 172 106 78 85 96 64 
4 59 182 208 200 181 126 64 0 25 127 222 187 191 178 94 0 8 64 143 192 151 178 288 
95 93 46 109 285 276 108 12 60 117 41 54 218 306 198 30 81 80 38 36 66 201 301 221 
455 346 87 53 50 24 9 0 428 358 86 59 43 36 14 0 534 236 78 58 42 31 35 10 
424 440 108 25 23 4 0 0 364 476 121 33 25 5 0 0 532 278 132 41 26 11 4 0 
63 208 109 94 93 51 103 303 54 195 111 86 99 52 92 335 67 117 102 98 90 85 45 420 
2 592 162 58 64 73 40 33 0 587 150 68 51 68 60 40 14 611 93 70 46 55 68 67 
228 755 41 0 0 0 0 0 112 891 21 0 0 0 0 0 467 527 26 4 0 0 0 0 
253 769 2 0 0 0 0 0 140 883 1 0 0 0 0 0 668 347 9 0 0 0 0 0 
80 908 36 0 0 0 0 0 21 981 22 0 0 0 0 0 462 558 4 0 0 0 0 0 
24 889 111 0 0 0 0 0 3 979 42 0 0 0 0 0 250 774 0 0 0 0 0 0 
1 873 150 0 0 0 0 0 0 932 92 0 0 0 0 0 71 943 10 0 0 0 0 0 
0 792 232 0 0 0 0 0 0 923 101 0 0 0 0 0 10 1014 0 0 0 0 0 0 
0 826 198 0 0 0 0 0 0 973 51 0 0 0 0 0 35 989 0 0 0 0 0 0 
0 404 620 0 0 0 0 0 0 517 507 0 0 0 0 0 12 958 54 0 0 0 0 0 
0 407 614 3 0 0 0 0 0 514 510 0 0 0 0 0 0 987 37 0 0 0 0 0 
0 395 621 8 0 0 0 0 0 467 547 10 0 0 0 0 2 972 48 2 0 0 0 0 
0 36 730 236 20 2 0 0 0 19 717 264 22 2 0 0 0 413 503 90 16 2 0 0 
0 4 329 327 118 65 71 110 0 2 326 329 111 69 61 126 0 130 280 240 101 75 41 157 
0 0 496 368 47 42 43 28 0 0 528 322 57 39 41 37 0 83 609 143 52 37 34 66 
0 6 434 545 23 13 3 0 0 1 509 478 26 10 0 0 0 112 805 70 22 13 2 0 
8 96 371 176 97 136 97 43 6 95 404 183 113 137 63 23 0 204 303 160 105 141 84 27 
0 62 445 262 151 90 14 0 1 97 450 244 133 89 10 0 0 275 223 217 183 99 27 0 
0 78 503 265 150 28 0 0 0 225 366 269 139 25 0 0 0 443 147 222 169 43 0 0 
0 327 616 76 5 0 0 0 0 245 707 68 4 0 0 0 0 814 148 56 6 0 0 0 
0 670 354 0 0 0 0 0 0 534 490 0 0 0 0 0 0 1024 0 0 0 0 0 0 
0 883 141 0 0 0 0 0 0 861 163 0 0 0 0 0 0 1023 1 0 0 0 0 0 
6 1013 5 0 0 0 0 0 0 1015 9 0 0 0 0 0 32 989 3 0 0 0 0 0 
53 971 0 0 0 0 0 0 2 1022 0 0 0 0 0 0 150 874 0 0 0 0 0 0 
145 879 0 0 0 0 0 0 43 981 0 0 0 0 0 0 375 649 0 0 0 0 0 0 
288 736 0 0 0 0 0 0 186 838 0 0 0 0 0 0 550 474 0 0 0 0 0 0 
349 647 28 0 0 0 0 0 306 699 19 0 0 0 0 0 613 411 0 0 0 0 0 0 
279 736 9 0 0 0 0 0 254 769 1 0 0 0 0 0 626 398 0 0 0 0 0 0 
160 705 76 44 28 9 2 0 149 741 60 40 23 9 2 0 419 478 57 50 15 5 0 0 
186 458 143 115 94 26 2 0 198 467 125 116 93 21 4 0 339 333 131 108 76 36 1 0 
94 346 274 96 144 54 16 0 86 356 266 88 156 46 26 0 154 208 324 122 128 64 24 0 
33 728 185 56 15 7 0 0 18 689 226 63 17 10 1 0 48 525 290 97 43 15 6 0 
126 624 194 61 17 2 0 0 33 653 224 91 19 4 0 0 125 518 215 100 44 19 3 0 
109 494 188 114 79 28 12 0 63 516 185 115 82 46 14 3 126 418 158 103 90 69 41 19 
0 55 207 345 215 104 69 29 0 34 147 342 250 113 94 44 0 15 56 240 257 197 113 146 
14 195 142 214 252 124 77 6 2 200 125 162 236 172 101 26 18 188 92 113 138 206 152 117 
89 816 83 26 9 1 0 0 62 846 76 27 10 3 0 0 262 644 58 36 14 9 1 0 
0 514 323 141 38 5 3 0 0 521 288 158 44 9 4 0 18 500 227 166 81 21 11 0 
0 243 276 210 164 82 47 2 0 273 223 191 171 106 53 7 0 268 167 142 168 130 91 58 
0 537 282 73 41 40 31 20 0 607 202 78 37 39 38 23 17 638 131 69 50 23 48 48 
67 562 395 0 0 0 0 0 30 925 69 0 0 0 0 0 94 918 11 1 0 0 0 0 
33 595 396 0 0 0 0 0 25 918 81 0 0 0 0 0 68 955 1 0 0 0 0 0 
0 583 441 0 0 0 0 0 0 814 210 0 0 0 0 0 13 1011 0 0 0 0 0 0 
0 572 451 1 0 0 0 0 0 788 236 0 0 0 0 0 1 1021 2 0 0 0 0 0 
0 440 569 15 0 0 0 0 0 540 484 0 0 0 0 0 0 1013 11 0 0 0 0 0 
0 339 681 4 0 0 0 0 0 540 484 0 0 0 0 0 0 1022 2 0 0 0 0 0 
0 185 828 10 1 0 0 0 0 548 470 6 0 0 0 0 0 1012 9 3 0 0 0 0 
0 62 941 21 0 0 0 0 0 215 808 1 0 0 0 0 0 1015 9 0 0 0 0 0 
0 39 981 4 0 0 0 0 0 86 938 0 0 0 0 0 0 1013 11 0 0 0 0 0 
0 80 941 3 0 0 0 0 0 79 941 4 0 0 0 0 0 948 75 1 0 0 0 0 
0 30 626 255 105 8 0 0 0 15 651 231 113 14 0 0 0 337 352 177 137 21 0 0 
0 0 129 384 179 139 121 72 0 0 125 374 172 139 128 86 0 0 106 344 157 128 130 159 
0 4 408 568 29 9 5 1 0 0 372 592 42 11 5 2 0 2 448 503 40 17 8 6 
0 0 302 692 30 0 0 0 0 0 238 749 37 0 0 0 0 49 514 457 4 0 0 0 
0 50 860 114 0 0 0 0 0 18 923 83 0 0 0 0 0 213 810 1 0 0 0 0 
10 405 262 127 120 60 24 16 19 384 308 119 95 64 29 6 10 457 218 121 95 75 45 3 
0 229 308 256 162 60 9 0 0 215 334 250 158 60 7 0 0 239 247 232 196 93 16 1 
0 397 379 182 58 6 2 0 0 360 416 178 60 6 4 0 0 395 364 191 61 11 2 0 
0 616 290 91 25 2 0 0 0 630 279 85 27 3 0 0 0 669 235 82 34 4 0 0 
0 904 108 11 1 0 0 0 0 924 86 13 1 0 0 0 0 954 59 10 1 0 0 0 
0 1000 22 2 0 0 0 0 0 1005 18 1 0 0 0 0 3 1011 9 1 0 0 0 0 
0 999 23 2 0 0 0 0 0 1006 16 2 0 0 0 0 3 1013 7 1 0 0 0 0 
1 973 50 0 0 0 0 0 1 1023 0 0 0 0 0 0 39 985 0 0 0 0 0 0 
18 858 143 5 0 0 0 0 6 976 40 2 0 0 0 0 63 961 0 0 0 0 0 0 
39 801 183 1 0 0 0 0 32 979 13 0 0 0 0 0 107 917 0 0 0 0 0 0 
31 853 133 7 0 0 0 0 31 913 72 8 0 0 0 0 151 823 35 15 0 0 0 0 
25 459 419 113 8 0 0 0 28 510 339 140 7 0 0 0 24 475 274 240 11 0 0 0 
29 196 177 211 353 58 0 0 28 213 178 219 279 107 0 0 22 170 169 195 256 192 20 0 
10 92 154 214 266 160 128 0 4 98 168 216 260 248 30 0 2 82 146 188 364 238 4 0 
20 846 150 8 0 0 0 0 7 822 184 11 0 0 0 0 102 723 178 21 0 0 0 0 
43 937 44 0 0 0 0 0 11 979 34 0 0 0 0 0 63 925 36 0 0 0 0 0 
2 572 226 156 41 19 8 0 0 598 173 179 41 24 8 1 4 588 125 161 79 36 21 10 
0 0 261 651 104 8 0 0 0 0 163 715 131 15 0 0 0 0 46 605 319 46 8 0 
0 238 225 423 133 5 0 0 0 229 216 385 185 9 0 0 5 270 163 259 253 70 4 0 
2 864 158 0 0 0 0 0 0 953 71 0 0 0 0 0 51 950 23 0 0 0 0 0 
0 439 575 10 0 0 0 0 0 620 394 10 0 0 0 0 0 932 87 5 0 0 0 0 
0 197 544 272 11 0 0 0 0 287 534 198 5 0 0 0 0 501 358 158 7 0 0 0 
0 172 815 34 3 0 0 0 0 346 660 15 3 0 0 0 0 895 116 11 2 0 0 0 
0 250 755 19 0 0 0 0 0 401 622 1 0 0 0 0 0 989 35 0 0 0 0 0 
0 280 730 14 0 0 0 0 0 367 656 1 0 0 0 0 0 1013 11 0 0 0 0 0 
0 245 768 11 0 0 0 0 0 278 746 0 0 0 0 0 0 950 74 0 0 0 0 0 
0 308 665 51 0 0 0 0 0 424 595 5 0 0 0 0 0 985 39 0 0 0 0 0 
0 202 770 52 0 0 0 0 0 327 693 4 0 0 0 0 0 1021 3 0 0 0 0 0 
0 79 886 59 0 0 0 0 0 261 763 0 0 0 0 0 0 1014 10 0 0 0 0 0 
0 22 964 38 0 0 0 0 0 120 904 0 0 0 0 0 1 1015 8 0 0 0 0 0 
0 92 877 55 0 0 0 0 0 157 866 1 0 0 0 0 0 1009 15 0 0 0 0 0 
0 153 835 36 0 0 0 0 0 152 870 2 0 0 0 0 0 992 32 0 0 0 0 0 
0 215 784 24 1 0 0 0 0 105 910 8 1 0 0 0 0 895 124 5 0 0 0 0 
0 23 701 266 25 9 0 0 0 1 783 200 30 9 1 0 0 138 695 143 33 14 1 0 
0 1 136 196 224 276 163 28 0 0 142 174 209 274 184 41 0 1 153 110 145 228 255 132 
0 0 41 588 232 112 46 5 0 0 27 571 240 117 63 6 0 0 75 487 220 136 80 26 
0 0 54 679 229 41 20 1 0 0 12 665 268 55 23 1 0 0 167 573 204 55 23 2 
0 25 667 295 37 0 0 0 0 3 518 453 50 0 0 0 0 62 766 167 28 1 0 0 
0 535 436 37 16 0 0 0 0 476 528 20 0 0 0 0 0 869 155 0 0 0 0 0 
0 610 162 122 99 27 4 0 0 574 197 120 101 27 5 0 0 609 127 112 109 59 8 0 
3 297 288 214 175 42 5 0 0 288 302 211 176 42 5 0 0 303 216 198 209 88 10 0 
0 139 362 289 196 36 2 0 0 162 356 298 177 29 2 0 0 205 307 320 153 37 2 0 
0 436 256 146 98 65 23 0 0 465 228 145 113 58 15 0 0 500 215 182 74 46 7 0 
0 838 155 22 7 2 0 0 0 846 146 21 7 4 0 0 0 870 119 25 6 4 0 0 
0 892 132 0 0 0 0 0 0 1009 15 0 0 0 0 0 0 1023 1 0 0 0 0 0 
0 795 229 0 0 0 0 0 0 984 40 0 0 0 0 0 0 1020 4 0 0 0 0 0 
0 760 264 0 0 0 0 0 0 943 81 0 0 0 0 0 1 1023 0 0 0 0 0 0 
0 751 273 0 0 0 0 0 0 955 69 0 0 0 0 0 17 1007 0 0 0 0 0 0 
8 681 326 9 0 0 0 0 11 871 142 0 0 0 0 0 52 972 0 0 0 0 0 0 
59 687 272 6 0 0 0 0 83 819 119 3 0 0 0 0 184 806 33 1 0 0 0 0 
11 303 420 239 49 2 0 0 16 416 328 230 33 1 0 0 43 358 286 247 89 1 0 0 
0 120 456 282 38 28 60 40 0 200 394 262 46 32 62 28 0 122 360 322 98 48 68 6 
0 766 256 2 0 0 0 0 0 837 185 2 0 0 0 0 2 891 128 3 0 0 0 0 
0 788 236 0 0 0 0 0 0 946 78 0 0 0 0 0 6 1014 4 0 0 0 0 0 
0 592 379 51 2 0 0 0 0 661 304 57 2 0 0 0 0 752 190 72 10 0 0 0 
0 84 504 423 13 0 0 0 0 60 521 431 12 0 0 0 0 44 367 552 61 0 0 0 
0 140 616 256 12 0 0 0 0 131 603 275 15 0 0 0 0 230 444 306 44 0 0 0 
13 769 242 0 0 0 0 0 0 869 155 0 0 0 0 0 14 988 22 0 0 0 0 0 
0 473 547 4 0 0 0 0 1 622 401 0 0 0 0 0 0 961 63 0 0 0 0 0 
4 229 388 399 4 0 0 0 0 321 476 226 1 0 0 0 0 404 505 103 12 0 0 0 
9 351 445 160 44 15 0 0 0 441 505 63 15 0 0 0 0 828 139 54 3 0 0 0 
0 387 632 5 0 0 0 0 0 548 476 0 0 0 0 0 1 1016 7 0 0 0 0 0 
0 491 524 9 0 0 0 0 0 667 357 0 0 0 0 0 0 1016 8 0 0 0 0 0 
0 203 747 69 5 0 0 0 0 337 677 10 0 0 0 0 0 979 45 0 0 0 0 0 
1 532 459 23 6 3 0 0 0 718 291 10 5 0 0 0 1 1008 15 0 0 0 0 0 
0 477 474 73 0 0 0 0 0 675 349 0 0 0 0 0 1 1005 18 0 0 0 0 0 
0 182 565 240 30 7 0 0 0 256 722 37 9 0 0 0 0 894 126 4 0 0 0 0 
0 10 459 545 8 2 0 0 0 41 925 54 4 0 0 0 0 808 205 8 3 0 0 0 
0 295 680 42 6 1 0 0 0 395 610 13 5 1 0 0 0 936 73 10 5 0 0 0 
0 446 534 41 3 0 0 0 0 415 586 20 3 0 0 0 0 884 130 8 2 0 0 0 
0 633 364 26 1 0 0 0 0 435 568 20 1 0 0 0 0 839 172 12 1 0 0 0 
0 42 455 329 123 41 33 1 0 17 479 328 125 40 34 1 0 67 399 295 162 63 30 8 
0 0 42 116 209 256 278 123 0 0 29 114 195 244 303 139 0 0 1 57 132 220 295 319 
0 0 29 170 265 296 207 57 0 0 20 164 265 286 222 67 0 0 7 128 199 288 266 136 
0 0 0 96 400 301 140 87 0 0 0 65 364 346 157 92 0 0 0 57 327 339 182 119 
0 0 202 377 207 176 60 2 0 0 79 459 209 188 84 5 0 0 344 220 190 156 106 8 
0 147 795 66 13 3 0 0 0 68 859 80 11 6 0 0 0 526 450 34 10 4 0 0 
0 338 655 30 1 0 0 0 0 104 909 10 1 0 0 0 0 853 168 2 1 0 0 0 
0 531 458 34 1 0 0 0 0 416 599 9 0 0 0 0 0 964 59 1 0 0 0 0 
2 690 277 54 1 0 0 0 0 765 252 7 0 0 0 0 0 1016 8 0 0 0 0 0 
23 723 233 41 4 0 0 0 0 865 125 27 7 0 0 0 22 917 37 31 16 1 0 0 
32 602 279 95 16 0 0 0 7 689 221 97 10 0 0 0 53 705 118 96 52 0 0 0 
45 412 399 150 18 0 0 0 15 591 284 123 11 0 0 0 63 646 178 117 20 0 0 0 
0 83 716 224 1 0 0 0 1 325 520 178 0 0 0 0 1 640 188 134 61 0 0 0 
0 306 713 5 0 0 0 0 0 798 223 3 0 0 0 0 3 1003 18 0 0 0 0 0 
0 506 518 0 0 0 0 0 0 804 220 0 0 0 0 0 7 1017 0 0 0 0 0 0 
0 518 506 0 0 0 0 0 0 886 138 0 0 0 0 0 2 1022 0 0 0 0 0 0 
7 824 193 0 0 0 0 0 2 963 59 0 0 0 0 0 102 922 0 0 0 0 0 0 
183 781 60 0 0 0 0 0 187 807 30 0 0 0 0 0 432 592 0 0 0 0 0 0 
18 672 260 74 0 0 0 0 28 764 192 40 0 0 0 0 234 640 122 28 0 0 0 0 
0 573 447 4 0 0 0 0 0 764 260 0 0 0 0 0 2 963 59 0 0 0 0 0 
4 973 47 0 0 0 0 0 0 1005 19 0 0 0 0 0 42 979 3 0 0 0 0 0 
12 733 276 3 0 0 0 0 0 876 146 2 0 0 0 0 9 950 63 2 0 0 0 0 
0 354 575 94 1 0 0 0 0 446 516 62 0 0 0 0 0 587 367 70 0 0 0 0 
2 586 405 31 0 0 0 0 0 652 362 10 0 0 0 0 4 807 200 13 0 0 0 0 
12 398 353 261 0 0 0 0 13 514 497 0 0 0 0 0 25 992 7 0 0 0 0 0 
15 669 328 12 0 0 0 0 4 824 192 4 0 0 0 0 11 983 30 0 0 0 0 0 
0 589 300 53 42 27 13 0 0 613 297 60 38 16 0 0 0 726 238 47 13 0 0 0 
0 491 528 5 0 0 0 0 0 667 357 0 0 0 0 0 1 931 92 0 0 0 0 0 
16 413 553 41 1 0 0 0 7 620 376 20 1 0 0 0 17 918 70 18 1 0 0 0 
0 656 367 1 0 0 0 0 0 814 210 0 0 0 0 0 0 1017 7 0 0 0 0 0 
1 453 545 25 0 0 0 0 0 561 461 2 0 0 0 0 0 974 50 0 0 0 0 0 
5 603 374 26 16 0 0 0 0 787 213 24 0 0 0 0 5 992 27 0 0 0 0 0 
0 653 367 4 0 0 0 0 0 854 166 4 0 0 0 0 0 1010 12 2 0 0 0 0 
0 161 678 89 82 14 0 0 0 233 683 89 19 0 0 0 0 860 156 8 0 0 0 0 
0 97 580 215 107 24 1 0 0 144 627 186 64 3 0 0 0 715 237 63 9 0 0 0 
0 520 362 98 39 5 0 0 0 594 323 84 20 3 0 0 0 848 132 21 19 4 0 0 
0 478 511 25 10 0 0 0 0 496 491 26 10 1 0 0 0 858 135 18 11 2 0 0 
0 651 366 6 1 0 0 0 0 593 425 5 1 0 0 0 0 908 112 3 1 0 0 0 
0 115 565 251 75 17 1 0 0 81 604 238 79 20 2 0 0 160 493 219 108 39 5 0 
0 14 226 370 211 128 63 12 0 9 207 374 204 143 72 15 0 0 119 348 232 173 115 37 
0 0 9 75 111 179 233 417 0 0 6 73 106 168 235 436 0 0 0 29 88 135 199 573 
0 0 0 0 0 8 100 916 0 0 0 0 0 6 78 940 0 0 0 0 0 0 15 1009 
0 0 4 64 99 151 217 489 0 0 2 59 95 145 207 516 0 0 6 41 66 108 159 644 
0 43 512 299 144 22 4 0 0 12 527 312 146 22 4 1 0 141 422 279 148 24 9 1 
0 177 646 133 60 8 0 0 0 17 815 162 27 3 0 0 0 533 434 44 12 1 0 0 
0 343 624 55 2 0 0 0 0 87 901 36 0 0 0 0 0 904 120 0 0 0 0 0 
0 883 139 2 0 0 0 0 0 810 212 2 0 0 0 0 1 1014 7 2 0 0 0 0 
0 930 94 0 0 0 0 0 0 957 67 0 0 0 0 0 4 1020 0 0 0 0 0 0 
0 760 218 19 27 0 0 0 0 920 88 16 0 0 0 0 7 1017 0 0 0 0 0 0 
38 421 559 6 0 0 0 0 3 716 304 1 0 0 0 0 63 953 8 0 0 0 0 0 
68 539 373 42 2 0 0 0 31 707 263 21 2 0 0 0 73 802 104 32 13 0 0 0 
88 521 249 99 43 24 0 0 95 594 206 110 18 1 0 0 125 648 168 75 8 0 0 0 
0 265 503 166 83 7 0 0 1 486 424 104 9 0 0 0 18 852 117 26 11 0 0 0 
0 425 505 87 7 0 0 0 0 520 464 19 21 0 0 0 8 742 238 12 24 0 0 0 
0 534 389 84 17 0 0 0 0 657 311 45 11 0 0 0 35 825 113 40 11 0 0 0 
2 764 257 1 0 0 0 0 14 949 61 0 0 0 0 0 128 890 6 0 0 0 0 0 
2 710 290 22 0 0 0 0 6 874 138 6 0 0 0 0 94 930 0 0 0 0 0 0 
7 479 528 10 0 0 0 0 0 719 305 0 0 0 0 0 0 950 74 0 0 0 0 0 
120 662 208 34 0 0 0 0 66 777 177 4 0 0 0 0 137 885 2 0 0 0 0 0 
0 636 368 20 0 0 0 0 0 817 207 0 0 0 0 0 17 1006 1 0 0 0 0 0 
0 646 344 25 9 0 0 0 0 775 235 14 0 0 0 0 3 966 53 2 0 0 0 0 
18 685 302 19 0 0 0 0 6 770 248 0 0 0 0 0 23 880 116 5 0 0 0 0 
38 634 249 99 4 0 0 0 9 787 224 4 0 0 0 0 41 979 4 0 0 0 0 0 
1 394 404 95 71 47 12 0 0 576 298 82 55 13 0 0 9 847 96 72 0 0 0 0 
0 534 433 54 3 0 0 0 0 646 357 19 2 0 0 0 0 843 161 16 4 0 0 0 
6 599 281 137 1 0 0 0 1 708 275 40 0 0 0 0 8 884 112 20 0 0 0 0 
12 804 208 0 0 0 0 0 4 961 59 0 0 0 0 0 9 1015 0 0 0 0 0 0 
2 541 405 76 0 0 0 0 0 698 326 0 0 0 0 0 1 998 25 0 0 0 0 0 
0 560 407 57 0 0 0 0 0 676 343 5 0 0 0 0 0 980 44 0 0 0 0 0 
0 544 421 53 6 0 0 0 0 667 334 23 0 0 0 0 0 991 33 0 0 0 0 0 
0 822 186 16 0 0 0 0 0 924 88 12 0 0 0 0 1 977 36 9 1 0 0 0 
12 307 570 97 38 0 0 0 1 376 540 74 33 0 0 0 1 667 233 65 55 3 0 0 
4 323 585 79 28 5 0 0 0 371 566 55 26 6 0 0 0 759 166 64 30 5 0 0 
0 577 440 6 1 0 0 0 0 590 431 2 1 0 0 0 0 967 55 1 1 0 0 0 
0 661 356 4 3 0 0 0 0 613 405 5 1 0 0 0 0 995 28 1 0 0 0 0 
0 486 459 33 39 7 0 0 0 421 529 46 23 4 1 0 0 865 142 11 3 2 1 0 
0 318 608 86 12 0 0 0 0 194 730 88 12 0 0 0 0 432 507 68 17 0 0 0 
0 1 314 537 139 28 4 1 0 2 312 519 153 31 6 1 0 3 275 470 219 46 8 3 
0 0 39 215 258 233 186 93 0 0 28 194 254 241 206 101 0 0 9 101 243 230 229 212 
0 0 0 0 1 9 119 895 0 0 0 0 1 7 122 894 0 0 0 0 0 0 17 1007 
0 0 1 12 28 100 191 692 0 0 0 11 30 102 184 697 0 0 0 0 13 39 158 814 
0 2 166 214 290 225 105 22 0 0 167 229 301 211 94 22 0 0 142 157 304 241 142 38 
0 203 568 138 75 35 5 0 0 41 724 146 79 31 3 0 0 391 390 117 81 39 6 0 
0 555 395 49 25 0 0 0 0 267 696 42 18 1 0 0 0 885 125 9 5 0 0 0 
0 808 204 12 0 0 0 0 0 637 377 10 0 0 0 0 0 1011 13 0 0 0 0 0 
0 492 464 62 6 0 0 0 0 562 439 23 0 0 0 0 0 1013 11 0 0 0 0 0 
0 702 277 45 0 0 0 0 0 845 178 1 0 0 0 0 5 1019 0 0 0 0 0 0 
0 650 363 11 0 0 0 0 0 865 159 0 0 0 0 0 1 1023 0 0 0 0 0 0 
0 54 791 138 27 14 0 0 0 234 742 29 19 0 0 0 0 981 35 8 0 0 0 0 
16 69 285 534 105 14 1 0 4 132 707 150 24 7 0 0 29 872 95 5 13 10 0 0 
15 104 181 106 326 199 79 14 12 168 138 133 406 108 49 10 23 264 28 95 398 144 67 5 
0 2 27 444 424 127 0 0 0 1 63 531 372 57 0 0 0 0 17 366 483 158 0 0 
29 82 310 337 136 130 0 0 35 129 328 330 95 107 0 0 28 122 236 392 86 136 24 0 
18 250 349 160 148 78 21 0 21 387 247 190 119 54 6 0 23 416 205 226 128 24 2 0 
2 500 402 118 2 0 0 0 4 712 270 38 0 0 0 0 66 830 128 0 0 0 0 0 
6 701 214 101 2 0 0 0 0 797 216 11 0 0 0 0 20 982 22 0 0 0 0 0 
6 889 125 4 0 0 0 0 1 988 35 0 0 0 0 0 67 957 0 0 0 0 0 0 
60 884 80 0 0 0 0 0 55 955 14 0 0 0 0 0 181 843 0 0 0 0 0 0 
28 799 190 6 1 0 0 0 11 925 86 2 0 0 0 0 31 980 13 0 0 0 0 0 
6 796 189 18 15 0 0 0 2 902 100 20 0 0 0 0 13 988 23 0 0 0 0 0 
22 810 178 14 0 0 0 0 8 939 71 6 0 0 0 0 10 1001 13 0 0 0 0 0 
14 822 172 15 1 0 0 0 1 924 94 4 1 0 0 0 21 970 31 2 0 0 0 0 
8 573 425 18 0 0 0 0 1 738 284 1 0 0 0 0 4 841 179 0 0 0 0 0 
39 851 133 1 0 0 0 0 31 922 71 0 0 0 0 0 36 963 25 0 0 0 0 0 
29 866 129 0 0 0 0 0 12 990 22 0 0 0 0 0 17 1006 1 0 0 0 0 0 
0 631 387 6 0 0 0 0 1 843 180 0 0 0 0 0 7 1009 8 0 0 0 0 0 
1 462 479 81 1 0 0 0 0 614 407 3 0 0 0 0 1 1005 18 0 0 0 0 0 
0 594 353 77 0 0 0 0 0 711 307 6 0 0 0 0 0 1018 6 0 0 0 0 0 
0 820 201 3 0 0 0 0 0 901 123 0 0 0 0 0 3 1019 2 0 0 0 0 0 
10 732 282 0 0 0 0 0 1 735 288 0 0 0 0 0 0 984 40 0 0 0 0 0 
1 523 487 7 4 2 0 0 0 533 480 6 3 2 0 0 0 961 60 3 0 0 0 0 
2 584 434 4 0 0 0 0 0 568 454 2 0 0 0 0 0 921 103 0 0 0 0 0 
0 384 621 18 1 0 0 0 0 358 663 3 0 0 0 0 0 909 115 0 0 0 0 0 
0 252 673 48 51 0 0 0 0 206 734 56 28 0 0 0 0 569 442 13 0 0 0 0 
0 209 697 108 10 0 0 0 0 108 861 46 7 2 0 0 0 474 527 16 7 0 0 0 
0 94 815 102 13 0 0 0 0 60 859 93 12 0 0 0 0 135 804 75 10 0 0 0 
0 25 378 241 185 106 78 11 0 1 402 227 189 106 88 11 0 3 362 235 154 130 99 41 
0 0 0 4 35 128 461 396 0 0 0 6 38 135 448 397 0 0 0 0 12 49 225 738 
0 0 0 2 13 110 332 567 0 0 0 2 20 127 323 552 0 0 0 0 2 41 197 784 
0 0 25 91 168 397 294 49 0 0 28 103 176 424 254 39 0 0 15 66 137 277 429 100 
0 43 420 302 168 73 17 1 0 7 501 263 168 71 14 0 0 105 376 268 165 87 23 0 
0 282 639 82 14 7 0 0 0 71 855 79 14 5 0 0 0 660 303 45 13 3 0 0 
0 414 473 120 17 0 0 0 0 286 629 107 2 0 0 0 1 973 48 1 1 0 0 0 
0 782 238 4 0 0 0 0 0 840 181 3 0 0 0 0 1 1019 4 0 0 0 0 0 
0 902 117 5 0 0 0 0 0 956 68 0 0 0 0 0 0 1024 0 0 0 0 0 0 
0 538 475 11 0 0 0 0 0 689 335 0 0 0 0 0 0 1024 0 0 0 0 0 0 
0 99 881 44 0 0 0 0 0 258 765 1 0 0 0 0 0 1024 0 0 0 0 0 0 
2 111 643 202 40 25 1 0 5 250 640 70 41 17 1 0 2 745 102 101 41 31 2 0 
20 123 121 196 226 188 111 39 18 139 146 263 215 160 81 2 17 134 90 275 316 155 37 0 
0 36 107 135 228 239 233 46 0 58 128 132 334 237 112 23 0 28 104 154 411 273 31 23 
4 80 161 166 222 95 71 225 5 110 179 167 213 66 64 220 2 80 154 154 258 77 55 244 
0 10 38 125 463 317 69 2 0 13 44 164 587 187 28 1 0 13 24 104 376 450 56 1 
0 284 256 238 230 16 0 0 8 364 212 264 172 4 0 0 4 240 282 216 244 38 0 0 
21 972 29 2 0 0 0 0 21 991 12 0 0 0 0 0 90 934 0 0 0 0 0 0 
129 872 23 0 0 0 0 0 112 907 5 0 0 0 0 0 272 751 1 0 0 0 0 0 
152 704 109 57 2 0 0 0 140 785 82 17 0 0 0 0 282 742 0 0 0 0 0 0 
127 677 179 29 12 0 0 0 113 820 74 17 0 0 0 0 196 808 20 0 0 0 0 0 
18 861 69 14 52 10 0 0 8 920 29 57 10 0 0 0 35 938 51 0 0 0 0 0 
2 962 60 0 0 0 0 0 0 1019 5 0 0 0 0 0 5 1018 1 0 0 0 0 0 
0 658 346 18 2 0 0 0 0 789 217 17 1 0 0 0 3 814 181 24 2 0 0 0 
1 574 357 73 14 5 0 0 0 653 299 58 11 3 0 0 0 724 214 67 14 5 0 0 
62 838 117 7 0 0 0 0 30 958 36 0 0 0 0 0 37 984 3 0 0 0 0 0 
44 771 207 2 0 0 0 0 31 856 137 0 0 0 0 0 16 1004 4 0 0 0 0 0 
2 786 234 2 0 0 0 0 0 873 151 0 0 0 0 0 1 1018 5 0 0 0 0 0 
5 753 260 6 0 0 0 0 1 917 106 0 0 0 0 0 0 1024 0 0 0 0 0 0 
0 743 263 18 0 0 0 0 0 829 195 0 0 0 0 0 0 1009 15 0 0 0 0 0 
6 699 319 0 0 0 0 0 0 768 256 0 0 0 0 0 3 983 38 0 0 0 0 0 
0 384 576 54 9 1 0 0 0 364 637 18 5 0 0 0 0 748 273 3 0 0 0 0 
16 547 420 41 0 0 0 0 0 566 457 1 0 0 0 0 4 821 199 0 0 0 0 0 
1 850 168 5 0 0 0 0 0 822 202 0 0 0 0 0 0 1016 8 0 0 0 0 0 
0 883 139 0 2 0 0 0 0 831 191 0 2 0 0 0 0 987 35 1 1 0 0 0 
0 619 405 0 0 0 0 0 0 556 468 0 0 0 0 0 0 978 46 0 0 0 0 0 
0 259 675 66 20 3 1 0 0 157 795 47 20 4 1 0 0 517 446 39 16 5 1 0 
0 125 617 159 80 33 10 0 0 65 666 159 87 34 13 0 0 123 586 160 85 47 22 1 
0 4 148 238 276 219 133 6 0 0 150 232 275 226 135 6 0 4 110 187 265 213 215 30 
0 0 4 50 205 402 320 43 0 0 5 49 209 428 294 39 0 0 0 14 114 302 437 157 
0 0 0 9 82 282 391 260 0 0 0 12 106 304 373 229 0 0 0 0 30 177 419 398 
0 0 3 45 186 356 324 110 0 0 5 50 217 361 297 94 0 0 0 14 109 345 392 164 
0 16 231 183 138 149 227 80 0 0 281 170 137 172 205 59 0 61 212 133 145 131 231 111 
0 79 438 255 141 57 36 18 0 28 517 261 119 52 31 16 0 211 391 202 111 45 42 22 
0 601 418 5 0 0 0 0 0 451 569 4 0 0 0 0 0 992 31 1 0 0 0 0 
0 889 133 2 0 0 0 0 0 906 118 0 0 0 0 0 0 1023 1 0 0 0 0 0 
0 740 281 3 0 0 0 0 0 828 196 0 0 0 0 0 0 1024 0 0 0 0 0 0 
0 454 512 23 32 3 0 0 0 588 389 40 7 0 0 0 0 988 36 0 0 0 0 0 
0 113 680 230 1 0 0 0 0 277 741 6 0 0 0 0 0 1014 10 0 0 0 0 0 
2 187 623 212 0 0 0 0 0 317 702 5 0 0 0 0 19 948 57 0 0 0 0 0 
0 49 141 87 142 261 311 33 0 129 106 114 319 295 61 0 0 169 98 185 427 143 2 0 
0 29 40 78 350 426 77 24 0 35 43 101 462 314 55 14 0 5 49 38 336 409 152 35 
0 19 35 78 98 160 443 191 0 27 42 91 114 216 399 135 0 4 23 52 103 160 408 274 
0 1 36 144 156 196 415 76 0 4 81 155 171 275 326 12 0 1 25 131 163 298 352 54 
0 34 78 192 210 170 262 78 0 28 144 226 218 174 234 0 0 14 56 266 256 318 114 0 
118 800 102 4 0 0 0 0 132 881 9 2 0 0 0 0 256 765 3 0 0 0 0 0 
242 710 72 0 0 0 0 0 238 786 0 0 0 0 0 0 331 693 0 0 0 0 0 0 
103 860 52 9 0 0 0 0 106 898 20 0 0 0 0 0 230 791 3 0 0 0 0 0 
5 794 213 10 2 0 0 0 1 983 37 3 0 0 0 0 39 982 3 0 0 0 0 0 
97 828 91 8 0 0 0 0 71 920 33 0 0 0 0 0 121 903 0 0 0 0 0 0 
47 960 17 0 0 0 0 0 39 982 3 0 0 0 0 0 82 940 2 0 0 0 0 0 
74 886 63 1 0 0 0 0 49 960 15 0 0 0 0 0 63 947 14 0 0 0 0 0 
7 685 306 26 0 0 0 0 0 884 137 3 0 0 0 0 8 994 22 0 0 0 0 0 
3 777 229 15 0 0 0 0 0 912 111 1 0 0 0 0 4 1019 1 0 0 0 0 0 
2 916 98 5 2 1 0 0 0 976 45 2 1 0 0 0 3 1012 8 1 0 0 0 0 
18 908 98 0 0 0 0 0 1 990 33 0 0 0 0 0 15 1009 0 0 0 0 0 0 
0 565 449 9 1 0 0 0 0 714 308 2 0 0 0 0 0 1016 8 0 0 0 0 0 
0 456 524 44 0 0 0 0 0 606 418 0 0 0 0 0 0 982 42 0 0 0 0 0 
0 127 839 58 0 0 0 0 0 202 821 1 0 0 0 0 0 902 122 0 0 0 0 0 
0 510 454 52 8 0 0 0 0 436 556 31 1 0 0 0 1 881 138 4 0 0 0 0 
1 663 360 0 0 0 0 0 0 724 300 0 0 0 0 0 0 994 30 0 0 0 0 0 
0 741 266 17 0 0 0 0 0 724 300 0 0 0 0 0 0 992 32 0 0 0 0 0 
0 696 320 8 0 0 0 0 0 533 483 8 0 0 0 0 0 894 130 0 0 0 0 0 
0 253 732 37 2 0 0 0 0 127 862 34 1 0 0 0 0 580 439 4 1 0 0 0 
0 181 679 140 24 0 0 0 0 80 768 149 26 1 0 0 0 313 568 117 25 1 0 0 
0 22 310 289 265 115 23 0 0 2 312 295 255 131 29 0 0 5 225 268 268 182 68 8 
0 0 0 22 112 258 439 193 0 0 0 14 106 269 448 187 0 0 0 1 26 131 368 498 
0 0 0 5 139 443 390 47 0 0 0 4 123 437 415 45 0 0 0 0 15 191 601 217 
0 0 21 61 286 464 190 2 0 0 20 55 290 470 186 3 0 0 1 28 84 388 466 57 
0 0 8 30 66 163 292 465 0 0 7 32 81 168 296 440 0 0 0 3 39 109 238 635 
0 5 141 146 181 209 220 122 0 5 152 151 190 208 210 108 0 3 70 143 189 221 220 178 
0 71 517 294 117 16 6 3 0 33 601 286 85 12 4 3 0 124 599 215 56 18 9 3 
1 604 371 42 5 1 0 0 0 544 444 33 2 1 0 0 0 940 76 6 2 0 0 0 
4 810 186 24 0 0 0 0 0 807 200 17 0 0 0 0 0 992 30 2 0 0 0 0 
0 726 287 11 0 0 0 0 0 828 196 0 0 0 0 0 0 1023 1 0 0 0 0 0 
0 500 347 94 77 6 0 0 0 615 273 112 24 0 0 0 0 928 96 0 0 0 0 0 
27 381 460 149 7 0 0 0 13 558 400 53 0 0 0 0 39 971 14 0 0 0 0 0 
15 284 370 144 41 34 34 102 18 418 371 61 24 55 64 13 45 812 38 34 42 53 0 0 
0 25 54 23 21 155 170 576 0 53 32 18 105 461 335 20 2 66 29 14 148 751 14 0 
0 0 0 29 110 208 151 526 0 0 0 41 264 112 140 467 0 0 0 2 191 155 164 512 
0 7 16 56 277 297 232 139 0 10 26 218 322 165 187 96 0 3 9 117 362 191 232 110 
0 0 0 33 167 90 140 594 0 0 15 91 149 123 211 435 0 0 0 65 147 129 203 480 
0 0 2 68 244 252 102 356 0 0 6 110 266 198 90 354 0 0 0 46 178 190 202 408 
480 544 0 0 0 0 0 0 520 504 0 0 0 0 0 0 816 208 0 0 0 0 0 0 
728 296 0 0 0 0 0 0 680 344 0 0 0 0 0 0 816 208 0 0 0 0 0 0 
216 792 16 0 0 0 0 0 240 784 0 0 0 0 0 0 456 568 0 0 0 0 0 0 
16 728 224 56 0 0 0 0 16 840 168 0 0 0 0 0 80 936 8 0 0 0 0 0 
56 968 0 0 0 0 0 0 56 968 0 0 0 0 0 0 184 840 0 0 0 0 0 0 
352 672 0 0 0 0 0 0 336 688 0 0 0 0 0 0 312 712 0 0 0 0 0 0 
8 840 136 40 0 0 0 0 8 896 120 0 0 0 0 0 48 976 0 0 0 0 0 0 
0 944 80 0 0 0 0 0 0 1024 0 0 0 0 0 0 8 1016 0 0 0 0 0 0 
0 560 464 0 0 0 0 0 0 800 224 0 0 0 0 0 0 1024 0 0 0 0 0 0 
0 920 104 0 0 0 0 0 0 1000 24 0 0 0 0 0 0 1024 0 0 0 0 0 0 
16 912 96 0 0 0 0 0 0 984 40 0 0 0 0 0 0 1024 0 0 0 0 0 0 
96 520 296 112 0 0 0 0 0 776 248 0 0 0 0 0 24 1000 0 0 0 0 0 0 
0 480 544 0 0 0 0 0 0 744 280 0 0 0 0 0 0 1016 8 0 0 0 0 0 
16 256 744 8 0 0 0 0 0 280 744 0 0 0 0 0 16 880 128 0 0 0 0 0 
0 288 728 8 0 0 0 0 0 248 776 0 0 0 0 0 0 808 216 0 0 0 0 0 
0 512 512 0 0 0 0 0 0 584 440 0 0 0 0 0 0 1024 0 0 0 0 0 0 
0 728 296 0 0 0 0 0 0 824 200 0 0 0 0 0 0 976 48 0 0 0 0 0 
0 856 168 0 0 0 0 0 0 664 360 0 0 0 0 0 0 888 136 0 0 0 0 0 
0 272 744 8 0 0 0 0 0 88 920 16 0 0 0 0 0 504 520 0 0 0 0 0 
0 144 648 224 8 0 0 0 0 120 680 216 8 0 0 0 0 280 560 168 16 0 0 0 
0 128 224 184 224 144 64 56 0 72 264 184 256 104 88 56 0 144 192 160 224 72 144 88 
0 16 288 216 176 160 128 40 0 0 336 208 152 144 144 40 0 0 72 200 208 160 168 216 
0 0 0 0 272 568 176 8 0 0 0 0 208 640 160 16 0 0 0 0 0 272 680 72 
0 8 272 368 144 120 112 0 0 0 272 400 120 128 104 0 0 0 104 384 152 176 184 24 
0 0 8 128 272 200 280 136 0 0 24 128 256 224 272 120 0 0 0 24 216 192 296 296 
0 8 96 136 232 240 240 72 0 0 96 184 208 240 232 64 0 0 64 64 288 152 328 128 
0 504 520 0 0 0 0 0 0 432 592 0 0 0 0 0 0 592 432 0 0 0 0 0 
48 856 120 0 0 0 0 0 0 936 88 0 0 0 0 0 0 984 40 0 0 0 0 0 
8 1016 0 0 0 0 0 0 0 1024 0 0 0 0 0 0 0 1024 0 0 0 0 0 0 
0 624 400 0 0 0 0 0 0 1008 16 0 0 0 0 0 0 1024 0 0 0 0 0 0 
0 816 208 0 0 0 0 0 0 976 48 0 0 0 0 0 0 1024 0 0 0 0 0 0 
0 704 320 0 0 0 0 0 0 816 208 0 0 0 0 0 0 1008 16 0 0 0 0 0 
16 424 208 72 96 48 160 0 16 608 96 96 56 152 0 0 128 616 88 32 48 112 0 0 
0 0 0 0 0 912 112 0 0 0 0 0 872 152 0 0 0 0 0 0 672 344 8 0 
0 0 0 64 296 472 136 56 0 0 24 296 464 80 120 40 0 0 0 152 496 128 88 160 
0 0 0 536 400 88 0 0 0 0 464 264 296 0 0 0 0 0 296 384 336 8 0 0 
0 0 0 0 120 376 168 360 0 0 0 0 280 336 112 296 0 0 0 0 56 304 280 384 
0 0 0 0 736 224 64 0 0 0 0 80 496 192 256 0 0 0 0 0 208 528 288 0 
