20 73 205 324 255 96 11 40 0 19 73 207 345 243 89 48 0 12 72 202 326 269 94 49 
46 131 257 325 195 61 9 0 1 47 125 258 323 199 65 6 2 53 150 273 325 161 55 5 
27 95 206 286 288 113 9 0 2 23 89 197 284 283 133 13 5 48 121 227 278 225 111 9 
6 24 96 243 362 246 46 1 1 5 15 98 221 353 291 40 4 6 62 131 239 323 202 57 
0 0 10 78 367 482 85 2 0 0 0 15 82 387 484 56 0 0 2 23 125 356 394 124 
0 0 2 68 442 501 11 0 0 0 0 2 50 216 720 36 0 0 0 2 35 133 428 426 
60 32 30 91 307 447 55 2 28 38 33 35 81 176 503 130 12 47 38 23 67 125 221 491 
96 40 63 154 385 254 32 0 31 49 43 75 163 365 271 27 20 45 45 51 127 278 357 101 
593 189 113 72 35 18 4 0 108 232 247 180 116 77 44 20 51 202 243 198 130 96 59 45 
350 169 158 170 153 22 2 0 28 140 151 172 172 168 165 28 72 113 137 151 139 121 179 112 
504 100 78 89 124 52 8 65 289 184 105 73 57 104 105 104 310 153 110 72 52 65 124 134 
44 182 237 228 184 95 50 4 2 29 166 244 238 207 91 47 2 32 177 249 238 193 87 46 
83 188 272 266 141 56 16 2 4 56 172 267 295 154 61 15 15 97 206 292 245 117 41 11 
32 85 178 299 267 136 26 1 3 33 95 181 304 267 117 24 12 61 137 266 298 191 54 5 
6 21 95 208 407 237 47 3 1 6 24 105 270 403 182 33 5 31 118 253 355 173 76 13 
0 2 16 127 418 349 103 9 0 0 3 31 198 450 280 62 0 5 25 183 395 292 112 12 
0 1 3 46 201 513 240 20 0 0 2 11 62 280 514 155 1 0 5 27 99 306 408 178 
18 40 47 82 253 410 157 17 8 28 37 49 125 282 385 110 11 32 33 55 137 268 346 142 
107 84 79 133 285 278 54 4 9 58 91 116 144 295 257 54 29 93 99 101 160 246 244 52 
586 272 94 37 21 13 1 0 44 299 371 191 76 24 17 2 215 389 258 96 36 21 8 1 
413 335 164 81 27 4 0 0 4 184 364 317 119 31 5 0 135 360 311 152 49 17 0 0 
390 177 211 184 52 8 0 0 166 198 228 238 153 36 1 0 219 217 222 212 124 25 1 0 
70 147 242 284 189 75 17 0 4 42 143 238 300 198 80 19 9 57 168 290 277 163 49 11 
32 132 246 297 219 78 20 0 1 30 129 245 312 218 70 19 14 86 216 306 257 102 39 4 
25 88 209 297 198 135 62 10 0 27 104 209 308 204 122 50 29 110 218 301 177 119 63 7 
9 45 108 277 323 198 57 7 3 16 58 148 301 323 145 30 28 88 195 312 273 104 23 1 
1 5 30 164 436 323 61 4 0 1 11 62 263 476 189 22 4 20 142 432 297 103 24 2 
0 1 12 88 405 407 95 16 0 0 2 29 194 501 250 48 0 6 69 307 423 164 42 13 
51 40 63 151 370 261 83 5 42 34 53 95 266 356 157 21 54 62 108 249 335 157 56 3 
138 114 159 244 259 104 6 0 24 76 125 189 309 248 50 3 126 166 236 296 168 31 1 0 
249 259 251 141 62 32 17 13 29 146 281 275 174 56 32 31 200 309 278 131 43 28 22 13 
217 362 308 120 17 0 0 0 5 100 315 391 174 37 2 0 185 416 309 95 18 1 0 0 
345 296 145 140 70 24 1 0 60 144 292 281 158 68 16 1 182 328 246 148 83 28 6 0 
71 162 275 280 178 47 11 0 18 67 153 276 303 162 34 11 35 135 297 313 154 67 22 1 
45 133 325 348 140 31 1 1 2 38 110 338 376 134 24 2 44 153 359 316 119 31 1 1 
15 88 171 298 206 138 93 15 1 27 115 211 289 203 118 60 32 116 267 237 187 107 74 4 
16 62 108 241 320 211 51 15 3 26 85 154 298 286 147 25 54 115 248 315 196 78 17 1 
2 14 68 265 441 199 32 3 0 7 30 149 376 358 95 9 15 79 310 401 179 33 7 0 
6 26 80 262 406 202 39 3 2 16 43 150 365 341 97 10 30 83 295 403 166 43 3 1 
26 39 112 280 350 173 34 10 19 28 75 166 357 296 71 12 45 116 325 352 125 46 14 1 
37 73 181 295 311 109 17 1 13 39 113 217 344 235 54 9 80 175 295 309 140 23 2 0 
86 166 240 237 175 86 24 10 29 97 185 292 249 112 40 20 171 224 289 186 91 37 23 3 
229 237 225 201 106 26 0 0 51 180 243 244 214 81 11 0 284 308 263 131 34 4 0 0 
243 206 219 195 105 40 12 1 54 180 219 241 206 102 17 1 273 267 268 131 56 20 6 0 
150 156 252 257 166 38 5 0 27 100 165 215 304 186 25 2 111 240 323 260 73 16 1 0 
83 131 268 309 175 51 7 0 11 68 113 217 353 208 52 2 128 267 364 190 63 12 0 0 
98 102 151 206 238 166 48 15 53 103 118 166 246 209 103 26 162 141 209 253 169 71 17 2 
75 115 160 245 224 134 58 13 30 82 127 199 288 183 87 28 147 168 256 241 136 59 16 1 
46 63 108 242 317 182 53 13 22 56 76 130 311 307 101 21 76 177 312 274 124 40 18 3 
48 57 119 171 271 212 116 30 36 48 91 135 227 287 148 52 101 112 187 274 176 121 48 5 
118 93 174 219 205 126 56 33 92 84 138 208 230 161 70 41 170 143 228 201 170 67 31 14 
206 104 105 147 236 163 56 7 85 145 121 121 189 242 105 16 260 158 216 212 118 52 7 1 
189 151 133 208 215 103 24 1 67 139 136 154 229 221 74 4 255 224 273 190 57 18 7 0 
34 44 125 284 361 158 18 0 19 32 48 146 334 354 83 8 98 182 388 277 71 7 1 0 
22 70 121 321 385 92 8 1 4 22 75 152 376 344 44 4 89 209 400 270 44 4 4 0 
180 132 142 174 168 132 55 41 67 127 133 161 195 193 97 51 123 196 215 200 120 90 57 23 
107 104 153 150 133 121 167 89 61 95 102 145 156 148 165 152 92 147 192 139 106 115 167 66 
55 121 158 158 129 125 158 120 17 83 135 192 141 137 142 177 68 131 201 164 116 108 147 89 
53 162 315 184 75 74 86 75 15 62 165 334 175 72 90 111 46 111 312 247 86 73 89 60 
61 118 297 285 62 49 66 86 30 53 99 250 346 67 72 107 58 69 134 385 184 58 74 62 
49 92 190 290 95 93 106 109 25 44 70 166 368 116 111 124 47 51 101 231 333 122 91 48 
44 132 327 276 99 58 51 37 24 49 148 303 306 92 50 52 57 129 212 338 169 57 32 30 
23 121 292 258 175 94 35 26 6 21 59 381 339 130 52 36 34 101 413 315 98 34 24 5 
138 265 237 174 140 53 14 3 35 57 184 317 216 148 53 14 144 285 343 175 54 17 6 0 
42 95 138 282 332 113 20 2 12 30 80 153 282 358 101 8 113 213 389 235 52 20 2 0 
12 44 75 220 388 214 52 14 3 32 43 99 236 420 169 19 40 139 334 312 128 56 9 4 
273 206 127 84 77 106 134 17 98 195 223 121 90 103 139 55 124 282 174 111 76 122 127 8 
276 321 134 59 60 69 75 30 69 113 305 225 99 70 67 76 71 251 300 149 81 65 67 40 
150 356 242 112 68 55 28 13 26 41 279 422 118 79 35 24 44 186 494 151 83 25 27 14 
62 335 415 176 26 6 1 3 0 13 118 616 242 28 3 4 1 63 574 343 29 9 2 3 
24 103 409 343 81 24 21 19 21 11 27 349 524 41 24 27 27 14 207 622 94 28 17 15 
24 84 463 400 37 8 3 5 14 15 29 152 736 68 2 8 23 18 36 408 500 31 6 2 
61 254 457 156 18 12 25 41 26 22 43 383 442 34 27 47 33 19 61 428 385 36 32 30 
254 434 148 68 13 13 26 68 49 58 248 438 114 16 24 77 64 124 300 346 76 18 44 52 
299 211 138 76 47 49 114 90 67 134 284 180 71 63 95 130 157 217 259 97 55 63 119 57 
137 229 215 171 101 68 61 42 48 77 199 240 194 128 85 53 176 293 223 131 67 59 57 18 
286 126 100 91 76 70 153 118 225 131 115 91 91 75 136 158 227 161 124 86 86 83 182 72 
640 175 56 21 41 53 23 15 229 326 233 85 27 53 45 26 214 310 257 89 40 52 39 23 
679 139 55 34 24 20 39 34 64 317 403 95 35 25 31 54 72 206 498 107 38 23 46 34 
823 146 21 6 2 4 12 10 17 176 612 179 11 4 7 18 18 109 693 165 12 3 11 13 
566 401 48 3 4 1 1 0 1 55 428 518 15 3 3 1 2 49 701 263 2 4 2 1 
544 308 171 1 0 0 0 0 0 20 189 733 81 1 0 0 0 6 256 735 26 1 0 0 
381 370 219 54 0 0 0 0 0 5 114 603 286 16 0 0 0 2 68 534 401 19 0 0 
470 388 95 39 15 9 6 2 3 15 162 669 146 14 10 5 4 16 101 629 253 9 10 2 
583 260 103 43 18 8 6 3 13 141 515 265 61 15 6 8 12 156 525 276 35 10 7 3 
890 100 20 8 1 2 2 1 42 604 334 31 5 4 1 3 70 566 352 26 3 3 2 2 
767 140 84 20 9 4 0 0 104 517 260 110 22 8 3 0 181 472 299 57 9 6 0 0 
652 144 89 62 43 16 1 14 107 433 251 110 67 30 8 16 136 312 356 126 54 22 1 14 
812 12 0 0 0 0 0 198 19 614 192 0 0 0 0 198 0 377 448 0 0 0 0 198 
1011 12 0 0 0 0 0 0 0 550 460 12 0 0 0 0 0 204 774 38 6 0 0 0 
672 352 0 0 0 0 0 0 0 12 640 371 0 0 0 0 0 0 864 160 0 0 0 0 
896 128 0 0 0 0 0 0 0 12 729 281 0 0 0 0 0 0 537 486 0 0 0 0 
998 25 0 0 0 0 0 0 0 6 531 486 0 0 0 0 0 0 249 774 0 0 0 0 
697 288 38 0 0 0 0 0 0 12 268 672 70 0 0 0 0 0 153 774 89 6 0 0 
646 358 6 12 0 0 0 0 0 0 198 697 115 6 6 0 0 0 44 665 294 6 12 0 
928 96 0 0 0 0 0 0 0 166 710 147 0 0 0 0 0 25 633 339 25 0 0 0 
979 44 0 0 0 0 0 0 0 691 313 19 0 0 0 0 0 672 300 51 0 0 0 0 
992 32 0 0 0 0 0 0 0 563 409 51 0 0 0 0 0 262 691 70 0 0 0 0 
614 92 0 0 0 0 0 317 10 358 307 30 0 0 0 317 10 71 368 256 0 0 0 317 
