3 163 615 176 55 10 2 0 3 108 568 229 84 24 8 0 0 3 166 474 230 105 37 9 
5 81 393 299 173 65 8 0 5 74 326 304 160 118 37 0 0 0 59 310 246 159 142 108 
7 92 311 364 172 64 10 4 6 86 279 338 205 81 24 5 0 4 90 250 310 220 80 70 
0 39 288 405 201 69 21 1 0 27 246 402 218 89 39 3 0 1 27 219 392 211 122 52 
0 11 301 246 218 157 71 20 0 19 286 232 213 156 88 30 0 0 55 281 165 198 183 142 
3 20 215 334 193 160 71 28 4 26 227 301 193 148 86 39 0 2 28 278 254 183 144 135 
2 126 282 280 163 109 55 7 7 149 245 276 156 110 66 15 0 81 110 288 194 152 105 94 
0 31 432 330 180 40 10 1 0 44 419 289 196 61 13 2 0 5 198 343 203 177 75 23 
0 23 202 227 203 226 121 22 1 26 212 182 155 225 184 39 0 0 24 261 105 105 195 334 
0 11 128 128 121 225 354 57 0 20 113 121 73 153 344 200 0 0 4 102 130 57 104 627 
1 16 50 143 147 278 327 62 3 15 33 111 119 205 312 226 0 0 2 16 65 120 144 677 
2 23 58 129 150 275 299 88 2 21 54 91 131 210 269 246 0 0 3 29 68 119 159 646 
2 20 71 159 224 272 226 50 2 20 61 116 194 227 248 156 0 1 6 52 94 140 194 537 
0 15 119 365 363 126 34 2 0 11 98 331 356 172 51 5 0 0 8 79 269 345 235 88 
0 12 166 473 241 98 32 2 0 9 157 433 269 105 41 10 0 0 8 131 406 279 122 78 
0 6 156 524 229 83 22 4 0 5 152 501 235 90 35 6 0 0 7 163 476 223 96 59 
0 6 81 318 297 207 90 25 0 2 68 299 286 198 110 61 0 0 0 38 250 299 189 248 
1 10 61 117 216 297 264 58 0 7 43 89 159 251 280 195 0 0 2 10 67 116 213 616 
2 11 37 53 76 168 333 344 1 6 24 48 62 111 193 579 0 0 2 18 36 58 98 812 
9 21 51 69 109 161 310 294 5 22 48 74 98 102 196 479 0 2 14 32 68 93 102 713 
0 6 27 47 81 181 327 355 0 4 22 38 79 132 258 491 0 0 0 23 23 74 128 776 
0 11 36 121 186 259 270 141 0 6 35 107 175 216 239 246 0 0 2 28 91 142 213 548 
2 18 51 129 159 213 227 225 3 12 49 117 141 180 222 300 0 2 7 42 90 137 180 566 
1 5 27 47 57 98 131 658 2 8 30 43 55 92 123 671 0 0 6 34 36 59 100 789 
10 47 104 62 56 77 125 543 34 52 81 54 43 70 109 581 0 2 35 85 87 54 83 678 
29 119 195 118 110 126 154 173 55 123 166 117 95 112 149 207 2 29 88 169 143 95 110 388 
3 32 97 149 131 171 200 241 4 39 105 115 125 146 198 292 0 1 10 60 146 144 146 517 
6 29 76 40 73 111 182 507 16 48 57 28 65 96 152 562 0 0 16 38 60 68 111 731 
7 32 130 355 148 157 144 51 4 26 110 357 132 117 147 131 0 2 17 174 222 147 133 329 
0 23 65 95 155 284 351 51 0 15 57 84 113 203 297 255 0 0 0 26 68 79 143 708 
4 81 427 261 97 99 46 9 7 98 394 254 90 85 71 25 0 1 126 350 178 142 70 157 
0 58 533 191 99 93 48 2 4 57 509 186 89 79 86 14 0 0 149 353 196 119 92 115 
4 96 494 289 103 30 8 0 2 105 388 321 133 55 20 0 0 0 62 374 322 124 90 52 
2 36 286 322 214 135 28 1 0 23 219 260 244 165 103 10 0 0 18 228 189 175 195 219 
6 67 319 357 181 85 8 1 2 61 281 325 193 120 37 5 0 0 50 230 308 197 149 90 
0 33 354 421 153 51 10 2 0 24 279 437 172 84 23 5 0 0 25 287 387 174 103 48 
0 15 295 321 251 118 22 2 0 15 262 266 261 167 48 5 0 0 116 199 143 253 208 105 
0 7 384 345 166 89 32 1 0 7 360 336 168 106 43 4 0 0 37 410 238 166 104 69 
3 43 274 421 182 79 21 1 7 40 274 374 199 89 39 2 1 34 47 317 272 183 106 64 
3 150 445 314 85 26 1 0 5 166 407 310 104 30 2 0 0 26 356 224 269 107 37 5 
0 9 317 360 222 93 21 2 0 12 308 312 226 114 44 8 0 0 50 331 158 230 155 100 
1 15 142 246 304 240 72 4 0 19 124 222 227 264 134 34 0 0 33 166 120 134 269 302 
0 7 89 355 360 173 37 3 0 3 78 321 320 217 73 12 0 0 2 64 240 281 259 178 
2 20 74 121 198 296 255 58 2 14 60 102 150 223 283 190 0 0 7 30 80 117 189 601 
0 3 45 191 300 269 191 25 0 2 29 137 249 278 225 104 0 0 0 13 90 192 256 473 
0 26 207 456 239 73 21 2 0 21 192 440 256 88 24 3 0 0 26 185 405 270 99 39 
0 17 225 491 208 62 19 2 1 16 215 476 219 71 20 6 0 1 26 241 446 199 68 43 
1 22 179 485 211 88 27 11 2 19 177 479 211 87 36 13 0 3 24 233 403 213 97 51 
0 15 101 352 252 160 95 49 0 7 109 340 233 170 108 57 0 0 6 79 320 241 168 210 
3 29 82 142 177 227 202 162 3 29 75 121 164 205 207 220 0 0 15 46 127 130 180 526 
2 25 67 84 114 174 221 337 1 17 64 79 104 162 203 394 0 1 11 50 71 107 132 652 
8 16 68 115 126 135 201 355 7 24 67 116 111 126 177 396 1 4 19 61 98 124 110 607 
0 2 54 117 197 217 251 186 0 6 47 112 181 223 243 212 0 0 1 39 95 178 207 504 
3 34 110 218 259 185 132 83 3 35 100 210 247 195 133 101 0 2 40 96 231 228 185 242 
10 50 106 166 219 182 137 154 11 43 112 167 202 185 146 158 1 9 50 107 161 212 185 299 
1 14 41 96 134 199 241 298 3 14 38 89 138 190 231 321 0 2 15 39 91 136 201 540 
14 49 73 100 122 178 177 311 32 51 53 104 118 173 173 320 0 8 46 75 90 129 176 500 
17 82 269 97 111 125 144 179 24 108 255 81 98 134 129 195 0 17 193 161 89 86 123 355 
10 55 299 229 132 125 92 82 10 74 281 201 141 119 97 101 1 9 96 245 214 144 117 198 
7 38 49 39 66 93 149 583 9 37 40 46 52 88 126 626 0 3 25 55 43 53 96 749 
9 45 97 336 110 99 143 185 7 44 111 329 91 71 108 263 0 2 25 116 248 132 101 400 
8 35 49 73 131 253 343 132 8 33 43 62 76 165 292 345 0 1 8 38 42 76 113 746 
8 120 352 239 101 83 84 37 16 122 335 226 99 76 73 77 0 1 120 347 172 96 91 197 
0 54 623 177 57 48 53 12 0 44 610 176 62 49 39 44 0 1 169 498 118 87 45 106 
10 84 470 375 75 8 2 0 5 71 369 439 112 24 4 0 0 4 103 362 357 143 48 7 
0 43 547 363 60 11 0 0 0 36 489 372 94 30 3 0 0 0 192 404 260 117 45 6 
0 19 350 483 135 32 5 0 0 20 286 479 177 52 9 1 0 0 25 336 363 178 78 44 
0 6 407 382 174 54 1 0 0 3 332 361 214 101 13 0 0 0 9 328 314 209 124 40 
0 0 315 280 272 143 14 0 0 0 280 239 241 186 74 4 0 0 67 251 106 194 223 183 
0 7 503 370 113 28 3 0 0 7 461 355 146 40 15 0 0 0 32 521 214 168 64 25 
2 18 346 510 116 28 4 0 2 20 311 483 155 41 12 0 0 12 101 333 336 169 53 20 
2 32 502 319 125 41 3 0 2 53 481 280 132 64 11 1 0 3 197 344 251 132 77 20 
0 14 397 453 135 22 2 1 0 28 372 436 148 35 4 1 0 3 123 384 304 153 43 14 
0 2 168 497 247 77 31 2 0 2 163 448 253 97 50 11 0 0 11 269 288 223 141 92 
1 10 141 333 291 164 71 13 1 7 128 294 284 173 113 24 0 0 2 117 225 271 187 222 
3 25 116 250 259 237 109 25 3 19 94 217 241 220 174 56 0 1 6 63 165 226 228 335 
0 15 96 253 345 221 86 8 1 10 76 216 316 262 120 23 0 1 7 49 170 264 282 251 
12 48 170 315 224 159 70 26 11 37 177 286 224 154 96 39 5 6 34 153 274 225 148 179 
14 66 239 379 174 96 40 16 14 61 249 364 172 91 51 22 4 17 72 291 317 145 89 89 
4 59 191 426 205 67 48 24 5 53 203 409 201 67 45 41 1 16 50 285 349 159 65 99 
9 24 92 259 229 208 133 70 3 21 87 232 211 203 154 113 0 2 11 62 201 212 194 342 
10 37 113 169 199 168 185 143 8 34 103 154 171 175 162 217 0 6 18 71 134 174 166 455 
4 19 93 167 160 163 213 205 3 21 95 162 119 174 164 286 2 2 12 100 136 117 154 501 
2 22 55 138 196 177 190 244 3 21 51 140 180 184 195 250 0 3 19 52 131 166 194 459 
12 28 62 141 197 210 183 191 13 24 66 125 200 192 193 211 0 11 23 64 135 185 188 418 
18 55 112 225 286 160 76 92 21 53 122 218 271 172 71 96 5 25 66 136 242 238 144 168 
20 72 164 254 205 125 89 95 33 70 154 254 197 120 100 96 2 30 83 195 237 168 118 191 
15 78 178 248 190 135 82 98 20 84 181 241 184 139 78 97 2 28 114 198 219 180 116 167 
8 66 172 203 184 158 125 108 13 71 163 196 178 154 119 130 0 8 72 162 192 171 161 258 
11 72 206 165 147 143 142 138 20 68 208 135 138 130 149 176 1 6 75 165 158 128 144 347 
11 77 419 175 123 71 79 69 20 83 418 157 110 83 71 82 2 17 231 265 177 101 67 164 
25 54 124 112 82 108 173 346 27 53 113 97 82 86 132 434 6 25 48 107 97 77 91 573 
19 68 102 319 111 57 108 240 23 69 138 303 75 46 78 292 1 9 51 102 228 160 89 384 
1 4 16 28 65 156 362 392 2 2 8 20 42 104 206 640 0 0 2 7 17 35 89 874 
0 17 241 168 87 97 240 174 7 22 232 168 69 73 139 314 0 0 9 242 132 85 62 494 
2 14 454 234 75 83 107 55 1 17 437 243 55 59 87 125 0 0 52 459 123 110 66 214 
5 83 533 327 67 9 0 0 4 70 452 363 114 20 1 0 0 4 140 440 279 125 32 4 
0 43 691 267 21 2 0 0 0 40 619 324 36 5 0 0 0 0 233 534 224 28 5 0 
0 7 355 554 100 8 0 0 0 4 298 553 141 27 1 0 0 0 16 344 427 172 56 9 
0 11 326 378 168 81 58 2 0 9 303 323 199 96 59 35 0 0 15 266 300 181 127 135 
3 18 375 207 165 177 76 3 2 21 365 186 120 145 150 35 0 1 119 280 125 114 122 263 
0 19 569 323 85 22 6 0 0 18 537 320 88 52 9 0 0 0 110 577 187 77 53 20 
0 18 405 465 101 30 4 1 0 30 389 416 130 50 8 1 0 2 203 346 277 117 60 19 
11 200 425 291 73 21 3 0 18 220 395 276 84 28 3 0 0 112 267 355 191 61 28 10 
1 52 400 510 60 1 0 0 2 54 414 496 57 1 0 0 0 19 109 544 324 28 0 0 
4 72 310 523 102 13 0 0 8 72 316 500 117 11 0 0 0 28 95 455 367 73 5 1 
14 60 138 395 280 96 36 5 13 64 129 374 278 105 46 15 1 24 55 154 338 266 90 96 
16 101 191 287 243 112 60 14 10 96 182 260 247 134 71 24 0 13 92 169 244 235 145 126 
13 59 170 315 269 142 44 12 10 55 163 310 256 159 54 17 0 9 58 139 278 278 167 95 
13 62 227 296 211 118 66 31 14 66 224 286 203 122 64 45 0 13 73 216 275 182 132 133 
28 106 192 330 170 86 66 46 30 111 187 317 174 89 62 54 2 24 113 234 276 156 89 130 
8 36 179 421 242 82 33 23 6 36 188 418 231 90 33 22 1 5 54 245 409 175 73 62 
13 38 139 245 226 172 119 72 16 37 135 231 219 175 131 80 0 8 35 125 217 220 179 240 
2 13 49 174 184 151 189 262 3 15 45 183 164 147 171 296 1 3 10 49 176 163 133 489 
9 36 163 316 228 138 82 52 11 42 172 304 206 143 78 68 6 9 62 190 299 179 123 156 
1 12 68 301 355 173 76 38 1 11 71 292 346 173 84 46 0 1 8 79 281 321 181 153 
0 6 63 352 356 177 48 22 0 6 64 358 343 178 49 26 0 0 7 98 360 298 174 87 
4 13 110 404 331 106 45 11 4 14 119 407 315 103 50 12 1 6 42 212 428 213 81 41 
18 52 128 313 229 148 76 60 19 52 122 302 229 152 86 62 6 18 48 175 313 188 133 143 
5 49 204 409 257 63 26 11 8 60 206 403 237 72 27 11 0 21 87 296 366 177 48 29 
18 130 302 295 151 80 35 13 28 126 306 277 157 82 33 15 4 35 186 311 244 124 74 46 
30 86 239 250 210 124 65 20 31 85 241 236 207 120 81 23 6 29 99 262 204 189 127 108 
57 138 337 232 146 69 31 14 62 146 318 227 155 67 32 17 20 81 235 268 194 118 64 44 
6 35 232 257 167 140 117 70 6 43 210 240 155 133 123 114 0 8 62 254 178 150 131 241 
2 45 141 361 119 142 120 94 1 48 162 320 100 113 142 138 0 7 51 116 272 152 118 308 
2 31 43 93 76 142 259 378 0 15 42 87 58 109 175 538 0 2 12 55 51 59 93 752 
1 19 229 223 56 84 160 252 3 19 259 192 45 59 97 350 0 0 25 241 117 91 76 474 
8 33 395 278 75 52 118 65 2 33 404 268 70 37 66 144 0 8 105 361 167 122 41 220 
1 48 458 343 111 45 15 3 0 59 386 329 148 68 26 8 0 1 109 390 265 128 73 58 
0 32 677 242 50 18 5 0 1 46 613 269 59 27 6 3 0 1 146 585 184 59 34 15 
0 5 317 434 206 54 8 0 0 6 285 383 240 88 22 0 0 0 24 308 281 231 139 41 
1 23 454 342 157 40 7 0 1 29 389 324 199 61 18 3 0 1 111 356 235 200 84 37 
0 7 384 223 196 167 46 1 0 9 372 186 153 194 97 13 0 0 117 286 132 106 175 208 
0 20 520 402 63 15 3 1 0 20 511 392 77 20 2 2 0 1 144 568 226 57 21 7 
1 115 444 373 78 12 1 0 2 123 439 344 93 20 3 0 0 56 275 390 198 81 18 6 
6 169 554 270 24 1 0 0 19 170 557 247 30 1 0 0 2 115 232 512 146 16 1 0 
0 8 474 466 65 9 2 0 0 19 483 439 67 13 2 1 0 0 148 519 292 49 12 4 
0 16 391 517 83 17 0 0 0 21 415 484 87 17 0 0 0 4 59 591 298 63 9 0 
0 6 154 579 232 48 5 0 0 5 156 560 239 57 7 0 0 0 15 232 492 216 60 9 
12 46 184 289 253 150 69 21 13 47 171 273 253 153 80 34 2 15 54 182 222 241 162 146 
4 37 159 359 229 144 65 27 5 36 161 324 234 150 79 35 0 3 43 173 300 229 144 132 
18 78 219 370 190 79 50 20 17 81 230 359 179 81 45 32 3 25 122 266 307 149 71 81 
11 57 221 332 254 99 33 17 12 61 226 316 253 97 38 21 1 12 72 290 264 221 99 65 
2 23 177 491 187 66 45 33 2 26 181 483 179 64 52 37 0 3 41 287 407 133 64 89 
1 15 140 444 236 103 50 35 1 15 146 434 227 108 45 48 0 1 22 207 383 203 98 110 
1 17 171 512 211 76 24 12 1 21 193 498 198 75 25 13 0 1 45 283 424 162 70 39 
0 27 155 455 284 74 22 7 0 38 181 454 248 75 19 9 0 13 72 243 439 166 64 27 
9 15 79 296 340 178 72 35 9 19 72 307 324 185 69 39 0 10 15 82 304 316 187 110 
8 16 109 537 251 71 26 6 9 17 115 532 248 72 23 8 3 9 31 219 508 175 57 22 
44 41 170 465 212 72 15 5 43 44 187 453 199 77 16 5 24 40 67 337 364 123 57 12 
28 59 144 319 237 105 90 42 32 54 140 303 232 120 92 51 9 32 69 205 265 187 110 147 
11 59 196 398 233 81 35 11 12 58 210 381 237 85 29 12 2 24 93 256 360 174 73 42 
22 137 357 261 135 67 30 15 26 155 347 248 133 66 33 16 8 38 247 302 205 120 61 43 
14 95 351 325 139 68 22 10 14 106 346 302 145 72 27 12 1 32 189 334 254 118 59 37 
24 103 364 361 114 43 12 3 31 107 386 333 104 46 15 2 4 60 197 409 211 87 36 20 
4 49 349 423 128 52 17 2 3 53 365 390 134 53 20 6 1 17 168 445 227 99 50 17 
12 80 286 354 171 77 36 8 12 98 272 331 167 81 48 15 4 10 111 308 299 160 78 54 
1 13 48 221 48 88 207 398 0 4 35 229 35 57 117 547 0 1 13 130 133 31 71 645 
11 27 189 235 77 110 181 194 8 38 247 157 65 87 114 308 0 2 30 167 126 146 101 452 
10 83 345 205 84 60 130 107 10 81 404 169 50 40 74 196 0 16 188 224 99 154 87 256 
0 23 603 321 49 20 7 1 0 24 529 353 80 26 10 2 0 2 122 580 236 46 20 18 
0 32 663 245 63 14 7 0 0 69 597 253 81 15 9 0 0 0 234 514 182 67 16 11 
0 17 468 364 115 48 12 0 0 32 423 353 124 63 28 1 0 1 137 446 237 90 69 44 
0 38 578 270 93 38 7 0 1 53 561 253 106 42 8 0 0 3 281 411 167 101 38 23 
0 35 389 241 135 140 79 5 0 46 393 221 94 128 116 26 0 13 220 324 123 71 101 172 
0 11 591 386 33 3 0 0 0 17 603 372 29 3 0 0 0 1 189 674 138 20 2 0 
6 240 466 260 46 6 0 0 18 264 430 254 49 9 0 0 3 127 385 314 146 41 8 0 
1 107 543 339 33 1 0 0 3 119 552 313 36 1 0 0 0 41 280 545 147 11 0 0 
5 61 520 387 45 6 0 0 5 82 550 342 40 4 1 0 0 23 227 602 147 21 4 0 
0 29 284 609 91 11 0 0 0 37 320 572 86 9 0 0 0 9 85 574 310 45 1 0 
1 15 169 616 190 27 6 0 1 19 183 602 183 32 4 0 0 2 48 298 520 131 24 1 
3 30 180 427 240 89 42 13 3 34 182 413 234 100 43 15 0 4 53 238 382 180 99 68 
1 23 237 565 161 28 8 1 1 25 249 551 162 26 9 1 0 5 65 410 410 98 24 12 
1 51 248 477 190 37 16 4 3 62 266 446 188 39 15 5 1 12 93 389 363 113 35 18 
6 39 246 467 210 43 13 0 5 50 259 453 196 47 14 0 0 13 109 351 361 136 43 11 
1 10 129 614 248 22 0 0 1 10 144 615 229 25 0 0 0 3 20 271 585 130 15 0 
0 7 132 604 233 42 5 1 0 8 145 598 221 46 5 1 0 0 25 253 542 161 37 6 
2 22 191 483 226 73 22 5 2 28 214 464 219 70 21 6 1 3 52 299 416 163 63 27 
2 27 150 333 244 150 77 41 3 27 162 311 232 155 86 48 1 5 53 193 281 200 143 148 
1 9 81 349 281 167 95 41 1 8 79 343 274 164 110 45 0 1 8 79 334 260 165 177 
35 29 134 407 240 92 49 38 34 32 139 412 228 90 47 42 17 23 42 239 374 166 71 92 
7 49 225 466 157 65 28 27 10 52 268 434 141 61 31 27 3 22 115 446 252 79 52 55 
1 27 128 464 256 101 38 9 1 31 126 471 234 107 42 12 0 4 52 261 402 169 85 51 
1 37 207 429 206 102 24 18 0 41 193 441 206 96 28 19 0 7 67 309 367 164 71 39 
13 55 173 279 249 134 76 45 9 60 170 269 238 145 80 53 1 13 66 182 250 233 133 146 
7 123 447 263 122 39 14 9 7 145 430 265 108 46 14 9 1 57 325 335 177 64 42 23 
14 109 313 444 121 21 2 0 20 110 326 424 119 23 2 0 3 53 201 415 285 56 10 1 
16 134 510 324 36 3 0 1 28 144 506 307 36 2 1 0 5 92 415 414 85 11 1 1 
10 124 452 289 104 31 12 2 11 142 463 254 95 42 12 5 5 54 312 378 167 74 20 14 
7 25 132 434 159 99 95 73 10 18 129 415 165 98 84 105 1 9 49 270 296 126 89 184 
1 13 147 297 123 141 142 160 4 32 170 248 124 132 133 181 0 2 21 207 197 156 131 310 
8 66 468 216 70 67 67 62 5 96 484 183 51 65 65 75 0 26 265 350 119 61 66 137 
2 144 640 225 12 1 0 0 4 158 594 226 41 1 0 0 0 47 435 378 155 8 1 0 
0 28 602 309 69 15 1 0 0 79 558 283 82 21 1 0 0 1 323 459 180 46 14 1 
1 19 443 510 49 2 0 0 2 53 430 489 49 1 0 0 0 10 236 570 200 7 1 0 
0 45 487 443 49 0 0 0 1 59 515 404 45 0 0 0 0 20 189 651 153 11 0 0 
3 50 485 447 39 0 0 0 4 63 511 415 31 0 0 0 0 25 249 592 153 5 0 0 
4 30 510 437 42 1 0 0 4 71 505 407 36 1 0 0 1 14 237 581 183 8 0 0 
20 200 521 265 17 1 0 0 44 215 517 228 18 2 0 0 10 122 415 384 85 8 0 0 
6 51 515 434 18 0 0 0 12 61 544 393 14 0 0 0 2 28 186 653 152 3 0 0 
1 72 489 422 40 0 0 0 3 94 509 383 35 0 0 0 0 22 259 579 160 4 0 0 
4 21 400 544 43 10 0 2 4 24 493 454 39 8 1 1 1 9 101 727 163 16 5 2 
0 10 219 629 145 19 2 0 0 12 242 618 133 17 2 0 0 2 45 427 466 74 8 2 
0 8 152 728 136 0 0 0 0 10 164 731 119 0 0 0 0 0 38 391 568 27 0 0 
2 23 279 605 110 5 0 0 3 29 317 575 96 4 0 0 0 9 101 497 382 35 0 0 
0 26 353 579 66 0 0 0 1 35 428 512 48 0 0 0 0 9 146 601 257 11 0 0 
2 12 257 587 163 3 0 0 2 12 282 576 149 3 0 0 0 3 78 432 467 44 0 0 
0 10 159 645 204 6 0 0 0 14 182 646 177 5 0 0 0 4 32 362 568 57 1 0 
2 20 185 652 153 12 0 0 2 23 209 647 133 10 0 0 1 5 62 385 512 54 5 0 
0 26 207 588 187 12 3 1 0 35 237 577 161 10 3 1 0 7 88 384 459 76 6 4 
2 12 127 496 292 63 24 8 2 13 126 499 273 75 27 9 0 4 31 267 464 158 66 34 
21 29 110 511 284 48 15 6 22 26 123 536 246 48 16 7 6 26 29 226 530 145 38 24 
14 27 121 566 214 56 17 9 14 29 134 580 189 51 14 13 7 15 50 344 436 116 32 24 
1 18 154 594 197 45 3 12 2 25 176 608 156 41 4 12 0 5 76 483 360 63 22 15 
3 20 117 586 229 49 16 4 3 22 129 595 204 52 16 3 0 9 59 401 407 108 29 11 
7 19 194 623 135 31 11 4 8 25 217 608 123 29 10 4 0 14 62 514 346 63 17 8 
13 37 143 445 261 91 24 10 14 37 154 443 247 93 24 12 4 15 46 269 410 183 66 31 
13 98 410 360 91 39 9 4 15 121 448 311 79 34 11 5 10 45 332 356 186 52 28 15 
5 58 360 529 60 11 1 0 8 73 392 492 47 11 1 0 1 39 261 581 125 12 5 0 
20 174 406 393 29 2 0 0 41 180 414 363 24 2 0 0 5 150 291 485 88 4 1 0 
27 165 423 335 53 14 6 1 30 189 413 316 54 16 5 1 14 110 356 383 119 27 12 3 
7 26 207 593 162 23 6 0 7 25 190 588 177 31 6 0 2 10 84 452 379 80 16 1 
1 25 232 482 232 46 6 0 3 31 247 453 236 45 9 0 0 12 82 375 352 164 35 4 
5 106 607 234 42 19 6 5 7 152 588 201 45 17 9 5 3 74 461 356 82 20 16 12 
45 267 542 167 3 0 0 0 62 281 513 163 5 0 0 0 41 203 459 278 43 0 0 0 
44 173 558 232 17 0 0 0 53 219 508 228 15 1 0 0 38 96 409 426 52 3 0 0 
0 58 577 380 8 1 0 0 0 72 556 385 10 1 0 0 0 35 306 617 65 1 0 0 
1 23 439 540 21 0 0 0 1 19 469 515 20 0 0 0 0 14 190 724 95 1 0 0 
0 17 584 395 27 1 0 0 0 59 594 348 22 1 0 0 0 1 373 577 69 4 0 0 
4 56 668 288 8 0 0 0 6 84 696 234 4 0 0 0 1 39 432 517 35 0 0 0 
2 124 651 239 7 1 0 0 3 159 643 214 4 1 0 0 1 39 459 494 30 1 0 0 
27 85 449 442 21 0 0 0 52 81 484 395 12 0 0 0 26 57 226 592 122 1 0 0 
2 76 420 476 47 3 0 0 2 104 446 437 34 1 0 0 0 33 249 537 197 8 0 0 
1 31 505 455 31 1 0 0 4 37 598 359 25 1 0 0 0 16 156 754 91 7 0 0 
0 16 197 634 160 14 3 0 0 21 220 632 138 12 1 0 0 3 61 445 461 44 10 0 
1 26 218 664 114 1 0 0 1 39 249 643 91 1 0 0 0 8 108 478 409 21 0 0 
6 15 206 700 94 3 0 0 6 19 240 680 76 3 0 0 1 8 58 470 468 17 2 0 
0 31 317 604 69 3 0 0 0 42 368 562 49 3 0 0 0 11 172 531 297 10 3 0 
0 8 254 658 103 1 0 0 0 14 287 633 89 1 0 0 0 1 81 536 386 20 0 0 
0 1 136 740 144 3 0 0 0 4 166 725 129 0 0 0 0 0 30 429 542 23 0 0 
1 17 240 669 96 1 0 0 1 19 282 646 75 1 0 0 0 5 76 525 404 14 0 0 
6 37 302 533 143 3 0 0 9 57 325 520 111 2 0 0 2 26 168 402 399 26 1 0 
0 16 130 634 224 20 0 0 0 23 134 643 204 20 0 0 0 7 48 339 561 63 6 0 
6 10 99 744 160 5 0 0 6 11 119 758 125 5 0 0 0 10 34 380 568 32 0 0 
6 14 217 652 130 5 0 0 8 14 246 651 100 5 0 0 4 9 78 602 303 28 0 0 
4 38 272 574 115 17 3 1 4 46 314 545 96 15 4 0 2 23 168 581 209 35 5 1 
8 32 210 558 180 31 5 0 8 36 247 537 162 29 5 0 4 20 105 490 325 68 10 2 
1 9 214 620 142 28 9 1 1 11 266 592 118 26 9 1 1 4 86 571 298 47 14 3 
6 18 101 679 193 24 2 1 7 19 108 695 173 19 2 1 1 12 37 392 514 55 11 2 
3 37 315 597 69 3 0 0 3 45 358 554 63 1 0 0 0 16 148 628 221 11 0 0 
8 78 567 360 11 0 0 0 11 89 624 292 8 0 0 0 7 65 473 454 25 0 0 0 
7 68 448 422 73 5 1 0 11 81 489 370 67 5 1 0 1 43 293 491 170 25 0 1 
36 341 483 147 15 1 0 1 73 333 472 128 16 1 0 1 40 327 421 208 24 3 0 1 
0 30 212 663 111 8 0 0 2 31 204 676 102 9 0 0 0 16 114 472 396 25 1 0 
2 71 344 534 63 10 0 0 10 96 361 482 64 11 0 0 0 54 233 497 215 22 3 0 
4 115 517 353 33 2 0 0 8 123 511 346 34 2 0 0 2 87 429 444 60 2 0 0 
94 579 272 70 8 1 0 0 154 552 249 64 3 2 0 0 89 556 286 77 13 3 0 0 
61 478 409 72 4 0 0 0 150 450 359 61 4 0 0 0 91 427 404 93 9 0 0 0 
32 212 570 196 14 0 0 0 39 265 555 160 5 0 0 0 25 193 518 271 17 0 0 0 
45 83 571 317 8 0 0 0 50 123 573 269 9 0 0 0 38 68 583 311 24 0 0 0 
24 130 650 196 23 1 0 0 29 202 611 164 18 0 0 0 20 122 610 229 40 3 0 0 
7 121 657 215 24 0 0 0 15 173 640 180 16 0 0 0 4 87 629 236 67 1 0 0 
23 287 472 219 22 1 0 0 31 328 449 198 18 0 0 0 17 246 412 273 74 2 0 0 
57 182 445 315 25 0 0 0 88 171 470 279 16 0 0 0 39 178 330 390 85 2 0 0 
23 196 365 374 66 0 0 0 38 210 381 347 48 0 0 0 12 157 283 401 167 4 0 0 
33 83 428 405 67 7 1 0 34 103 463 363 54 7 0 0 25 47 276 500 164 11 1 0 
14 34 226 592 148 10 0 0 16 39 253 568 141 7 0 0 6 21 91 512 348 45 1 0 
14 28 283 595 102 2 0 0 14 37 320 565 88 0 0 0 8 12 150 573 270 11 0 0 
8 57 321 525 110 3 0 0 16 59 366 499 80 4 0 0 1 44 169 531 261 18 0 0 
1 47 335 554 71 14 2 0 2 63 368 518 59 12 2 0 0 31 180 558 228 23 3 1 
3 12 244 708 49 7 1 0 4 18 302 655 39 6 0 0 0 6 92 606 307 11 2 0 
3 16 201 702 99 3 0 0 4 20 240 683 77 0 0 0 1 10 73 512 419 9 0 0 
0 10 202 736 76 0 0 0 0 10 257 702 55 0 0 0 0 4 47 583 383 7 0 0 
5 43 315 588 72 1 0 0 7 65 358 537 56 1 0 0 2 24 176 579 233 10 0 0 
5 17 149 742 108 3 0 0 7 19 186 713 96 3 0 0 4 13 54 485 450 18 0 0 
5 45 168 704 96 6 0 0 6 48 202 681 84 3 0 0 2 24 89 536 357 16 0 0 
2 24 354 585 56 3 0 0 3 28 415 532 43 3 0 0 1 11 172 659 172 9 0 0 
5 47 417 510 41 4 0 0 5 53 502 433 30 1 0 0 3 29 277 599 109 7 0 0 
2 33 257 612 116 4 0 0 2 43 308 562 108 1 0 0 2 15 144 607 241 15 0 0 
4 40 296 591 84 8 1 0 8 49 351 539 70 6 1 0 3 30 159 639 179 12 2 0 
1 11 200 734 77 1 0 0 1 12 253 692 65 1 0 0 1 7 54 685 263 14 0 0 
0 19 356 605 44 0 0 0 0 28 430 535 31 0 0 0 0 9 194 691 130 0 0 0 
3 120 539 356 6 0 0 0 8 163 577 271 5 0 0 0 7 124 460 421 12 0 0 0 
9 161 596 247 11 0 0 0 14 207 600 192 11 0 0 0 7 143 568 284 21 1 0 0 
5 127 690 193 9 0 0 0 4 183 681 148 8 0 0 0 4 121 677 208 14 0 0 0 
1 32 455 483 52 1 0 0 1 48 474 452 48 1 0 0 1 26 388 472 132 5 0 0 
11 206 662 121 17 5 1 1 20 349 554 81 13 5 1 1 19 310 539 136 14 4 1 1 
43 242 594 124 20 1 0 0 69 248 571 115 21 0 0 0 34 284 588 101 16 1 0 0 
26 301 551 130 16 0 0 0 39 402 482 90 11 0 0 0 25 324 546 113 16 0 0 0 
36 461 459 61 7 0 0 0 66 541 377 35 5 0 0 0 44 446 477 50 7 0 0 0 
63 320 439 188 14 0 0 0 84 387 424 122 7 0 0 0 73 356 427 157 11 0 0 0 
20 184 511 268 35 6 0 0 29 226 533 212 21 3 0 0 12 194 581 208 23 6 0 0 
55 249 526 179 11 4 0 0 79 249 503 181 10 2 0 0 80 211 557 162 10 4 0 0 
26 267 462 231 33 5 0 0 35 293 439 227 25 5 0 0 23 271 466 231 28 5 0 0 
34 356 423 181 25 5 0 0 48 377 385 191 19 4 0 0 33 366 392 201 26 6 0 0 
69 218 342 312 59 9 8 7 72 229 346 304 52 6 8 7 57 239 363 295 48 7 9 6 
6 129 444 368 54 16 3 4 11 163 449 336 47 12 4 2 5 118 435 391 55 14 4 2 
5 106 612 258 39 4 0 0 11 162 617 202 28 4 0 0 5 89 503 363 58 4 2 0 
17 91 421 452 42 1 0 0 28 123 464 379 30 0 0 0 7 90 312 495 118 2 0 0 
53 128 342 446 52 3 0 0 73 146 373 388 42 2 0 0 33 129 253 486 116 7 0 0 
17 147 335 434 87 4 0 0 32 177 346 396 70 3 0 0 10 125 254 443 172 20 0 0 
2 45 427 476 71 3 0 0 3 85 448 422 63 3 0 0 2 28 302 505 176 10 1 0 
10 65 372 523 53 1 0 0 13 85 399 489 38 0 0 0 7 46 232 546 188 5 0 0 
3 53 323 602 41 2 0 0 3 69 378 539 33 2 0 0 0 37 194 604 183 5 1 0 
0 29 266 664 65 0 0 0 0 37 299 641 47 0 0 0 0 13 119 606 284 2 0 0 
6 87 360 501 69 1 0 0 11 121 400 440 52 0 0 0 3 51 267 526 172 5 0 0 
13 54 225 615 101 15 1 0 18 58 275 565 95 12 1 0 7 36 135 568 245 30 3 0 
6 64 363 543 47 1 0 0 9 78 411 483 42 1 0 0 1 44 255 618 97 9 0 0 
8 48 524 414 29 1 0 0 8 58 622 315 20 1 0 0 6 33 368 560 55 2 0 0 
1 38 556 412 15 2 0 0 3 49 644 320 6 2 0 0 0 27 364 607 22 4 0 0 
1 6 420 551 46 0 0 0 1 17 527 446 33 0 0 0 0 4 279 663 78 0 0 0 
6 34 523 453 8 0 0 0 7 44 636 332 5 0 0 0 5 23 335 627 34 0 0 0 
6 22 550 425 19 1 1 0 6 35 622 344 16 0 1 0 5 13 280 671 49 5 1 0 
0 18 512 476 18 0 0 0 0 31 628 352 13 0 0 0 0 14 343 631 36 0 0 0 
6 142 676 192 7 1 0 0 15 230 639 135 5 0 0 0 11 182 598 217 16 0 0 0 
7 170 592 251 3 1 0 0 14 240 576 191 3 0 0 0 12 198 579 229 6 0 0 0 
12 167 671 169 5 0 0 0 24 270 610 118 2 0 0 0 16 225 644 135 4 0 0 0 
21 171 476 341 15 0 0 0 27 228 435 326 8 0 0 0 25 210 452 331 6 0 0 0 
7 86 348 537 44 2 0 0 11 107 348 512 44 2 0 0 8 100 587 293 34 2 0 0 
6 55 693 247 21 2 0 0 6 59 677 260 20 2 0 0 8 130 794 78 13 1 0 0 
142 362 331 157 31 1 0 0 183 355 293 165 27 1 0 0 118 368 308 193 33 4 0 0 
44 399 384 173 24 0 0 0 45 382 388 183 26 0 0 0 44 294 437 222 27 0 0 0 
62 582 296 74 10 0 0 0 76 575 300 68 5 0 0 0 68 567 274 108 7 0 0 0 
90 422 385 119 8 0 0 0 104 416 379 120 5 0 0 0 82 410 391 127 14 0 0 0 
191 404 237 166 26 0 0 0 241 373 232 159 19 0 0 0 232 365 240 159 28 0 0 0 
137 309 296 197 81 4 0 0 183 302 267 200 68 4 0 0 157 332 278 190 64 3 0 0 
27 199 291 264 228 12 3 0 28 208 292 244 238 14 0 0 31 213 302 270 192 15 1 0 
56 179 250 426 109 4 0 0 67 166 243 429 114 5 0 0 61 167 253 429 108 6 0 0 
20 129 421 381 68 5 0 0 17 153 372 398 81 3 0 0 14 151 319 428 109 3 0 0 
22 136 455 266 71 31 32 11 33 198 452 229 56 26 30 0 28 174 456 241 70 29 26 0 
15 124 337 350 163 31 4 0 21 180 341 321 136 23 2 0 17 159 329 322 150 36 11 0 
10 126 448 314 100 24 2 0 21 179 423 280 108 11 2 0 9 138 393 337 132 14 1 0 
18 141 485 316 61 2 1 0 22 196 472 261 71 2 0 0 16 145 447 278 134 4 0 0 
36 194 507 242 30 12 3 0 43 236 488 215 28 13 1 0 31 194 437 258 81 16 7 0 
31 226 508 198 44 16 1 0 49 278 477 167 38 12 3 0 24 215 492 198 71 12 6 6 
20 213 420 251 100 20 0 0 36 253 413 203 99 20 0 0 10 208 370 270 123 39 4 0 
8 196 421 283 68 34 12 2 13 244 403 253 71 26 13 1 8 160 385 260 146 51 12 2 
13 91 395 349 94 62 19 1 16 134 425 287 93 54 14 1 9 82 384 302 151 68 24 4 
1 50 357 378 226 11 1 0 1 76 364 295 270 18 0 0 1 31 284 310 353 40 5 0 
11 59 409 434 98 12 1 0 11 71 452 323 150 16 1 0 6 49 344 353 236 33 3 0 
4 44 516 284 148 20 5 3 8 56 567 212 149 26 5 1 5 45 516 247 158 45 6 2 
4 111 579 209 93 21 6 1 14 173 559 153 95 24 6 0 6 89 577 187 89 60 14 2 
14 81 511 357 55 5 1 0 16 101 591 255 55 5 1 0 9 71 472 332 108 28 3 1 
18 81 488 316 104 14 3 0 19 108 538 210 129 18 2 0 9 88 493 230 134 61 9 0 
10 69 410 385 133 15 2 0 11 85 442 308 162 15 1 0 9 77 418 318 177 24 1 0 
25 96 441 247 110 63 24 18 32 105 443 249 106 54 20 15 33 137 437 226 95 60 20 16 
18 147 526 207 101 25 0 0 39 211 483 174 90 27 0 0 40 292 455 139 83 14 1 0 
9 95 592 292 35 1 0 0 18 166 597 223 19 1 0 0 20 204 646 134 19 1 0 0 
32 187 422 267 114 2 0 0 45 222 378 260 115 4 0 0 41 235 389 309 49 1 0 0 
7 78 233 518 176 12 0 0 11 86 246 484 184 13 0 0 12 100 389 404 114 5 0 0 
0 17 396 571 32 7 1 0 0 18 346 617 35 7 1 0 3 57 731 210 18 4 1 0 
0 10 765 241 8 0 0 0 0 6 745 264 9 0 0 0 0 137 840 44 3 0 0 0 
282 535 106 95 6 0 0 0 272 518 131 94 9 0 0 0 223 394 289 101 17 0 0 0 
121 249 304 229 115 6 0 0 116 237 253 277 135 6 0 0 87 208 201 353 166 9 0 0 
71 350 405 132 63 3 0 0 72 384 376 122 68 2 0 0 80 475 260 135 70 4 0 0 
19 140 392 381 91 1 0 0 29 127 349 400 118 1 0 0 32 139 304 432 116 1 0 0 
168 219 341 190 105 1 0 0 170 205 331 194 123 1 0 0 100 236 285 256 133 13 1 0 
15 251 403 153 193 8 1 0 15 241 406 142 209 9 2 0 5 74 452 229 197 61 4 2 
68 241 380 198 130 7 0 0 73 223 383 183 153 9 0 0 47 148 383 252 173 21 0 0 
98 233 411 194 60 20 8 0 93 217 416 204 67 19 8 0 62 211 385 258 72 26 10 0 
83 250 360 195 91 39 6 0 82 242 351 200 102 40 6 1 32 183 337 252 138 64 14 4 
21 227 411 219 85 41 18 2 16 196 408 245 85 49 22 3 6 99 380 305 114 65 35 20 
81 393 339 111 31 29 40 0 65 333 399 122 30 23 46 6 13 205 428 246 44 10 21 57 
73 284 234 95 87 107 137 7 70 264 245 92 76 93 147 37 7 149 307 148 73 58 88 194 
13 121 173 160 123 261 165 8 14 111 154 144 124 166 262 49 1 42 130 112 126 133 206 274 
6 54 128 162 120 257 277 20 6 54 86 168 104 176 359 71 0 17 46 77 154 118 202 410 
24 50 107 200 236 279 120 8 27 41 90 180 206 270 185 25 1 27 35 70 170 198 266 257 
2 56 205 251 196 172 126 16 2 40 185 237 197 177 133 53 0 5 53 161 231 187 183 204 
8 56 197 157 201 259 120 26 8 46 170 169 152 262 179 38 1 5 54 159 152 132 245 276 
14 48 155 159 183 260 199 6 18 43 120 136 176 208 291 32 0 37 31 118 119 169 214 336 
1 20 297 347 96 112 131 20 1 17 145 461 113 87 150 50 1 9 16 152 413 146 98 189 
2 46 213 232 210 196 117 8 1 35 183 248 161 197 171 28 0 8 69 228 189 127 191 212 
13 103 256 317 203 82 44 6 10 84 232 311 208 104 65 10 3 34 106 290 272 129 105 85 
26 72 175 314 250 145 32 10 22 61 162 281 242 171 67 18 12 17 97 201 199 205 173 120 
52 123 278 337 119 83 29 3 46 119 222 338 166 84 42 7 14 62 116 215 262 196 100 59 
64 211 315 290 101 34 8 1 80 203 242 315 140 35 7 2 43 167 134 208 281 154 26 11 
136 155 244 243 184 49 10 3 138 149 212 251 181 76 13 4 75 138 151 230 239 142 34 15 
39 99 244 376 192 66 8 0 50 93 199 353 237 83 8 1 25 74 107 217 297 235 59 10 
92 188 302 207 146 87 2 0 126 178 299 194 137 87 3 0 86 187 218 276 118 121 16 2 
34 154 422 348 56 10 0 0 42 167 411 339 57 7 1 0 54 203 442 258 57 9 1 0 
22 161 147 522 168 4 0 0 38 147 155 505 174 5 0 0 93 116 271 481 60 3 0 0 
2 17 244 657 90 14 0 0 2 17 256 631 99 19 0 0 2 26 507 380 88 19 2 0 
3 23 358 615 21 4 0 0 5 25 294 673 23 4 0 0 11 49 826 131 6 1 0 0 
0 8 519 494 3 0 0 0 0 8 473 541 2 0 0 0 1 29 939 55 0 0 0 0 
234 240 221 326 3 0 0 0 291 195 210 323 5 0 0 0 250 222 233 315 4 0 0 0 
134 160 177 249 284 20 0 0 195 104 176 252 263 34 0 0 131 164 195 192 217 125 0 0 
5 72 191 397 301 58 0 0 10 62 161 371 328 92 0 0 4 58 170 335 309 137 11 0 
27 133 225 494 145 0 0 0 25 128 187 440 244 0 0 0 19 121 184 397 301 2 0 0 
28 298 396 191 111 0 0 0 25 277 378 151 193 0 0 0 22 265 358 147 230 2 0 0 
24 217 457 215 110 1 0 0 17 203 409 236 155 4 0 0 15 209 349 247 188 16 0 0 
15 157 376 428 47 1 0 0 10 141 325 455 91 2 0 0 9 133 304 472 103 3 0 0 
36 194 363 319 95 15 2 0 34 176 307 367 113 23 4 0 25 144 267 363 133 69 19 4 
32 115 290 247 193 107 34 6 28 95 279 240 185 138 46 13 6 49 101 267 199 176 145 81 
21 212 382 207 120 65 16 1 19 185 347 246 121 74 29 3 4 61 232 267 218 117 83 42 
17 102 187 163 137 225 168 25 13 92 142 189 133 171 236 48 3 43 79 113 159 125 156 346 
6 28 133 61 99 147 461 89 5 20 95 94 82 106 296 326 0 5 27 69 99 60 114 650 
4 13 29 71 48 71 384 404 3 11 20 64 53 45 163 665 0 4 12 19 53 56 42 838 
0 1 20 92 136 185 341 249 0 0 8 56 117 176 267 400 0 0 0 2 48 102 169 703 
3 13 84 155 270 252 203 44 2 9 66 116 248 243 228 112 0 2 7 48 99 219 272 377 
0 14 69 208 184 233 289 27 0 10 33 179 185 174 325 118 0 0 4 33 152 189 174 472 
0 7 36 167 176 244 368 26 0 3 23 123 168 207 364 136 0 0 5 32 96 161 197 533 
0 3 4 55 167 325 425 45 0 2 4 32 115 221 477 173 0 0 1 3 23 89 206 702 
0 4 31 105 193 335 332 24 0 4 18 81 148 254 377 142 0 0 3 16 69 129 245 562 
0 2 60 200 370 288 93 11 0 1 30 148 292 347 164 42 0 0 1 27 141 288 356 211 
4 21 101 247 247 261 134 9 4 13 61 215 239 244 223 25 0 1 16 51 189 213 262 292 
30 78 149 241 219 208 89 10 26 72 116 205 217 217 147 24 4 44 50 103 154 240 219 210 
42 130 273 333 159 72 14 1 33 113 231 327 199 85 32 4 9 57 91 216 318 214 86 33 
5 48 215 314 279 133 29 1 4 31 137 304 296 191 56 5 0 4 33 112 284 292 212 87 
4 43 359 409 134 61 13 1 3 22 247 460 190 76 22 4 2 4 20 215 440 223 86 34 
8 83 390 299 192 46 4 2 8 49 309 327 230 91 9 1 0 9 68 276 320 232 104 15 
45 178 502 216 70 10 3 0 51 163 482 248 63 14 2 1 31 138 328 365 119 20 21 2 
23 85 151 647 117 1 0 0 31 82 174 640 97 0 0 0 46 85 370 481 42 0 0 0 
51 279 300 364 28 2 0 0 85 254 286 362 35 2 0 0 157 232 312 304 18 1 0 0 
21 162 524 292 24 1 0 0 28 162 512 294 26 2 0 0 38 257 564 151 14 0 0 0 
1 44 526 446 7 0 0 0 1 40 521 456 6 0 0 0 1 64 761 197 1 0 0 0 
1 25 447 540 11 0 0 0 1 26 449 537 11 0 0 0 1 46 781 194 2 0 0 0 
85 445 338 143 12 1 0 0 99 437 295 174 17 2 0 0 89 446 217 195 74 3 0 0 
49 272 456 216 28 3 0 0 58 260 423 239 40 4 0 0 46 257 415 174 125 7 0 0 
114 430 289 151 32 8 0 0 125 407 307 155 25 5 0 0 88 399 314 192 25 6 0 0 
239 438 335 12 0 0 0 0 245 336 435 8 0 0 0 0 196 337 482 9 0 0 0 0 
144 410 430 40 0 0 0 0 135 283 557 49 0 0 0 0 90 241 630 61 2 0 0 0 
131 227 595 68 3 0 0 0 118 136 658 109 3 0 0 0 82 132 613 187 10 0 0 0 
327 230 299 136 32 0 0 0 307 207 269 192 49 0 0 0 245 212 243 228 88 8 0 0 
1 18 239 699 67 0 0 0 1 16 221 662 123 1 0 0 1 16 201 572 224 10 0 0 
3 55 302 561 99 4 0 0 3 51 296 513 155 6 0 0 2 44 235 491 236 16 0 0 
6 79 546 287 87 19 0 0 4 56 489 337 105 31 2 0 2 24 154 565 176 69 32 2 
3 53 242 285 260 138 38 5 2 44 222 259 262 168 55 12 0 5 67 194 240 254 181 83 
7 76 212 255 271 156 43 4 6 77 191 216 270 190 65 9 0 22 113 151 187 262 201 88 
8 64 163 393 197 157 42 0 6 63 104 400 197 172 77 5 2 20 66 98 377 187 168 106 
0 11 153 542 181 96 39 2 0 6 84 502 244 115 63 10 0 0 12 106 451 237 136 82 
0 0 18 306 411 222 66 1 0 0 1 179 398 301 132 13 0 0 0 1 156 368 327 172 
0 0 1 135 474 341 72 1 0 0 0 34 348 459 169 14 0 0 0 0 16 308 489 211 
0 0 1 269 376 350 28 0 0 0 0 91 351 465 116 1 0 0 0 0 72 339 474 139 
0 0 63 404 142 293 122 0 0 0 5 307 223 217 263 9 0 0 0 0 222 287 257 258 
0 0 152 521 146 144 61 0 0 0 15 520 237 139 104 9 0 0 0 5 402 338 132 147 
0 3 99 464 219 155 75 9 0 3 19 401 266 196 111 28 0 0 3 10 291 339 212 169 
6 24 165 425 198 138 63 5 6 19 91 409 221 160 98 20 0 4 24 85 305 282 172 152 
29 228 403 270 57 31 5 1 13 212 295 379 78 35 11 1 7 127 196 275 303 67 36 13 
48 280 428 187 51 27 3 0 41 243 304 339 52 38 7 0 11 121 276 213 309 49 38 7 
43 177 397 268 110 25 4 0 48 144 381 279 127 36 9 0 20 89 299 252 213 99 42 10 
213 145 159 233 193 65 15 1 216 142 135 198 198 108 24 3 191 146 76 143 172 155 109 32 
853 70 35 32 20 14 0 0 858 60 29 36 26 14 1 0 815 74 45 17 36 21 15 1 
306 257 204 221 34 2 0 0 309 259 212 214 29 1 0 0 358 264 254 131 17 0 0 0 
9 95 303 580 37 0 0 0 12 96 288 585 43 0 0 0 26 107 494 386 11 0 0 0 
101 198 221 485 19 0 0 0 134 174 248 443 25 0 0 0 158 176 312 373 5 0 0 0 
95 265 231 363 66 4 0 0 133 274 219 345 50 3 0 0 154 261 248 327 29 5 0 0 
97 494 259 163 11 0 0 0 156 474 238 121 35 0 0 0 175 474 241 73 61 0 0 0 
126 167 298 361 64 8 0 0 180 123 292 305 124 0 0 0 170 159 325 170 196 4 0 0 
10 139 292 470 91 19 3 0 14 128 217 504 143 17 1 0 10 106 152 474 259 19 4 0 
69 224 249 381 99 1 1 0 78 216 223 274 231 1 1 0 65 210 198 221 307 22 1 0 
158 193 184 401 88 0 0 0 171 177 163 370 143 0 0 0 145 174 175 342 186 2 0 0 
43 498 339 133 10 1 0 0 44 492 314 161 13 0 0 0 45 386 398 179 16 0 0 0 
310 482 211 20 1 0 0 0 311 436 243 33 1 0 0 0 284 344 318 74 3 1 0 0 
629 322 38 19 10 5 1 0 620 314 51 22 11 5 1 0 594 180 202 25 14 7 2 0 
483 358 106 69 8 0 0 0 504 291 140 69 20 0 0 0 478 179 249 70 48 0 0 0 
236 189 359 164 67 9 0 0 240 182 359 170 65 8 0 0 199 177 300 253 78 17 0 0 
98 224 436 221 36 8 1 0 97 192 428 247 52 7 1 0 73 148 358 334 92 18 1 0 
89 261 597 72 5 0 0 0 83 235 585 116 5 0 0 0 51 167 325 436 42 3 0 0 
0 16 655 263 61 28 1 0 0 8 504 396 69 42 5 0 0 0 21 684 199 65 45 10 
0 6 430 453 101 31 3 0 0 2 130 722 115 48 7 0 0 0 3 242 598 120 52 9 
0 5 365 546 97 11 0 0 0 1 82 767 139 33 2 0 0 0 2 79 761 147 31 4 
0 6 410 459 132 16 0 1 0 1 150 644 160 67 1 1 0 0 1 133 643 169 73 5 
2 19 406 386 182 26 2 1 0 9 246 420 268 74 6 1 0 0 5 149 454 303 104 9 
0 8 535 383 90 7 1 0 0 1 311 450 233 26 3 0 0 0 0 134 555 290 40 5 
0 4 612 364 41 3 0 0 0 0 272 652 87 13 0 0 0 0 0 173 701 130 20 0 
0 14 672 326 12 0 0 0 0 0 183 817 24 0 0 0 0 0 0 64 878 81 1 0 
1 20 605 372 21 5 0 0 0 3 185 788 37 11 0 0 0 0 2 73 798 133 18 0 
0 34 564 366 40 19 1 0 0 14 239 668 73 29 1 0 0 0 12 143 642 183 39 5 
1 45 606 338 27 5 1 1 0 16 240 702 55 7 3 1 0 0 5 99 740 158 16 6 
0 78 635 296 12 2 1 0 0 37 264 705 14 3 1 0 0 0 22 186 777 34 4 1 
0 26 512 441 42 3 0 0 0 17 257 675 61 14 0 0 0 0 15 241 673 74 19 2 
111 163 436 295 18 1 0 0 119 145 323 411 25 1 0 0 111 144 110 406 239 13 1 0 
957 26 24 14 3 0 0 0 957 27 22 15 3 0 0 0 955 27 23 15 4 0 0 0 
1012 12 0 0 0 0 0 0 1016 8 0 0 0 0 0 0 1008 16 0 0 0 0 0 0 
696 230 58 28 9 3 0 0 726 211 56 23 7 1 0 0 749 203 41 24 7 0 0 0 
433 143 114 136 175 20 3 0 444 135 115 121 187 21 1 0 463 135 107 118 185 16 0 0 
198 43 39 196 522 24 1 1 211 38 39 165 546 24 1 0 209 39 44 225 482 24 1 0 
15 60 187 420 326 16 0 0 32 83 142 367 380 20 0 0 30 101 149 386 343 15 0 0 
3 209 335 402 73 2 0 0 3 213 287 364 152 5 0 0 6 236 272 302 199 9 0 0 
163 555 195 106 5 0 0 0 185 536 165 118 20 0 0 0 277 493 122 107 25 0 0 0 
64 704 208 36 8 1 3 0 65 627 277 43 8 1 3 0 25 246 662 75 12 1 3 0 
112 613 280 16 2 1 0 0 109 454 439 19 2 1 0 0 74 215 619 110 5 1 0 0 
441 172 296 87 26 2 0 0 438 121 297 125 38 5 0 0 420 99 122 229 109 41 4 0 
56 680 184 67 34 3 0 0 54 507 330 82 31 19 1 0 35 58 700 118 71 19 22 1 
0 672 324 21 6 1 0 0 0 401 583 29 10 1 0 0 0 1 836 157 21 8 1 0 
0 531 487 5 1 0 0 0 0 161 854 6 3 0 0 0 0 2 678 337 6 1 0 0 
0 352 670 2 0 0 0 0 0 133 885 6 0 0 0 0 0 11 540 468 5 0 0 0 
0 188 830 5 1 0 0 0 0 26 980 17 1 0 0 0 0 0 177 839 7 1 0 0 
0 97 918 6 3 0 0 0 0 23 972 24 5 0 0 0 0 1 70 937 13 3 0 0 
1 85 810 81 27 13 7 0 1 32 798 129 40 13 9 2 0 0 62 791 107 39 12 13 
2 36 626 224 87 37 11 1 1 12 460 371 113 46 18 3 0 1 17 510 310 108 51 27 
2 23 440 307 157 72 18 5 2 9 233 452 192 92 37 7 0 1 14 257 417 177 108 50 
20 276 609 93 21 4 0 1 14 170 602 209 23 5 0 1 1 39 233 561 164 20 5 1 
20 190 581 94 53 44 26 16 18 111 593 151 56 41 35 19 1 22 118 541 190 63 37 52 
2 207 757 51 2 0 3 2 1 110 685 221 2 0 2 3 0 4 165 427 417 6 1 4 
3 178 780 58 3 1 0 1 2 73 681 261 5 1 0 1 0 2 60 470 476 14 1 1 
0 100 818 103 3 0 0 0 0 16 650 353 5 0 0 0 0 0 39 449 526 10 0 0 
0 87 711 226 0 0 0 0 0 5 443 568 8 0 0 0 0 0 5 302 658 59 0 0 
0 29 760 229 4 2 0 0 0 3 382 615 22 2 0 0 0 0 2 242 706 69 5 0 
1 50 773 198 1 1 0 0 0 6 425 589 3 1 0 0 0 0 9 303 687 23 2 0 
2 65 819 137 1 0 0 0 0 20 517 484 3 0 0 0 0 0 18 329 649 27 1 0 
1 142 741 135 4 1 0 0 0 49 600 366 7 2 0 0 0 0 25 441 527 29 2 0 
8 149 711 144 9 3 0 0 5 70 572 349 22 4 2 0 0 1 41 432 505 38 5 2 
365 331 280 45 3 0 0 0 374 288 254 102 6 0 0 0 250 305 134 164 161 10 0 0 
399 502 103 17 3 0 0 0 445 481 84 11 3 0 0 0 410 494 104 12 4 0 0 0 
220 431 222 105 37 7 2 0 280 442 188 89 21 3 1 0 270 429 223 81 18 2 1 0 
87 280 265 288 85 16 3 0 107 268 231 270 132 15 1 0 144 241 192 257 173 17 0 0 
4 17 62 486 450 5 0 0 4 13 48 446 507 6 0 0 4 11 54 551 397 7 0 0 
0 0 10 540 472 2 0 0 0 0 8 468 544 4 0 0 0 0 13 635 375 1 0 0 
0 16 154 475 375 4 0 0 0 15 150 417 436 6 0 0 0 50 133 476 363 2 0 0 
3 145 591 250 35 0 0 0 3 142 591 255 33 0 0 0 4 255 516 241 8 0 0 0 
4 147 391 482 0 0 0 0 9 143 364 508 0 0 0 0 20 158 474 372 0 0 0 0 
30 450 431 79 31 3 0 0 27 257 600 83 47 10 0 0 3 63 550 279 78 37 14 0 
5 259 664 90 6 0 0 0 5 108 770 119 21 1 0 0 0 15 371 535 90 12 1 0 
0 53 549 332 81 8 1 0 0 11 447 390 151 24 1 0 0 0 51 447 349 146 29 2 
0 128 535 230 124 7 0 0 0 13 591 196 197 27 0 0 0 0 242 376 186 182 38 0 
0 174 496 181 139 33 1 0 0 34 602 145 167 70 6 0 0 0 311 330 121 175 77 10 
0 170 434 107 198 112 3 0 0 30 563 59 173 173 26 0 0 0 239 361 45 162 192 25 
0 125 574 150 144 29 1 1 0 28 638 115 166 70 6 1 0 0 151 534 97 160 76 6 
0 230 670 92 22 10 0 0 0 36 815 119 39 14 1 0 0 0 191 696 92 32 12 1 
0 47 431 314 184 43 4 1 0 14 392 290 238 78 10 2 0 0 23 394 256 246 91 14 
0 28 244 376 208 150 14 4 0 5 181 349 256 162 67 4 0 0 12 190 346 237 151 88 
9 83 447 186 134 113 51 1 5 48 410 221 130 118 82 10 1 6 112 416 154 124 117 94 
6 64 324 172 151 247 52 8 6 39 290 189 144 203 140 13 1 7 119 280 126 110 174 207 
10 75 140 123 232 375 63 6 7 63 132 109 153 381 166 13 3 12 95 120 81 130 334 249 
12 88 134 134 284 294 69 9 8 83 118 118 219 323 139 16 0 24 82 95 122 189 326 186 
25 252 321 178 128 95 22 3 21 212 335 161 150 92 47 6 1 74 312 231 149 120 86 51 
8 370 468 123 38 14 2 1 6 281 534 136 45 16 5 1 0 81 462 326 110 29 10 6 
1 236 769 10 5 1 1 1 1 82 906 27 4 2 1 1 0 2 381 621 12 5 1 2 
0 153 848 22 1 0 0 0 0 34 896 92 2 0 0 0 0 0 87 813 120 4 0 0 
1 201 750 58 10 3 1 0 1 73 820 112 13 4 0 1 0 1 192 694 118 14 4 1 
2 171 683 96 48 17 6 1 2 82 692 161 57 20 9 1 0 2 115 637 175 59 21 15 
2 288 657 56 16 2 3 0 0 189 723 87 14 8 3 0 0 7 368 538 88 13 7 3 
5 250 521 161 57 19 8 3 2 159 537 219 68 25 11 3 0 12 229 448 227 73 19 16 
6 169 663 178 6 2 0 0 1 109 542 356 13 3 0 0 0 3 104 412 463 40 2 0 
75 260 264 189 154 61 14 7 72 220 268 179 164 90 23 8 26 77 204 249 181 161 93 33 
439 364 136 50 26 5 3 1 486 330 116 55 28 5 3 1 401 317 170 63 40 25 4 4 
339 497 130 51 7 0 0 0 425 431 120 41 7 0 0 0 432 427 116 41 8 0 0 0 
55 98 201 587 83 0 0 0 68 101 184 560 110 1 0 0 62 105 221 535 101 0 0 0 
0 7 111 808 98 0 0 0 0 7 115 792 110 0 0 0 1 9 189 772 53 0 0 0 
130 97 246 418 87 45 1 0 158 78 228 414 95 50 1 0 146 89 278 381 76 50 4 0 
95 319 461 139 10 0 0 0 121 339 421 130 13 0 0 0 132 446 329 112 5 0 0 0 
79 749 193 3 0 0 0 0 101 738 183 2 0 0 0 0 85 796 138 5 0 0 0 0 
261 369 332 62 0 0 0 0 310 327 316 70 1 0 0 0 298 350 324 51 1 0 0 0 
0 47 232 137 514 93 1 0 0 12 233 94 296 378 11 0 0 0 116 150 70 224 449 15 
0 13 238 439 279 54 1 0 0 5 143 384 325 155 12 0 0 0 28 143 345 317 176 15 
0 47 449 416 108 4 0 0 0 5 319 478 192 30 0 0 0 0 35 362 422 173 32 0 
0 45 565 322 86 6 0 0 0 11 453 354 181 25 0 0 0 0 35 488 316 163 22 0 
0 23 718 231 52 0 0 0 0 2 526 393 99 4 0 0 0 0 14 617 300 82 11 0 
0 16 657 286 63 2 0 0 0 0 441 469 93 20 1 0 0 0 26 526 379 69 23 1 
0 15 701 216 85 7 0 0 0 0 615 233 150 26 0 0 0 0 79 545 233 143 24 0 
0 19 698 218 85 4 0 0 0 3 633 242 131 15 0 0 0 0 27 635 233 110 19 0 
0 17 624 156 169 58 0 0 0 2 600 134 161 125 2 0 0 0 14 615 95 141 151 8 
0 6 574 176 104 144 20 0 0 0 476 243 102 139 62 2 0 0 13 502 179 115 96 119 
0 18 583 197 87 84 55 0 0 7 459 298 97 63 92 8 0 0 28 532 191 90 63 120 
0 13 735 145 108 21 2 0 0 3 614 237 116 48 6 0 0 0 5 669 148 121 69 12 
0 17 530 295 140 41 1 0 0 1 317 447 184 65 10 0 0 0 1 310 425 190 81 17 
0 5 214 330 296 163 16 0 0 0 80 359 310 227 48 0 0 0 0 74 321 309 245 75 
0 0 10 190 387 353 83 1 0 0 2 89 301 433 192 7 0 0 0 1 70 284 437 232 
5 107 105 39 151 454 163 0 5 80 126 35 78 359 326 15 1 23 139 56 28 50 332 395 
4 68 290 60 146 280 164 12 3 27 307 62 117 185 290 33 0 3 44 295 56 97 186 343 
1 71 662 83 67 98 41 1 0 26 620 159 58 88 68 5 0 0 23 567 206 50 84 94 
0 64 770 156 23 7 4 0 0 24 653 297 36 9 2 3 0 1 43 615 315 36 8 6 
0 99 761 104 49 9 2 0 0 30 696 222 48 23 5 0 0 0 93 617 241 47 23 3 
3 115 615 192 82 13 4 0 2 67 563 263 93 31 4 1 0 4 159 517 207 100 31 6 
1 23 198 295 345 125 29 8 1 18 145 264 318 219 48 11 0 1 28 125 245 284 267 74 
3 52 131 151 327 328 29 3 3 39 116 130 222 389 120 5 0 4 64 85 99 166 408 198 
1 56 286 287 247 133 13 1 1 24 249 269 251 192 37 1 0 0 19 184 252 279 221 69 
155 504 207 92 50 13 3 0 169 475 211 75 73 17 3 1 64 306 340 138 74 74 21 7 
224 749 42 6 3 0 0 0 335 639 40 7 3 0 0 0 284 660 68 9 2 1 0 0 
307 567 114 28 7 1 0 0 423 484 85 26 5 1 0 0 427 487 70 30 8 2 0 0 
608 262 123 30 1 0 0 0 672 236 98 18 0 0 0 0 661 243 99 20 1 0 0 0 
914 94 16 0 0 0 0 0 945 72 7 0 0 0 0 0 952 68 4 0 0 0 0 0 
624 267 58 51 19 5 0 0 701 207 56 41 18 1 0 0 740 189 54 30 11 0 0 0 
347 232 262 128 45 10 0 0 407 236 228 116 30 7 0 0 431 262 221 90 19 1 0 0 
108 287 253 211 101 56 7 1 213 270 243 180 83 34 1 0 212 317 273 150 60 11 1 0 
0 147 256 355 256 9 1 0 0 7 310 259 367 79 2 0 0 0 122 213 202 374 111 2 
0 270 414 109 191 40 0 0 0 14 614 113 153 127 3 0 0 0 335 316 81 115 168 9 
0 261 734 28 1 0 0 0 0 13 938 68 4 1 0 0 0 1 529 462 30 2 0 0 
0 142 835 44 3 0 0 0 0 3 937 74 10 0 0 0 0 0 500 480 38 6 0 0 
0 53 829 60 66 16 0 0 0 11 849 72 52 40 0 0 0 0 354 519 53 58 39 1 
0 15 806 94 85 24 0 0 0 4 778 109 80 51 2 0 0 0 326 500 76 79 41 2 
0 19 642 161 101 101 0 0 0 4 613 173 89 131 14 0 0 0 193 498 113 85 121 14 
1 10 319 334 136 141 83 0 1 5 281 346 120 156 107 8 0 1 57 348 240 102 163 113 
0 15 590 239 40 109 31 0 0 11 521 308 34 64 84 2 0 1 71 691 72 34 85 70 
0 2 803 193 20 6 0 0 0 0 711 287 19 7 0 0 0 0 164 813 32 11 4 0 
0 9 772 229 8 6 0 0 0 4 660 340 13 7 0 0 0 0 88 860 65 5 6 0 
0 8 740 239 36 1 0 0 0 1 499 467 52 5 0 0 0 0 7 736 238 39 4 0 
0 4 231 395 301 87 6 0 0 1 104 418 309 171 21 0 0 0 1 115 397 292 188 31 
0 2 71 362 360 190 39 0 0 0 25 263 398 243 91 4 0 0 0 21 248 364 271 120 
0 2 16 153 362 431 56 4 0 2 6 82 257 471 199 7 0 0 1 3 61 244 455 260 
0 39 350 316 188 102 28 1 0 20 260 353 222 113 54 2 0 0 15 265 338 208 114 84 
2 30 388 361 192 46 3 2 0 19 283 405 215 90 10 2 0 0 27 348 343 200 94 12 
5 51 479 310 122 44 9 4 5 30 360 395 154 66 9 5 0 5 52 420 319 157 54 17 
2 85 501 292 99 35 4 6 2 53 450 332 129 40 12 6 0 4 90 426 323 125 40 16 
6 128 608 170 76 25 9 2 3 77 598 216 86 30 8 6 0 5 116 577 186 95 31 14 
7 161 661 141 45 9 0 0 3 81 660 201 57 22 0 0 0 2 101 623 207 68 21 2 
1 115 619 206 74 9 0 0 0 58 605 233 114 14 0 0 0 0 50 569 225 149 30 1 
6 137 721 120 39 1 0 0 3 79 685 200 50 7 0 0 0 0 72 617 255 57 23 0 
5 184 808 27 0 0 0 0 3 113 856 51 1 0 0 0 0 7 152 796 68 1 0 0 
123 598 289 14 0 0 0 0 156 550 301 17 0 0 0 0 30 321 472 193 8 0 0 0 
217 590 199 17 1 0 0 0 277 546 184 16 1 0 0 0 145 492 318 66 3 0 0 0 
147 676 183 13 4 1 0 0 269 591 150 9 5 0 0 0 242 572 185 21 4 0 0 0 
221 536 202 46 18 1 0 0 353 492 121 43 15 0 0 0 414 458 97 41 13 1 0 0 
127 508 346 43 0 0 0 0 185 572 249 18 0 0 0 0 242 601 172 9 0 0 0 0 
67 563 302 60 25 7 0 0 167 603 191 37 22 4 0 0 259 587 134 29 15 0 0 0 
25 229 306 355 78 28 3 0 91 255 354 257 42 25 0 0 119 308 385 166 35 11 0 0 
19 345 292 251 98 19 0 0 73 408 304 203 36 0 0 0 56 451 374 132 11 0 0 0 
0 831 186 7 0 0 0 0 0 158 848 16 2 0 0 0 0 8 916 92 8 0 0 0 
0 673 345 6 0 0 0 0 0 165 846 13 0 0 0 0 0 36 927 58 3 0 0 0 
0 328 696 0 0 0 0 0 0 50 973 1 0 0 0 0 0 18 972 34 0 0 0 0 
0 14 984 26 0 0 0 0 0 9 969 46 0 0 0 0 0 3 895 126 0 0 0 0 
0 3 982 39 0 0 0 0 0 2 976 46 0 0 0 0 0 6 854 164 0 0 0 0 
0 20 957 41 3 3 0 0 0 21 953 43 2 5 0 0 0 12 898 107 1 5 1 0 
0 25 863 89 39 8 0 0 0 19 861 93 30 21 0 0 0 10 755 186 28 32 13 0 
0 7 963 47 7 0 0 0 0 3 940 74 7 0 0 0 0 1 408 602 9 4 0 0 
0 36 969 18 1 0 0 0 0 11 945 67 1 0 0 0 0 0 309 714 1 0 0 0 
0 45 926 50 3 0 0 0 0 8 871 140 5 0 0 0 0 0 187 822 13 2 0 0 
0 34 774 161 43 11 1 0 0 11 672 263 60 15 3 0 0 0 108 725 112 57 21 1 
0 20 603 228 119 47 7 0 0 4 400 398 111 94 16 1 0 0 12 536 248 107 103 18 
0 12 307 412 221 67 4 1 0 1 127 488 276 115 15 2 0 0 0 165 461 250 122 26 
0 9 312 433 232 34 4 0 0 1 133 486 297 97 10 0 0 0 3 188 475 243 104 11 
1 60 607 241 87 24 4 0 0 12 435 396 134 36 11 0 0 0 32 567 268 113 33 11 
0 91 709 181 31 10 2 0 0 23 615 313 56 12 5 0 0 0 71 686 215 39 9 4 
3 159 608 179 47 19 9 0 0 51 638 220 73 29 10 3 0 2 155 513 217 90 31 16 
2 365 548 86 17 4 2 0 1 135 700 153 25 7 3 0 0 1 143 690 150 30 6 4 
4 268 683 58 10 1 0 0 3 109 789 107 13 3 0 0 0 0 109 732 166 14 3 0 
4 315 673 32 0 0 0 0 0 153 790 79 2 0 0 0 0 0 136 760 125 3 0 0 
21 383 603 17 0 0 0 0 8 256 702 58 0 0 0 0 0 9 247 652 115 1 0 0 
23 444 537 20 0 0 0 0 15 330 631 48 0 0 0 0 0 32 355 589 48 0 0 0 
4 288 697 35 0 0 0 0 1 199 749 74 1 0 0 0 0 3 258 656 106 1 0 0 
24 302 634 60 4 0 0 0 23 250 653 94 3 1 0 0 2 43 401 527 47 4 0 0 
156 319 394 136 16 3 0 0 187 276 380 157 20 3 1 0 60 254 274 323 100 10 3 0 
205 468 227 112 12 0 0 0 316 362 209 123 14 0 0 0 130 429 226 180 50 8 1 0 
330 558 116 20 0 0 0 0 517 383 106 18 0 0 0 0 456 407 121 35 5 0 0 0 
412 523 87 2 0 0 0 0 563 421 40 0 0 0 0 0 630 357 36 1 0 0 0 0 
250 567 178 19 9 1 0 0 423 495 81 16 8 1 0 0 472 466 60 14 9 3 0 0 
34 594 360 34 2 0 0 0 118 785 97 22 2 0 0 0 187 751 62 20 3 1 0 0 
85 594 291 42 12 0 0 0 161 678 143 36 6 0 0 0 250 602 136 32 4 0 0 0 
148 447 341 85 3 0 0 0 207 494 289 32 2 0 0 0 198 515 276 31 4 0 0 0 
0 612 412 0 0 0 0 0 0 221 803 0 0 0 0 0 0 30 989 5 0 0 0 0 
0 141 883 0 0 0 0 0 0 92 932 0 0 0 0 0 0 88 935 1 0 0 0 0 
0 11 1012 1 0 0 0 0 0 2 1020 2 0 0 0 0 0 0 1012 12 0 0 0 0 
0 27 991 6 0 0 0 0 0 7 1008 9 0 0 0 0 0 5 988 31 0 0 0 0 
0 137 873 11 3 0 0 0 0 33 971 15 5 0 0 0 0 9 939 69 5 2 0 0 
0 413 558 34 19 0 0 0 0 98 867 35 22 2 0 0 0 10 838 142 21 13 0 0 
0 388 630 3 3 0 0 0 0 66 951 3 4 0 0 0 0 1 900 117 3 3 0 0 
0 460 563 1 0 0 0 0 0 89 931 4 0 0 0 0 0 0 876 147 1 0 0 0 
0 238 710 61 12 3 0 0 0 47 858 82 34 3 0 0 0 0 459 470 65 27 2 1 
1 126 723 135 36 3 0 0 1 19 738 194 64 7 1 0 0 1 81 710 167 58 7 0 
0 56 777 148 41 2 0 0 0 8 679 258 73 6 0 0 0 0 22 736 193 69 4 0 
0 41 725 192 54 12 0 0 0 7 532 378 81 23 3 0 0 0 24 638 263 68 29 2 
1 54 553 272 98 40 5 1 0 15 429 352 164 49 14 1 0 0 19 493 284 153 52 23 
1 166 616 139 78 23 1 0 0 27 629 230 88 46 3 1 0 1 76 587 212 96 45 7 
0 150 819 45 10 0 0 0 0 38 849 121 14 2 0 0 0 0 123 803 86 11 1 0 
0 205 788 26 4 1 0 0 0 41 902 72 8 1 0 0 0 0 99 870 49 4 2 0 
1 256 755 12 0 0 0 0 0 53 904 67 0 0 0 0 0 0 180 798 46 0 0 0 
0 145 843 36 0 0 0 0 0 38 878 107 1 0 0 0 0 0 72 870 81 1 0 0 
4 287 688 41 4 0 0 0 3 138 758 120 4 1 0 0 0 7 217 661 134 5 0 0 
3 240 749 32 0 0 0 0 2 119 802 100 1 0 0 0 0 2 125 784 113 0 0 0 
7 224 768 23 2 0 0 0 3 109 817 93 2 0 0 0 0 1 121 749 151 2 0 0 
1 153 846 24 0 0 0 0 1 75 900 47 1 0 0 0 0 1 128 852 43 0 0 0 
2 137 856 27 2 0 0 0 1 78 874 70 1 0 0 0 0 0 199 745 80 0 0 0 
14 200 769 40 1 0 0 0 14 184 759 65 2 0 0 0 0 40 522 401 59 2 0 0 
63 373 539 49 0 0 0 0 97 301 519 106 1 0 0 0 39 239 354 324 68 0 0 0 
88 346 531 59 0 0 0 0 106 314 499 105 0 0 0 0 23 234 363 367 37 0 0 0 
52 465 454 53 0 0 0 0 93 427 422 82 0 0 0 0 56 307 347 305 9 0 0 0 
165 616 236 7 0 0 0 0 245 532 236 11 0 0 0 0 207 511 207 98 1 0 0 0 
281 645 98 0 0 0 0 0 472 448 103 1 0 0 0 0 575 330 89 29 1 0 0 0 
103 891 24 4 2 0 0 0 320 684 16 2 2 0 0 0 605 403 13 1 2 0 0 0 
177 748 87 8 1 3 0 0 391 572 51 7 3 0 0 0 384 583 50 4 3 0 0 0 
35 859 119 8 2 1 0 0 190 740 86 7 1 0 0 0 266 650 100 6 2 0 0 0 
1 699 312 10 2 0 0 0 0 398 604 19 3 0 0 0 0 73 912 25 12 2 0 0 
0 503 519 2 0 0 0 0 0 280 742 2 0 0 0 0 0 92 928 4 0 0 0 0 
0 566 458 0 0 0 0 0 0 260 764 0 0 0 0 0 0 26 998 0 0 0 0 0 
0 401 623 0 0 0 0 0 0 180 843 1 0 0 0 0 0 13 1005 6 0 0 0 0 
0 625 399 0 0 0 0 0 0 246 778 0 0 0 0 0 0 5 1008 11 0 0 0 0 
0 878 146 0 0 0 0 0 0 399 625 0 0 0 0 0 0 5 1010 9 0 0 0 0 
0 928 92 4 0 0 0 0 0 338 682 4 0 0 0 0 0 8 994 19 3 0 0 0 
0 780 213 30 1 0 0 0 0 175 799 39 11 0 0 0 0 0 769 216 30 8 1 0 
0 778 222 21 2 1 0 0 0 213 767 39 4 1 0 0 0 4 790 206 20 4 0 0 
0 549 404 63 7 1 0 0 0 143 757 100 22 2 0 0 0 1 465 463 82 11 2 0 
3 266 543 124 55 30 3 0 0 45 685 180 60 43 9 2 0 0 94 638 179 61 38 14 
0 172 782 36 24 9 0 1 0 20 865 96 22 17 3 1 0 0 123 791 70 23 15 2 
1 459 521 37 5 1 0 0 0 69 878 64 11 1 1 0 0 0 255 705 54 8 2 0 
1 467 554 2 0 0 0 0 0 59 937 28 0 0 0 0 0 1 221 777 25 0 0 0 
0 388 632 4 0 0 0 0 0 87 907 30 0 0 0 0 0 0 215 785 24 0 0 0 
0 344 675 5 0 0 0 0 0 92 909 23 0 0 0 0 0 0 260 740 24 0 0 0 
2 359 646 17 0 0 0 0 0 125 851 48 0 0 0 0 0 0 166 776 82 0 0 0 
2 341 670 11 0 0 0 0 0 109 853 62 0 0 0 0 0 0 78 846 100 0 0 0 
1 287 715 21 0 0 0 0 0 111 845 67 1 0 0 0 0 0 134 759 131 0 0 0 
0 226 786 12 0 0 0 0 0 78 891 55 0 0 0 0 0 0 145 770 109 0 0 0 
2 265 725 31 1 0 0 0 0 162 754 107 1 0 0 0 0 0 208 659 154 3 0 0 
0 296 717 10 1 0 0 0 0 196 802 25 1 0 0 0 0 4 522 480 17 1 0 0 
0 323 699 2 0 0 0 0 0 235 767 22 0 0 0 0 0 11 489 500 24 0 0 0 
4 196 817 7 0 0 0 0 4 132 844 44 0 0 0 0 0 10 300 665 49 0 0 0 
32 312 663 17 0 0 0 0 38 275 655 56 0 0 0 0 3 128 307 562 24 0 0 0 
19 284 715 6 0 0 0 0 20 223 753 28 0 0 0 0 2 69 375 568 10 0 0 0 
11 331 631 51 0 0 0 0 21 294 612 97 0 0 0 0 2 178 318 481 45 0 0 0 
34 599 351 38 2 0 0 0 56 560 352 54 2 0 0 0 29 457 331 190 17 0 0 0 
68 696 235 22 3 0 0 0 131 650 222 19 2 0 0 0 100 597 290 35 2 0 0 0 
135 748 136 5 0 0 0 0 208 689 124 3 0 0 0 0 216 640 150 18 0 0 0 0 
37 973 14 0 0 0 0 0 95 916 13 0 0 0 0 0 231 770 22 1 0 0 0 0 
30 989 5 0 0 0 0 0 49 974 1 0 0 0 0 0 84 939 1 0 0 0 0 0 
5 1011 8 0 0 0 0 0 4 1000 20 0 0 0 0 0 0 692 328 4 0 0 0 0 
7 1013 4 0 0 0 0 0 1 1010 13 0 0 0 0 0 0 302 722 0 0 0 0 0 
4 1014 5 1 0 0 0 0 1 1008 14 1 0 0 0 0 0 286 737 1 0 0 0 0 
0 1015 9 0 0 0 0 0 0 990 34 0 0 0 0 0 0 144 879 1 0 0 0 0 
1 1016 7 0 0 0 0 0 0 984 40 0 0 0 0 0 0 111 913 0 0 0 0 0 
3 994 19 8 0 0 0 0 0 934 81 8 1 0 0 0 0 83 920 17 4 0 0 0 
1 981 38 4 0 0 0 0 0 837 183 3 1 0 0 0 0 21 981 19 3 0 0 0 
0 947 74 3 0 0 0 0 0 638 379 7 0 0 0 0 0 7 964 50 3 0 0 0 
2 897 106 17 2 0 0 0 0 551 440 28 5 0 0 0 0 15 901 84 21 3 0 0 
1 901 113 7 0 2 0 0 0 498 513 9 2 2 0 0 0 3 902 110 7 0 2 0 
0 762 247 14 1 0 0 0 0 292 697 33 2 0 0 0 0 2 569 428 23 2 0 0 
0 698 303 17 5 1 0 0 0 214 754 47 7 1 1 0 0 0 454 534 28 7 0 1 
2 723 281 14 2 2 0 0 0 191 806 21 4 2 0 0 0 0 513 491 16 2 2 0 
1 689 330 4 0 0 0 0 0 222 790 12 0 0 0 0 0 3 515 497 9 0 0 0 
1 604 413 6 0 0 0 0 0 215 796 13 0 0 0 0 0 3 506 510 5 0 0 0 
3 512 506 3 0 0 0 0 0 196 814 14 0 0 0 0 0 1 324 681 18 0 0 0 
8 493 505 17 1 0 0 0 1 228 740 53 2 0 0 0 0 2 275 654 90 3 0 0 
5 433 571 15 0 0 0 0 2 179 789 53 1 0 0 0 0 1 202 687 134 0 0 0 
1 384 622 15 2 0 0 0 0 206 759 51 8 0 0 0 0 1 252 606 159 5 1 0 
1 295 716 12 0 0 0 0 0 188 793 43 0 0 0 0 0 1 256 691 74 2 0 0 
1 301 703 19 0 0 0 0 1 182 801 39 1 0 0 0 0 2 236 748 36 2 0 0 
0 209 810 5 0 0 0 0 0 146 866 12 0 0 0 0 0 3 255 739 27 0 0 0 
0 186 833 5 0 0 0 0 0 105 889 30 0 0 0 0 0 2 351 606 65 0 0 0 
0 153 862 9 0 0 0 0 0 111 870 43 0 0 0 0 0 1 360 623 40 0 0 0 
3 354 645 22 0 0 0 0 3 310 666 45 0 0 0 0 0 76 545 400 3 0 0 0 
21 362 638 3 0 0 0 0 34 263 708 19 0 0 0 0 1 73 438 507 5 0 0 0 
10 358 635 21 0 0 0 0 19 264 695 46 0 0 0 0 0 50 455 499 20 0 0 0 
0 299 665 60 0 0 0 0 5 257 624 138 0 0 0 0 0 53 366 568 37 0 0 0 
15 420 507 80 2 0 0 0 35 365 480 137 7 0 0 0 10 173 452 358 31 0 0 0 
39 756 201 28 0 0 0 0 47 726 216 35 0 0 0 0 27 549 355 90 3 0 0 0 
45 855 122 2 0 0 0 0 84 792 141 7 0 0 0 0 92 612 286 33 1 0 0 0 
306 693 25 0 0 0 0 0 419 581 23 1 0 0 0 0 434 547 40 3 0 0 0 0 
42 982 0 0 0 0 0 0 17 1007 0 0 0 0 0 0 1 976 47 0 0 0 0 0 
41 980 3 0 0 0 0 0 16 1005 3 0 0 0 0 0 0 887 137 0 0 0 0 0 
11 918 67 26 1 1 0 0 3 910 67 38 5 1 0 0 0 618 329 51 24 2 0 0 
6 1017 1 0 0 0 0 0 3 1020 1 0 0 0 0 0 0 530 494 0 0 0 0 0 
8 981 29 5 1 0 0 0 2 980 31 9 2 0 0 0 0 419 578 20 6 1 0 0 
2 1011 11 0 0 0 0 0 0 1001 23 0 0 0 0 0 0 287 733 4 0 0 0 0 
0 1018 6 0 0 0 0 0 0 1004 20 0 0 0 0 0 0 58 965 1 0 0 0 0 
4 1007 13 0 0 0 0 0 1 957 66 0 0 0 0 0 0 70 954 0 0 0 0 0 
0 1008 16 0 0 0 0 0 0 968 56 0 0 0 0 0 0 31 990 3 0 0 0 0 
0 982 42 0 0 0 0 0 0 855 169 0 0 0 0 0 0 6 999 19 0 0 0 0 
2 967 53 2 0 0 0 0 1 772 248 3 0 0 0 0 0 4 964 54 2 0 0 0 
0 961 62 1 0 0 0 0 0 782 239 3 0 0 0 0 0 11 937 76 0 0 0 0 
2 949 73 0 0 0 0 0 0 715 308 1 0 0 0 0 0 10 908 106 0 0 0 0 
0 866 157 1 0 0 0 0 0 494 527 3 0 0 0 0 0 4 821 199 0 0 0 0 
1 702 320 1 0 0 0 0 0 237 783 4 0 0 0 0 0 0 481 538 5 0 0 0 
0 606 416 2 0 0 0 0 0 216 800 8 0 0 0 0 0 0 324 694 6 0 0 0 
3 493 515 13 0 0 0 0 1 287 694 42 0 0 0 0 0 1 412 550 61 0 0 0 
1 441 581 1 0 0 0 0 0 225 776 23 0 0 0 0 0 3 312 659 50 0 0 0 
0 341 680 3 0 0 0 0 0 143 870 11 0 0 0 0 0 2 218 793 11 0 0 0 
1 127 896 0 0 0 0 0 0 49 965 10 0 0 0 0 0 0 78 923 23 0 0 0 
0 96 920 8 0 0 0 0 0 41 957 26 0 0 0 0 0 0 136 863 23 2 0 0 
0 145 877 2 0 0 0 0 0 56 961 7 0 0 0 0 0 0 222 797 5 0 0 0 
0 144 867 13 0 0 0 0 0 90 906 28 0 0 0 0 0 0 382 622 20 0 0 0 
0 181 835 8 0 0 0 0 0 109 901 14 0 0 0 0 0 0 451 564 9 0 0 0 
0 166 853 5 0 0 0 0 0 99 903 22 0 0 0 0 0 20 377 621 6 0 0 0 
7 404 606 7 0 0 0 0 15 337 659 13 0 0 0 0 0 142 461 418 3 0 0 0 
9 688 314 13 0 0 0 0 20 556 432 16 0 0 0 0 3 236 628 149 8 0 0 0 
26 707 273 18 0 0 0 0 29 639 318 38 0 0 0 0 10 339 527 143 5 0 0 0 
2 344 605 73 0 0 0 0 3 277 613 131 0 0 0 0 0 39 433 522 30 0 0 0 
21 605 372 26 0 0 0 0 40 565 372 47 0 0 0 0 20 382 336 276 10 0 0 0 
224 758 40 2 0 0 0 0 336 634 52 2 0 0 0 0 213 714 90 6 1 0 0 0 
187 633 178 26 0 0 0 0 227 569 199 28 1 0 0 0 193 429 341 57 4 0 0 0 
