0 0 786 238 0 0 0 0 0 0 0 0 1024 0 0 0 0 0 0 0 0 0 1017 7 
0 0 751 273 0 0 0 0 0 0 0 0 1024 0 0 0 0 0 0 0 0 0 1024 0 
0 0 760 264 0 0 0 0 0 0 0 0 1024 0 0 0 0 0 0 0 0 0 1024 0 
0 0 808 216 0 0 0 0 0 0 0 0 1024 0 0 0 0 0 0 0 0 0 1024 0 
0 0 801 223 0 0 0 0 0 0 0 0 1024 0 0 0 0 0 0 0 0 0 1024 0 
0 0 701 323 0 0 0 0 0 0 0 0 1024 0 0 0 0 0 0 0 0 0 1024 0 
0 0 606 418 0 0 0 0 0 0 0 0 1024 0 0 0 0 0 0 0 0 0 1024 0 
0 0 604 420 0 0 0 0 0 0 0 0 1024 0 0 0 0 0 0 0 0 0 1024 0 
0 0 522 502 0 0 0 0 0 0 0 0 1024 0 0 0 0 0 0 0 0 0 1024 0 
0 0 509 514 0 0 0 0 0 0 0 0 1024 0 0 0 0 0 0 0 0 2 1021 0 
0 0 0 1002 22 0 0 0 0 0 0 0 422 602 0 0 0 0 0 0 0 0 113 911 
0 0 0 979 45 0 0 0 0 0 0 0 417 607 0 0 0 0 0 0 0 0 84 940 
0 0 0 1000 24 0 0 0 0 0 0 0 437 587 0 0 0 0 0 0 0 0 167 857 
0 0 0 1023 1 0 0 0 0 0 0 0 444 580 0 0 0 0 0 0 0 0 301 723 
0 0 0 1024 0 0 0 0 0 0 0 0 517 507 0 0 0 0 0 0 0 0 359 665 
0 0 0 1024 0 0 0 0 0 0 0 0 530 494 0 0 0 0 0 0 0 0 392 632 
0 0 0 1024 0 0 0 0 0 0 0 0 584 440 0 0 0 0 0 0 0 0 456 568 
0 0 0 1016 8 0 0 0 0 0 0 0 600 424 0 0 0 0 0 0 0 0 480 544 
0 0 0 1024 0 0 0 0 0 0 0 0 628 396 0 0 0 0 0 0 0 0 583 441 
0 0 0 997 26 0 0 0 0 0 0 0 688 336 0 0 0 0 0 0 0 0 714 309 
0 0 0 1 730 293 0 0 0 0 0 0 0 679 345 0 0 0 0 0 0 0 6 1018 
0 0 0 8 747 269 0 0 0 0 0 0 0 634 390 0 0 0 0 0 0 0 0 1024 
0 0 0 9 767 248 0 0 0 0 0 0 1 685 338 0 0 0 0 0 0 1 3 1020 
0 38 120 77 747 42 0 0 0 0 147 15 12 700 150 0 0 0 0 153 12 12 11 836 
0 0 128 80 771 45 0 0 0 0 102 28 14 770 110 0 0 0 0 123 10 18 10 863 
0 0 88 70 824 42 0 0 0 0 40 48 20 817 99 0 0 0 0 81 9 18 12 904 
0 0 20 69 828 107 0 0 0 0 5 21 10 845 143 0 0 0 0 15 11 11 11 976 
1 8 7 56 836 116 0 0 0 7 4 7 7 846 153 0 1 7 3 0 10 6 13 984 
27 68 52 105 748 24 0 0 7 73 53 24 28 820 19 0 24 78 32 17 24 14 52 783 
149 170 58 96 549 0 0 0 66 224 61 37 8 626 0 0 208 136 21 18 10 8 34 586 
66 135 418 198 21 186 0 0 22 142 463 188 18 25 166 0 319 411 56 25 8 18 155 32 
70 152 333 179 37 249 4 0 28 158 377 200 4 21 236 0 362 371 26 4 3 8 224 26 
52 202 313 222 51 181 3 0 13 156 424 230 9 15 177 0 252 459 34 71 11 12 124 61 
22 286 495 208 13 0 0 0 6 114 669 235 0 0 0 0 36 495 123 370 0 0 0 0 
35 186 765 38 0 0 0 0 7 134 681 202 0 0 0 0 31 338 84 571 0 0 0 0 
63 255 684 22 0 0 0 0 14 222 647 141 0 0 0 0 63 363 125 473 0 0 0 0 
206 398 339 8 6 67 0 0 114 374 373 86 4 15 58 0 368 273 103 192 13 6 39 30 
498 250 115 26 32 103 0 0 423 272 158 28 16 45 82 0 728 100 26 22 18 21 61 48 
580 371 61 7 3 2 0 0 443 472 94 7 5 2 1 0 955 48 9 3 5 3 0 1 
626 357 40 0 0 0 0 0 549 386 88 0 0 0 0 0 981 42 0 0 0 0 0 0 
0 0 114 878 32 0 0 0 0 0 86 938 0 0 0 0 907 48 15 26 28 0 0 0 
0 5 533 485 1 0 0 0 0 5 89 836 94 0 0 0 257 104 55 91 318 198 1 0 
0 7 433 561 23 0 0 0 0 5 73 452 490 4 0 0 59 68 26 10 199 657 5 0 
0 63 577 379 5 0 0 0 0 0 261 370 390 3 0 0 0 0 8 257 176 579 4 0 
0 4 628 392 0 0 0 0 0 0 270 362 392 0 0 0 0 0 1 278 179 566 0 0 
0 11 608 405 0 0 0 0 0 0 268 349 407 0 0 0 0 0 2 282 174 566 0 0 
6 147 637 232 2 0 0 0 3 74 455 386 106 0 0 0 308 128 126 98 208 154 2 0 
81 344 455 144 0 0 0 0 52 323 547 102 0 0 0 0 979 38 4 3 0 0 0 0 
427 344 235 18 0 0 0 0 356 381 279 8 0 0 0 0 1002 22 0 0 0 0 0 0 
408 389 218 8 0 0 0 0 325 432 264 2 0 0 0 0 997 26 0 0 0 0 0 0 
0 758 247 19 0 0 0 0 2 152 807 63 0 0 0 0 95 20 24 696 189 0 0 0 
0 789 235 0 0 0 0 0 0 146 668 210 0 0 0 0 0 0 0 634 390 0 0 0 
0 792 232 0 0 0 0 0 0 158 660 206 0 0 0 0 0 0 2 641 381 0 0 0 
132 621 259 5 4 1 2 0 124 157 523 214 4 2 0 0 98 37 45 486 356 2 0 0 
122 373 372 77 46 26 8 0 144 238 319 291 26 6 0 0 153 129 171 212 356 3 0 0 
0 760 264 0 0 0 0 0 0 147 633 244 0 0 0 0 0 0 52 592 380 0 0 0 
17 762 245 0 0 0 0 0 12 148 684 180 0 0 0 0 31 5 47 654 287 0 0 0 
331 492 153 48 0 0 0 0 260 292 445 27 0 0 0 0 643 57 46 261 17 0 0 0 
241 344 398 41 0 0 0 0 206 369 420 29 0 0 0 0 982 42 0 0 0 0 0 0 
474 333 216 0 0 0 0 0 352 442 226 2 0 0 0 0 1000 24 0 0 0 0 0 0 
876 148 0 0 0 0 0 0 149 865 10 0 0 0 0 0 0 134 794 96 0 0 0 0 
915 109 0 0 0 0 0 0 231 793 0 0 0 0 0 0 0 208 795 21 0 0 0 0 
956 68 0 0 0 0 0 0 268 756 0 0 0 0 0 0 0 248 776 0 0 0 0 0 
972 52 0 0 0 0 0 0 257 767 0 0 0 0 0 0 0 300 724 0 0 0 0 0 
961 63 0 0 0 0 0 0 279 745 0 0 0 0 0 0 0 320 704 0 0 0 0 0 
943 81 0 0 0 0 0 0 240 784 0 0 0 0 0 0 0 316 708 0 0 0 0 0 
864 160 0 0 0 0 0 0 205 819 0 0 0 0 0 0 0 306 718 0 0 0 0 0 
943 79 2 0 0 0 0 0 456 565 3 0 0 0 0 0 192 318 511 3 0 0 0 0 
789 194 38 3 0 0 0 0 736 227 58 3 0 0 0 0 1013 11 0 0 0 0 0 0 
832 162 29 0 0 0 0 0 810 170 42 0 0 0 0 0 1005 18 0 0 0 0 0 0 
0 1024 0 0 0 0 0 0 0 1024 0 0 0 0 0 0 0 0 1024 0 0 0 0 0 
96 928 0 0 0 0 0 0 0 1024 0 0 0 0 0 0 0 0 1024 0 0 0 0 0 
736 288 0 0 0 0 0 0 0 1024 0 0 0 0 0 0 0 0 1024 0 0 0 0 0 
672 352 0 0 0 0 0 0 0 1024 0 0 0 0 0 0 0 160 864 0 0 0 0 0 
608 416 0 0 0 0 0 0 0 1024 0 0 0 0 0 0 0 128 896 0 0 0 0 0 
384 640 0 0 0 0 0 0 0 1024 0 0 0 0 0 0 0 384 640 0 0 0 0 0 
288 736 0 0 0 0 0 0 0 1024 0 0 0 0 0 0 0 0 1024 0 0 0 0 0 
992 32 0 0 0 0 0 0 0 1024 0 0 0 0 0 0 0 32 992 0 0 0 0 0 
1024 0 0 0 0 0 0 0 832 192 0 0 0 0 0 0 800 224 0 0 0 0 0 0 
938 85 0 0 0 0 0 0 938 85 0 0 0 0 0 0 938 85 0 0 0 0 0 0 
