44 329 477 161 10 3 0 0 34 328 448 190 21 2 1 0 113 465 358 79 7 2 0 0 
42 339 405 181 38 19 0 0 30 270 434 205 51 16 16 2 83 458 351 100 22 10 0 0 
52 272 463 207 28 1 1 0 41 244 401 270 61 7 0 0 110 466 352 83 12 1 0 0 
70 397 361 157 33 5 1 0 57 306 360 218 65 15 3 0 144 473 308 73 24 2 0 0 
85 318 408 165 41 6 1 0 70 313 318 231 68 20 4 0 201 500 250 58 14 1 0 0 
12 231 487 203 65 21 5 0 5 100 439 305 116 39 17 3 74 445 370 99 22 11 3 0 
12 147 472 318 55 14 5 1 4 69 381 404 133 26 6 1 57 324 463 144 29 6 1 0 
7 133 482 320 60 17 4 1 6 122 422 357 89 24 3 1 34 342 470 137 34 5 2 0 
26 233 482 236 40 6 1 0 35 205 456 266 56 6 0 0 69 376 423 135 17 4 0 0 
5 130 411 336 100 35 5 2 3 113 405 341 123 29 9 1 37 313 434 168 53 16 3 0 
5 54 236 356 235 86 25 27 5 29 202 349 268 106 36 29 17 163 343 301 119 45 23 13 
14 68 142 220 229 162 116 73 18 73 149 202 220 179 111 72 46 108 214 219 185 134 69 49 
26 122 220 202 222 92 78 62 42 142 222 232 174 82 76 54 70 174 228 256 120 86 54 36 
165 613 198 39 9 0 0 0 78 626 264 44 12 0 0 0 225 627 151 18 3 0 0 0 
148 558 253 54 10 1 0 0 111 585 229 63 27 9 0 0 197 582 208 29 8 0 0 0 
86 618 249 56 13 2 0 0 49 675 202 43 38 16 1 0 168 669 139 39 8 1 0 0 
179 685 130 26 4 0 0 0 180 690 104 40 8 2 0 0 273 645 91 14 1 0 0 0 
84 596 282 57 5 0 0 0 90 566 298 65 5 0 0 0 166 671 168 19 0 0 0 0 
22 484 422 90 4 1 0 1 4 184 626 189 18 2 0 1 120 641 234 25 2 1 0 1 
17 193 451 269 63 26 2 3 8 110 402 366 104 24 7 3 100 419 370 102 25 6 1 1 
39 203 484 241 40 8 7 2 32 129 446 314 78 16 7 2 83 403 407 107 15 6 2 1 
20 244 447 205 88 16 4 0 20 278 349 243 94 37 3 0 39 447 348 136 45 8 1 0 
41 438 311 160 54 10 9 1 68 460 233 155 77 18 9 4 102 508 272 98 30 12 2 0 
43 142 234 231 164 108 59 43 27 129 207 232 183 127 70 49 93 215 264 205 121 64 34 28 
17 77 146 175 212 241 131 25 14 82 125 175 211 229 158 30 67 149 213 298 205 72 18 2 
14 64 148 190 174 198 198 38 24 70 168 166 190 176 194 36 44 142 190 256 280 86 20 6 
180 469 245 109 19 2 0 0 184 409 209 123 82 16 1 0 306 444 202 62 9 1 0 0 
187 575 213 40 8 1 0 0 127 504 255 97 32 9 0 0 277 579 136 28 4 0 0 0 
285 584 143 11 1 0 0 0 173 533 284 32 2 0 0 0 320 587 108 9 0 0 0 0 
184 463 222 106 45 3 1 0 135 482 219 99 53 29 7 0 301 456 180 63 22 2 0 0 
116 625 219 49 14 1 0 0 28 500 375 88 19 12 2 0 229 627 130 33 5 0 0 0 
87 482 355 80 15 5 0 0 49 270 493 162 42 5 3 0 192 579 187 56 6 4 0 0 
46 157 287 389 117 16 10 2 39 120 279 413 139 20 11 3 80 197 328 347 62 10 0 0 
104 409 294 165 22 15 8 7 70 402 293 180 44 18 9 8 133 459 283 107 23 11 5 3 
40 423 454 101 6 0 0 0 52 561 358 47 6 0 0 0 60 620 310 34 0 0 0 0 
85 344 395 157 35 7 1 0 76 423 378 108 30 9 0 0 147 515 291 51 18 2 0 0 
45 113 225 282 234 102 20 3 34 111 195 279 225 130 44 6 107 241 340 221 88 23 3 1 
4 44 159 254 320 193 45 5 0 23 108 220 341 239 78 15 57 199 354 306 90 15 1 2 
0 10 50 206 362 272 118 6 0 4 26 130 330 296 158 80 18 102 346 298 190 56 14 0 
87 305 305 219 83 23 2 0 59 286 224 175 144 95 39 2 168 360 305 134 51 6 0 0 
157 500 214 107 35 11 0 0 66 390 302 112 87 56 9 2 258 509 161 70 22 4 0 0 
111 527 322 56 7 1 0 0 36 275 520 173 17 3 0 0 162 607 215 39 1 0 0 0 
92 324 360 171 55 18 4 0 63 270 402 210 64 11 4 0 159 408 337 88 27 5 0 0 
106 555 275 66 18 4 0 0 33 375 463 115 32 6 0 0 207 602 157 45 10 3 0 0 
174 534 209 76 23 8 0 0 97 517 246 112 36 13 3 0 227 573 160 43 15 6 0 0 
14 57 172 429 300 47 5 0 9 56 168 435 302 49 5 0 16 62 157 432 325 29 3 0 
89 675 171 77 12 0 0 0 68 686 180 73 17 0 0 0 55 702 169 83 15 0 0 0 
68 498 322 117 15 2 2 0 62 549 309 92 8 2 2 0 96 621 261 42 1 3 0 0 
107 307 309 183 76 31 8 3 79 320 309 170 94 35 15 2 179 436 262 95 38 11 3 0 
16 294 456 210 39 8 1 0 19 215 431 268 73 15 2 1 96 594 280 46 5 2 1 0 
27 172 323 285 145 49 20 3 16 126 249 268 203 101 38 23 107 337 347 149 61 16 5 2 
6 94 272 366 234 44 8 0 2 66 250 344 252 94 16 0 58 318 418 176 46 8 0 0 
38 124 283 375 178 20 6 0 34 114 219 310 197 116 31 3 72 250 378 244 66 12 2 0 
107 324 287 237 55 14 0 0 79 356 322 197 46 17 7 0 149 460 321 74 15 5 0 0 
82 379 367 152 39 4 1 0 69 355 413 157 27 3 0 0 152 483 306 75 8 0 0 0 
12 222 342 272 118 45 13 0 17 179 393 294 104 30 7 0 76 357 386 146 43 16 0 0 
41 712 212 43 13 2 1 0 20 359 558 69 10 7 1 0 124 768 103 21 7 1 0 0 
95 862 41 13 12 1 0 0 34 876 87 14 12 1 0 0 95 864 38 15 10 2 0 0 
0 22 79 261 506 148 8 0 3 20 79 258 496 160 8 0 3 19 82 241 507 171 1 0 
59 551 291 79 16 15 13 0 41 524 288 79 45 16 16 15 42 604 283 57 19 13 6 0 
52 228 294 238 98 65 35 14 41 222 252 175 133 92 48 61 82 343 336 128 70 36 21 8 
50 186 193 223 146 116 83 27 32 189 148 148 163 119 112 113 112 270 239 166 112 80 34 11 
51 293 176 135 109 134 96 30 39 262 156 106 106 89 112 154 161 297 183 117 105 89 54 18 
40 165 248 243 148 98 62 20 18 115 214 219 171 124 76 87 106 302 261 172 89 47 37 10 
74 326 218 186 114 52 50 4 56 254 192 166 134 118 46 58 158 368 218 128 76 46 30 0 
19 76 232 329 236 115 17 0 12 70 214 292 275 136 21 4 55 199 317 285 129 38 1 0 
6 58 179 373 304 97 6 1 16 89 259 418 199 40 2 1 50 225 397 294 53 4 1 0 
18 114 226 264 246 140 16 0 29 149 275 284 220 62 5 0 81 223 329 267 112 12 0 0 
9 76 173 308 278 147 30 3 22 94 201 318 247 110 31 1 49 150 348 283 153 36 5 0 
5 363 366 179 81 24 5 1 4 235 504 190 67 18 5 1 24 490 348 121 28 10 3 0 
24 545 254 97 39 35 30 0 7 497 314 102 37 39 28 0 24 501 284 103 45 41 26 0 
0 17 102 231 331 243 89 11 0 12 99 220 336 243 96 18 0 11 86 221 305 272 104 25 
10 157 547 243 39 19 7 2 2 99 386 380 103 27 18 9 46 407 440 92 24 9 6 0 
5 209 532 213 48 13 2 2 0 139 468 247 114 38 14 4 70 544 312 64 26 6 2 0 
4 105 372 221 195 97 22 8 0 58 302 248 172 165 55 24 84 361 284 185 85 21 1 3 
14 78 299 317 185 93 33 5 9 24 148 256 304 145 85 53 38 167 376 270 115 40 16 2 
3 39 163 361 304 125 23 6 1 20 57 203 378 263 84 18 15 101 333 364 172 34 4 1 
40 94 226 294 254 86 24 6 20 86 108 236 278 204 66 26 72 162 272 320 150 36 8 4 
13 99 299 295 212 91 13 2 10 70 231 339 257 102 13 2 79 279 345 211 93 15 1 1 
2 42 82 210 371 221 71 25 12 55 144 302 342 126 38 5 36 97 255 390 194 47 5 0 
25 118 192 297 246 123 22 1 45 157 255 294 202 65 6 0 111 194 344 266 96 12 1 0 
26 98 199 298 259 109 33 2 40 117 257 286 229 78 17 0 67 204 324 269 120 37 3 0 
2 60 166 365 294 114 17 6 3 65 174 378 274 106 18 6 9 74 182 345 261 111 31 11 
0 8 46 150 201 247 288 84 0 8 50 151 201 247 285 82 0 7 37 129 189 233 301 128 
0 25 153 177 149 128 169 223 0 13 131 186 158 130 166 240 0 60 171 137 137 112 130 277 
8 407 420 113 42 21 10 3 8 397 415 112 44 30 10 8 66 589 249 65 34 12 7 2 
22 182 281 272 183 65 18 1 10 143 183 274 230 128 41 15 73 263 334 238 86 24 5 1 
1 67 292 383 196 68 13 4 1 20 127 350 315 169 35 7 36 159 407 317 95 10 0 0 
8 142 323 331 173 37 9 1 0 35 213 308 295 132 35 6 51 247 368 256 89 8 4 1 
2 78 342 358 179 54 10 1 1 11 147 361 314 140 44 6 17 161 433 317 88 8 0 0 
2 94 318 316 178 84 26 6 0 14 230 340 240 140 54 6 52 272 386 242 60 12 0 0 
9 42 136 211 289 255 73 9 10 47 136 211 350 217 48 5 37 139 205 323 237 72 9 2 
9 39 89 176 331 255 94 31 14 53 113 211 315 232 70 16 41 98 233 311 238 76 20 7 
28 92 171 300 290 126 15 2 44 128 249 322 233 46 2 0 73 204 337 323 87 0 0 0 
12 72 199 387 237 97 18 2 23 97 290 359 176 67 10 2 39 152 405 283 104 35 4 2 
0 8 96 317 376 154 65 8 0 8 104 325 376 140 65 6 0 8 126 325 331 156 69 9 
2 105 354 362 149 45 7 0 2 116 356 354 148 41 7 0 1 86 348 354 184 43 8 0 
0 73 442 283 139 51 31 5 0 58 411 336 137 44 33 5 3 188 439 208 110 41 29 6 
26 364 410 142 53 20 4 5 26 396 330 132 89 37 10 4 99 550 251 78 28 13 5 0 
15 129 452 308 83 25 10 2 3 47 215 419 241 78 14 7 67 399 389 137 27 3 1 1 
9 149 392 301 119 45 6 3 0 30 222 386 241 110 31 4 51 275 374 236 79 9 0 0 
9 147 381 342 116 24 4 1 0 25 205 403 283 89 16 3 35 259 414 253 59 2 1 1 
2 50 254 375 253 78 12 0 0 7 104 304 366 188 49 6 9 97 389 366 146 17 0 0 
0 154 350 340 150 20 8 2 0 8 218 328 288 152 24 6 12 190 404 302 108 8 0 0 
9 53 116 183 309 278 73 3 10 52 94 162 354 270 78 4 52 131 213 359 227 39 2 1 
11 33 112 217 404 206 34 7 10 24 65 170 345 264 130 16 46 155 284 384 131 16 8 0 
28 95 187 369 238 82 23 2 38 98 217 321 199 116 35 0 75 230 403 221 69 17 8 1 
2 32 83 305 383 171 46 2 5 36 112 382 324 136 28 1 16 70 285 376 172 92 12 1 
2 43 88 159 203 282 224 23 6 39 120 196 206 286 161 10 22 83 164 172 203 250 119 11 
2 12 68 165 263 273 196 45 2 12 76 167 276 294 167 30 6 52 118 202 246 242 121 37 
10 139 212 283 263 91 25 1 3 115 235 251 250 117 41 12 32 292 328 225 107 33 7 0 
20 121 296 313 202 58 12 2 8 78 128 204 292 186 100 28 102 308 337 206 51 16 4 0 
2 52 231 316 240 142 39 2 0 5 43 159 327 304 156 30 76 300 354 235 54 4 1 0 
8 69 223 300 283 121 20 0 1 19 100 174 307 307 109 7 77 283 363 248 52 1 0 0 
24 149 279 268 218 71 13 2 3 58 150 290 328 165 29 1 98 294 372 209 46 5 0 0 
7 76 267 321 234 101 18 0 0 16 116 332 319 189 50 2 31 174 363 311 130 14 1 0 
6 86 204 342 284 78 24 0 0 14 98 272 338 226 70 6 40 146 380 296 152 10 0 0 
34 125 277 290 240 50 5 0 8 61 88 149 242 280 184 10 128 269 344 234 45 2 0 0 
18 56 202 285 309 133 18 0 0 34 69 173 213 298 200 34 80 242 288 309 98 5 0 0 
0 26 144 392 349 96 16 0 0 21 98 330 333 197 42 0 18 168 413 344 74 5 0 0 
0 0 34 170 386 277 120 34 0 2 56 224 384 245 98 13 0 16 194 338 266 146 45 16 
0 10 64 136 232 261 146 173 0 13 88 149 240 234 130 168 2 34 149 181 280 114 120 141 
0 21 109 349 344 130 48 21 0 29 130 373 325 104 50 10 5 85 346 314 170 64 34 2 
0 40 138 354 330 141 18 0 0 16 82 240 416 210 56 2 24 168 397 314 117 2 0 0 
0 2 72 309 413 192 32 2 0 10 88 218 408 272 26 0 5 96 456 394 64 8 0 0 
0 0 18 218 488 250 45 2 0 0 8 120 440 360 96 0 2 85 418 434 80 2 0 0 
0 0 34 221 381 301 66 18 0 0 2 120 376 360 138 26 2 106 368 386 133 24 2 0 
0 2 26 269 464 240 21 0 0 0 18 224 450 288 40 2 2 96 469 360 93 2 0 0 
10 72 192 333 266 122 26 0 0 18 146 378 344 120 16 0 56 245 418 232 64 8 0 0 
5 154 197 250 245 128 32 10 0 101 192 250 325 133 16 5 96 261 314 261 85 0 5 0 
