10 222 450 129 78 89 34 12 10 295 425 98 80 70 38 8 32 430 288 121 91 44 14 4 
22 260 340 155 64 29 37 117 12 328 346 100 55 28 44 111 18 385 283 100 87 100 42 9 
1 123 493 161 98 65 57 26 1 198 435 142 90 73 48 37 4 222 381 156 86 68 59 48 
3 180 408 265 78 46 24 20 6 256 455 156 66 43 21 21 13 345 380 136 53 49 26 22 
5 164 348 218 128 90 50 21 5 166 357 203 125 85 52 31 13 191 337 174 109 92 61 47 
2 80 316 358 115 69 52 32 4 112 380 296 90 66 45 31 12 238 423 160 65 58 38 30 
0 26 192 382 220 104 56 44 1 36 242 390 180 85 50 40 15 195 394 225 91 53 24 27 
0 25 126 198 203 274 177 21 1 26 134 219 320 166 141 17 22 136 264 348 192 39 14 9 
4 20 155 403 181 103 63 95 2 23 142 393 199 102 63 100 13 165 400 171 80 68 57 70 
0 36 211 353 189 68 72 95 0 32 230 364 154 77 69 98 23 196 353 171 75 71 68 67 
0 18 201 316 232 130 58 66 0 20 183 333 226 129 61 69 21 201 387 205 77 46 44 38 
6 149 456 169 119 86 36 3 2 232 413 133 106 85 43 10 3 340 302 101 116 78 47 37 
8 79 214 183 188 187 129 36 8 93 201 147 197 176 139 63 0 68 168 159 147 169 163 150 
11 149 296 215 115 124 77 37 7 158 300 194 113 107 89 56 6 142 302 180 123 85 108 78 
11 142 328 229 121 83 60 50 12 190 326 197 106 78 56 59 20 233 293 174 108 70 56 70 
5 154 361 222 134 64 47 37 17 201 348 189 113 65 49 42 20 213 351 162 111 71 48 48 
11 99 360 301 169 55 21 8 13 208 406 254 87 38 13 5 23 248 396 213 71 51 15 7 
7 185 414 233 103 35 26 21 9 229 395 220 89 33 25 24 36 385 326 137 62 40 20 18 
6 123 379 215 173 100 25 3 4 113 332 301 190 60 21 3 25 340 357 202 66 24 9 1 
3 103 298 408 134 46 13 19 6 94 278 435 138 39 14 20 32 371 429 110 38 16 15 13 
3 77 274 388 172 38 37 35 5 109 298 384 119 41 32 36 31 369 405 87 45 28 37 22 
3 57 210 307 231 94 52 67 3 60 209 311 230 81 45 82 23 234 359 176 73 54 41 60 
4 50 366 269 81 152 94 8 3 112 475 80 66 94 153 41 2 261 335 53 53 58 94 168 
5 142 296 197 162 129 79 14 9 179 255 185 143 111 106 36 6 170 220 180 131 114 105 98 
20 126 193 169 189 183 112 32 16 126 183 152 186 174 130 57 7 99 155 146 165 167 162 123 
27 353 206 95 95 96 106 46 32 368 195 85 83 95 105 61 49 342 182 88 76 87 104 96 
18 100 196 153 125 155 190 87 16 104 190 127 135 137 152 163 15 112 158 120 127 128 125 239 
46 237 231 189 133 85 73 30 82 283 232 154 93 72 69 39 72 294 223 137 76 86 64 72 
47 361 340 125 75 47 21 8 65 402 307 107 64 51 20 8 59 411 287 107 67 55 26 12 
27 231 473 125 76 69 20 3 35 259 408 153 91 66 9 3 78 488 291 94 39 23 8 3 
2 145 376 228 182 69 21 1 11 253 309 309 79 49 13 1 56 452 376 101 26 9 4 0 
6 183 462 228 88 40 9 8 12 314 396 180 71 31 13 7 33 406 339 136 58 30 13 9 
7 149 402 169 147 84 48 16 10 230 325 162 128 85 50 32 18 343 245 140 96 74 61 43 
7 106 345 421 63 46 32 4 6 196 531 152 53 40 39 7 10 342 442 76 42 48 39 25 
49 239 223 188 156 126 43 0 63 229 215 176 145 137 56 3 44 225 204 160 138 122 111 20 
49 204 224 144 186 152 58 7 67 239 169 133 176 147 85 8 37 218 181 114 131 153 151 39 
81 358 214 66 89 81 94 41 118 398 154 56 72 71 92 63 95 375 189 48 71 55 87 104 
49 461 250 74 52 37 54 47 102 515 170 64 41 38 50 44 87 464 227 65 40 39 46 56 
31 243 515 99 44 31 30 31 41 420 381 59 38 30 31 24 44 350 436 66 39 31 32 26 
8 413 497 34 25 32 13 2 18 544 371 25 24 30 12 0 14 393 518 30 24 32 12 1 
5 409 453 78 33 31 12 3 9 544 351 56 29 22 12 1 4 469 424 63 27 24 10 3 
69 308 263 162 128 54 23 17 100 380 217 171 73 48 21 14 87 401 289 92 71 44 26 14 
8 113 250 184 162 151 125 31 12 171 228 174 96 121 159 63 12 203 223 128 90 94 130 144 
7 73 149 104 136 238 282 30 6 67 144 84 113 151 285 171 2 69 123 76 85 126 206 332 
2 134 474 254 93 62 5 0 7 283 480 101 85 59 9 0 54 503 235 69 71 61 25 6 
207 272 122 113 102 172 34 2 223 262 123 99 91 142 82 2 172 278 126 82 96 102 133 35 
193 714 83 14 11 7 2 0 282 642 68 12 11 7 2 0 205 530 249 16 9 11 4 0 
16 793 202 13 0 0 0 0 44 782 180 16 2 0 0 0 10 329 651 28 6 0 0 0 
7 506 326 95 32 23 15 20 26 589 240 85 32 22 16 14 6 360 445 124 36 22 20 11 
10 479 415 68 27 11 11 3 16 479 409 70 25 11 11 3 7 212 588 152 37 17 8 3 
87 653 259 24 1 0 0 0 101 660 231 29 3 0 0 0 43 456 443 66 16 0 0 0 
71 680 231 42 0 0 0 0 46 618 290 68 2 0 0 0 7 313 547 124 33 0 0 0 
170 480 150 63 28 28 52 53 165 479 161 51 32 34 46 56 89 446 223 82 36 30 41 77 
52 307 198 192 127 54 63 31 71 359 197 171 81 46 59 40 46 389 248 111 77 49 45 59 
40 114 67 80 112 210 358 41 37 113 84 92 50 76 258 311 21 118 110 74 37 44 133 483 
454 366 185 15 3 1 0 0 526 396 92 6 4 0 0 0 604 370 43 5 2 0 0 0 
551 374 60 18 10 11 0 0 653 292 51 6 10 12 0 0 656 298 39 6 8 12 5 0 
649 320 52 3 0 0 0 0 726 253 44 1 0 0 0 0 711 264 44 5 0 0 0 0 
218 395 143 132 98 22 13 3 238 354 151 118 108 40 14 1 205 318 151 128 106 101 15 0 
4 178 276 283 205 33 29 16 4 145 262 240 265 61 30 17 1 21 250 230 253 213 36 20 
14 196 305 258 129 68 43 11 21 193 320 255 124 69 35 7 8 93 318 288 184 86 39 8 
61 562 302 88 9 2 0 0 80 537 296 92 17 2 0 0 34 248 524 158 53 6 1 0 
9 597 240 168 10 0 0 0 4 509 303 154 54 0 0 0 0 99 622 153 135 15 0 0 
96 460 379 87 2 0 0 0 72 395 334 215 8 0 0 0 15 210 351 323 124 1 0 0 
381 282 77 44 52 124 64 0 353 295 83 40 42 52 139 20 162 439 113 48 38 42 92 90 
24 110 99 166 153 186 257 25 17 107 136 155 89 116 259 141 10 98 169 100 88 102 148 306 
480 381 30 24 34 41 32 2 575 292 26 20 34 40 34 3 533 330 26 18 26 34 43 14 
260 756 5 3 0 0 0 0 540 476 5 3 0 0 0 0 386 627 8 2 1 0 0 0 
93 691 167 48 19 6 0 0 118 701 146 41 16 2 0 0 36 682 236 51 18 1 0 0 
4 166 243 327 246 34 3 1 3 172 245 320 249 33 1 1 1 118 205 265 307 120 7 1 
0 65 211 604 144 0 0 0 0 46 170 534 273 1 0 0 0 7 93 275 557 92 0 0 
0 100 479 311 119 12 3 0 0 73 461 300 171 14 5 0 0 13 313 342 277 72 7 0 
1 260 325 244 102 91 1 0 1 251 303 226 114 78 51 0 0 158 314 195 164 86 98 9 
10 123 200 260 230 198 3 0 6 111 161 226 175 243 102 0 0 64 155 136 199 177 247 46 
252 410 230 101 27 4 0 0 274 317 245 119 57 12 0 0 188 304 211 178 86 52 5 0 
586 402 36 0 0 0 0 0 560 411 53 0 0 0 0 0 323 608 87 6 0 0 0 0 
534 273 70 78 25 28 12 0 478 322 98 59 21 22 19 2 343 446 118 40 25 18 27 3 
241 762 17 3 1 0 0 0 184 821 15 3 1 0 0 0 133 857 30 3 1 0 0 0 
131 814 54 22 3 0 0 0 199 749 51 22 3 0 0 0 68 849 57 42 6 2 0 0 
4 454 321 212 33 0 0 0 2 434 291 225 71 1 0 0 0 304 276 245 166 33 0 0 
0 21 121 264 341 231 32 14 0 18 99 226 287 302 73 19 0 1 41 153 298 315 194 22 
0 3 24 116 135 277 367 102 0 1 19 101 136 167 470 130 0 0 8 46 140 145 420 265 
0 49 133 142 248 338 108 6 0 32 113 128 178 276 287 10 0 5 88 106 130 233 340 122 
0 249 357 105 168 129 16 0 0 303 278 100 139 119 85 0 0 143 384 104 98 127 122 46 
0 120 351 184 236 124 8 1 0 185 270 158 153 203 54 1 1 110 278 141 141 150 184 19 
157 569 178 74 30 16 0 0 120 554 194 96 26 31 3 0 43 495 245 122 66 28 25 0 
462 545 17 0 0 0 0 0 441 570 13 0 0 0 0 0 293 711 20 0 0 0 0 0 
634 339 50 0 0 0 0 0 561 446 16 0 0 0 0 0 424 572 26 0 0 0 0 0 
420 530 64 4 4 0 0 0 374 548 91 0 4 4 0 0 352 502 160 0 4 4 0 0 
406 489 128 0 0 0 0 0 370 489 164 0 0 0 0 0 260 512 242 9 0 0 0 0 
0 18 429 498 77 0 0 0 0 13 214 548 246 0 0 0 0 0 45 425 461 91 0 0 
0 214 374 338 96 0 0 0 0 150 416 292 164 0 0 0 0 32 370 301 288 32 0 0 
0 269 310 173 164 96 9 0 0 292 288 173 164 96 9 0 0 77 466 169 178 123 9 0 
0 585 434 4 0 0 0 0 0 493 521 9 0 0 0 0 0 146 832 45 0 0 0 0 
0 722 301 0 0 0 0 0 0 800 224 0 0 0 0 0 0 534 489 0 0 0 0 0 
4 384 580 27 22 4 0 0 4 502 466 22 22 4 0 0 0 365 603 32 18 0 4 0 
9 978 36 0 0 0 0 0 0 795 228 0 0 0 0 0 0 169 850 4 0 0 0 0 
452 571 0 0 0 0 0 0 306 713 4 0 0 0 0 0 155 795 73 0 0 0 0 0 
204 819 0 0 0 0 0 0 34 984 4 0 0 0 0 0 19 945 58 0 0 0 0 0 
