34 335 336 239 80 0 0 0 32 219 442 323 8 0 0 0 249 673 100 2 0 0 0 0 
32 504 292 187 9 0 0 0 8 298 620 96 2 0 0 0 312 660 52 0 0 0 0 0 
9 137 220 322 291 37 4 4 64 79 359 414 98 7 3 0 315 573 130 4 2 0 0 0 
37 86 53 137 368 226 114 3 70 65 86 317 280 175 31 0 281 466 241 35 1 0 0 0 
0 43 81 147 349 346 49 9 2 60 144 265 405 140 8 0 288 564 150 20 2 0 0 0 
0 3 9 16 214 521 239 22 1 11 98 263 365 254 32 0 413 504 105 2 0 0 0 0 
0 1 11 23 125 570 270 24 6 18 211 412 267 110 0 0 383 586 55 0 0 0 0 0 
56 175 173 144 138 207 131 0 73 437 423 82 9 0 0 0 519 466 36 3 0 0 0 0 
16 166 142 206 399 93 2 0 18 187 211 384 217 7 0 0 436 511 75 2 0 0 0 0 
98 330 156 142 209 58 23 8 137 284 242 226 108 20 7 0 564 348 96 11 5 0 0 0 
67 123 252 127 104 164 166 21 58 101 282 277 146 124 34 2 382 457 157 15 9 4 0 0 
0 0 17 62 131 193 447 174 3 50 108 170 222 383 88 0 407 464 116 35 2 0 0 0 
0 1 41 84 222 262 272 142 0 38 116 248 244 246 130 2 421 438 139 18 8 0 0 0 
4 210 246 104 107 151 168 34 1 100 420 160 117 145 80 1 336 549 115 24 0 0 0 0 
6 515 171 87 88 109 45 3 10 532 260 99 93 29 1 0 534 381 74 23 11 1 0 0 
58 149 151 141 158 191 161 15 103 315 268 174 117 46 1 0 543 366 82 27 6 0 0 0 
45 216 196 164 222 132 39 10 197 158 241 300 91 28 9 0 652 261 73 26 7 4 1 0 
0 2 20 47 233 282 374 66 0 17 68 252 255 327 105 0 378 472 145 25 4 0 0 0 
0 0 3 18 185 342 361 115 0 0 30 203 259 351 178 3 418 462 122 21 1 0 0 0 
0 11 64 90 185 368 235 71 15 56 99 240 296 201 113 4 487 367 145 20 4 1 0 0 
1 57 218 137 136 224 215 36 6 123 245 202 258 166 22 2 356 377 196 73 16 6 0 0 
1 135 201 206 221 206 47 7 5 172 241 230 293 62 21 0 266 399 238 60 32 20 9 0 
0 165 213 168 204 227 45 2 7 286 265 279 165 20 1 1 458 389 140 31 4 1 1 0 
10 415 205 111 123 128 31 1 17 421 258 171 112 35 10 0 363 381 167 57 38 14 4 0 
1 17 80 115 187 324 245 55 22 84 137 205 302 213 57 4 396 388 168 50 20 2 0 0 
35 73 47 110 283 272 176 28 99 72 165 280 214 150 43 1 547 316 122 34 5 0 0 0 
7 97 206 145 215 197 110 47 85 188 197 235 176 96 46 1 488 370 128 26 10 2 0 0 
0 82 234 152 129 191 172 64 90 198 242 214 191 70 17 2 372 329 188 112 21 2 0 0 
0 12 155 167 182 331 155 22 3 52 305 356 255 44 7 2 336 468 176 34 6 4 0 0 
1 69 290 152 188 272 45 7 12 106 395 271 218 14 7 1 314 595 99 9 6 1 0 0 
80 428 325 67 59 59 6 0 34 319 494 101 48 12 8 8 213 643 100 34 12 11 9 2 
116 715 126 15 23 18 11 0 20 560 367 11 17 21 13 15 425 508 20 12 15 21 20 3 
36 128 173 173 264 197 49 4 53 133 184 377 210 57 10 0 390 391 211 31 1 0 0 0 
84 89 277 283 151 100 36 4 81 56 112 301 293 132 45 4 116 180 179 191 210 129 19 0 
0 53 333 409 61 71 88 9 0 24 42 162 308 306 88 94 10 17 46 179 283 326 96 67 
6 78 452 251 39 128 69 1 0 26 81 212 404 90 121 90 5 71 27 182 442 108 116 73 
1 147 386 194 80 120 91 5 0 11 103 320 222 123 130 115 0 41 65 322 254 115 143 84 
22 310 286 196 90 88 32 0 0 42 321 193 140 144 120 64 0 115 299 161 148 131 136 34 
8 117 227 326 201 105 34 6 0 36 107 137 227 196 233 88 2 84 103 138 221 200 218 58 
72 85 379 347 102 38 1 0 6 68 62 189 372 217 97 13 14 67 58 204 378 220 77 6 
48 299 287 227 140 23 0 0 2 101 462 405 52 2 0 0 214 664 120 23 3 0 0 0 
6 149 374 207 169 95 24 0 3 72 406 414 117 9 3 0 140 563 192 84 38 7 0 0 
30 207 368 207 117 63 32 0 1 114 207 446 150 33 39 34 63 392 190 148 126 35 39 31 
0 2 186 239 165 145 270 17 0 0 1 49 221 167 278 308 0 1 1 27 257 202 273 263 
0 6 311 569 136 2 0 0 0 0 2 94 623 294 11 0 0 0 2 86 647 285 4 0 
0 58 372 461 105 28 0 0 0 0 49 190 415 268 83 19 0 0 43 172 452 250 94 13 
2 87 323 415 116 76 5 0 0 31 55 192 214 269 206 57 0 48 42 135 277 342 141 39 
1 9 261 493 174 76 10 0 0 1 1 144 287 288 242 61 0 1 20 155 307 322 176 43 
434 191 187 95 87 30 0 0 323 160 269 214 42 13 3 0 404 400 120 63 25 9 3 0 
141 187 353 237 90 16 0 0 90 116 215 276 189 102 36 0 101 124 259 223 183 106 28 0 
108 41 94 492 210 45 34 0 81 52 48 67 137 281 310 48 87 83 49 42 137 371 214 41 
148 122 199 203 183 119 50 0 110 79 86 82 177 147 240 103 107 82 82 82 193 172 229 77 
249 160 299 276 39 1 0 0 210 103 153 277 245 35 1 0 218 98 140 260 270 38 0 0 
8 100 304 431 132 35 13 1 1 44 124 309 358 121 54 13 1 42 128 304 395 105 46 3 
129 43 368 403 77 4 0 0 117 30 93 339 280 145 20 0 119 37 91 332 285 149 11 0 
263 71 260 339 91 0 0 0 242 41 46 200 191 194 110 0 244 43 54 228 182 216 57 0 
81 86 370 360 125 2 0 0 18 81 57 124 322 286 136 0 11 76 56 69 390 342 80 0 
0 1 289 575 148 11 0 0 0 0 0 83 402 408 131 0 0 0 0 112 433 375 104 0 
0 0 308 495 114 73 34 0 0 0 0 89 319 406 155 55 0 0 12 79 318 430 143 42 
0 0 94 708 193 29 0 0 0 0 0 22 262 582 149 9 0 0 0 35 356 515 114 4 
0 6 474 453 91 0 0 0 0 0 12 245 500 152 115 0 0 0 6 245 514 203 56 0 
0 6 375 390 200 51 2 0 0 0 6 201 316 239 255 7 0 0 7 155 419 296 145 2 
128 46 104 296 199 129 122 0 110 65 77 114 107 115 301 135 128 64 82 114 113 169 244 110 
700 71 150 103 0 0 0 0 630 81 37 84 135 57 0 0 609 88 46 82 143 56 0 0 
