1 65 99 35 36 760 28 0 1 29 132 31 25 498 307 1 0 53 109 29 20 50 754 9 
7 215 269 62 28 308 135 0 2 141 328 67 34 63 388 1 4 221 235 70 37 34 378 45 
7 603 158 27 31 47 150 1 1 500 252 32 26 44 158 11 3 604 147 25 25 32 139 49 
1 832 157 9 7 9 5 4 0 661 319 15 5 10 8 6 2 855 118 21 6 3 12 7 
0 769 211 29 8 6 0 1 0 572 417 19 9 6 0 1 3 905 89 18 4 3 1 1 
0 685 323 13 3 0 0 0 0 483 532 6 3 0 0 0 0 923 96 4 1 0 0 0 
2 519 331 84 23 40 24 1 2 457 395 80 27 25 31 7 5 652 211 67 35 13 18 23 
0 628 188 97 35 47 26 3 0 577 232 95 38 30 48 4 2 664 178 71 38 22 31 18 
0 780 235 9 0 0 0 0 0 692 319 10 3 0 0 0 0 979 36 9 0 0 0 0 
0 553 458 12 1 0 0 0 0 426 583 14 1 0 0 0 0 819 198 6 1 0 0 0 
0 621 403 0 0 0 0 0 0 426 597 1 0 0 0 0 0 923 101 0 0 0 0 0 
0 271 753 0 0 0 0 0 0 175 849 0 0 0 0 0 0 960 64 0 0 0 0 0 
0 535 489 0 0 0 0 0 0 357 667 0 0 0 0 0 0 913 111 0 0 0 0 0 
0 408 616 0 0 0 0 0 0 302 722 0 0 0 0 0 0 747 277 0 0 0 0 0 
0 80 867 55 15 5 2 0 0 79 874 55 10 5 1 0 1 438 518 47 14 3 3 0 
0 49 800 116 43 13 2 1 0 15 808 138 44 16 3 0 0 283 521 149 47 19 5 0 
0 289 662 53 12 8 0 0 0 304 644 56 12 8 0 0 0 674 291 44 11 4 0 0 
0 452 535 10 23 3 1 0 0 484 497 15 19 8 1 0 0 816 157 23 19 8 1 0 
1 310 461 95 35 43 78 1 0 240 508 101 41 26 97 11 1 425 352 76 37 27 29 77 
2 59 370 25 27 91 440 10 0 49 368 31 26 34 479 37 1 195 228 18 27 32 169 354 
0 804 214 3 2 1 0 0 0 672 344 4 3 1 0 0 0 925 88 7 3 0 1 0 
0 973 51 0 0 0 0 0 0 899 125 0 0 0 0 0 0 1012 12 0 0 0 0 0 
0 1024 0 0 0 0 0 0 0 1024 0 0 0 0 0 0 0 1024 0 0 0 0 0 0 
0 1024 0 0 0 0 0 0 0 1022 2 0 0 0 0 0 0 1023 1 0 0 0 0 0 
0 1015 9 0 0 0 0 0 0 1008 16 0 0 0 0 0 0 1019 5 0 0 0 0 0 
0 1019 5 0 0 0 0 0 0 998 26 0 0 0 0 0 0 1014 10 0 0 0 0 0 
0 1001 22 1 0 0 0 0 0 987 36 1 0 0 0 0 0 1011 12 1 0 0 0 0 
0 1018 6 0 0 0 0 0 0 1018 6 0 0 0 0 0 0 1021 3 0 0 0 0 0 
0 959 45 8 8 4 0 0 0 950 55 10 7 2 0 0 1 973 33 7 7 3 0 0 
0 1007 17 0 0 0 0 0 0 951 73 0 0 0 0 0 0 1020 4 0 0 0 0 0 
0 1022 2 0 0 0 0 0 0 1012 12 0 0 0 0 0 0 1024 0 0 0 0 0 0 
0 915 106 2 1 0 0 0 0 898 123 2 1 0 0 0 1 1002 18 3 0 0 0 0 
0 880 144 0 0 0 0 0 0 740 284 0 0 0 0 0 0 1015 9 0 0 0 0 0 
0 813 211 0 0 0 0 0 0 638 386 0 0 0 0 0 0 979 45 0 0 0 0 0 
0 866 158 0 0 0 0 0 0 759 265 0 0 0 0 0 0 1001 23 0 0 0 0 0 
0 861 163 0 0 0 0 0 0 710 314 0 0 0 0 0 0 988 36 0 0 0 0 0 
0 846 178 0 0 0 0 0 0 769 255 0 0 0 0 0 0 1006 18 0 0 0 0 0 
0 1019 5 0 0 0 0 0 0 1016 8 0 0 0 0 0 0 1024 0 0 0 0 0 0 
0 961 63 0 0 0 0 0 0 963 61 0 0 0 0 0 0 1019 5 0 0 0 0 0 
0 731 293 0 0 0 0 0 0 803 221 0 0 0 0 0 0 1013 11 0 0 0 0 0 
0 1024 0 0 0 0 0 0 0 1012 12 0 0 0 0 0 2 1022 0 0 0 0 0 0 
0 1024 0 0 0 0 0 0 0 1018 6 0 0 0 0 0 0 1024 0 0 0 0 0 0 
0 1024 0 0 0 0 0 0 0 1024 0 0 0 0 0 0 0 1024 0 0 0 0 0 0 
0 1023 1 0 0 0 0 0 0 1021 3 0 0 0 0 0 4 1020 0 0 0 0 0 0 
0 982 39 3 0 0 0 0 0 969 52 3 0 0 0 0 0 1007 15 2 0 0 0 0 
0 1024 0 0 0 0 0 0 0 1024 0 0 0 0 0 0 1 1023 0 0 0 0 0 0 
0 1024 0 0 0 0 0 0 0 1024 0 0 0 0 0 0 0 1024 0 0 0 0 0 0 
0 1013 11 0 0 0 0 0 0 1019 5 0 0 0 0 0 0 1024 0 0 0 0 0 0 
0 1009 15 0 0 0 0 0 0 1002 22 0 0 0 0 0 0 1017 7 0 0 0 0 0 
1 938 81 4 0 0 0 0 1 905 115 3 0 0 0 0 2 974 44 4 0 0 0 0 
0 1024 0 0 0 0 0 0 0 1023 1 0 0 0 0 0 0 1024 0 0 0 0 0 0 
0 1004 20 0 0 0 0 0 0 998 26 0 0 0 0 0 1 1010 13 0 0 0 0 0 
0 1001 23 0 0 0 0 0 0 945 79 0 0 0 0 0 0 1013 11 0 0 0 0 0 
0 1022 2 0 0 0 0 0 0 1003 21 0 0 0 0 0 0 1023 1 0 0 0 0 0 
0 1022 2 0 0 0 0 0 0 1022 2 0 0 0 0 0 0 1023 1 0 0 0 0 0 
0 1024 0 0 0 0 0 0 0 1016 8 0 0 0 0 0 0 1022 2 0 0 0 0 0 
0 1015 9 0 0 0 0 0 0 1004 20 0 0 0 0 0 0 1014 10 0 0 0 0 0 
0 884 137 2 1 0 0 0 0 884 136 3 1 0 0 0 0 926 93 4 1 0 0 0 
0 1014 10 0 0 0 0 0 0 1012 12 0 0 0 0 0 0 1021 3 0 0 0 0 0 
0 1010 14 0 0 0 0 0 0 1007 17 0 0 0 0 0 0 1017 7 0 0 0 0 0 
4 937 82 1 0 0 0 0 1 963 60 0 0 0 0 0 72 937 15 0 0 0 0 0 
0 1023 1 0 0 0 0 0 0 1021 3 0 0 0 0 0 0 1024 0 0 0 0 0 0 
0 1024 0 0 0 0 0 0 0 1024 0 0 0 0 0 0 0 1024 0 0 0 0 0 0 
0 1024 0 0 0 0 0 0 0 1024 0 0 0 0 0 0 0 1024 0 0 0 0 0 0 
0 1024 0 0 0 0 0 0 0 1024 0 0 0 0 0 0 0 1024 0 0 0 0 0 0 
0 1024 0 0 0 0 0 0 0 1024 0 0 0 0 0 0 2 1022 0 0 0 0 0 0 
0 1024 0 0 0 0 0 0 0 1024 0 0 0 0 0 0 0 1024 0 0 0 0 0 0 
0 1024 0 0 0 0 0 0 0 1024 0 0 0 0 0 0 28 996 0 0 0 0 0 0 
0 1018 6 0 0 0 0 0 0 1006 18 0 0 0 0 0 0 1021 3 0 0 0 0 0 
0 976 46 2 0 0 0 0 0 956 65 3 0 0 0 0 0 985 37 2 0 0 0 0 
0 1024 0 0 0 0 0 0 0 1024 0 0 0 0 0 0 0 1024 0 0 0 0 0 0 
0 998 20 5 1 0 0 0 0 1000 18 5 1 0 0 0 1 1005 13 5 0 0 0 0 
0 1018 6 0 0 0 0 0 0 1011 13 0 0 0 0 0 0 1018 6 0 0 0 0 0 
0 1007 17 0 0 0 0 0 0 990 34 0 0 0 0 0 0 1018 6 0 0 0 0 0 
0 1019 5 0 0 0 0 0 0 1006 18 0 0 0 0 0 0 1017 7 0 0 0 0 0 
0 1019 5 0 0 0 0 0 0 1008 16 0 0 0 0 0 0 1021 3 0 0 0 0 0 
0 1024 0 0 0 0 0 0 0 1024 0 0 0 0 0 0 2 1022 0 0 0 0 0 0 
0 1021 3 0 0 0 0 0 0 1018 6 0 0 0 0 0 11 1013 0 0 0 0 0 0 
0 1014 10 0 0 0 0 0 0 1003 21 0 0 0 0 0 0 1013 11 0 0 0 0 0 
0 1014 10 0 0 0 0 0 0 1010 14 0 0 0 0 0 32 991 1 0 0 0 0 0 
0 83 940 1 0 0 0 0 0 183 841 0 0 0 0 0 0 866 158 0 0 0 0 0 
1 497 525 1 0 0 0 0 1 532 490 1 0 0 0 0 10 712 302 0 0 0 0 0 
0 667 357 0 0 0 0 0 0 657 367 0 0 0 0 0 3 898 123 0 0 0 0 0 
0 698 326 0 0 0 0 0 0 689 335 0 0 0 0 0 6 835 183 0 0 0 0 0 
0 702 322 0 0 0 0 0 0 676 348 0 0 0 0 0 0 854 170 0 0 0 0 0 
0 750 274 0 0 0 0 0 0 743 281 0 0 0 0 0 0 979 45 0 0 0 0 0 
0 808 216 0 0 0 0 0 0 783 241 0 0 0 0 0 0 946 78 0 0 0 0 0 
0 772 252 0 0 0 0 0 0 787 237 0 0 0 0 0 11 990 23 0 0 0 0 0 
0 825 199 0 0 0 0 0 0 736 288 0 0 0 0 0 8 918 98 0 0 0 0 0 
0 845 179 0 0 0 0 0 0 813 211 0 0 0 0 0 0 967 57 0 0 0 0 0 
0 831 193 0 0 0 0 0 0 765 259 0 0 0 0 0 0 977 47 0 0 0 0 0 
0 847 177 0 0 0 0 0 0 859 165 0 0 0 0 0 0 989 35 0 0 0 0 0 
0 703 321 0 0 0 0 0 0 750 274 0 0 0 0 0 0 979 45 0 0 0 0 0 
0 568 456 0 0 0 0 0 0 637 387 0 0 0 0 0 0 964 60 0 0 0 0 0 
0 561 463 0 0 0 0 0 0 589 435 0 0 0 0 0 0 919 105 0 0 0 0 0 
0 565 459 0 0 0 0 0 0 641 383 0 0 0 0 0 6 974 44 0 0 0 0 0 
0 624 400 0 0 0 0 0 0 647 377 0 0 0 0 0 0 934 90 0 0 0 0 0 
0 756 268 0 0 0 0 0 0 830 194 0 0 0 0 0 4 1013 7 0 0 0 0 0 
0 981 43 0 0 0 0 0 0 984 40 0 0 0 0 0 5 1016 3 0 0 0 0 0 
0 1024 0 0 0 0 0 0 0 1024 0 0 0 0 0 0 78 946 0 0 0 0 0 0 
0 32 848 144 0 0 0 0 0 258 753 13 0 0 0 0 0 533 491 0 0 0 0 0 
0 50 810 164 0 0 0 0 0 188 811 25 0 0 0 0 2 518 504 0 0 0 0 0 
0 45 802 177 0 0 0 0 1 185 833 5 0 0 0 0 2 428 594 0 0 0 0 0 
0 63 704 257 0 0 0 0 0 100 914 10 0 0 0 0 5 404 615 0 0 0 0 0 
0 17 776 231 0 0 0 0 0 21 981 22 0 0 0 0 0 165 859 0 0 0 0 0 
0 87 725 212 0 0 0 0 0 160 837 27 0 0 0 0 0 368 656 0 0 0 0 0 
0 78 802 144 0 0 0 0 0 153 859 12 0 0 0 0 0 365 659 0 0 0 0 0 
0 5 896 123 0 0 0 0 0 6 1017 1 0 0 0 0 0 145 879 0 0 0 0 0 
0 0 1012 12 0 0 0 0 0 2 1019 3 0 0 0 0 0 154 870 0 0 0 0 0 
0 0 1024 0 0 0 0 0 0 1 1023 0 0 0 0 0 0 83 941 0 0 0 0 0 
0 2 1022 0 0 0 0 0 0 2 1022 0 0 0 0 0 0 147 877 0 0 0 0 0 
0 1 1023 0 0 0 0 0 0 2 1022 0 0 0 0 0 0 117 907 0 0 0 0 0 
0 82 942 0 0 0 0 0 0 79 945 0 0 0 0 0 0 410 614 0 0 0 0 0 
0 181 843 0 0 0 0 0 0 160 864 0 0 0 0 0 0 649 375 0 0 0 0 0 
0 88 936 0 0 0 0 0 0 213 811 0 0 0 0 0 0 890 134 0 0 0 0 0 
0 291 733 0 0 0 0 0 0 289 735 0 0 0 0 0 0 982 42 0 0 0 0 0 
0 201 823 0 0 0 0 0 0 292 732 0 0 0 0 0 0 951 73 0 0 0 0 0 
0 152 872 0 0 0 0 0 0 349 675 0 0 0 0 0 0 957 67 0 0 0 0 0 
0 227 797 0 0 0 0 0 0 431 593 0 0 0 0 0 0 980 44 0 0 0 0 0 
0 415 609 0 0 0 0 0 0 470 554 0 0 0 0 0 25 823 176 0 0 0 0 0 
0 6 1018 0 0 0 0 0 0 20 1004 0 0 0 0 0 0 380 644 0 0 0 0 0 
0 15 1008 1 0 0 0 0 0 27 997 0 0 0 0 0 0 432 592 0 0 0 0 0 
0 204 820 0 0 0 0 0 0 221 803 0 0 0 0 0 1 366 657 0 0 0 0 0 
4 333 687 0 0 0 0 0 1 330 693 0 0 0 0 0 27 444 553 0 0 0 0 0 
0 340 684 0 0 0 0 0 0 327 697 0 0 0 0 0 15 521 488 0 0 0 0 0 
1 524 499 0 0 0 0 0 0 537 487 0 0 0 0 0 62 562 400 0 0 0 0 0 
1 557 466 0 0 0 0 0 0 567 457 0 0 0 0 0 33 641 350 0 0 0 0 0 
0 425 599 0 0 0 0 0 0 421 603 0 0 0 0 0 17 546 461 0 0 0 0 0 
1 442 581 0 0 0 0 0 1 385 638 0 0 0 0 0 2 587 435 0 0 0 0 0 
0 233 752 39 0 0 0 0 0 173 823 28 0 0 0 0 0 458 555 11 0 0 0 0 
1 237 775 11 0 0 0 0 1 202 816 5 0 0 0 0 4 526 493 1 0 0 0 0 
2 188 803 20 8 3 0 0 1 156 834 21 10 2 0 0 5 529 463 19 6 2 0 0 
8 225 718 53 18 2 0 0 5 181 768 54 15 1 0 0 23 388 561 42 9 1 0 0 
5 181 738 65 23 11 1 0 3 143 793 46 27 12 0 0 10 547 406 27 21 13 0 0 
9 230 759 17 7 2 0 0 6 205 790 17 6 0 0 0 21 751 236 16 0 0 0 0 
0 231 793 0 0 0 0 0 0 159 865 0 0 0 0 0 4 902 118 0 0 0 0 0 
1 197 817 6 3 0 0 0 0 206 809 6 3 0 0 0 7 945 67 5 0 0 0 0 
0 481 537 6 0 0 0 0 0 441 577 6 0 0 0 0 7 961 53 3 0 0 0 0 
0 424 597 3 0 0 0 0 0 426 596 2 0 0 0 0 2 999 23 0 0 0 0 0 
1 800 215 7 1 0 0 0 1 667 348 6 2 0 0 0 29 965 23 7 0 0 0 0 
0 669 353 2 0 0 0 0 1 726 295 2 0 0 0 0 69 864 91 0 0 0 0 0 
33 934 57 0 0 0 0 0 7 968 49 0 0 0 0 0 447 575 2 0 0 0 0 0 
22 916 85 1 0 0 0 0 1 942 80 1 0 0 0 0 192 811 20 1 0 0 0 0 
0 923 99 1 1 0 0 0 0 869 153 1 1 0 0 0 5 999 19 1 0 0 0 0 
1 690 326 7 0 0 0 0 1 603 413 7 0 0 0 0 39 905 75 5 0 0 0 0 
2 531 490 1 0 0 0 0 0 423 599 2 0 0 0 0 2 938 84 0 0 0 0 0 
0 430 584 10 0 0 0 0 0 293 720 11 0 0 0 0 0 897 122 5 0 0 0 0 
0 215 804 5 0 0 0 0 0 113 909 2 0 0 0 0 1 758 265 0 0 0 0 0 
0 107 915 2 0 0 0 0 0 53 970 1 0 0 0 0 1 568 455 0 0 0 0 0 
0 23 999 2 0 0 0 0 0 2 1020 2 0 0 0 0 0 334 688 2 0 0 0 0 
0 167 849 7 1 0 0 0 0 109 908 6 1 0 0 0 2 366 654 2 0 0 0 0 
0 116 900 7 1 0 0 0 0 67 949 7 1 0 0 0 1 437 581 4 1 0 0 0 
0 43 942 25 13 1 0 0 0 22 968 25 8 1 0 0 2 313 691 14 4 0 0 0 
0 118 845 42 17 2 0 0 0 60 908 40 15 1 0 0 0 553 430 32 9 0 0 0 
1 170 826 22 5 0 0 0 0 76 913 29 5 1 0 0 6 545 458 11 4 0 0 0 
3 357 647 16 1 0 0 0 2 267 739 15 1 0 0 0 35 799 182 8 0 0 0 0 
2 329 654 33 4 2 0 0 1 234 758 26 3 2 0 0 19 826 167 9 3 0 0 0 
4 352 636 21 10 1 0 0 2 241 749 21 11 0 0 0 16 862 127 13 6 0 0 0 
0 317 704 3 0 0 0 0 0 320 702 2 0 0 0 0 0 894 130 0 0 0 0 0 
1 568 445 9 1 0 0 0 1 624 387 11 1 0 0 0 4 976 38 5 1 0 0 0 
1 739 279 5 0 0 0 0 1 648 371 4 0 0 0 0 19 930 74 1 0 0 0 0 
0 761 262 1 0 0 0 0 0 667 355 2 0 0 0 0 0 950 74 0 0 0 0 0 
1 835 188 0 0 0 0 0 0 727 297 0 0 0 0 0 11 956 57 0 0 0 0 0 
1 781 240 1 1 0 0 0 1 660 359 3 1 0 0 0 3 971 49 0 1 0 0 0 
0 594 423 7 0 0 0 0 0 487 526 11 0 0 0 0 2 883 131 8 0 0 0 0 
1 598 423 1 1 0 0 0 1 574 447 1 1 0 0 0 6 895 121 2 0 0 0 0 
0 785 237 2 0 0 0 0 0 757 265 2 0 0 0 0 11 969 44 0 0 0 0 0 
0 597 427 0 0 0 0 0 0 631 393 0 0 0 0 0 4 953 67 0 0 0 0 0 
0 482 531 9 2 0 0 0 0 374 640 8 2 0 0 0 5 866 150 3 0 0 0 0 
0 267 751 5 1 0 0 0 0 161 849 13 1 0 0 0 1 824 197 1 1 0 0 0 
0 359 662 3 0 0 0 0 0 273 747 4 0 0 0 0 0 719 304 1 0 0 0 0 
9 470 505 27 12 1 0 0 6 462 516 26 14 0 0 0 33 831 123 25 12 0 0 0 
5 412 437 41 35 35 34 25 3 312 542 38 36 42 25 26 19 683 166 33 36 35 20 32 
3 335 342 69 35 62 78 100 4 251 443 51 37 55 83 100 17 569 140 42 33 59 85 79 
0 355 211 117 51 50 123 117 1 261 313 112 48 48 105 136 6 471 141 86 41 58 176 45 
3 223 364 63 46 65 65 195 0 143 435 71 51 60 69 195 14 402 208 31 52 59 103 155 
4 286 498 15 11 27 47 136 1 278 506 15 11 25 51 137 35 532 228 9 19 26 58 117 
1 322 685 5 2 4 1 4 1 356 652 3 3 4 1 4 64 776 172 3 4 1 3 1 
0 676 343 5 0 0 0 0 0 772 251 1 0 0 0 0 82 897 45 0 0 0 0 0 
0 440 566 18 0 0 0 0 0 485 534 5 0 0 0 0 32 788 203 1 0 0 0 0 
0 434 588 2 0 0 0 0 0 496 526 2 0 0 0 0 0 863 160 1 0 0 0 0 
0 221 796 7 0 0 0 0 0 241 777 6 0 0 0 0 1 722 298 3 0 0 0 0 
0 195 822 7 0 0 0 0 1 236 783 4 0 0 0 0 7 723 292 2 0 0 0 0 
0 258 765 1 0 0 0 0 0 213 811 0 0 0 0 0 2 676 346 0 0 0 0 0 
0 191 817 16 0 0 0 0 0 185 832 7 0 0 0 0 0 621 401 2 0 0 0 0 
0 97 923 4 0 0 0 0 0 108 912 4 0 0 0 0 3 583 438 0 0 0 0 0 
0 172 848 4 0 0 0 0 0 198 821 5 0 0 0 0 3 595 426 0 0 0 0 0 
2 208 812 2 0 0 0 0 3 245 774 2 0 0 0 0 9 614 401 0 0 0 0 0 
0 221 799 4 0 0 0 0 0 156 866 2 0 0 0 0 1 549 474 0 0 0 0 0 
0 160 854 9 1 0 0 0 0 131 877 16 0 0 0 0 0 670 352 2 0 0 0 0 
1 149 867 7 0 0 0 0 1 79 937 7 0 0 0 0 1 626 395 2 0 0 0 0 
2 335 685 2 0 0 0 0 1 213 805 5 0 0 0 0 5 724 293 2 0 0 0 0 
2 597 408 13 4 0 0 0 2 494 507 16 5 0 0 0 29 825 160 9 1 0 0 0 
2 714 280 21 6 1 0 0 1 726 273 17 6 1 0 0 8 915 83 15 3 0 0 0 
8 296 341 267 94 17 1 0 4 270 372 276 84 17 1 0 13 463 211 255 71 10 1 0 
2 36 296 348 298 33 5 6 1 33 296 385 270 29 3 7 6 80 321 403 191 15 4 4 
0 12 225 387 215 78 39 68 0 14 227 384 213 80 30 76 0 44 340 278 193 65 34 70 
5 164 379 305 126 23 10 12 1 170 417 287 108 20 9 12 60 234 380 233 78 23 12 4 
10 524 201 136 113 28 8 4 2 561 178 115 134 22 7 5 377 253 133 124 105 20 7 5 
49 642 165 146 16 2 4 0 6 696 139 161 17 1 4 0 404 359 105 144 7 5 0 0 
4 551 458 10 1 0 0 0 3 572 409 38 1 1 0 0 30 752 238 3 1 0 0 0 
2 598 414 10 0 0 0 0 1 571 399 53 0 0 0 0 61 719 234 10 0 0 0 0 
2 315 678 26 2 1 0 0 2 352 633 34 2 1 0 0 12 698 307 5 2 0 0 0 
0 456 560 8 0 0 0 0 0 381 634 9 0 0 0 0 8 796 219 1 0 0 0 0 
0 703 321 0 0 0 0 0 0 546 473 5 0 0 0 0 1 936 87 0 0 0 0 0 
0 587 436 1 0 0 0 0 0 324 699 1 0 0 0 0 2 939 83 0 0 0 0 0 
0 419 601 4 0 0 0 0 0 355 661 8 0 0 0 0 1 768 254 1 0 0 0 0 
1 390 629 4 0 0 0 0 1 356 664 3 0 0 0 0 3 791 230 0 0 0 0 0 
3 178 813 28 1 1 0 0 4 175 813 30 1 1 0 0 12 525 480 6 1 0 0 0 
1 328 662 32 1 0 0 0 2 228 770 24 0 0 0 0 38 595 382 9 0 0 0 0 
9 413 358 125 81 32 5 1 5 350 413 131 90 32 2 1 86 516 204 119 72 27 0 0 
9 92 248 287 240 125 22 1 2 82 277 275 230 138 20 0 22 151 283 244 211 103 10 0 
5 231 373 230 132 50 3 0 4 245 365 248 111 47 4 0 26 376 269 209 96 46 1 1 
2 75 233 233 412 60 9 0 0 75 238 290 366 52 3 0 8 157 199 331 286 40 3 0 
0 9 14 157 642 91 32 79 0 6 16 150 683 63 23 83 0 8 27 214 620 70 23 62 
0 0 3 62 301 194 119 345 0 0 2 47 286 239 95 355 0 7 22 94 270 206 120 305 
0 0 0 5 107 146 128 638 0 0 0 11 116 127 118 652 0 0 7 61 123 133 147 553 
0 0 2 34 219 247 163 359 0 0 0 34 251 229 142 368 0 1 6 61 234 262 161 299 
0 0 0 34 207 369 198 216 0 0 0 29 251 384 166 194 0 1 3 62 282 342 169 165 
0 0 5 30 181 594 108 106 0 0 2 41 281 542 80 78 0 2 9 76 343 434 95 65 
4 576 430 12 2 0 0 0 0 85 876 58 5 0 0 0 25 757 235 7 0 0 0 0 
6 661 351 6 0 0 0 0 1 121 877 25 0 0 0 0 71 832 118 3 0 0 0 0 
0 200 817 7 0 0 0 0 0 10 982 32 0 0 0 0 2 761 261 0 0 0 0 0 
0 229 780 14 1 0 0 0 0 27 966 30 1 0 0 0 7 822 194 1 0 0 0 0 
2 203 812 7 0 0 0 0 0 123 692 208 1 0 0 0 8 450 562 4 0 0 0 0 
3 334 651 32 3 0 1 0 1 227 576 215 4 0 1 0 18 598 402 5 0 1 0 0 
0 518 502 4 0 0 0 0 0 488 435 100 1 0 0 0 9 729 285 1 0 0 0 0 
0 449 565 9 1 0 0 0 0 373 524 126 1 0 0 0 11 625 387 1 0 0 0 0 
0 278 701 45 0 0 0 0 0 229 680 115 0 0 0 0 19 502 500 3 0 0 0 0 
29 245 415 288 43 3 1 0 2 235 508 237 38 4 0 0 16 339 464 174 27 4 0 0 
2 156 242 239 309 74 2 0 0 142 231 260 323 65 3 0 14 218 210 261 257 60 4 0 
0 5 61 118 482 330 28 0 0 4 48 125 526 301 19 1 0 5 61 131 508 291 25 3 
0 6 76 179 511 237 15 0 0 5 63 176 547 225 8 0 0 8 74 184 490 256 12 0 
0 1 16 169 491 326 21 0 0 0 19 178 539 282 6 0 0 2 31 190 538 253 10 0 
0 0 1 17 517 470 18 1 0 0 3 26 588 401 5 1 0 0 4 45 612 357 5 1 
0 0 1 19 607 334 30 33 0 0 1 26 729 219 15 34 0 0 7 49 588 349 19 12 
0 0 5 45 383 341 86 164 0 0 3 34 482 249 73 183 0 2 10 80 441 258 72 161 
0 0 4 36 293 353 90 248 0 0 2 26 398 272 75 251 0 1 5 65 357 275 86 235 
0 0 1 13 184 484 153 189 0 0 1 14 323 400 129 157 0 0 1 39 347 359 131 147 
0 0 0 11 128 552 211 122 0 0 0 16 270 510 137 91 0 0 3 31 305 459 143 83 
10 477 532 5 0 0 0 0 3 190 802 29 0 0 0 0 105 784 135 0 0 0 0 0 
3 235 784 2 0 0 0 0 0 14 965 44 1 0 0 0 13 817 193 1 0 0 0 0 
1 341 678 4 0 0 0 0 0 16 948 60 0 0 0 0 7 847 170 0 0 0 0 0 
0 222 793 8 0 1 0 0 0 15 801 206 1 1 0 0 19 652 352 0 1 0 0 0 
1 97 926 0 0 0 0 0 0 3 728 293 0 0 0 0 3 479 542 0 0 0 0 0 
0 16 999 9 0 0 0 0 0 0 466 558 0 0 0 0 0 259 765 0 0 0 0 0 
0 12 1001 11 0 0 0 0 0 0 462 561 1 0 0 0 0 368 655 1 0 0 0 0 
0 3 1007 12 2 0 0 0 0 0 301 718 4 1 0 0 0 301 718 4 1 0 0 0 
0 104 903 17 0 0 0 0 0 2 526 496 0 0 0 0 1 226 794 3 0 0 0 0 
0 29 838 137 18 2 0 0 0 1 342 638 38 5 0 0 0 255 642 82 38 6 1 0 
5 123 664 186 28 16 1 1 2 97 313 555 38 18 0 1 10 237 602 130 31 12 1 1 
0 1 271 372 330 46 2 2 0 0 115 511 353 41 2 2 0 22 339 271 309 79 2 2 
0 2 9 257 699 54 2 1 0 1 11 196 775 39 2 0 0 1 12 169 792 47 3 0 
0 0 5 15 715 289 0 0 0 0 3 15 802 204 0 0 0 0 4 17 665 338 0 0 
0 0 5 33 520 449 15 2 0 0 3 48 668 297 7 1 0 1 11 76 571 359 6 0 
0 0 9 79 443 404 76 13 0 0 11 74 536 332 54 17 0 1 7 82 471 378 61 24 
0 0 10 51 451 439 57 16 0 0 8 49 575 325 49 18 0 0 5 73 479 394 54 19 
0 0 2 33 469 417 57 46 0 0 1 46 605 294 36 42 0 0 2 78 542 321 35 46 
0 0 0 21 299 497 93 114 0 0 0 31 437 402 53 101 0 1 6 58 434 392 61 72 
0 0 1 21 272 567 93 70 0 0 1 35 403 472 53 60 1 0 6 54 401 434 68 60 
10 730 279 5 0 0 0 0 1 153 846 24 0 0 0 0 46 901 77 0 0 0 0 0 
4 477 542 1 0 0 0 0 0 50 879 95 0 0 0 0 35 810 178 1 0 0 0 0 
3 404 614 3 0 0 0 0 0 47 918 59 0 0 0 0 33 820 171 0 0 0 0 0 
2 233 787 2 0 0 0 0 0 17 934 73 0 0 0 0 18 749 257 0 0 0 0 0 
2 461 560 1 0 0 0 0 0 39 956 29 0 0 0 0 17 832 175 0 0 0 0 0 
0 312 710 2 0 0 0 0 0 39 889 96 0 0 0 0 14 760 250 0 0 0 0 0 
3 290 724 7 0 0 0 0 0 31 792 201 0 0 0 0 15 531 478 0 0 0 0 0 
2 339 683 0 0 0 0 0 0 32 868 124 0 0 0 0 9 518 497 0 0 0 0 0 
4 421 594 4 1 0 0 0 1 69 829 124 0 1 0 0 22 665 335 1 1 0 0 0 
3 178 829 14 0 0 0 0 0 39 505 479 1 0 0 0 9 398 617 0 0 0 0 0 
0 101 913 9 1 0 0 0 0 0 629 394 1 0 0 0 0 327 696 1 0 0 0 0 
0 128 872 20 4 0 0 0 0 4 768 249 3 0 0 0 1 314 699 10 0 0 0 0 
2 128 582 227 74 9 2 0 0 12 547 408 50 6 1 0 10 414 428 133 34 3 2 0 
0 53 394 205 328 40 3 1 0 3 297 340 367 15 2 0 0 194 331 154 301 39 4 1 
0 53 432 176 272 82 9 0 0 11 383 280 285 57 8 0 1 180 369 158 249 62 5 0 
0 39 399 141 297 139 7 2 0 2 310 254 345 103 6 4 2 192 276 119 271 155 7 2 
1 154 263 123 155 158 67 103 0 18 371 157 194 129 51 104 5 318 156 105 194 110 48 88 
0 13 217 161 252 249 57 75 0 4 192 212 303 197 36 80 1 71 226 139 266 204 48 69 
0 7 236 87 177 265 108 144 0 0 197 144 252 212 95 124 1 70 235 102 240 177 90 109 
0 18 342 90 273 267 25 9 0 4 312 159 373 152 18 6 2 149 246 96 315 193 16 7 
7 696 320 1 0 0 0 0 0 163 844 16 1 0 0 0 34 882 107 1 0 0 0 0 
2 591 430 1 0 0 0 0 0 102 918 4 0 0 0 0 28 815 181 0 0 0 0 0 
2 631 390 1 0 0 0 0 0 123 887 14 0 0 0 0 45 848 131 0 0 0 0 0 
3 453 563 5 0 0 0 0 0 50 937 37 0 0 0 0 15 856 153 0 0 0 0 0 
10 425 585 4 0 0 0 0 1 76 915 32 0 0 0 0 27 834 163 0 0 0 0 0 
5 383 630 6 0 0 0 0 0 130 856 38 0 0 0 0 43 724 257 0 0 0 0 0 
8 456 557 3 0 0 0 0 0 156 821 47 0 0 0 0 17 643 364 0 0 0 0 0 
3 615 401 5 0 0 0 0 2 79 901 41 1 0 0 0 14 714 290 6 0 0 0 0 
9 502 497 15 1 0 0 0 1 90 843 85 4 1 0 0 22 582 409 10 1 0 0 0 
9 458 549 8 0 0 0 0 1 126 806 90 1 0 0 0 20 704 299 1 0 0 0 0 
3 391 616 14 0 0 0 0 0 110 763 150 1 0 0 0 77 613 333 1 0 0 0 0 
9 322 664 29 0 0 0 0 1 85 845 93 0 0 0 0 42 644 338 0 0 0 0 0 
3 292 725 4 0 0 0 0 0 25 909 90 0 0 0 0 11 741 272 0 0 0 0 0 
5 446 571 2 0 0 0 0 0 72 871 81 0 0 0 0 21 702 301 0 0 0 0 0 
7 609 403 5 0 0 0 0 1 70 907 46 0 0 0 0 30 783 210 1 0 0 0 0 
4 641 376 2 1 0 0 0 0 68 937 18 0 1 0 0 28 897 98 0 1 0 0 0 
22 624 354 22 1 1 0 0 1 153 824 44 2 0 0 0 85 824 112 3 0 0 0 0 
7 710 306 1 0 0 0 0 0 126 883 15 0 0 0 0 54 866 104 0 0 0 0 0 
1 390 633 0 0 0 0 0 0 6 1006 12 0 0 0 0 1 855 168 0 0 0 0 0 
0 321 703 0 0 0 0 0 0 2 1017 5 0 0 0 0 0 858 166 0 0 0 0 0 
