589 237 100 65 32 1 0 0 134 417 169 154 120 30 0 0 541 238 82 87 66 10 0 0 
457 287 135 92 45 8 0 0 164 371 211 127 101 50 0 0 469 306 144 65 31 9 0 0 
114 181 182 258 209 66 13 1 26 102 117 159 345 255 20 0 124 303 214 235 105 32 11 0 
19 93 138 245 332 157 39 1 0 5 55 151 371 407 32 3 18 224 160 324 205 75 18 0 
20 132 138 351 321 57 5 0 1 30 81 184 466 258 4 0 47 374 250 238 92 22 1 0 
124 272 221 242 140 20 5 0 10 118 145 298 327 124 2 0 148 491 198 123 49 13 2 0 
358 385 160 88 24 8 1 0 71 325 309 184 115 19 1 0 401 357 161 77 22 5 1 0 
906 95 18 5 0 0 0 0 471 462 67 21 3 0 0 0 888 86 34 14 2 0 0 0 
749 194 47 26 8 0 0 0 307 376 144 140 48 9 0 0 695 224 56 27 22 0 0 0 
664 225 79 40 12 2 2 0 332 425 127 84 48 8 0 0 646 247 86 32 10 3 0 0 
69 255 303 245 123 21 7 1 7 67 123 281 377 161 7 1 69 387 256 209 79 19 5 0 
52 171 196 269 238 78 18 2 7 64 132 171 342 286 19 3 66 252 227 274 141 51 13 0 
207 248 187 220 150 11 1 0 72 200 204 197 247 104 0 0 237 345 211 155 71 5 0 0 
338 352 157 106 64 7 0 0 89 287 238 229 158 23 0 0 397 326 159 87 46 9 0 0 
452 290 137 87 55 3 0 0 138 318 202 194 143 29 0 0 496 291 122 64 47 4 0 0 
768 171 62 14 9 0 0 0 407 386 136 69 24 2 0 0 732 173 71 30 16 2 0 0 
864 103 20 23 13 1 0 0 425 460 65 32 26 16 0 0 813 140 24 24 23 0 0 0 
658 245 52 18 17 13 21 0 354 448 113 43 19 25 21 1 588 254 89 36 16 24 17 0 
81 278 249 198 166 43 9 0 7 98 229 283 303 95 9 0 66 278 250 193 168 61 8 0 
25 76 118 138 203 131 128 205 0 9 60 128 266 236 117 208 23 84 90 178 193 155 148 153 
295 242 97 80 74 93 109 34 98 300 154 105 100 141 87 39 272 250 126 68 69 119 98 22 
600 247 108 42 23 3 1 0 231 448 172 124 46 3 0 0 608 270 103 27 15 1 0 0 
640 219 95 48 20 2 0 0 272 422 164 93 66 7 0 0 622 228 91 47 33 3 0 0 
760 127 75 45 15 2 0 0 385 372 107 77 72 11 0 0 739 111 75 54 44 1 0 0 
595 201 110 55 43 14 6 0 206 277 198 138 126 72 7 0 565 214 61 86 60 31 7 0 
428 221 159 106 74 24 12 0 124 335 142 128 162 114 19 0 394 231 122 142 77 44 14 0 
70 120 164 133 131 120 128 158 11 75 158 150 220 147 111 152 63 97 138 126 172 145 188 95 
1 1 22 27 92 73 133 675 0 0 1 17 106 115 114 671 0 2 4 31 74 126 203 584 
32 56 81 88 137 58 100 472 8 37 77 84 192 64 95 467 25 41 81 86 145 81 221 344 
422 220 115 69 99 52 47 0 161 342 201 98 121 64 37 0 380 175 102 101 140 81 43 2 
675 164 85 57 28 9 6 0 266 431 170 77 52 23 5 0 616 177 83 86 46 10 6 0 
714 143 83 72 10 2 0 0 298 352 121 110 114 29 0 0 691 157 70 70 31 5 0 0 
842 166 16 0 0 0 0 0 195 615 172 42 0 0 0 0 787 199 29 9 0 0 0 0 
738 176 89 15 4 2 0 0 361 432 145 64 20 2 0 0 667 147 62 76 67 5 0 0 
202 93 77 94 145 134 168 111 82 163 82 83 179 155 175 105 173 63 52 62 175 221 218 60 
0 0 3 7 22 144 272 576 0 0 1 6 24 153 270 570 0 0 0 0 20 162 473 369 
33 51 55 58 89 112 361 265 12 30 73 58 111 145 346 249 23 28 26 55 128 165 467 132 
151 54 55 113 240 222 162 27 81 98 56 94 268 256 149 22 130 45 35 51 230 348 171 14 
655 169 103 46 34 11 6 0 377 352 135 80 64 10 6 0 532 200 77 84 108 17 5 1 
849 133 29 11 1 1 0 0 619 251 103 31 19 1 0 0 776 129 63 41 14 1 0 0 
728 219 70 7 0 0 0 0 270 482 171 93 8 0 0 0 622 174 99 80 49 0 0 0 
28 208 337 238 179 33 1 0 5 49 245 279 384 62 0 0 8 30 106 238 535 102 5 0 
0 2 26 80 153 445 292 26 0 0 2 21 193 478 308 22 0 0 5 33 131 509 333 13 
92 85 93 113 189 145 174 133 30 118 105 95 207 167 175 127 64 66 57 79 206 253 232 67 
358 219 130 50 56 17 94 100 150 300 191 107 65 23 92 96 313 181 135 88 95 23 152 37 
44 22 5 6 50 185 360 352 1 18 36 17 38 216 357 341 38 25 11 2 17 234 537 160 
264 91 91 111 153 116 162 36 155 157 96 89 199 134 162 32 203 67 79 70 220 195 168 22 
717 229 57 15 6 0 0 0 454 388 147 24 11 0 0 0 516 265 117 91 33 2 0 0 
870 126 26 2 0 0 0 0 434 455 102 29 4 0 0 0 751 146 75 38 14 0 0 0 
496 218 185 78 46 1 0 0 197 383 177 164 97 6 0 0 344 214 91 128 233 14 0 0 
9 43 129 254 365 138 83 3 0 10 69 142 519 201 83 0 6 18 41 69 487 317 81 5 
112 154 77 19 55 231 372 4 51 153 120 32 53 226 386 3 84 107 99 58 28 280 354 14 
867 136 20 1 0 0 0 0 338 581 97 8 0 0 0 0 810 156 30 27 1 0 0 0 
253 61 3 10 31 170 264 232 22 191 83 29 33 182 253 231 235 72 6 9 16 183 416 87 
88 33 19 34 36 271 432 111 44 61 22 25 58 257 455 102 63 26 18 14 51 292 499 61 
242 117 52 37 144 326 104 2 109 198 90 42 134 323 128 0 143 109 59 71 75 434 132 1 
909 101 10 3 1 0 0 0 440 517 58 6 3 0 0 0 778 167 52 21 6 0 0 0 
521 155 86 55 66 130 11 0 214 372 124 75 91 136 12 0 366 174 59 89 139 169 28 0 
0 0 10 15 184 376 435 4 0 0 2 11 146 387 476 2 0 0 2 1 58 504 435 24 
339 252 195 50 101 71 16 0 169 311 274 60 104 92 14 0 254 197 152 163 107 135 15 1 
763 192 62 5 2 0 0 0 317 580 106 18 3 0 0 0 635 249 77 49 14 0 0 0 
482 162 82 62 123 109 4 0 189 381 120 60 157 115 2 0 381 185 60 62 129 201 6 0 
0 1 5 102 416 452 48 0 0 0 5 28 433 505 53 0 0 0 0 3 204 723 93 1 
0 0 0 97 429 362 136 0 0 0 0 29 449 394 152 0 0 0 0 0 170 689 162 3 
