0 0 0 0 0 990 34 0 0 0 0 0 0 7 1017 0 0 0 0 0 0 0 0 1024 
0 0 0 0 0 1005 19 0 0 0 0 0 0 72 952 0 0 0 0 0 0 0 0 1024 
0 0 0 0 77 947 0 0 0 0 0 0 0 262 762 0 0 0 0 0 0 0 0 1024 
0 0 0 0 225 799 0 0 0 0 0 0 0 365 659 0 0 0 0 0 0 0 0 1024 
0 0 0 0 410 614 0 0 0 0 0 0 0 491 533 0 0 0 0 0 0 0 0 1024 
0 0 0 0 578 446 0 0 0 0 0 0 0 679 345 0 0 0 0 0 0 0 48 976 
0 0 0 26 761 237 0 0 0 0 0 0 5 822 197 0 0 0 0 0 0 0 214 810 
0 0 0 173 740 111 0 0 0 0 0 0 112 851 61 0 0 0 0 0 0 0 410 614 
0 0 2 400 583 39 0 0 0 0 1 8 322 689 4 0 0 0 0 3 7 4 641 369 
0 2 72 584 290 74 0 0 0 0 80 104 450 376 13 0 0 0 24 125 80 24 672 98 
250 414 189 11 19 50 91 0 148 333 286 88 16 14 136 3 44 281 126 192 210 15 17 139 
122 135 17 11 5 86 630 18 46 193 32 9 8 5 543 188 0 121 126 25 12 6 9 725 
0 0 0 0 0 120 763 141 0 0 0 0 0 0 520 504 0 0 0 0 0 0 0 1024 
0 0 0 0 0 262 452 310 0 0 0 0 0 0 550 474 0 0 0 0 0 0 0 1024 
0 0 0 0 0 380 457 187 0 0 0 0 0 0 606 418 0 0 0 0 0 0 0 1024 
0 0 3 16 5 440 560 0 0 0 0 13 7 8 713 283 0 0 0 0 6 15 8 995 
0 0 27 75 46 530 346 0 0 0 1 80 56 34 813 40 0 0 0 3 88 55 33 845 
0 0 104 201 147 523 49 0 0 0 58 239 151 62 510 4 0 0 0 142 249 86 34 513 
0 0 98 230 318 321 55 2 0 0 93 295 305 206 124 1 0 0 28 291 357 180 34 134 
0 2 90 189 285 298 157 0 0 5 93 266 314 298 45 0 0 0 72 280 354 277 40 0 
675 346 3 0 0 0 0 0 586 424 14 0 0 0 0 0 453 501 70 0 0 0 0 0 
782 238 3 0 0 1 0 0 693 312 17 1 0 0 1 0 565 294 162 2 0 0 1 0 
408 123 30 21 18 26 18 380 382 123 49 20 20 21 21 388 355 65 115 23 12 23 28 403 
85 27 71 57 221 114 31 418 75 26 20 87 68 278 41 429 59 25 21 17 31 97 296 478 
61 55 61 292 185 27 135 208 41 54 51 112 348 64 28 326 33 40 45 39 95 281 144 347 
85 67 88 381 159 95 126 23 77 69 34 334 252 123 26 109 59 76 36 42 316 308 71 116 
145 17 47 287 250 192 83 3 142 19 25 284 294 205 55 0 143 18 21 40 383 322 96 1 
352 82 132 78 133 140 105 2 243 168 142 102 153 156 60 0 257 159 147 72 168 169 52 0 
561 67 162 42 57 67 64 4 489 124 172 61 59 93 26 0 498 134 160 64 59 92 17 0 
704 53 82 50 26 77 26 2 645 112 88 50 48 72 8 0 677 101 88 32 64 56 5 0 
431 502 91 0 0 0 0 0 468 518 38 0 0 0 0 0 515 438 71 0 0 0 0 0 
502 393 124 5 0 0 0 0 518 408 91 7 0 0 0 0 572 324 112 15 1 0 0 0 
595 328 95 6 0 0 0 0 550 372 92 10 0 0 0 0 624 297 84 19 0 0 0 0 
330 551 125 18 0 0 0 0 257 621 128 17 1 0 0 0 319 603 76 24 2 0 0 0 
311 407 152 106 40 8 0 0 245 448 159 115 36 19 2 0 292 446 89 116 46 15 17 3 
275 206 217 230 85 8 3 0 241 234 177 186 146 40 0 0 240 254 128 152 69 119 60 2 
292 158 255 293 25 1 0 0 275 146 156 266 177 4 0 0 273 152 90 125 127 214 43 0 
722 148 118 35 1 0 0 0 637 169 90 102 26 0 0 0 590 166 67 57 90 53 1 0 
1000 24 0 0 0 0 0 0 956 68 0 0 0 0 0 0 947 77 0 0 0 0 0 0 
914 104 5 0 0 0 0 0 845 170 8 0 0 0 0 0 864 160 0 0 0 0 0 0 
836 94 54 40 0 0 0 0 811 93 28 58 34 0 0 0 825 58 22 26 29 60 4 0 
461 219 169 170 5 0 0 0 396 238 98 155 135 2 0 0 466 152 26 64 118 145 53 0 
380 120 242 260 22 0 0 0 271 189 95 274 184 11 0 0 352 93 26 71 188 252 42 0 
203 95 129 271 252 74 0 0 108 171 59 191 300 181 14 0 157 112 21 48 153 268 241 24 
13 51 163 451 306 40 0 0 6 25 76 272 446 198 1 0 5 12 27 69 207 417 281 6 
1 77 299 595 52 0 0 0 1 36 130 410 430 17 0 0 0 12 53 106 262 485 106 0 
0 79 481 454 10 0 0 0 0 16 130 568 307 3 0 0 0 1 31 91 351 510 40 0 
147 401 434 42 0 0 0 0 100 259 381 265 19 0 0 0 159 179 136 209 254 87 0 0 
480 497 47 0 0 0 0 0 312 622 90 0 0 0 0 0 453 538 33 0 0 0 0 0 
656 325 42 0 0 0 0 0 432 498 93 0 0 0 0 0 640 378 5 0 0 0 0 0 
56 163 565 228 12 0 0 0 24 87 208 570 135 0 0 0 4 47 99 166 288 401 19 0 
63 123 261 496 81 0 0 0 44 85 140 287 421 47 0 0 22 65 77 135 124 393 207 1 
109 188 187 336 203 1 0 0 60 171 160 184 326 123 0 0 26 118 159 130 131 197 249 14 
80 133 175 342 255 39 0 0 53 114 137 169 381 166 4 0 15 75 119 115 142 289 259 10 
21 74 264 535 120 10 0 0 10 52 116 371 427 48 0 0 3 30 70 95 207 527 92 0 
66 160 470 321 7 0 0 0 47 110 252 495 119 1 0 0 24 75 141 231 337 208 8 0 
20 251 637 115 1 0 0 0 2 102 472 428 20 0 0 0 0 30 168 411 382 33 0 0 
326 487 210 1 0 0 0 0 206 362 381 75 0 0 0 0 150 171 322 283 98 0 0 0 
836 162 26 0 0 0 0 0 810 199 15 0 0 0 0 0 848 149 27 0 0 0 0 0 
949 74 0 0 0 0 0 0 925 98 0 0 0 0 0 0 960 64 0 0 0 0 0 0 
90 252 489 188 5 0 0 0 60 132 302 420 105 5 0 0 34 82 129 215 343 164 57 0 
79 261 504 170 10 0 0 0 49 133 310 428 104 0 0 0 13 92 132 242 360 173 12 0 
63 240 511 188 17 5 0 0 43 102 326 437 113 3 0 0 17 54 116 271 366 191 9 0 
5 106 510 403 0 0 0 0 0 29 281 507 207 0 0 0 0 1 85 287 385 266 0 0 
3 155 559 307 0 0 0 0 0 69 292 589 74 0 0 0 0 9 108 321 452 134 0 0 
28 434 492 70 0 0 0 0 1 164 565 283 11 0 0 0 0 31 335 409 245 4 0 0 
43 534 435 12 0 0 0 0 0 206 707 111 0 0 0 0 0 44 372 539 69 0 0 0 
44 723 245 12 0 0 0 0 11 444 520 49 0 0 0 0 36 210 380 375 23 0 0 0 
311 634 76 3 0 0 0 0 347 635 39 3 0 0 0 0 444 443 126 10 1 0 0 0 
640 381 2 0 0 0 0 0 746 269 8 0 0 0 0 0 896 120 8 0 0 0 0 0 
29 494 500 0 0 0 0 0 17 61 669 276 0 0 0 0 2 20 64 404 517 14 0 0 
29 421 558 14 0 0 0 0 0 113 590 317 2 0 0 0 0 8 142 485 346 40 0 0 
34 349 613 26 0 0 0 0 5 107 584 325 0 0 0 0 0 34 139 564 285 0 0 0 
64 602 352 5 0 0 0 0 8 372 538 104 0 0 0 0 0 119 471 349 84 0 0 0 
26 343 573 81 0 0 0 0 2 154 549 296 20 0 0 0 0 55 256 503 197 11 0 0 
37 616 369 0 0 0 0 0 0 215 768 40 0 0 0 0 0 37 430 552 2 0 0 0 
136 747 139 0 0 0 0 0 104 378 532 8 0 0 0 0 81 66 686 189 0 0 0 0 
404 608 11 0 0 0 0 0 491 523 8 0 0 0 0 0 654 369 0 0 0 0 0 0 
282 741 0 0 0 0 0 0 410 613 0 0 0 0 0 0 715 308 0 0 0 0 0 0 
659 364 0 0 0 0 0 0 806 217 0 0 0 0 0 0 938 85 0 0 0 0 0 0 
