107 229 370 276 41 1 0 0 467 381 152 22 2 0 0 0 562 396 58 8 0 0 0 0 
445 229 179 157 14 0 0 0 683 312 29 0 0 0 0 0 703 301 20 0 0 0 0 0 
356 416 204 38 10 0 0 0 505 361 137 20 1 0 0 0 721 265 34 4 0 0 0 0 
174 225 177 156 166 65 49 12 316 293 222 96 54 34 9 0 533 312 106 53 17 3 0 0 
95 162 232 156 146 134 75 24 180 251 177 158 148 86 22 2 405 265 170 148 31 5 0 0 
2 18 112 201 265 235 158 33 24 137 245 276 224 108 10 0 288 350 264 108 14 0 0 0 
18 70 160 221 323 200 31 1 46 160 284 319 166 46 3 0 275 343 309 83 13 1 0 0 
9 74 150 245 280 200 63 3 13 102 258 359 227 60 5 0 251 394 293 83 3 0 0 0 
31 97 422 435 38 1 0 0 748 230 41 4 1 0 0 0 588 408 26 2 0 0 0 0 
447 218 204 112 35 8 0 0 705 174 69 53 23 0 0 0 766 168 65 23 2 0 0 0 
644 269 73 31 7 0 0 0 808 178 34 3 1 0 0 0 875 135 13 1 0 0 0 0 
426 184 94 116 146 57 1 0 622 188 143 62 9 0 0 0 662 207 124 29 2 0 0 0 
250 206 97 105 93 129 97 47 349 171 114 92 128 106 58 6 522 242 171 66 19 4 0 0 
29 207 273 170 97 89 104 55 61 272 257 157 125 102 46 4 295 393 208 102 23 2 1 0 
9 162 363 260 144 59 25 2 8 216 366 259 122 46 7 0 198 431 200 109 56 24 6 0 
18 81 280 324 233 76 12 0 25 129 341 330 158 31 10 0 305 375 247 66 15 7 8 1 
212 240 357 186 29 0 0 0 362 390 220 50 2 0 0 0 577 375 65 7 0 0 0 0 
260 256 262 195 49 2 0 0 356 319 245 90 14 0 0 0 545 354 104 20 1 0 0 0 
466 350 139 62 6 1 0 0 569 333 95 26 1 0 0 0 591 339 81 12 1 0 0 0 
478 302 80 31 24 24 45 40 556 253 57 28 23 21 42 44 569 242 59 25 25 25 56 23 
360 320 70 33 35 42 92 72 361 320 68 33 39 39 80 84 371 308 87 43 49 51 99 16 
93 234 232 195 82 53 52 83 86 229 208 214 90 56 52 89 93 201 173 236 120 57 79 65 
70 218 361 233 116 25 1 0 88 258 299 237 111 27 4 0 109 249 262 219 121 53 11 0 
158 274 242 219 108 21 2 0 172 280 234 193 116 27 2 0 246 328 202 110 89 39 9 1 
556 247 166 45 10 0 0 0 607 246 129 35 7 0 0 0 725 233 58 7 1 0 0 0 
419 368 129 79 29 0 0 0 532 295 112 72 13 0 0 0 681 262 64 17 0 0 0 0 
726 188 29 18 19 37 7 0 805 115 23 15 19 32 13 2 787 140 18 9 17 31 19 3 
122 64 127 84 115 215 281 16 124 52 121 82 110 185 294 56 120 57 123 90 117 171 282 64 
1 18 38 93 209 314 317 34 0 17 27 85 200 303 330 62 1 14 48 126 224 322 260 29 
48 95 190 203 179 157 123 29 46 89 184 193 181 165 131 35 44 86 191 203 187 164 117 32 
200 312 167 113 97 60 52 23 252 310 131 93 101 58 48 31 281 302 126 94 90 60 41 30 
27 190 199 236 315 55 2 0 99 239 228 285 156 16 1 0 151 396 315 131 30 1 0 0 
534 187 182 109 12 0 0 0 595 173 165 87 4 0 0 0 749 221 50 4 0 0 0 0 
864 69 40 39 12 0 0 0 868 66 42 37 11 0 0 0 867 102 42 10 3 0 0 0 
419 155 111 122 160 57 0 0 407 145 102 117 143 108 2 0 312 203 113 100 121 159 16 0 
234 304 165 140 90 65 26 0 197 317 164 143 92 72 38 1 108 341 187 147 105 82 48 6 
14 72 145 220 321 190 49 13 6 64 134 221 319 206 58 16 2 54 139 243 309 205 69 3 
0 39 314 281 208 79 74 29 0 25 310 289 212 79 73 36 0 44 285 292 220 86 83 14 
22 131 207 148 160 167 152 37 32 91 217 160 154 170 153 47 36 57 187 230 185 167 133 29 
284 300 152 110 137 35 6 0 333 256 132 106 138 52 6 1 336 230 145 102 144 58 7 2 
955 46 23 0 0 0 0 0 1021 3 0 0 0 0 0 0 992 32 0 0 0 0 0 0 
983 41 0 0 0 0 0 0 976 48 0 0 0 0 0 0 758 258 8 0 0 0 0 0 
948 69 4 3 0 0 0 0 903 113 5 3 0 0 0 0 632 369 19 3 1 0 0 0 
560 376 76 10 2 0 0 0 491 431 78 22 2 0 0 0 187 672 122 41 1 1 0 0 
329 497 151 37 10 0 0 0 204 592 168 48 12 0 0 0 59 649 232 62 18 4 0 0 
366 320 184 82 46 23 3 0 324 339 199 78 54 24 6 0 260 343 205 123 54 30 9 0 
212 240 152 180 142 78 19 1 187 217 179 170 156 88 25 2 141 197 182 211 159 106 26 2 
210 442 93 74 99 73 31 2 142 482 115 75 92 76 38 4 56 463 213 93 89 72 33 5 
1023 1 0 0 0 0 0 0 1023 1 0 0 0 0 0 0 1016 8 0 0 0 0 0 0 
1004 20 0 0 0 0 0 0 1004 20 0 0 0 0 0 0 899 123 2 0 0 0 0 0 
958 54 7 5 0 0 0 0 963 50 6 5 0 0 0 0 781 225 13 4 1 0 0 0 
687 312 18 3 3 1 0 0 694 308 15 3 3 1 0 0 622 355 39 4 2 2 0 0 
667 306 45 6 0 0 0 0 620 337 60 7 0 0 0 0 311 557 131 22 3 0 0 0 
387 176 62 90 144 141 24 0 390 167 62 86 133 146 39 1 343 210 86 84 126 104 68 3 
5 214 306 251 163 76 9 0 3 212 304 244 170 82 9 0 5 273 296 228 149 61 12 0 
14 175 292 234 221 75 12 1 14 179 281 231 227 77 14 1 21 231 269 240 195 58 10 0 
808 179 34 3 0 0 0 0 893 112 17 2 0 0 0 0 867 138 17 2 0 0 0 0 
931 73 15 5 0 0 0 0 976 33 11 4 0 0 0 0 916 94 10 4 0 0 0 0 
976 27 14 3 1 3 0 0 978 25 14 3 0 4 0 0 866 125 24 4 1 2 2 0 
906 79 24 11 4 0 0 0 935 58 21 7 3 0 0 0 845 145 19 11 4 0 0 0 
849 117 31 12 13 2 0 0 832 120 38 17 14 3 0 0 703 239 42 19 14 7 0 0 
897 64 47 16 0 0 0 0 892 64 43 24 1 0 0 0 835 120 47 20 2 0 0 0 
304 260 171 170 91 26 2 0 262 272 181 166 108 30 5 0 142 382 200 167 100 25 8 0 
95 367 181 148 185 47 1 0 58 383 182 124 194 80 3 0 49 389 178 130 154 115 9 0 
