0 0 0 0 325 387 154 158 0 0 0 0 0 453 294 277 0 0 0 0 0 0 0 1024 
0 0 0 0 744 280 0 0 0 0 0 0 0 1024 0 0 0 0 0 0 0 0 0 1024 
0 0 0 0 1024 0 0 0 0 0 0 0 0 1024 0 0 0 0 0 0 0 0 0 1024 
0 0 0 0 1024 0 0 0 0 0 0 0 0 1024 0 0 0 0 0 0 0 0 0 1024 
0 0 0 0 1024 0 0 0 0 0 0 0 0 1024 0 0 0 0 0 0 0 0 0 1024 
0 0 0 0 1024 0 0 0 0 0 0 0 0 1024 0 0 0 0 0 0 0 0 0 1024 
0 0 0 0 1024 0 0 0 0 0 0 0 0 1024 0 0 0 0 0 0 0 0 0 1024 
0 0 0 0 1024 0 0 0 0 0 0 0 0 1024 0 0 0 0 0 0 0 0 0 1024 
0 0 0 0 1024 0 0 0 0 0 0 0 0 1024 0 0 0 0 0 0 0 0 0 1024 
0 0 0 0 1024 0 0 0 0 0 0 0 0 1024 0 0 0 0 0 0 0 0 0 1024 
0 0 0 0 1024 0 0 0 0 0 0 0 0 1024 0 0 0 0 0 0 0 0 0 1024 
0 0 0 0 1024 0 0 0 0 0 0 0 0 1024 0 0 0 0 0 0 0 0 0 1024 
0 0 0 0 1024 0 0 0 0 0 0 0 0 1024 0 0 0 0 0 0 0 0 0 1024 
0 0 0 0 1024 0 0 0 0 0 0 0 0 1024 0 0 0 0 0 0 0 0 0 1024 
0 0 0 0 1024 0 0 0 0 0 0 0 0 1024 0 0 0 0 0 0 0 0 0 1024 
0 0 0 0 1024 0 0 0 0 0 0 0 0 1024 0 0 0 0 0 0 0 0 0 1024 
0 0 0 0 1024 0 0 0 0 0 0 0 0 1024 0 0 0 0 0 0 0 0 0 1024 
0 0 0 0 1024 0 0 0 0 0 0 0 0 1024 0 0 0 0 0 0 0 0 0 1024 
0 0 0 0 1024 0 0 0 0 0 0 0 0 1024 0 0 0 0 0 0 0 0 0 1024 
0 0 0 0 1024 0 0 0 0 0 0 0 0 1024 0 0 0 0 0 0 0 0 0 1024 
0 0 0 0 1024 0 0 0 0 0 0 0 0 1024 0 0 0 0 0 0 0 0 0 1024 
0 0 0 0 1024 0 0 0 0 0 0 0 120 904 0 0 0 0 0 0 0 0 0 1024 
0 0 0 0 1024 0 0 0 0 0 0 0 0 1024 0 0 0 0 0 0 0 0 0 1024 
0 0 0 0 1024 0 0 0 0 0 0 0 384 640 0 0 0 0 0 0 0 0 0 1024 
0 0 0 0 1024 0 0 0 0 0 0 0 768 256 0 0 0 0 0 0 0 0 0 1024 
0 0 0 0 1024 0 0 0 0 0 0 0 1024 0 0 0 0 0 0 0 0 0 384 640 
0 0 0 440 584 0 0 0 0 0 0 0 1024 0 0 0 0 0 0 0 0 0 960 64 
0 0 0 832 192 0 0 0 0 0 0 0 1024 0 0 0 0 0 0 0 0 0 888 136 
0 0 0 1024 0 0 0 0 0 0 0 0 1024 0 0 0 0 0 0 0 0 0 896 128 
0 0 0 1024 0 0 0 0 0 0 0 0 1024 0 0 0 0 0 0 0 0 0 1024 0 
0 0 0 1024 0 0 0 0 0 0 0 0 1024 0 0 0 0 0 0 0 0 0 1024 0 
0 0 88 936 0 0 0 0 0 0 0 279 745 0 0 0 0 0 0 0 0 42 982 0 
0 0 0 0 7 876 87 54 0 0 0 0 0 79 825 120 0 0 0 0 0 0 0 1024 
0 0 0 0 0 1024 0 0 0 0 0 0 0 764 260 0 0 0 0 0 0 0 0 1024 
0 0 0 0 0 1024 0 0 0 0 0 0 0 1024 0 0 0 0 0 0 0 0 0 1024 
0 0 0 0 128 896 0 0 0 0 0 0 0 1024 0 0 0 0 0 0 0 0 0 1024 
0 0 0 0 296 728 0 0 0 0 0 0 0 1024 0 0 0 0 0 0 0 0 0 1024 
0 0 0 0 640 384 0 0 0 0 0 0 0 1024 0 0 0 0 0 0 0 0 0 1024 
0 0 0 0 832 192 0 0 0 0 0 0 0 1024 0 0 0 0 0 0 0 0 0 1024 
0 0 0 0 1024 0 0 0 0 0 0 0 0 1024 0 0 0 0 0 0 0 0 0 1024 
0 0 0 0 904 120 0 0 0 0 0 0 0 1024 0 0 0 0 0 0 0 0 0 1024 
0 0 0 0 1024 0 0 0 0 0 0 0 0 1024 0 0 0 0 0 0 0 0 0 1024 
0 0 0 0 1024 0 0 0 0 0 0 0 0 1024 0 0 0 0 0 0 0 0 0 1024 
0 0 0 0 1024 0 0 0 0 0 0 0 0 1024 0 0 0 0 0 0 0 0 0 1024 
0 0 0 0 1024 0 0 0 0 0 0 0 0 1024 0 0 0 0 0 0 0 0 0 1024 
0 0 0 0 1024 0 0 0 0 0 0 0 0 1024 0 0 0 0 0 0 0 0 0 1024 
0 0 0 0 1024 0 0 0 0 0 0 0 0 1024 0 0 0 0 0 0 0 0 0 1024 
0 0 0 0 1024 0 0 0 0 0 0 0 0 1024 0 0 0 0 0 0 0 0 0 1024 
0 0 0 0 1024 0 0 0 0 0 0 0 0 1024 0 0 0 0 0 0 0 0 0 1024 
0 0 0 0 1024 0 0 0 0 0 0 0 0 1024 0 0 0 0 0 0 0 0 0 1024 
0 0 0 0 1024 0 0 0 0 0 0 0 0 1024 0 0 0 0 0 0 0 0 0 1024 
0 0 0 0 1024 0 0 0 0 0 0 0 0 1024 0 0 0 0 0 0 0 0 0 1024 
0 0 0 0 1024 0 0 0 0 0 0 0 0 1024 0 0 0 0 0 0 0 0 0 1024 
0 0 0 0 1024 0 0 0 0 0 0 0 0 1024 0 0 0 0 0 0 0 0 0 1024 
0 0 0 0 1024 0 0 0 0 0 0 0 0 1024 0 0 0 0 0 0 0 0 0 1024 
0 0 0 0 1024 0 0 0 0 0 0 0 0 1024 0 0 0 0 0 0 0 0 0 1024 
0 0 0 0 1024 0 0 0 0 0 0 0 0 1024 0 0 0 0 0 0 0 0 0 1024 
0 0 0 0 1024 0 0 0 0 0 0 0 128 896 0 0 0 0 0 0 0 0 0 1024 
0 0 0 0 1024 0 0 0 0 0 0 0 384 640 0 0 0 0 0 0 0 0 0 1024 
0 0 0 64 960 0 0 0 0 0 0 0 576 448 0 0 0 0 0 0 0 0 304 720 
0 0 0 720 304 0 0 0 0 0 0 0 848 176 0 0 0 0 0 0 0 0 72 952 
0 0 0 1024 0 0 0 0 0 0 0 0 1024 0 0 0 0 0 0 0 0 0 384 640 
0 0 0 1024 0 0 0 0 0 0 0 0 1024 0 0 0 0 0 0 0 0 0 896 128 
0 0 0 1024 0 0 0 0 0 0 0 0 1024 0 0 0 0 0 0 0 0 0 1024 0 
0 0 0 0 0 1024 0 0 0 0 0 0 0 0 1024 0 0 0 0 0 0 0 0 1024 
0 0 0 0 0 1024 0 0 0 0 0 0 0 0 1024 0 0 0 0 0 0 0 0 1024 
0 0 0 0 0 1024 0 0 0 0 0 0 0 0 1024 0 0 0 0 0 0 0 0 1024 
0 0 0 0 0 1024 0 0 0 0 0 0 0 192 832 0 0 0 0 0 0 0 0 1024 
0 0 0 0 0 1024 0 0 0 0 0 0 0 296 728 0 0 0 0 0 0 0 0 1024 
0 0 0 0 0 1024 0 0 0 0 0 0 0 576 448 0 0 0 0 0 0 0 0 1024 
0 0 0 0 0 1024 0 0 0 0 0 0 0 832 192 0 0 0 0 0 0 0 0 1024 
0 0 0 0 64 960 0 0 0 0 0 0 0 1000 24 0 0 0 0 0 0 0 0 1024 
0 0 0 0 384 640 0 0 0 0 0 0 0 1024 0 0 0 0 0 0 0 0 0 1024 
0 0 0 0 640 384 0 0 0 0 0 0 0 1024 0 0 0 0 0 0 0 0 0 1024 
0 0 0 0 904 120 0 0 0 0 0 0 0 1024 0 0 0 0 0 0 0 0 0 1024 
0 0 0 0 1024 0 0 0 0 0 0 0 0 1024 0 0 0 0 0 0 0 0 0 1024 
0 0 0 0 1024 0 0 0 0 0 0 0 0 1024 0 0 0 0 0 0 0 0 0 1024 
0 0 0 0 1024 0 0 0 0 0 0 0 0 1024 0 0 0 0 0 0 0 0 0 1024 
0 0 0 0 1024 0 0 0 0 0 0 0 0 1024 0 0 0 0 0 0 0 0 0 1024 
0 0 0 0 1024 0 0 0 0 0 0 0 0 1024 0 0 0 0 0 0 0 0 0 1024 
0 0 0 0 1024 0 0 0 0 0 0 0 0 1024 0 0 0 0 0 0 0 0 0 1024 
0 0 0 0 1024 0 0 0 0 0 0 0 0 1024 0 0 0 0 0 0 0 0 0 1024 
0 0 0 0 1024 0 0 0 0 0 0 0 0 1024 0 0 0 0 0 0 0 0 0 1024 
0 0 0 0 1024 0 0 0 0 0 0 0 0 1024 0 0 0 0 0 0 0 0 0 1024 
0 0 0 0 1024 0 0 0 0 0 0 0 0 1024 0 0 0 0 0 0 0 0 0 1024 
0 0 0 0 1024 0 0 0 0 0 0 0 0 1024 0 0 0 0 0 0 0 0 0 1024 
0 0 0 0 1024 0 0 0 0 0 0 0 0 1024 0 0 0 0 0 0 0 0 0 1024 
0 0 0 0 1024 0 0 0 0 0 0 0 0 1024 0 0 0 0 0 0 0 0 0 1024 
0 0 0 0 1024 0 0 0 0 0 0 0 0 1024 0 0 0 0 0 0 0 0 0 1024 
0 0 0 0 1024 0 0 0 0 0 0 0 0 1024 0 0 0 0 0 0 0 0 0 1024 
0 0 0 0 1024 0 0 0 0 0 0 0 0 1024 0 0 0 0 0 0 0 0 0 1024 
0 0 0 0 1024 0 0 0 0 0 0 0 0 1024 0 0 0 0 0 0 0 0 0 1024 
0 0 0 0 1024 0 0 0 0 0 0 0 192 832 0 0 0 0 0 0 0 0 0 1024 
0 0 0 192 832 0 0 0 0 0 0 0 440 584 0 0 0 0 0 0 0 0 56 968 
0 0 0 640 384 0 0 0 0 0 0 0 824 200 0 0 0 0 0 0 0 0 64 960 
0 0 0 1024 0 0 0 0 0 0 0 0 1024 0 0 0 0 0 0 0 0 0 560 464 
0 0 0 0 0 1024 0 0 0 0 0 0 0 0 1024 0 0 0 0 0 0 0 0 1024 
0 0 0 0 0 1024 0 0 0 0 0 0 0 0 1024 0 0 0 0 0 0 0 0 1024 
0 0 0 0 0 1024 0 0 0 0 0 0 0 0 1024 0 0 0 0 0 0 0 0 1024 
0 0 0 0 0 1024 0 0 0 0 0 0 0 0 1024 0 0 0 0 0 0 0 0 1024 
0 0 0 0 0 1024 0 0 0 0 0 0 0 0 1024 0 0 0 0 0 0 0 0 1024 
0 0 0 0 0 1024 0 0 0 0 0 0 0 0 1024 0 0 0 0 0 0 0 0 1024 
0 0 0 0 0 1024 0 0 0 0 0 0 0 0 1024 0 0 0 0 0 0 0 0 1024 
0 0 0 0 0 1024 0 0 0 0 0 0 0 128 896 0 0 0 0 0 0 0 0 1024 
0 0 0 0 0 1024 0 0 0 0 0 0 0 576 448 0 0 0 0 0 0 0 0 1024 
0 0 0 0 64 960 0 0 0 0 0 0 0 960 64 0 0 0 0 0 0 0 0 1024 
0 0 0 0 448 576 0 0 0 0 0 0 0 1024 0 0 0 0 0 0 0 0 0 1024 
0 0 0 0 896 128 0 0 0 0 0 0 0 1024 0 0 0 0 0 0 0 0 0 1024 
0 0 0 0 1024 0 0 0 0 0 0 0 0 1024 0 0 0 0 0 0 0 0 0 1024 
0 0 0 0 1024 0 0 0 0 0 0 0 0 1024 0 0 0 0 0 0 0 0 0 1024 
0 0 0 0 1024 0 0 0 0 0 0 0 0 1024 0 0 0 0 0 0 0 0 0 1024 
0 0 0 0 1024 0 0 0 0 0 0 0 0 1024 0 0 0 0 0 0 0 0 0 1024 
0 0 0 0 1024 0 0 0 0 0 0 0 0 1024 0 0 0 0 0 0 0 0 0 1024 
0 0 0 0 1024 0 0 0 0 0 0 0 0 1024 0 0 0 0 0 0 0 0 0 1024 
0 0 0 0 1024 0 0 0 0 0 0 0 0 1024 0 0 0 0 0 0 0 0 0 1024 
0 0 0 0 1024 0 0 0 0 0 0 0 0 1024 0 0 0 0 0 0 0 0 0 1024 
0 0 0 0 1024 0 0 0 0 0 0 0 0 1024 0 0 0 0 0 0 0 0 0 1024 
0 0 0 0 1024 0 0 0 0 0 0 0 0 1024 0 0 0 0 0 0 0 0 0 1024 
0 0 0 0 1024 0 0 0 0 0 0 0 0 1024 0 0 0 0 0 0 0 0 0 1024 
0 0 0 0 1024 0 0 0 0 0 0 0 0 1024 0 0 0 0 0 0 0 0 0 1024 
0 0 0 0 1024 0 0 0 0 0 0 0 0 1024 0 0 0 0 0 0 0 0 0 1024 
0 0 0 0 1024 0 0 0 0 0 0 0 0 1024 0 0 0 0 0 0 0 0 0 1024 
0 0 0 0 1024 0 0 0 0 0 0 0 0 1024 0 0 0 0 0 0 0 0 0 1024 
0 0 0 0 1024 0 0 0 0 0 0 0 0 1024 0 0 0 0 0 0 0 0 0 1024 
0 0 0 0 1024 0 0 0 0 0 0 0 0 1024 0 0 0 0 0 0 0 0 0 1024 
0 0 0 0 1024 0 0 0 0 0 0 0 0 1024 0 0 0 0 0 0 0 0 0 1024 
0 0 0 0 1024 0 0 0 0 0 0 0 0 1024 0 0 0 0 0 0 0 0 0 1024 
0 0 0 171 667 99 76 11 0 0 0 0 343 593 77 11 0 0 0 0 0 39 241 744 
0 0 0 0 0 1024 0 0 0 0 0 0 0 0 1024 0 0 0 0 0 0 0 0 1024 
0 0 0 0 0 1024 0 0 0 0 0 0 0 0 1024 0 0 0 0 0 0 0 0 1024 
0 0 0 0 0 1024 0 0 0 0 0 0 0 0 1024 0 0 0 0 0 0 0 0 1024 
0 0 0 0 0 1024 0 0 0 0 0 0 0 0 1024 0 0 0 0 0 0 0 0 1024 
0 0 0 0 0 1024 0 0 0 0 0 0 0 0 1024 0 0 0 0 0 0 0 0 1024 
0 0 0 0 0 1024 0 0 0 0 0 0 0 0 1024 0 0 0 0 0 0 0 0 1024 
0 0 0 0 0 1024 0 0 0 0 0 0 0 0 1024 0 0 0 0 0 0 0 0 1024 
0 0 0 0 0 1024 0 0 0 0 0 0 0 0 1024 0 0 0 0 0 0 0 0 1024 
0 0 0 0 0 1024 0 0 0 0 0 0 0 0 1024 0 0 0 0 0 0 0 0 1024 
0 0 0 0 0 1024 0 0 0 0 0 0 0 64 960 0 0 0 0 0 0 0 0 1024 
0 0 0 0 0 1024 0 0 0 0 0 0 0 448 576 0 0 0 0 0 0 0 0 1024 
0 0 0 0 0 1024 0 0 0 0 0 0 0 960 64 0 0 0 0 0 0 0 0 1024 
0 0 0 0 384 640 0 0 0 0 0 0 0 1024 0 0 0 0 0 0 0 0 0 1024 
0 0 0 0 768 256 0 0 0 0 0 0 0 1024 0 0 0 0 0 0 0 0 0 1024 
0 0 0 0 1024 0 0 0 0 0 0 0 0 1024 0 0 0 0 0 0 0 0 0 1024 
0 0 0 0 1024 0 0 0 0 0 0 0 0 1024 0 0 0 0 0 0 0 0 0 1024 
0 0 0 0 1024 0 0 0 0 0 0 0 0 1024 0 0 0 0 0 0 0 0 0 1024 
0 0 0 0 1024 0 0 0 0 0 0 0 0 1024 0 0 0 0 0 0 0 0 0 1024 
0 0 0 0 1024 0 0 0 0 0 0 0 0 1024 0 0 0 0 0 0 0 0 0 1024 
0 0 0 0 1024 0 0 0 0 0 0 0 0 1024 0 0 0 0 0 0 0 0 0 1024 
0 0 0 0 1024 0 0 0 0 0 0 0 0 1024 0 0 0 0 0 0 0 0 0 1024 
0 0 0 0 1024 0 0 0 0 0 0 0 0 1024 0 0 0 0 0 0 0 0 0 1024 
0 0 0 0 1024 0 0 0 0 0 0 0 0 1024 0 0 0 0 0 0 0 0 0 1024 
0 0 0 0 1024 0 0 0 0 0 0 0 0 1024 0 0 0 0 0 0 0 0 0 1024 
0 0 0 0 1024 0 0 0 0 0 0 0 0 1024 0 0 0 0 0 0 0 0 0 1024 
0 0 0 0 1024 0 0 0 0 0 0 0 0 1024 0 0 0 0 0 0 0 0 0 1024 
0 0 0 0 1024 0 0 0 0 0 0 0 0 1024 0 0 0 0 0 0 0 0 0 1024 
0 0 0 0 1024 0 0 0 0 0 0 0 0 1024 0 0 0 0 0 0 0 0 0 1024 
0 0 0 0 1024 0 0 0 0 0 0 0 0 1024 0 0 0 0 0 0 0 0 0 1024 
0 0 0 0 1024 0 0 0 0 0 0 0 0 1024 0 0 0 0 0 0 0 0 0 1024 
0 0 2 31 744 162 83 2 0 0 1 9 64 835 112 3 0 0 0 0 9 122 200 693 
0 0 47 37 117 285 478 60 0 0 37 34 59 280 509 105 0 0 40 31 35 142 518 258 
0 0 133 37 17 820 17 0 0 0 7 153 19 13 828 4 0 0 0 0 121 44 20 839 
0 0 0 0 0 1024 0 0 0 0 0 0 0 0 1024 0 0 0 0 0 0 0 0 1024 
0 0 0 0 0 1024 0 0 0 0 0 0 0 0 1024 0 0 0 0 0 0 0 0 1024 
0 0 0 0 0 1024 0 0 0 0 0 0 0 0 1024 0 0 0 0 0 0 0 0 1024 
0 0 0 0 0 1024 0 0 0 0 0 0 0 0 1024 0 0 0 0 0 0 0 0 1024 
0 0 0 0 0 1024 0 0 0 0 0 0 0 0 1024 0 0 0 0 0 0 0 0 1024 
0 0 0 0 0 1024 0 0 0 0 0 0 0 0 1024 0 0 0 0 0 0 0 0 1024 
0 0 0 0 0 1024 0 0 0 0 0 0 0 0 1024 0 0 0 0 0 0 0 0 1024 
0 0 0 0 0 1024 0 0 0 0 0 0 0 0 1024 0 0 0 0 0 0 0 0 1024 
0 0 0 0 0 1024 0 0 0 0 0 0 0 0 1024 0 0 0 0 0 0 0 0 1024 
0 0 0 0 2 1022 0 0 0 0 0 0 0 6 1018 0 0 0 0 0 0 0 0 1024 
0 0 0 0 0 1024 0 0 0 0 0 0 0 87 937 0 0 0 0 0 0 0 0 1024 
0 0 7 17 57 925 17 1 0 0 3 16 38 552 414 1 0 0 0 3 21 38 50 912 
0 3 76 76 60 809 0 0 0 0 31 101 33 778 81 0 0 0 0 7 100 52 14 851 
0 1 1 1 399 622 0 0 0 0 1 1 1 989 32 0 0 0 0 0 1 1 1 1021 
0 0 0 0 704 320 0 0 0 0 0 0 0 1024 0 0 0 0 0 0 0 0 0 1024 
0 0 0 0 960 64 0 0 0 0 0 0 0 1024 0 0 0 0 0 0 0 0 0 1024 
0 0 0 0 1024 0 0 0 0 0 0 0 0 1024 0 0 0 0 0 0 0 0 0 1024 
0 0 0 0 1024 0 0 0 0 0 0 0 0 1024 0 0 0 0 0 0 0 0 0 1024 
0 0 0 0 1024 0 0 0 0 0 0 0 0 1024 0 0 0 0 0 0 0 0 0 1024 
0 0 0 0 1024 0 0 0 0 0 0 0 0 1024 0 0 0 0 0 0 0 0 0 1024 
0 0 0 0 1024 0 0 0 0 0 0 0 0 1024 0 0 0 0 0 0 0 0 0 1024 
0 0 0 0 1024 0 0 0 0 0 0 0 0 1024 0 0 0 0 0 0 0 0 0 1024 
0 0 0 0 1024 0 0 0 0 0 0 0 0 1024 0 0 0 0 0 0 0 0 0 1024 
0 0 0 0 1024 0 0 0 0 0 0 0 0 1024 0 0 0 0 0 0 0 0 0 1024 
0 0 0 0 1024 0 0 0 0 0 0 0 0 1024 0 0 0 0 0 0 0 0 0 1024 
0 0 0 0 1024 0 0 0 0 0 0 0 0 1024 0 0 0 0 0 0 0 0 0 1024 
0 0 0 0 1024 0 0 0 0 0 0 0 0 1024 0 0 0 0 0 0 0 0 0 1024 
0 0 0 0 1024 0 0 0 0 0 0 0 0 1024 0 0 0 0 0 0 0 0 0 1024 
0 4 11 61 599 208 121 20 0 3 14 56 111 699 127 14 0 3 3 41 67 183 212 515 
2 101 233 182 176 211 103 16 1 40 245 218 166 208 125 21 2 92 218 176 149 208 147 32 
8 249 512 142 53 41 12 7 0 104 524 266 52 44 24 10 2 238 510 161 47 42 15 9 
130 228 590 69 7 0 0 0 39 286 227 450 22 0 0 0 3 155 189 74 565 38 0 0 
10 115 383 134 55 270 57 0 1 94 169 350 76 26 300 8 0 14 106 79 389 90 22 324 
3 33 60 63 41 740 82 2 0 16 54 77 28 41 783 25 0 4 14 45 61 35 29 836 
0 0 0 0 0 1024 0 0 0 0 0 0 0 0 1024 0 0 0 0 0 0 0 0 1024 
0 0 0 0 0 1024 0 0 0 0 0 0 0 0 1024 0 0 0 0 0 0 0 0 1024 
0 0 0 0 0 1024 0 0 0 0 0 0 0 0 1024 0 0 0 0 0 0 0 0 1024 
0 0 0 0 0 1024 0 0 0 0 0 0 0 0 1024 0 0 0 0 0 0 0 0 1024 
0 1 8 18 25 959 13 0 0 0 1 16 23 19 955 10 0 0 0 1 17 23 14 969 
0 0 3 37 143 833 8 0 0 0 1 19 133 111 759 1 0 0 0 1 26 153 80 764 
0 0 0 31 144 822 24 3 0 0 0 26 120 148 728 2 0 0 0 0 38 156 104 726 
0 7 63 144 121 468 155 66 0 7 43 130 122 132 511 79 0 1 6 40 128 152 168 529 
0 0 203 213 145 385 65 13 0 0 66 317 161 175 291 14 0 0 0 30 339 208 136 311 
0 3 35 175 338 361 100 12 0 2 23 152 337 357 140 13 0 0 3 40 211 403 262 105 
0 4 509 298 147 56 10 0 0 1 290 472 184 63 14 0 0 0 1 72 683 209 51 8 
0 6 284 346 246 120 18 4 0 1 98 467 251 126 75 6 0 0 1 41 503 288 64 127 
0 2 114 240 236 424 7 1 0 1 44 264 224 400 91 0 0 0 0 20 285 253 70 396 
0 0 26 73 421 489 15 0 0 0 16 71 232 622 83 0 0 0 0 24 98 260 103 539 
0 0 5 48 409 528 30 4 0 0 2 41 103 765 108 5 0 0 0 9 59 133 96 727 
0 1 1 15 417 548 36 6 0 0 1 11 49 895 60 8 0 0 0 1 24 72 92 835 
0 0 1 15 603 387 17 1 0 0 0 7 58 914 45 0 0 0 0 0 18 92 64 850 
0 0 3 6 835 179 1 0 0 0 2 4 14 971 33 0 0 0 0 4 4 13 21 982 
0 0 0 0 784 240 0 0 0 0 0 0 0 1024 0 0 0 0 0 0 0 0 0 1024 
0 0 12 25 886 100 1 0 0 0 3 22 25 900 74 0 0 0 0 4 20 24 16 960 
0 0 0 3 996 25 0 0 0 0 0 0 3 1014 7 0 0 0 0 0 0 2 5 1017 
0 0 0 0 973 51 0 0 0 0 0 0 0 1018 6 0 0 0 0 0 0 0 2 1022 
0 0 0 1 707 180 104 32 0 0 0 1 30 844 117 32 0 0 0 0 20 81 118 805 
0 0 7 35 379 304 215 84 0 0 14 26 118 549 235 82 0 0 4 21 72 226 288 413 
0 7 40 81 424 231 152 89 0 6 33 85 176 474 161 89 0 1 20 48 159 241 202 353 
4 70 198 94 299 136 154 69 2 31 184 129 102 364 140 72 3 56 194 100 89 107 168 307 
0 73 551 127 55 80 98 40 0 13 473 260 60 81 96 41 0 78 547 128 63 73 99 36 
21 265 607 126 5 0 0 0 7 151 631 214 20 1 0 0 19 268 606 126 5 0 0 0 
7 221 593 174 18 9 2 0 3 90 564 323 27 15 1 1 5 260 557 178 11 11 1 1 
516 351 135 18 4 0 0 0 278 554 148 38 6 0 0 0 37 714 219 45 9 0 0 0 
234 663 85 27 9 6 0 0 93 753 123 37 11 7 0 0 37 478 429 47 22 7 4 0 
94 640 181 54 22 18 15 0 39 535 321 69 23 13 16 8 44 351 429 103 49 18 3 27 
16 224 137 103 106 362 72 4 1 185 167 114 112 42 357 46 0 11 237 143 114 85 29 405 
1 50 54 113 117 543 143 3 2 35 51 101 106 156 528 45 0 4 50 38 95 134 163 540 
0 0 220 348 160 208 85 3 0 0 19 494 166 170 154 21 0 0 0 6 365 358 149 146 
0 0 237 205 205 281 89 7 0 0 77 318 204 227 167 31 0 0 0 17 358 281 201 167 
0 1 81 147 286 368 134 7 0 0 23 162 303 355 167 14 0 0 0 17 202 377 329 99 
0 0 40 129 208 412 222 13 0 0 25 119 199 406 260 15 0 0 0 24 134 297 457 112 
0 0 14 19 87 289 413 202 0 0 12 22 88 292 422 188 0 0 0 12 40 195 440 337 
0 8 29 37 74 99 575 202 0 7 24 35 70 100 569 219 0 2 18 24 47 87 481 365 
1 47 181 144 306 260 67 18 1 23 183 137 301 278 80 21 0 1 23 199 221 329 199 52 
0 28 172 305 249 177 86 7 0 8 146 299 274 202 87 8 0 0 9 128 387 299 164 37 
0 5 819 94 75 29 2 0 0 0 603 300 81 36 4 0 0 0 0 83 831 80 28 2 
0 3 188 265 349 198 21 0 0 0 70 294 355 274 31 0 0 0 0 37 347 433 200 7 
0 0 3 16 106 534 348 17 0 0 2 11 94 515 379 23 0 0 0 5 27 195 626 171 
0 0 5 20 118 520 346 15 0 0 3 14 107 506 375 19 0 0 0 6 36 259 614 109 
0 0 0 5 131 587 299 2 0 0 0 5 127 549 341 2 0 0 0 1 31 365 601 26 
0 1 11 53 276 521 152 10 0 1 9 51 256 525 171 11 0 0 1 20 126 486 348 43 
0 9 104 191 374 300 43 3 0 4 78 178 363 338 59 4 0 0 11 111 273 422 187 20 
0 7 65 132 324 314 149 33 0 2 54 132 290 340 179 27 0 0 5 67 238 390 241 83 
0 3 42 149 324 343 131 32 0 0 41 135 321 336 159 32 0 0 10 74 234 365 219 122 
0 1 15 110 328 393 161 16 0 0 15 107 334 382 169 17 0 0 1 46 214 440 283 40 
0 1 17 72 245 398 245 46 0 0 16 82 161 447 280 38 0 0 3 41 142 275 310 253 
0 0 10 32 245 301 285 151 0 0 12 31 64 453 338 126 0 0 4 25 51 182 304 458 
0 0 2 28 81 252 381 280 0 0 2 23 94 282 386 237 0 0 2 14 75 254 381 298 
0 1 38 89 149 229 250 268 0 1 44 82 147 225 248 277 0 3 44 73 126 222 247 309 
2 153 396 132 80 55 69 137 0 72 395 217 82 56 81 121 1 146 406 144 61 59 67 140 
5 202 632 172 12 0 1 0 0 83 579 334 26 1 1 0 3 204 640 166 10 1 0 0 
4 164 619 210 21 6 0 0 0 71 585 328 31 9 0 0 5 239 585 170 19 6 0 0 
27 352 573 67 5 0 0 0 11 155 684 160 13 1 0 0 28 437 491 58 10 0 0 0 
58 311 550 101 4 0 0 0 22 182 541 268 11 0 0 0 76 393 487 66 2 0 0 0 
446 349 187 35 5 2 0 0 280 476 207 52 7 2 0 0 228 539 218 34 2 3 0 0 
164 644 186 26 3 1 0 0 72 584 308 55 4 1 0 0 89 560 324 47 3 1 0 0 
411 490 88 31 4 0 0 0 231 584 170 36 3 0 0 0 388 440 137 44 15 0 0 0 
60 562 244 101 46 11 0 0 19 519 295 132 47 12 0 0 3 137 575 194 82 31 2 0 
269 582 112 45 16 0 0 0 176 636 138 52 20 2 0 0 5 333 526 111 38 11 0 0 
60 511 165 110 96 57 24 1 15 498 186 124 96 75 26 4 0 89 516 133 106 98 60 22 
31 312 199 227 108 104 37 6 10 289 184 242 142 108 44 5 0 54 331 157 193 160 107 22 
9 93 340 329 125 101 26 1 1 76 181 466 154 115 30 1 0 15 136 115 460 184 93 21 
3 45 110 156 196 278 184 52 0 31 75 181 194 288 206 49 0 6 46 81 183 254 324 130 
0 4 3 22 49 115 236 595 0 2 4 18 46 110 219 625 0 1 4 13 33 87 190 696 
0 0 0 1 8 57 538 420 0 0 0 1 8 56 512 447 0 0 0 0 4 36 378 606 
0 114 346 169 159 122 104 10 0 26 399 161 169 140 111 18 0 2 36 407 205 186 144 44 
0 215 737 41 16 6 5 4 0 29 859 96 22 9 4 5 0 0 10 785 197 18 7 7 
0 39 748 132 79 24 2 0 0 8 547 349 85 29 6 0 0 0 9 234 682 80 17 2 
0 5 765 151 91 11 1 0 0 0 449 434 122 18 1 0 0 0 0 87 780 142 15 0 
0 0 186 65 249 422 100 2 0 0 73 157 203 429 159 3 0 1 3 32 227 310 422 29 
0 0 0 5 46 512 371 90 0 0 0 5 39 489 385 106 0 0 0 1 23 167 641 192 
0 1 5 34 182 335 345 122 0 1 3 35 172 345 353 115 0 0 1 23 94 283 426 197 
0 0 6 68 262 431 227 30 0 0 6 58 238 442 248 32 0 0 3 33 173 389 334 92 
0 18 100 159 296 268 131 52 0 13 86 163 276 296 139 51 0 1 25 120 246 360 196 76 
0 16 42 89 205 329 249 94 0 10 48 84 181 343 253 105 0 3 18 60 163 329 318 133 
0 13 92 133 266 227 153 140 0 4 84 141 272 236 147 140 0 0 15 136 229 295 187 162 
0 2 10 37 144 334 269 228 0 1 10 30 127 350 274 232 0 1 7 17 119 285 325 270 
0 2 5 58 203 261 211 284 0 1 4 45 196 289 213 276 0 0 6 65 184 240 234 295 
0 0 7 56 157 214 231 359 0 0 7 49 147 231 239 351 0 0 10 61 161 227 218 347 
0 47 233 144 114 116 126 244 0 18 202 186 122 131 132 233 0 46 223 151 118 123 124 239 
29 197 497 179 58 24 24 16 13 92 495 284 71 30 23 16 39 203 487 168 63 26 21 17 
33 323 559 109 0 0 0 0 15 168 622 215 4 0 0 0 36 368 555 65 0 0 0 0 
21 218 537 197 48 3 0 0 6 113 523 304 64 14 0 0 36 308 475 148 50 7 0 0 
45 318 514 138 9 0 0 0 23 207 512 252 30 0 0 0 76 412 455 77 4 0 0 0 
70 534 379 38 2 1 0 0 15 311 591 99 7 1 0 0 135 645 229 13 2 0 0 0 
81 424 450 59 8 2 0 0 23 247 568 163 19 4 0 0 154 539 293 31 7 0 0 0 
397 404 93 52 42 28 8 0 301 441 146 57 40 29 10 0 393 402 98 54 40 28 9 0 
356 522 124 16 6 0 0 0 168 609 204 33 10 0 0 0 336 531 127 23 7 0 0 0 
450 487 82 2 3 0 0 0 299 541 174 7 2 1 0 0 529 455 35 2 3 0 0 0 
334 510 153 25 2 0 0 0 149 598 245 30 2 0 0 0 203 516 264 39 2 0 0 0 
166 537 247 52 15 6 1 0 80 499 351 66 19 8 1 0 53 434 440 65 23 6 3 0 
269 590 106 40 14 5 0 0 150 673 133 49 14 5 0 0 29 389 518 59 22 7 0 0 
153 687 129 46 7 2 0 0 89 693 169 62 9 2 0 0 7 239 690 74 12 2 0 0 
57 744 195 28 0 0 0 0 14 676 279 55 0 0 0 0 5 138 815 66 0 0 0 0 
49 740 206 26 2 0 1 0 4 691 278 48 1 1 1 0 0 131 771 113 7 1 1 0 
84 732 94 28 17 22 22 25 20 729 149 38 16 23 25 24 0 183 661 81 21 20 24 34 
53 302 108 54 50 91 180 186 13 293 134 66 52 87 182 197 1 83 307 96 62 62 158 255 
11 48 157 121 166 209 182 130 7 34 151 127 172 215 188 130 2 26 72 169 167 215 223 150 
0 63 331 157 182 163 101 27 0 16 349 153 196 161 121 28 0 0 21 432 256 163 112 40 
26 91 301 159 200 136 84 27 13 60 297 173 212 152 87 30 28 45 92 333 248 157 98 23 
4 40 180 221 247 178 101 53 3 26 153 224 255 198 112 53 9 32 81 245 295 193 113 56 
0 4 30 271 287 211 141 80 0 1 19 215 332 224 142 91 0 3 27 259 291 219 140 85 
8 49 96 245 248 202 136 40 4 42 94 163 309 206 162 44 0 17 89 276 221 194 172 55 
12 405 192 89 137 102 69 18 5 288 303 85 137 110 73 23 1 16 396 247 131 116 84 33 
16 270 94 102 200 240 95 7 5 227 147 104 199 231 100 11 1 12 280 142 177 231 154 27 
5 57 127 145 240 236 153 61 5 60 127 143 248 230 148 63 2 23 107 142 227 257 172 94 
8 114 242 123 158 143 154 82 7 93 253 125 148 153 147 98 3 34 144 248 156 151 154 134 
35 179 175 139 135 133 111 117 27 167 183 145 134 143 102 123 3 48 236 179 147 156 116 139 
30 206 199 133 116 138 105 97 18 191 214 128 123 131 111 108 2 63 247 169 151 152 114 126 
45 96 169 229 203 129 70 83 27 95 163 209 213 155 84 78 5 77 182 251 199 139 90 81 
1 74 368 249 126 78 66 62 0 35 313 340 124 81 65 66 1 91 368 229 136 71 67 61 
16 199 572 200 25 11 1 0 9 100 519 347 31 16 2 0 40 292 519 144 17 11 1 0 
73 316 513 112 10 0 0 0 30 208 531 241 14 0 0 0 114 397 445 63 5 0 0 0 
38 266 543 164 13 0 0 0 14 200 482 298 29 1 0 0 80 369 478 92 5 0 0 0 
51 348 475 133 17 0 0 0 15 217 505 249 37 1 0 0 106 451 360 88 19 0 0 0 
95 349 421 142 17 0 0 0 49 257 435 244 39 0 0 0 156 401 370 86 11 0 0 0 
125 428 399 63 7 2 0 0 68 314 509 119 10 4 0 0 231 523 244 20 6 0 0 0 
190 301 396 93 34 8 2 0 115 272 369 214 40 10 3 1 233 416 281 59 26 5 3 1 
516 398 82 20 6 1 1 0 403 441 139 31 8 1 1 0 557 374 66 19 6 1 1 0 
298 666 60 0 0 0 0 0 113 712 196 3 0 0 0 0 429 564 31 0 0 0 0 0 
722 259 42 1 0 0 0 0 593 320 110 1 0 0 0 0 775 224 25 0 0 0 0 0 
553 319 120 30 2 0 0 0 440 371 182 29 2 0 0 0 563 319 112 27 3 0 0 0 
221 512 242 39 10 0 0 0 117 458 368 68 13 0 0 0 156 550 259 46 13 0 0 0 
180 567 245 27 4 1 0 0 76 524 387 32 4 1 0 0 41 535 400 43 4 1 0 0 
95 395 358 129 36 8 3 0 58 336 393 183 40 10 4 0 58 352 400 153 47 9 5 0 
226 370 262 132 25 6 2 1 146 380 293 159 36 6 3 1 49 402 346 175 43 6 2 1 
217 383 345 64 6 7 1 1 118 380 394 112 11 7 1 1 49 417 424 113 12 7 1 1 
165 484 293 60 15 5 2 0 83 430 393 93 17 6 2 0 47 334 516 93 21 10 1 2 
197 476 266 50 11 8 7 9 81 500 331 73 13 10 7 9 12 424 450 98 11 11 7 11 
136 322 266 160 74 30 22 14 79 313 281 188 90 31 22 20 21 287 343 193 99 35 22 24 
199 252 199 170 125 49 23 7 93 313 214 176 137 61 20 10 14 313 248 204 140 70 24 11 
198 320 237 147 90 28 4 0 120 312 264 190 96 35 7 0 218 291 250 141 83 35 6 0 
146 396 257 121 56 35 10 3 96 376 283 147 68 36 13 5 123 290 338 157 63 32 13 8 
56 532 168 94 79 62 27 6 30 489 223 99 72 72 32 7 3 75 551 171 85 73 49 17 
23 384 258 100 97 101 52 9 15 293 348 99 102 98 60 9 2 57 474 178 105 98 86 24 
22 656 225 104 13 4 0 0 13 537 332 119 18 4 1 0 12 101 702 187 17 4 1 0 
14 421 97 84 123 149 118 18 7 319 197 84 119 140 136 22 1 20 377 182 113 130 165 36 
75 347 138 71 124 135 101 33 27 383 144 67 126 147 99 31 6 86 385 121 114 153 118 41 
12 87 171 163 244 205 98 44 11 93 169 161 250 194 106 40 5 41 156 168 255 217 115 67 
68 250 231 170 124 82 63 36 62 239 225 178 130 93 57 40 16 129 317 212 112 116 57 65 
35 194 449 206 65 42 30 3 31 161 403 283 71 43 28 4 5 135 498 225 68 44 36 13 
8 128 544 290 39 9 4 2 4 86 490 382 47 9 4 2 13 174 547 241 36 7 4 2 
22 202 538 235 26 1 0 0 11 127 473 367 43 3 0 0 40 286 492 187 17 2 0 0 
24 203 521 235 28 7 6 0 11 142 460 345 50 10 6 0 49 353 450 143 17 6 6 0 
69 350 490 98 13 2 1 1 49 247 522 185 17 2 1 1 152 486 343 35 5 1 1 1 
183 428 318 79 13 3 0 0 96 379 378 142 24 5 0 0 262 459 240 51 12 0 0 0 
98 352 440 121 12 1 0 0 56 294 446 203 24 1 0 0 157 440 363 56 8 0 0 0 
103 460 388 71 2 0 0 0 47 338 466 167 6 0 0 0 210 506 269 38 1 0 0 0 
121 487 360 55 1 0 0 0 47 328 469 166 14 0 0 0 200 505 274 44 1 0 0 0 
125 315 457 108 19 0 0 0 93 220 450 235 24 2 0 0 171 467 321 52 12 1 0 0 
519 442 49 12 1 1 0 0 403 509 94 15 2 1 0 0 571 414 28 8 2 1 0 0 
443 495 82 4 0 0 0 0 301 526 187 10 0 0 0 0 582 409 33 0 0 0 0 0 
908 96 18 2 0 0 0 0 856 140 25 3 0 0 0 0 923 86 13 2 0 0 0 0 
698 190 79 39 18 0 0 0 665 217 83 34 20 5 0 0 683 203 80 35 22 1 0 0 
407 496 94 24 1 2 0 0 269 547 172 31 3 2 0 0 362 535 92 31 2 2 0 0 
388 522 113 1 0 0 0 0 258 511 247 8 0 0 0 0 416 539 69 0 0 0 0 0 
259 493 194 50 13 13 2 0 121 530 285 60 12 11 5 0 243 492 210 51 13 11 4 0 
104 452 358 65 17 10 16 2 33 374 454 116 17 11 16 3 72 451 369 86 14 12 17 3 
168 483 297 54 14 6 2 0 98 448 371 81 18 5 3 0 123 522 277 77 17 5 3 0 
349 419 211 40 4 0 1 0 209 470 270 67 7 0 1 0 141 570 252 56 4 0 1 0 
540 341 95 40 8 0 0 0 282 571 111 49 11 0 0 0 16 773 170 53 12 0 0 0 
597 335 72 19 1 0 0 0 343 559 92 28 1 1 0 0 52 810 123 37 1 1 0 0 
360 491 137 31 5 0 0 0 182 631 163 42 6 0 0 0 20 704 259 35 6 0 0 0 
335 334 291 56 4 2 1 1 252 327 305 124 12 2 1 1 445 352 189 32 2 3 0 1 
473 379 135 29 5 3 0 0 298 503 171 43 6 3 0 0 293 550 143 29 7 2 0 0 
328 470 141 61 16 7 1 0 133 629 149 85 17 8 3 0 23 601 262 88 34 11 4 1 
42 218 356 224 116 44 19 5 24 187 337 275 121 52 22 6 34 180 361 235 117 65 25 7 
158 341 307 145 44 24 4 1 121 315 317 189 52 24 5 1 156 364 320 111 46 22 3 2 
63 274 305 191 139 39 12 1 42 235 322 228 141 42 13 1 37 197 321 211 173 59 22 4 
51 483 417 57 13 1 2 0 18 333 548 106 14 3 1 1 49 309 556 96 6 6 1 1 
30 214 385 216 101 45 25 8 13 174 366 274 113 50 26 8 54 223 371 188 99 55 24 10 
80 303 492 135 12 2 0 0 37 233 491 235 23 5 0 0 99 388 433 94 8 2 0 0 
84 348 440 126 19 7 0 0 37 236 470 238 33 10 0 0 137 435 376 57 15 4 0 0 
17 127 443 389 43 5 0 0 12 114 391 449 54 4 0 0 24 189 482 299 27 3 0 0 
28 274 463 209 43 5 2 0 16 192 441 307 60 5 3 0 72 384 407 128 27 4 2 0 
109 386 392 106 17 10 4 0 72 303 446 166 19 13 5 0 204 466 273 54 17 7 3 0 
133 389 410 82 7 1 2 0 82 340 423 168 6 3 2 0 224 493 273 28 3 2 1 0 
261 367 265 101 21 5 4 0 169 346 315 145 37 8 4 0 318 408 211 62 20 1 4 0 
274 436 254 55 2 2 1 0 193 424 304 91 9 1 2 0 356 450 180 33 3 2 0 0 
184 369 431 38 0 2 0 0 122 250 518 128 4 2 0 0 229 532 242 19 2 0 0 0 
321 545 150 8 0 0 0 0 212 492 281 39 0 0 0 0 465 481 76 2 0 0 0 0 
169 310 404 115 22 4 0 0 132 242 418 198 29 4 1 0 223 416 307 59 17 2 0 0 
645 321 47 9 2 0 0 0 507 420 81 12 4 0 0 0 694 287 33 8 2 0 0 0 
531 437 56 0 0 0 0 0 364 480 173 7 0 0 0 0 653 349 22 0 0 0 0 0 
832 150 35 5 2 0 0 0 756 207 50 9 2 0 0 0 871 131 17 5 0 0 0 0 
643 249 103 28 1 0 0 0 618 266 104 35 1 0 0 0 601 262 128 32 1 0 0 0 
546 316 138 24 0 0 0 0 491 337 164 32 0 0 0 0 517 325 154 28 0 0 0 0 
526 364 130 4 0 0 0 0 454 387 175 8 0 0 0 0 574 359 89 2 0 0 0 0 
515 334 120 39 11 4 1 0 416 393 147 52 9 6 1 0 550 335 91 32 12 3 1 0 
104 359 417 130 11 3 0 0 50 318 451 180 21 4 0 0 126 399 364 118 14 3 0 0 
224 514 259 25 2 0 0 0 121 510 349 41 2 1 0 0 229 530 238 26 1 0 0 0 
433 455 118 14 2 2 0 0 308 515 179 15 5 1 1 0 389 476 139 15 3 1 1 0 
68 372 427 128 22 5 2 0 33 281 488 181 29 9 3 0 73 377 405 131 29 6 2 1 
51 297 502 156 16 2 0 0 19 254 504 218 27 2 0 0 76 324 475 135 12 2 0 0 
59 301 524 129 9 2 0 0 44 210 520 230 18 2 0 0 104 418 426 67 7 2 0 0 
339 394 221 61 8 1 0 0 234 399 270 108 11 2 0 0 478 364 154 20 7 1 0 0 
249 427 289 50 8 1 0 0 173 419 341 79 11 1 0 0 271 447 256 41 8 1 0 0 
33 267 496 185 29 14 0 0 20 166 491 284 43 20 0 0 50 322 474 135 29 14 0 0 
105 387 367 120 20 13 10 2 49 315 407 188 39 13 8 5 186 421 299 87 14 10 5 2 
293 348 251 105 18 5 2 2 239 369 268 116 23 5 2 2 370 371 210 58 7 5 2 1 
91 331 370 170 41 13 6 2 53 262 402 232 53 14 6 2 138 386 335 120 30 8 5 2 
179 469 334 39 1 2 0 0 88 377 452 100 5 2 0 0 220 506 272 23 2 1 0 0 
178 344 303 167 32 0 0 0 110 353 312 203 46 0 0 0 223 373 292 109 27 0 0 0 
149 419 367 75 3 8 2 1 105 374 388 135 10 7 4 1 186 472 296 58 3 7 1 1 
122 370 395 107 24 5 0 1 70 290 436 181 36 10 0 1 174 424 327 74 20 4 1 0 
65 257 476 209 13 4 0 0 39 216 423 314 28 4 0 0 140 340 415 116 9 4 0 0 
130 321 396 168 9 0 0 0 84 274 403 234 28 1 0 0 196 395 353 77 3 0 0 0 
272 376 259 85 24 5 2 1 202 374 273 130 36 6 2 1 351 406 202 50 11 3 1 0 
172 416 369 65 2 0 0 0 111 338 450 120 5 0 0 0 289 516 206 13 0 0 0 0 
492 360 129 29 5 2 3 4 366 414 171 59 5 1 3 5 549 328 113 20 5 2 4 3 
439 411 138 28 4 2 1 1 322 469 173 47 9 2 1 1 495 382 118 21 4 2 1 1 
124 420 352 98 23 7 0 0 59 286 443 182 45 8 1 0 156 474 300 68 23 3 0 0 
71 200 303 309 56 58 27 0 39 145 222 358 167 39 47 7 137 262 376 148 15 46 39 1 
15 110 310 126 65 193 188 17 12 61 191 268 77 175 212 28 34 207 272 59 57 177 201 17 
737 247 29 5 4 2 0 0 644 313 53 7 5 2 0 0 772 218 24 4 4 2 0 0 
432 415 139 31 6 1 0 0 285 442 229 54 11 2 1 0 586 344 77 15 2 0 0 0 
686 246 60 20 6 3 3 0 582 322 82 24 7 3 4 0 725 220 50 18 5 3 3 0 
566 290 140 27 1 0 0 0 478 304 187 54 1 0 0 0 599 274 128 22 1 0 0 0 
531 299 150 37 6 1 0 0 501 311 164 42 5 1 0 0 532 289 160 38 4 1 0 0 
543 320 155 6 0 0 0 0 517 295 193 19 0 0 0 0 550 333 136 5 0 0 0 0 
622 215 122 52 9 4 0 0 550 249 131 74 15 5 0 0 652 244 87 31 9 1 0 0 
313 464 209 37 1 0 0 0 203 460 285 71 5 0 0 0 341 473 179 30 1 0 0 0 
489 433 93 8 1 0 0 0 401 465 141 15 2 0 0 0 562 389 63 9 1 0 0 0 
592 315 103 13 1 0 0 0 501 364 136 22 1 0 0 0 614 326 74 9 1 0 0 0 
363 482 161 17 0 1 0 0 271 464 246 41 1 1 0 0 414 477 122 10 1 0 0 0 
231 476 296 19 2 0 0 0 163 428 354 76 3 0 0 0 328 528 158 8 2 0 0 0 
231 393 359 40 1 0 0 0 158 337 397 127 5 0 0 0 350 487 178 8 1 0 0 0 
415 378 184 41 4 1 1 0 316 377 238 84 7 1 1 0 552 348 104 16 2 1 1 0 
364 297 208 107 32 11 4 1 314 323 199 138 33 14 3 0 397 335 187 70 21 11 3 0 
75 342 449 149 9 0 0 0 42 255 457 250 20 0 0 0 166 453 356 47 2 0 0 0 
145 343 326 144 40 15 5 6 91 298 363 189 53 19 4 7 232 402 263 76 34 7 5 5 
305 367 240 89 21 2 0 0 266 373 243 109 30 3 0 0 371 409 189 46 7 2 0 0 
93 363 339 159 51 12 6 1 62 336 395 165 48 11 6 1 147 412 306 116 29 10 4 0 
155 427 378 61 3 0 0 0 61 379 432 140 12 0 0 0 226 460 302 35 1 0 0 0 
172 395 307 121 22 7 0 0 113 370 334 164 32 11 0 0 237 425 269 76 15 2 0 0 
167 380 339 122 11 5 0 0 105 338 340 206 30 5 0 0 236 463 268 46 6 5 0 0 
62 257 444 221 37 3 0 0 38 177 439 304 61 5 0 0 101 327 398 165 31 2 0 0 
123 367 384 131 18 1 0 0 64 278 414 226 40 2 0 0 228 441 283 68 4 0 0 0 
185 306 332 183 18 0 0 0 137 254 338 244 49 2 0 0 259 348 316 95 6 0 0 0 
302 338 298 74 7 4 0 1 242 287 312 149 28 1 4 1 424 393 169 30 3 4 0 1 
317 455 189 52 9 2 0 0 222 432 254 95 17 4 0 0 499 372 117 30 5 1 0 0 
659 267 49 28 14 7 0 0 570 338 56 36 14 10 0 0 695 233 47 29 11 9 0 0 
263 204 120 96 49 90 146 56 209 200 118 123 69 89 149 67 279 209 137 68 50 97 144 40 
34 123 258 217 119 102 116 55 11 87 217 247 165 101 133 63 75 203 263 134 96 89 114 50 
20 66 57 69 54 368 366 24 6 46 53 75 63 290 436 55 42 65 59 49 55 397 334 23 
0 3 0 7 56 525 387 46 0 3 0 4 40 387 521 69 1 2 2 8 58 489 437 27 
142 342 330 153 47 7 2 1 51 251 329 263 99 27 3 1 266 412 239 78 25 2 1 1 
100 313 357 167 67 16 4 0 37 212 329 282 111 45 5 3 214 415 257 92 35 9 2 0 
522 228 145 88 27 10 4 0 430 252 167 107 50 11 6 1 571 226 136 63 17 9 2 0 
429 371 183 33 8 0 0 0 270 326 312 95 19 2 0 0 500 389 110 21 4 0 0 0 
739 181 55 22 12 14 1 0 693 215 70 23 15 8 0 0 757 174 48 22 16 7 0 0 
448 358 180 37 1 0 0 0 409 314 228 68 5 0 0 0 497 376 139 12 0 0 0 0 
518 360 139 7 0 0 0 0 377 399 216 32 0 0 0 0 573 363 86 2 0 0 0 0 
722 216 69 14 3 0 0 0 678 247 80 16 3 0 0 0 727 216 69 9 3 0 0 0 
616 322 83 3 0 0 0 0 528 370 120 6 0 0 0 0 683 293 47 1 0 0 0 0 
756 214 50 2 1 1 0 0 688 250 81 3 1 1 0 0 763 214 43 2 1 1 0 0 
409 394 191 30 0 0 0 0 310 417 233 62 2 0 0 0 465 394 151 14 0 0 0 0 
434 330 213 45 2 0 0 0 370 291 274 85 4 0 0 0 481 410 126 7 0 0 0 0 
235 353 316 107 9 3 1 0 159 334 327 176 23 4 1 0 391 393 201 33 3 2 1 0 
702 224 71 15 6 6 0 0 654 245 90 21 5 8 1 0 762 188 51 11 6 6 0 0 
396 233 228 127 35 3 2 0 333 244 235 151 52 7 1 1 426 258 223 79 32 5 1 0 
38 217 471 281 17 0 0 0 23 174 405 382 39 1 0 0 100 347 462 110 5 0 0 0 
172 314 311 161 55 7 4 0 110 277 337 206 63 27 3 1 235 353 290 94 39 11 2 0 
195 384 263 142 31 6 2 1 138 355 297 173 51 7 2 1 305 395 221 83 16 1 3 0 
155 377 310 136 36 7 3 0 85 346 360 180 41 9 3 0 209 420 266 99 21 7 2 0 
130 334 388 142 19 6 5 0 64 300 418 204 27 6 4 1 188 395 345 73 13 6 4 0 
102 325 398 180 17 1 1 0 70 244 395 263 50 1 1 0 171 437 340 69 5 1 1 0 
106 281 367 248 21 1 0 0 55 242 337 335 54 1 0 0 170 411 367 74 1 1 0 0 
109 204 386 274 47 4 0 0 80 147 332 369 87 9 0 0 167 329 378 127 20 3 0 0 
291 358 312 57 5 1 0 0 187 341 360 122 13 1 0 0 420 416 167 19 2 0 0 0 
215 298 327 157 26 1 0 0 119 251 324 240 76 14 0 0 313 337 268 90 15 1 0 0 
164 365 360 122 13 0 0 0 102 244 358 275 42 3 0 0 320 429 227 44 4 0 0 0 
270 357 286 97 10 2 1 1 185 336 288 172 36 3 2 2 384 418 168 43 7 1 2 1 
264 237 163 105 74 67 68 46 224 245 159 123 88 58 62 65 226 279 144 117 80 63 61 54 
31 123 216 208 167 164 81 34 13 80 210 239 168 178 103 33 57 150 252 167 149 155 73 21 
73 246 401 210 61 25 7 1 25 175 396 283 95 35 13 2 157 319 355 128 44 18 3 0 
112 112 70 92 168 255 173 42 48 131 69 84 137 260 219 76 145 94 66 101 179 256 151 32 
251 276 35 52 60 91 214 45 193 333 34 44 59 95 216 50 372 167 33 56 70 112 188 26 
88 285 366 191 60 28 6 0 37 222 365 248 101 38 11 2 161 364 308 126 40 19 6 0 
138 306 272 195 91 20 2 0 71 294 260 218 137 40 2 2 248 323 248 151 45 7 2 0 
99 234 327 243 85 27 8 1 58 163 307 288 152 40 12 4 173 300 322 152 56 16 4 1 
640 235 125 16 5 1 1 1 496 282 175 52 14 3 0 2 717 241 49 11 4 0 1 1 
569 245 160 38 7 1 3 1 496 264 168 78 14 2 2 0 654 253 97 12 4 2 2 0 
226 391 264 125 17 1 0 0 110 309 367 176 58 4 0 0 363 440 175 40 6 0 0 0 
491 396 112 23 2 0 0 0 367 431 174 44 7 1 0 0 592 348 71 11 2 0 0 0 
397 247 203 138 37 2 0 0 320 229 182 176 92 25 0 0 445 301 205 69 3 1 0 0 
193 228 222 209 138 27 6 1 168 193 213 186 192 57 12 3 242 297 255 169 42 13 6 0 
249 221 225 239 87 3 0 0 207 177 225 256 149 8 2 0 311 253 296 145 16 3 0 0 
130 262 329 227 70 6 0 0 93 228 316 268 105 14 0 0 186 322 328 157 31 0 0 0 
134 179 241 297 160 13 0 0 106 155 218 277 230 38 0 0 186 226 355 226 31 0 0 0 
102 282 329 233 68 10 0 0 51 231 323 282 107 30 0 0 212 360 296 119 34 3 0 0 
628 255 102 22 12 3 1 1 563 294 114 36 12 2 2 1 685 239 65 22 9 2 2 0 
249 267 263 167 64 11 2 1 202 240 282 197 82 17 3 1 322 288 228 139 38 6 3 0 
61 173 374 295 99 16 6 0 36 127 337 357 131 26 10 0 89 261 396 204 58 12 4 0 
378 250 217 123 48 8 0 0 270 250 193 185 94 29 3 0 407 255 196 111 47 8 0 0 
259 340 261 109 31 15 6 3 197 325 286 142 49 15 7 3 303 345 246 82 26 13 6 3 
125 342 341 166 44 6 0 0 79 310 351 206 66 12 0 0 201 359 315 121 24 4 0 0 
166 284 241 172 109 36 11 5 118 226 276 222 129 35 12 6 183 316 249 146 87 29 9 5 
54 115 216 286 257 87 9 0 31 92 171 351 297 79 3 0 75 164 269 257 213 45 1 0 
29 183 244 270 226 51 18 3 9 152 237 311 248 51 13 3 96 228 234 251 165 36 11 3 
31 133 346 362 125 24 2 1 16 97 293 427 154 34 2 1 74 258 384 221 79 7 1 0 
224 345 239 142 56 17 1 0 154 324 274 171 76 23 2 0 293 377 189 105 48 12 0 0 
106 256 298 202 126 34 2 0 56 229 300 270 137 31 1 0 170 358 231 176 78 11 0 0 
113 221 262 233 150 39 6 0 62 203 273 298 143 40 5 0 218 243 267 195 87 14 0 0 
288 309 300 99 22 4 2 0 220 288 328 153 28 5 1 1 385 370 194 60 13 1 1 0 
139 222 226 157 150 88 27 15 74 159 251 208 183 87 38 24 168 244 218 163 138 62 18 13 
12 93 166 274 353 112 14 0 5 69 175 293 341 122 17 2 40 128 193 336 260 64 3 0 
32 138 263 316 234 39 2 0 20 113 216 369 247 55 4 0 66 191 312 316 123 16 0 0 
257 178 168 212 164 39 6 0 201 190 167 202 203 52 8 1 300 181 186 206 127 20 4 0 
371 44 31 261 311 6 0 0 333 57 33 153 408 40 0 0 384 44 78 435 83 0 0 0 
215 387 264 95 44 14 4 1 167 380 286 123 48 13 5 2 277 373 237 85 36 12 3 1 
159 352 283 149 61 13 4 3 114 324 289 190 78 19 6 4 220 360 257 126 41 14 6 0 
160 314 277 178 65 18 7 5 95 290 306 207 88 26 7 5 221 340 243 141 50 17 7 5 
221 270 236 190 82 21 3 1 169 246 232 206 122 40 8 1 290 290 243 130 53 16 1 1 
425 157 149 165 99 25 4 0 418 145 139 188 105 26 3 0 458 178 177 145 51 13 2 0 
62 148 277 306 156 60 14 1 55 111 267 328 184 62 16 1 120 228 317 222 106 26 5 0 
147 150 257 297 132 25 10 6 112 133 247 298 165 53 7 9 212 267 318 168 39 14 2 4 
11 74 253 388 222 55 16 5 5 51 179 330 312 112 27 8 59 197 370 263 101 21 10 3 
1 47 288 483 177 21 6 1 0 21 182 472 292 45 8 4 15 201 480 279 35 11 3 0 
0 42 253 515 196 18 0 0 0 20 203 506 265 29 1 0 8 138 434 379 62 3 0 0 
3 46 208 489 242 35 1 0 1 32 166 481 301 41 2 0 19 125 364 411 90 14 1 0 
2 6 133 453 375 52 3 0 0 4 93 416 429 78 4 0 5 74 314 481 143 6 1 0 
39 94 206 402 245 35 3 0 20 69 162 410 298 61 4 0 90 191 353 322 62 6 0 0 
94 100 159 406 240 24 1 0 74 89 130 364 317 49 1 0 128 164 361 314 53 4 0 0 
11 37 134 429 347 65 1 0 3 23 102 407 382 103 4 0 24 84 316 428 169 3 0 0 
34 47 143 488 275 35 2 0 25 44 88 385 407 69 6 0 51 90 382 415 75 11 0 0 
145 95 174 388 205 17 0 0 126 87 115 325 333 36 2 0 175 144 378 282 40 5 0 0 
57 77 135 430 289 35 1 0 54 75 108 338 373 72 3 1 62 112 325 417 100 7 1 0 
8 34 109 388 411 71 3 0 6 24 81 292 500 112 9 0 14 62 250 504 186 8 0 0 
3 6 37 309 576 90 3 0 2 4 31 275 573 132 7 0 9 21 203 499 279 12 1 0 
0 0 27 362 562 73 0 0 0 0 13 274 614 122 1 0 0 13 187 553 265 6 0 0 
0 4 47 403 521 48 0 1 0 2 25 295 593 105 3 1 1 20 243 585 165 9 1 0 
0 1 63 373 514 71 2 0 0 1 35 292 563 128 5 0 0 30 235 552 202 5 0 0 
0 0 28 329 572 92 3 0 0 0 16 244 609 149 6 0 0 6 140 586 277 15 0 0 
0 0 26 273 597 122 6 0 0 0 19 196 626 173 10 0 0 6 121 586 283 28 0 0 
0 6 57 437 482 41 1 0 0 4 34 346 570 69 1 0 4 22 224 614 156 4 0 0 
0 7 50 409 501 53 4 0 0 3 28 248 637 99 9 0 2 22 204 576 209 11 0 0 
0 0 69 384 497 72 2 0 0 0 18 288 546 169 3 0 0 18 216 555 225 10 0 0 
0 5 60 326 513 114 6 0 0 2 25 226 569 191 11 0 2 30 177 498 280 37 0 0 
3 27 121 297 425 133 18 0 0 10 55 234 490 209 25 1 20 94 233 409 214 48 6 0 
0 2 83 528 364 40 6 1 0 2 10 273 618 109 10 2 0 45 332 521 103 17 6 0 
6 7 99 420 422 69 1 0 0 11 33 199 550 221 10 0 10 62 360 433 155 4 0 0 
529 274 110 56 26 15 10 4 454 324 122 63 30 16 11 4 527 291 94 57 26 16 9 4 
506 273 139 68 25 8 3 2 459 295 141 87 26 10 2 4 539 250 135 63 24 8 3 2 
422 324 161 60 40 13 2 2 355 357 168 81 40 17 2 4 420 324 158 68 36 13 3 2 
302 176 215 179 108 35 9 0 277 180 205 196 118 38 9 1 299 220 244 154 84 18 5 0 
227 149 194 250 142 42 12 8 173 157 148 258 194 69 17 8 211 250 254 188 93 15 10 3 
114 124 185 228 141 104 69 59 80 101 178 241 182 90 78 74 121 212 246 167 85 74 68 51 
408 138 181 179 71 37 7 3 362 171 171 174 84 49 10 3 400 247 180 120 48 22 6 1 
91 213 311 245 134 24 5 1 72 221 307 256 134 28 5 1 180 297 297 181 59 7 2 1 
14 123 297 331 177 72 7 3 7 85 296 325 216 79 13 3 51 217 317 296 105 32 5 1 
97 195 322 285 97 24 3 1 56 158 300 319 151 33 4 3 152 263 336 196 61 13 2 1 
59 232 349 250 103 24 6 1 68 149 275 299 175 44 10 4 205 365 283 112 45 8 6 0 
46 109 297 386 129 45 9 3 37 54 115 328 355 111 20 4 123 305 374 152 54 11 5 0 
25 128 369 375 104 19 4 0 12 66 161 401 326 46 12 0 151 397 351 100 18 7 0 0 
8 80 322 441 135 30 7 1 0 23 121 450 343 67 17 3 51 268 456 187 51 8 2 1 
0 39 241 474 228 37 4 1 0 3 88 399 423 97 12 2 46 280 434 221 41 2 0 0 
1 18 117 391 411 81 5 0 1 1 51 218 514 216 21 2 26 146 450 343 53 6 0 0 
0 0 31 264 654 73 2 0 0 0 7 119 535 355 8 0 2 39 403 541 38 1 0 0 
0 3 53 269 568 123 7 1 0 0 21 157 512 310 23 1 3 43 355 477 129 16 1 0 
0 2 45 256 597 119 5 0 0 0 20 142 510 328 24 0 1 48 344 506 110 14 1 0 
5 23 111 318 483 72 11 1 1 10 49 188 506 245 24 1 28 104 447 367 64 13 1 0 
0 23 115 448 382 50 4 2 0 3 48 253 517 177 23 3 20 137 495 317 48 5 2 0 
0 1 22 300 551 140 8 2 0 0 12 124 564 304 13 7 2 36 338 506 132 8 1 1 
1 4 45 276 518 164 15 1 1 2 13 184 515 278 29 2 4 26 234 488 245 24 3 0 
1 10 68 375 435 116 14 5 0 5 39 272 515 170 17 6 7 49 304 464 163 29 7 1 
0 3 72 332 502 109 6 0 0 1 31 228 517 233 14 0 2 55 297 490 159 20 1 0 
0 0 38 295 575 113 3 0 0 0 6 123 534 332 28 1 0 35 365 528 89 7 0 0 
0 10 84 381 465 77 7 0 0 5 30 203 514 252 17 3 12 74 391 458 80 7 2 0 
0 14 118 432 409 49 2 0 0 3 59 251 503 201 6 1 7 108 423 416 65 5 0 0 
4 43 204 472 266 34 1 0 0 17 94 317 440 145 10 1 38 163 439 334 47 2 1 0 
1 27 159 517 308 10 2 0 0 2 54 207 599 156 5 1 13 141 533 325 10 1 1 0 
0 9 126 493 382 14 0 0 0 0 25 228 608 162 1 0 7 98 471 421 27 0 0 0 
0 6 66 477 450 24 1 0 0 0 13 154 661 192 4 0 6 74 416 494 30 4 0 0 
578 237 121 51 24 13 0 0 471 317 114 70 35 5 12 0 519 286 114 64 26 9 6 0 
791 153 64 14 2 0 0 0 720 192 75 28 9 0 0 0 806 152 54 11 1 0 0 0 
733 215 54 14 7 1 0 0 697 243 62 14 7 1 0 0 718 230 54 14 7 1 0 0 
755 182 60 21 5 1 0 0 697 231 64 24 7 1 0 0 741 190 65 22 5 1 0 0 
1014 10 0 0 0 0 0 0 1002 22 0 0 0 0 0 0 1008 16 0 0 0 0 0 0 
846 56 28 26 20 22 20 6 817 87 34 27 20 17 11 11 836 73 31 31 19 14 17 3 
980 34 9 1 0 0 0 0 927 85 11 1 0 0 0 0 952 61 10 1 0 0 0 0 
418 332 182 51 25 8 4 4 258 380 254 89 23 9 8 3 540 284 132 39 17 5 5 2 
272 348 261 100 32 10 1 0 201 350 293 129 40 8 3 0 372 332 211 77 25 5 2 0 
31 182 330 283 133 45 16 4 35 164 350 297 116 49 10 3 65 265 314 240 96 34 8 2 
0 20 492 426 54 25 5 2 0 12 498 454 41 14 4 1 5 415 270 279 39 11 4 1 
2 35 532 446 9 0 0 0 2 21 573 420 8 0 0 0 19 379 419 207 0 0 0 0 
31 112 618 219 36 7 1 0 44 123 604 220 28 4 1 0 92 237 518 158 18 0 0 1 
18 101 324 350 161 47 21 2 9 49 240 368 247 75 29 7 72 261 368 223 67 24 9 0 
11 93 345 398 137 33 6 1 7 30 129 368 373 97 19 1 134 408 312 123 33 13 1 0 
5 32 268 439 246 32 2 0 0 5 28 274 529 168 17 3 67 422 419 101 11 4 0 0 
2 43 133 322 478 41 4 1 0 9 53 169 420 354 15 4 48 220 602 137 12 4 1 0 
0 0 15 276 638 91 4 0 0 0 0 46 480 481 13 4 0 130 633 251 7 3 0 0 
0 0 5 269 704 44 2 0 0 0 0 13 571 429 10 1 2 91 660 265 6 0 0 0 
0 0 13 275 700 36 0 0 0 0 1 31 504 472 16 0 5 109 723 183 4 0 0 0 
0 1 53 406 514 49 1 0 0 0 2 93 592 322 15 0 6 149 635 223 10 1 0 0 
1 6 61 383 493 80 0 0 0 1 9 92 523 362 37 0 13 117 491 360 43 0 0 0 
0 1 32 166 508 286 28 3 0 0 9 88 410 438 72 7 1 42 174 471 295 41 0 0 
0 8 79 316 438 158 21 4 0 1 28 179 472 280 53 11 10 80 291 413 196 28 6 0 
0 12 123 406 375 98 8 2 0 2 40 287 473 202 18 2 12 87 362 390 151 19 3 0 
8 71 209 357 276 82 18 3 1 33 123 313 351 162 34 7 65 173 351 305 105 21 3 1 
19 74 210 372 243 84 19 3 12 35 147 313 330 140 39 8 72 177 352 281 109 29 4 0 
5 61 236 381 248 73 17 3 1 28 121 329 344 153 41 7 49 216 351 284 89 29 6 0 
28 108 266 380 191 43 6 2 1 53 179 342 332 97 16 4 96 245 397 218 52 14 2 0 
25 113 243 368 241 32 2 0 7 48 179 284 395 100 9 2 72 226 409 264 45 7 1 0 
1 5 55 418 480 56 7 2 0 0 12 149 565 270 22 6 2 46 380 487 94 12 3 0 
0 0 38 442 477 62 5 0 0 0 4 164 605 242 8 1 0 16 288 560 153 7 0 0 
834 159 16 12 3 0 0 0 506 455 38 13 10 2 0 0 698 301 16 7 2 0 0 0 
833 138 47 6 0 0 0 0 735 215 59 15 0 0 0 0 802 174 40 8 0 0 0 0 
818 177 20 7 2 0 0 0 650 323 41 7 3 0 0 0 884 115 18 5 2 0 0 0 
956 54 13 1 0 0 0 0 896 110 17 1 0 0 0 0 951 59 13 1 0 0 0 0 
989 31 4 0 0 0 0 0 965 51 8 0 0 0 0 0 986 34 4 0 0 0 0 0 
937 77 10 0 0 0 0 0 893 116 15 0 0 0 0 0 923 95 6 0 0 0 0 0 
599 189 131 76 25 4 0 0 468 239 147 108 50 12 0 0 633 235 107 35 14 0 0 0 
508 309 141 47 15 4 0 0 361 376 182 77 23 4 1 0 605 259 123 26 8 3 0 0 
794 158 49 19 4 0 0 0 754 183 59 23 5 0 0 0 810 149 47 15 3 0 0 0 
434 248 310 25 6 1 0 0 434 307 257 20 4 2 0 0 489 438 81 12 2 2 0 0 
17 290 676 40 1 0 0 0 15 334 665 10 0 0 0 0 77 895 51 1 0 0 0 0 
0 103 851 70 0 0 0 0 0 104 883 37 0 0 0 0 2 775 247 0 0 0 0 0 
1 188 741 69 23 2 0 0 1 116 818 61 23 4 1 0 8 714 264 28 10 0 0 0 
139 330 389 141 22 3 0 0 151 266 448 136 20 3 0 0 264 536 181 34 7 2 0 0 
28 176 456 216 91 45 11 1 33 157 429 224 111 52 17 1 115 438 290 117 46 16 2 0 
205 232 230 201 95 45 13 3 196 184 233 173 147 66 19 6 330 273 217 125 51 18 9 1 
125 215 269 221 124 51 16 3 102 129 225 261 202 72 26 7 264 288 231 149 64 22 5 1 
40 145 362 303 129 37 6 2 14 91 162 347 318 83 7 2 212 406 255 110 35 6 0 0 
1 63 412 428 103 15 2 0 1 3 63 472 408 71 6 0 109 548 277 74 10 6 0 0 
10 95 344 385 168 15 6 1 0 12 99 378 417 100 11 7 192 401 346 61 14 5 5 0 
5 17 122 459 375 33 8 5 0 4 28 176 543 249 14 10 43 237 524 193 15 8 4 0 
0 4 95 464 394 45 14 8 0 0 3 138 576 267 23 17 17 191 531 241 23 9 8 4 
1 13 155 408 361 76 8 2 0 1 22 179 468 306 39 9 51 246 434 245 42 4 2 0 
0 3 57 369 492 101 2 0 0 0 11 98 532 335 48 0 13 112 485 360 54 0 0 0 
0 0 56 373 507 84 3 1 0 0 2 109 504 356 50 3 5 140 507 321 48 2 1 0 
3 12 77 412 444 67 8 1 1 2 24 108 478 369 37 5 15 136 457 349 57 8 2 0 
8 53 178 415 278 79 13 0 1 12 70 218 425 229 60 9 80 208 397 257 68 14 0 0 
7 91 298 380 212 36 0 0 1 8 97 323 403 169 23 0 96 305 379 203 41 0 0 0 
67 160 296 335 137 25 3 1 26 89 144 293 330 119 20 3 198 327 322 147 24 5 1 0 
53 130 216 336 236 50 3 0 4 69 147 235 321 213 34 1 127 212 347 266 64 7 1 0 
0 5 83 344 475 112 5 0 0 0 21 166 443 342 50 2 5 63 301 498 149 8 0 0 
2 11 161 423 346 71 7 3 1 5 43 267 467 212 25 4 15 137 395 364 99 11 2 1 
74 218 345 270 83 21 11 2 17 89 209 350 255 76 16 12 218 358 281 102 38 15 10 2 
427 245 204 95 36 10 5 2 281 232 225 170 73 31 6 6 533 264 133 61 19 11 2 1 
844 133 29 14 3 1 0 0 688 259 45 23 7 2 0 0 886 100 28 7 3 0 0 0 
851 162 6 2 3 0 0 0 706 296 17 2 3 0 0 0 916 99 4 4 1 0 0 0 
424 275 222 87 12 3 1 0 331 290 200 164 34 2 3 0 550 338 110 21 2 3 0 0 
144 181 313 262 102 20 2 0 56 116 181 325 243 80 22 1 283 362 248 98 29 4 0 0 
10 76 319 487 110 19 2 1 1 7 58 249 513 171 22 3 237 485 244 44 13 1 0 0 
108 61 188 395 237 32 3 0 76 44 65 183 390 233 31 2 204 346 326 122 24 2 0 0 
691 149 94 63 16 9 2 0 640 154 90 88 35 12 5 0 755 146 81 31 7 3 1 0 
780 169 39 9 13 7 5 2 751 206 32 6 12 6 8 3 791 158 38 7 13 7 7 3 
304 565 147 8 0 0 0 0 206 610 204 4 0 0 0 0 305 510 207 2 0 0 0 0 
60 569 321 74 0 0 0 0 33 606 324 61 0 0 0 0 75 717 224 8 0 0 0 0 
34 543 373 74 0 0 0 0 11 587 380 46 0 0 0 0 192 729 103 0 0 0 0 0 
90 642 279 13 0 0 0 0 89 654 267 14 0 0 0 0 567 444 12 1 0 0 0 0 
8 245 627 143 1 0 0 0 6 289 510 218 1 0 0 0 216 759 48 1 0 0 0 0 
16 64 659 273 10 2 0 0 14 92 587 317 10 4 0 0 130 766 120 8 0 0 0 0 
68 243 374 310 26 3 0 0 84 248 338 324 27 3 0 0 258 549 193 22 2 0 0 0 
73 282 421 194 53 1 0 0 106 350 384 151 32 1 0 0 304 535 129 53 3 0 0 0 
106 239 232 193 144 70 33 7 152 261 184 192 134 64 31 6 282 263 208 138 77 38 17 1 
206 229 222 175 102 67 15 8 220 225 191 158 121 71 30 8 382 231 187 111 74 29 7 3 
28 52 217 341 253 80 41 12 27 22 90 256 373 197 49 10 128 263 285 207 84 41 14 2 
9 66 220 384 219 78 37 11 3 22 115 278 355 167 57 27 82 216 368 208 99 34 14 3 
5 81 337 383 154 27 21 16 1 11 147 367 354 92 25 27 137 378 342 108 21 23 15 0 
0 29 297 518 162 16 1 1 0 3 33 315 536 119 15 3 103 402 412 93 11 2 1 0 
3 39 216 412 316 36 2 0 0 1 24 221 531 228 19 0 71 301 453 179 20 0 0 0 
0 22 186 594 210 12 0 0 0 0 15 223 591 188 7 0 65 406 494 58 1 0 0 0 
2 27 198 497 262 34 3 1 0 2 29 182 507 271 27 6 53 288 497 167 18 1 0 0 
0 33 217 502 252 20 0 0 0 0 38 208 503 265 10 0 54 298 516 152 4 0 0 0 
7 52 165 402 280 109 7 2 5 9 53 181 386 295 88 7 52 183 375 301 100 10 3 0 
26 91 221 304 257 101 21 3 7 49 136 269 318 186 47 12 101 210 289 266 115 36 5 2 
100 211 264 266 126 49 6 2 16 114 199 255 277 115 43 5 245 278 305 126 57 7 4 2 
83 202 385 249 92 11 2 0 6 75 201 376 256 96 13 1 241 362 271 120 26 4 0 0 
20 201 513 244 41 5 0 0 2 20 162 517 272 46 5 0 326 459 200 34 5 0 0 0 
51 146 363 309 127 21 7 0 10 57 153 353 309 119 18 5 206 398 260 121 30 5 4 0 
91 164 313 365 81 9 1 0 19 111 136 305 373 70 9 1 285 449 245 36 9 0 0 0 
142 218 201 296 156 10 1 0 39 185 219 180 308 91 2 0 281 316 317 104 6 0 0 0 
49 108 189 256 298 116 8 0 25 85 148 191 304 217 51 3 142 189 292 278 110 13 0 0 
3 14 124 381 371 119 11 1 0 6 18 143 406 356 89 6 24 179 394 290 119 17 1 0 
0 16 147 427 353 66 15 0 0 0 5 125 404 384 87 19 99 311 387 185 32 10 0 0 
15 99 280 443 162 24 1 0 0 12 95 248 429 212 28 0 254 390 307 64 9 0 0 0 
356 224 240 132 58 13 1 0 267 233 233 153 101 33 4 0 485 301 146 68 22 2 0 0 
411 339 218 45 8 0 2 1 341 479 179 16 6 2 0 1 496 452 62 5 6 0 2 1 
134 420 411 59 0 0 0 0 130 566 312 16 0 0 0 0 189 691 141 3 0 0 0 0 
2 212 649 156 5 0 0 0 3 379 592 50 0 0 0 0 8 606 404 6 0 0 0 0 
5 267 585 161 6 0 0 0 0 388 546 88 2 0 0 0 85 659 264 16 0 0 0 0 
70 654 275 25 0 0 0 0 78 739 197 10 0 0 0 0 608 393 23 0 0 0 0 0 
24 346 565 84 5 0 0 0 28 522 446 27 1 0 0 0 305 591 125 3 0 0 0 0 
0 47 749 224 4 0 0 0 0 101 786 137 0 0 0 0 10 643 363 8 0 0 0 0 
0 46 672 301 5 0 0 0 0 83 715 221 5 0 0 0 27 636 344 17 0 0 0 0 
0 245 558 210 11 0 0 0 1 217 579 219 8 0 0 0 252 687 83 2 0 0 0 0 
0 155 662 189 16 2 0 0 0 112 725 179 8 0 0 0 277 641 91 13 2 0 0 0 
20 348 525 104 22 5 0 0 36 272 552 135 22 7 0 0 381 487 114 33 9 0 0 0 
53 155 311 251 157 76 16 5 68 193 280 238 147 67 27 4 182 316 228 156 102 31 7 2 
118 181 221 231 150 74 41 8 120 181 170 219 180 90 47 17 259 257 223 158 69 43 12 3 
147 213 248 233 127 39 12 5 128 172 203 242 174 80 19 6 282 288 237 138 52 21 5 1 
27 195 416 276 86 18 4 2 1 24 198 435 289 64 11 2 236 424 251 88 16 6 2 1 
47 370 461 127 14 5 0 0 0 30 327 482 153 26 4 2 382 490 126 21 5 0 0 0 
32 139 397 352 95 9 0 0 1 52 132 402 344 87 6 0 176 435 320 89 4 0 0 0 
13 95 332 434 130 18 2 0 1 20 73 298 436 170 23 3 80 369 402 145 26 2 0 0 
2 41 360 526 93 2 0 0 0 0 24 297 574 126 3 0 59 440 462 62 1 0 0 0 
14 75 246 446 184 45 14 0 2 21 72 253 431 192 42 11 85 253 456 165 47 15 3 0 
29 127 354 371 113 27 3 0 1 27 138 369 338 115 30 6 108 334 380 144 45 13 0 0 
85 259 366 251 60 2 1 0 6 80 238 358 268 71 3 0 227 376 311 105 4 1 0 0 
44 222 402 240 93 19 4 0 2 26 194 385 277 114 23 3 146 383 314 126 41 13 1 0 
90 511 340 64 16 3 0 0 1 78 477 380 72 14 2 0 566 368 66 19 5 0 0 0 
62 329 441 164 26 2 0 0 0 27 281 491 195 28 2 0 506 402 105 10 1 0 0 0 
27 138 332 331 170 21 4 1 0 14 138 326 375 152 15 4 235 367 289 111 18 3 1 0 
1 18 119 429 384 66 7 0 0 3 32 204 469 276 37 3 30 173 460 301 56 4 0 0 
0 2 57 344 476 138 7 0 0 1 8 122 483 362 47 1 6 85 416 383 127 7 0 0 
0 2 82 466 384 80 10 0 0 0 6 98 497 370 48 5 25 278 436 235 45 5 0 0 
1 24 150 402 352 83 11 1 0 1 16 143 428 341 87 8 62 240 367 276 68 10 1 0 
8 71 306 463 155 20 1 0 0 8 59 292 463 176 24 2 228 440 283 66 6 1 0 0 
56 315 390 195 62 6 0 0 19 300 365 217 89 30 4 0 261 490 199 65 8 1 0 0 
20 194 455 297 55 3 0 0 29 243 523 203 26 0 0 0 75 512 314 108 15 0 0 0 
0 31 301 546 146 0 0 0 0 77 391 434 122 0 0 0 9 169 391 352 103 0 0 0 
6 85 445 469 19 0 0 0 8 143 580 289 4 0 0 0 12 191 694 125 2 0 0 0 
2 82 559 370 11 0 0 0 2 205 677 140 0 0 0 0 9 463 536 16 0 0 0 0 
72 412 437 103 0 0 0 0 101 527 370 26 0 0 0 0 481 503 40 0 0 0 0 0 
9 232 539 236 8 0 0 0 23 378 511 112 0 0 0 0 186 572 243 23 0 0 0 0 
0 20 482 482 40 0 0 0 0 23 610 373 18 0 0 0 0 108 811 103 2 0 0 0 
0 21 288 605 110 0 0 0 0 34 413 543 34 0 0 0 0 101 580 332 11 0 0 0 
9 172 422 299 70 22 24 6 13 243 469 210 38 22 19 10 121 375 304 142 31 15 24 12 
14 149 234 236 95 141 128 27 18 177 232 207 92 136 135 27 27 268 222 114 86 127 142 38 
0 25 324 364 100 112 75 24 0 16 394 322 78 109 84 21 89 214 283 142 73 109 87 27 
40 168 491 220 47 35 19 4 56 161 514 196 47 33 15 2 174 492 211 54 44 35 12 2 
126 403 335 144 16 0 0 0 213 394 326 79 12 0 0 0 429 472 97 21 5 0 0 0 
388 317 208 56 36 15 3 1 426 348 142 42 31 27 7 1 712 190 57 30 25 8 2 0 
50 123 177 256 218 122 59 19 57 107 181 243 215 131 72 18 126 197 249 208 134 77 30 3 
28 113 336 279 147 75 35 11 13 41 167 396 262 89 43 13 134 330 272 164 64 47 10 3 
485 271 152 64 29 11 9 3 354 318 184 103 38 16 8 3 666 201 98 27 17 10 5 0 
190 176 265 222 113 46 12 0 147 134 166 239 230 92 15 1 293 301 241 115 52 21 1 0 
36 83 303 367 159 60 13 3 2 26 116 320 371 152 33 4 122 321 334 154 67 22 4 0 
78 292 374 185 61 27 7 0 10 97 291 352 200 58 16 0 302 412 200 73 28 9 0 0 
44 267 513 185 15 0 0 0 1 35 216 509 237 26 0 0 253 521 223 26 1 0 0 0 
36 259 471 227 29 2 0 0 0 32 220 480 254 36 2 0 197 485 297 40 5 0 0 0 
104 378 367 145 27 3 0 0 0 132 349 350 156 34 3 0 313 451 200 50 10 0 0 0 
369 503 134 18 0 0 0 0 16 408 450 128 21 1 0 0 788 210 26 0 0 0 0 0 
522 416 81 4 1 0 0 0 65 520 367 67 5 0 0 0 819 189 15 1 0 0 0 0 
405 358 166 77 14 3 1 0 103 365 305 149 79 20 2 1 617 272 103 29 2 0 1 0 
256 292 221 164 76 15 0 0 92 289 260 208 131 40 4 0 452 292 180 81 19 0 0 0 
2 20 159 446 328 68 1 0 0 3 57 280 480 188 16 0 23 194 453 276 75 3 0 0 
2 17 230 510 225 40 0 0 0 0 21 237 506 230 30 0 81 348 431 141 23 0 0 0 
2 30 268 493 204 26 1 0 0 0 24 221 517 229 32 1 96 440 352 119 17 0 0 0 
18 98 346 386 146 26 4 0 1 12 79 309 392 188 39 4 232 387 290 102 12 1 0 0 
53 221 343 269 113 23 2 0 11 93 213 330 251 107 19 0 270 380 258 103 13 0 0 0 
69 346 263 283 58 5 0 0 27 291 328 298 70 9 1 0 25 220 387 309 72 10 1 0 
1 115 338 443 127 0 0 0 0 87 425 437 75 0 0 0 0 14 445 503 62 0 0 0 
76 440 393 103 10 2 0 0 49 491 388 95 1 0 0 0 29 447 482 65 1 0 0 0 
179 465 293 78 9 0 0 0 141 564 261 52 6 0 0 0 134 666 203 20 1 0 0 0 
58 228 508 223 7 0 0 0 91 391 482 60 0 0 0 0 411 536 76 1 0 0 0 0 
5 193 536 274 16 0 0 0 14 342 556 111 1 0 0 0 181 512 301 30 0 0 0 0 
0 6 328 580 110 0 0 0 0 15 424 533 52 0 0 0 1 49 529 424 21 0 0 0 
0 5 325 603 88 3 0 0 0 4 424 549 47 0 0 0 0 2 462 538 22 0 0 0 
2 187 580 235 20 0 0 0 2 177 657 183 5 0 0 0 0 65 765 193 1 0 0 0 
2 89 561 345 17 6 1 3 3 78 704 228 7 1 2 1 1 44 652 311 9 4 0 3 
2 45 581 292 62 25 14 3 1 52 637 240 59 20 11 4 0 52 643 229 54 24 16 6 
244 88 271 350 52 15 4 0 229 77 379 291 33 12 3 0 235 91 491 170 20 12 5 0 
157 236 264 310 55 2 0 0 137 281 344 252 10 0 0 0 374 320 286 43 1 0 0 0 
36 210 355 368 55 0 0 0 45 263 537 177 2 0 0 0 310 601 112 1 0 0 0 0 
80 147 166 392 213 16 7 3 86 178 248 449 39 16 7 1 181 446 340 28 16 9 3 1 
96 153 164 311 195 76 17 12 125 162 265 287 115 47 14 9 241 336 234 110 76 17 8 2 
705 151 98 47 19 3 1 0 722 165 83 40 9 4 1 0 809 142 50 16 4 3 0 0 
482 197 176 97 46 21 4 1 490 217 156 89 47 19 5 1 605 212 113 56 29 8 1 0 
59 110 260 272 189 104 27 3 46 93 204 284 227 127 38 5 133 233 279 202 108 58 10 1 
149 217 245 173 140 71 23 6 158 192 227 193 152 69 25 8 305 247 197 146 92 27 6 4 
60 180 273 230 160 84 26 11 26 66 228 296 248 112 34 14 198 268 226 183 94 41 10 4 
115 327 297 181 70 23 10 1 47 190 354 293 104 24 11 1 323 321 231 92 35 17 5 0 
187 412 306 97 19 3 0 0 49 224 404 278 58 11 0 0 352 424 196 41 11 0 0 0 
