27 242 384 246 107 18 0 0 33 293 381 244 66 7 0 0 44 291 383 231 68 7 0 0 
20 117 141 288 346 106 6 0 31 140 178 387 251 36 1 0 40 134 169 391 246 43 1 0 
52 287 289 273 118 5 0 0 68 295 358 233 69 1 0 0 58 264 335 271 94 2 0 0 
78 452 379 104 11 0 0 0 97 496 343 81 7 0 0 0 66 460 374 107 17 0 0 0 
16 325 342 235 96 10 0 0 25 399 375 183 41 1 0 0 17 338 379 229 60 1 0 0 
27 231 387 256 113 10 0 0 36 347 378 214 49 0 0 0 38 326 393 209 58 0 0 0 
182 565 236 39 2 0 0 0 184 528 245 65 2 0 0 0 195 554 248 25 2 0 0 0 
275 604 128 17 0 0 0 0 262 610 134 18 0 0 0 0 213 604 176 29 2 0 0 0 
148 640 218 18 0 0 0 0 139 658 214 13 0 0 0 0 82 605 311 24 2 0 0 0 
78 670 249 25 2 0 0 0 64 657 277 24 2 0 0 0 33 699 258 32 2 0 0 0 
55 435 234 150 73 64 13 0 32 419 296 156 73 46 2 0 18 408 333 143 76 45 1 0 
4 401 484 135 0 0 0 0 2 314 580 127 1 0 0 0 1 209 633 177 4 0 0 0 
6 215 586 151 66 0 0 0 7 232 594 162 29 0 0 0 1 143 583 254 42 1 0 0 
0 39 473 385 117 10 0 0 0 56 573 311 83 1 0 0 0 21 456 459 87 1 0 0 
0 8 282 493 184 50 7 0 0 23 471 405 107 18 0 0 0 25 471 435 75 18 0 0 
1 45 340 421 168 47 2 0 1 90 409 385 117 22 0 0 2 121 460 334 96 11 0 0 
0 26 258 408 213 105 14 0 0 70 368 438 137 11 0 0 0 78 474 368 97 7 0 0 
0 42 171 332 376 98 5 0 0 69 279 477 189 10 0 0 2 56 332 501 126 7 0 0 
1 79 236 242 279 166 21 0 2 120 277 339 229 56 1 0 7 148 302 352 183 31 1 0 
0 22 177 361 322 136 6 0 0 52 308 405 221 38 0 0 0 61 325 408 208 22 0 0 
0 8 149 368 205 111 133 50 0 18 266 298 188 160 90 4 2 28 290 336 118 111 121 18 
5 50 252 359 248 94 15 1 2 48 253 388 239 77 14 3 22 164 371 322 116 23 6 0 
1 33 238 347 244 128 33 0 2 48 242 306 281 110 33 2 11 103 357 312 188 47 6 0 
0 60 327 399 160 67 10 1 0 81 310 397 182 51 3 0 0 87 437 340 133 26 1 0 
0 14 270 469 214 54 3 0 0 45 379 419 151 30 0 0 0 40 397 478 103 6 0 0 
8 145 364 290 153 60 4 0 1 105 295 253 223 122 25 0 31 258 392 247 79 17 0 0 
9 157 306 304 175 64 9 0 17 124 233 314 237 88 11 0 70 257 310 259 98 27 3 0 
16 153 277 328 208 35 7 0 15 207 282 299 176 42 3 0 36 219 343 342 67 17 0 0 
2 47 188 286 348 142 10 1 0 47 224 414 283 51 5 0 24 166 289 379 153 12 1 0 
0 0 36 313 495 175 5 0 0 10 242 557 208 7 0 0 1 44 411 442 124 2 0 0 
0 0 9 207 696 111 1 0 0 5 116 748 150 5 0 0 0 8 229 710 75 2 0 0 
0 1 24 439 470 87 3 0 0 9 255 594 159 7 0 0 1 20 382 520 97 4 0 0 
0 0 52 460 447 62 3 0 0 1 95 584 326 18 0 0 0 5 189 582 238 10 0 0 
0 2 142 544 306 30 0 0 0 8 210 620 180 6 0 0 0 25 317 565 113 4 0 0 
0 31 243 548 183 16 3 0 2 49 328 517 116 12 0 0 0 42 289 508 171 11 3 0 
0 100 342 396 155 30 1 0 0 53 384 444 125 18 0 0 0 44 381 436 139 24 0 0 
0 31 307 396 255 35 0 0 2 60 338 477 145 2 0 0 0 54 346 474 145 5 0 0 
2 79 343 421 162 16 1 0 5 121 410 411 72 5 0 0 14 154 417 360 74 5 0 0 
22 90 198 505 198 11 0 0 14 103 385 470 51 1 0 0 41 152 448 357 25 1 0 0 
16 62 153 531 249 13 0 0 28 81 205 601 105 4 0 0 15 72 308 519 108 2 0 0 
0 1 112 670 241 0 0 0 0 32 218 662 112 0 0 0 0 29 294 669 32 0 0 0 
0 15 70 618 304 17 0 0 0 16 162 635 200 11 0 0 0 16 345 581 82 0 0 0 
0 0 46 498 396 80 4 0 0 0 71 549 376 27 1 0 0 8 345 491 168 12 0 0 
1 33 106 539 309 32 3 1 0 22 120 369 498 14 1 0 1 30 409 486 88 10 0 0 
0 3 115 439 445 22 0 0 0 1 15 334 648 26 0 0 1 58 390 470 105 0 0 0 
0 13 85 330 437 149 10 0 3 21 107 401 430 61 1 0 3 32 216 567 183 23 0 0 
0 4 20 176 523 280 21 0 0 18 56 394 489 64 3 0 0 12 253 545 205 9 0 0 
0 0 23 150 396 390 58 7 0 0 40 272 485 210 17 0 0 8 125 460 374 54 3 0 
0 0 10 102 399 446 67 0 0 4 61 308 506 140 5 0 0 14 127 491 356 35 1 0 
0 0 33 104 373 449 63 2 0 28 111 336 453 88 8 0 5 60 146 449 329 35 0 0 
0 0 1 48 394 484 87 10 0 1 38 338 530 103 14 0 0 6 98 497 374 46 3 0 
0 0 3 71 486 399 63 2 0 1 31 353 504 128 7 0 0 2 102 537 323 60 0 0 
1 29 93 160 267 317 141 16 2 16 92 188 414 249 60 3 36 81 152 291 310 127 27 0 
0 23 55 178 443 277 45 3 0 15 49 304 491 147 17 1 19 69 158 485 248 43 2 0 
0 6 39 101 330 455 93 0 1 11 66 246 492 199 9 0 2 35 105 366 436 80 0 0 
0 5 22 144 386 391 66 10 2 13 64 250 495 177 19 4 5 22 133 409 376 71 5 3 
0 0 0 41 378 501 103 1 0 0 4 182 551 277 10 0 0 0 39 404 474 106 1 0 
3 35 70 127 254 437 97 1 0 4 59 212 428 306 15 0 27 72 89 253 456 125 2 0 
9 103 192 192 207 232 87 2 2 44 171 201 281 271 51 3 53 194 197 218 262 95 5 0 
0 22 125 238 276 305 58 0 4 53 131 271 315 227 22 1 10 74 215 313 299 110 3 0 
0 3 22 54 127 535 278 5 0 8 28 99 334 525 30 0 1 16 36 130 471 360 10 0 
0 2 40 117 256 481 126 2 1 14 98 179 445 280 7 0 1 37 109 238 486 152 1 0 
0 0 17 85 363 391 161 7 0 3 85 305 349 252 30 0 0 17 106 369 359 169 4 0 
0 2 31 103 314 456 116 2 2 29 83 245 435 222 8 0 2 32 106 282 482 116 4 0 
1 14 208 624 166 11 0 0 0 8 106 616 282 12 0 0 1 28 450 470 72 3 0 0 
2 72 290 506 148 6 0 0 0 26 122 473 373 30 0 0 3 146 489 330 56 0 0 0 
0 16 249 620 139 0 0 0 0 2 97 674 247 4 0 0 0 59 531 412 22 0 0 0 
0 11 203 638 162 10 0 0 0 1 105 618 292 8 0 0 0 38 459 470 57 0 0 0 
0 9 97 609 288 21 0 0 0 6 107 596 296 18 1 0 0 19 313 591 96 5 0 0 
0 0 106 498 398 22 0 0 0 0 83 607 319 15 0 0 0 19 337 514 154 0 0 0 
0 5 94 493 386 44 2 0 0 12 163 553 287 9 0 0 1 34 315 527 142 5 0 0 
3 59 269 437 225 31 0 0 6 86 330 429 159 14 0 0 8 112 366 405 126 7 0 0 
0 15 139 460 354 55 1 0 1 40 207 559 195 22 0 0 0 50 243 543 173 15 0 0 
0 18 164 491 310 40 1 0 0 19 217 520 247 20 1 0 2 42 298 512 157 12 1 0 
12 67 260 457 204 23 1 0 18 88 310 425 170 13 0 0 17 84 386 410 116 11 0 0 
0 52 268 490 161 39 14 0 1 53 208 347 328 86 1 0 5 137 539 272 59 12 0 0 
0 14 240 659 110 1 0 0 0 1 30 347 591 55 0 0 3 242 642 133 4 0 0 0 
0 10 279 591 138 6 0 0 0 0 11 375 597 41 0 0 2 220 642 160 0 0 0 0 
0 0 0 198 552 227 41 6 0 0 7 280 581 137 17 2 0 4 314 497 160 43 6 0 
0 0 17 182 396 310 110 9 0 0 30 285 495 182 31 1 1 22 243 417 222 107 12 0 
0 0 1 19 226 584 187 7 0 0 9 184 558 259 14 0 0 2 59 397 489 77 0 0 
0 0 15 64 329 483 125 8 5 41 63 306 481 121 7 0 8 47 122 486 311 47 3 0 
0 0 3 65 413 442 98 3 0 1 43 369 479 124 8 0 1 7 184 549 251 31 1 0 
0 0 21 160 405 326 109 3 0 5 102 347 403 155 12 0 1 41 226 451 256 49 0 0 
8 48 141 204 291 241 85 6 2 39 119 226 355 240 39 4 65 139 244 305 208 61 1 1 
0 3 15 78 278 444 191 15 2 5 45 252 435 256 29 0 3 22 108 327 423 134 7 0 
1 17 20 81 291 471 133 10 4 19 47 213 465 255 21 0 9 25 81 311 457 133 8 0 
0 2 33 141 335 377 128 8 0 14 55 226 452 247 29 1 1 34 146 322 380 133 8 0 
0 2 11 93 470 379 68 1 0 8 39 284 524 157 12 0 2 13 90 463 386 69 1 0 
0 5 25 115 375 423 81 0 0 7 24 230 513 226 24 0 7 25 119 446 367 60 0 0 
4 46 137 169 398 201 66 3 5 42 134 188 417 184 52 2 47 121 169 375 232 71 9 0 
0 27 62 208 315 339 70 3 10 36 96 206 400 247 29 0 18 88 188 300 334 87 9 0 
0 0 12 27 109 561 306 9 0 3 21 41 321 582 53 3 0 12 26 98 538 341 9 0 
0 2 47 142 246 421 136 30 0 21 89 200 380 270 61 3 0 40 130 230 427 148 43 6 
0 2 28 196 376 300 96 26 0 22 94 283 369 206 42 8 3 43 204 388 266 95 25 0 
0 2 55 297 401 233 30 6 0 7 45 269 467 222 11 3 1 34 250 405 285 43 5 1 
2 42 296 446 187 51 0 0 4 58 289 450 183 40 0 0 4 85 397 363 151 24 0 0 
1 96 247 387 247 45 1 0 2 80 195 404 314 29 0 0 4 141 351 366 143 19 0 0 
31 169 381 415 28 0 0 0 5 118 170 347 370 14 0 0 21 310 539 140 14 0 0 0 
0 62 503 415 41 3 0 0 0 12 131 617 254 9 1 0 6 309 582 113 12 2 0 0 
0 12 164 552 244 48 4 0 0 0 51 595 341 33 4 0 1 79 489 373 71 11 0 0 
0 2 89 394 442 96 1 0 0 3 126 505 363 27 0 0 0 31 314 506 171 2 0 0 
0 7 149 354 420 89 5 0 0 18 213 444 324 24 1 0 0 56 319 480 157 12 0 0 
0 15 162 354 391 99 3 0 2 61 256 399 263 43 0 0 5 86 311 413 188 21 0 0 
4 50 261 392 249 62 6 0 15 87 323 383 175 38 3 0 18 122 340 372 144 26 2 0 
7 84 208 446 231 46 2 0 13 108 248 452 168 35 0 0 18 123 290 441 130 22 0 0 
43 210 289 324 143 15 0 0 64 206 295 319 126 14 0 0 58 220 328 303 105 10 0 0 
88 313 363 213 47 0 0 0 35 213 272 318 161 25 0 0 118 399 350 149 8 0 0 0 
299 281 163 261 20 0 0 0 87 325 180 178 224 30 0 0 297 382 305 40 0 0 0 0 
47 128 337 436 74 2 0 0 0 38 104 393 425 64 0 0 36 358 536 90 4 0 0 0 
0 7 127 422 361 98 9 0 0 0 42 440 490 50 2 0 1 118 493 345 63 4 0 0 
0 25 144 335 376 123 17 4 0 18 122 370 391 96 22 5 30 175 317 391 89 18 4 0 
5 49 175 304 330 144 17 0 0 25 215 413 267 96 7 1 31 149 331 358 139 16 0 0 
0 0 11 83 430 436 63 1 0 21 59 337 519 86 1 1 1 31 116 535 318 22 1 0 
0 1 25 219 413 291 64 11 3 29 161 386 337 97 11 0 3 60 332 418 183 24 4 0 
0 46 107 236 383 214 36 2 0 29 113 312 371 179 17 3 60 131 328 350 144 9 2 0 
0 6 57 68 112 377 371 33 1 15 55 95 331 465 59 3 19 67 87 154 465 221 11 0 
0 0 7 43 223 443 258 50 0 4 38 208 439 279 55 1 0 18 125 335 359 173 14 0 
0 1 17 72 341 402 168 23 0 12 57 297 396 224 38 0 3 26 135 383 334 129 14 0 
2 19 63 132 302 364 129 13 8 40 106 284 378 181 23 4 29 58 153 337 345 92 9 1 
1 7 45 148 468 301 54 0 5 34 104 391 387 94 9 0 8 49 177 469 279 42 0 0 
0 13 86 206 418 249 50 2 1 7 89 355 417 131 23 1 27 110 260 434 172 21 0 0 
1 19 60 279 494 151 20 0 2 32 72 376 461 73 8 0 21 86 318 483 109 7 0 0 
5 50 169 376 320 93 6 5 0 37 156 372 354 91 10 4 52 198 421 279 67 5 2 0 
0 7 37 201 454 267 52 6 0 22 119 398 398 76 11 0 1 45 255 495 199 29 0 0 
0 6 85 299 311 221 74 28 0 35 138 329 304 148 54 16 0 74 242 350 217 98 30 13 
0 5 77 267 374 238 58 5 2 56 176 338 328 106 18 0 10 67 288 363 225 65 6 0 
0 0 61 358 342 197 41 25 0 0 42 334 467 128 42 11 0 43 305 402 205 43 24 2 
18 148 285 344 191 33 5 0 8 146 304 353 179 31 3 0 5 85 333 368 185 40 8 0 
1 30 175 513 238 59 8 0 1 15 154 537 284 32 1 0 3 66 369 418 137 29 2 0 
0 59 292 499 153 21 0 0 0 41 196 532 225 30 0 0 1 119 441 382 78 3 0 0 
0 27 237 416 309 33 2 0 0 35 236 425 303 23 2 0 2 119 414 386 100 1 2 0 
0 1 66 457 407 90 3 0 1 4 172 553 257 36 1 0 2 38 298 496 167 22 1 0 
0 15 98 359 444 99 9 0 0 37 145 506 282 52 2 0 2 57 252 492 199 22 0 0 
0 27 233 431 282 50 1 0 0 36 185 427 294 76 6 0 7 98 391 396 121 11 0 0 
0 13 153 329 351 136 40 2 2 11 95 463 352 84 17 0 4 68 288 399 193 65 7 0 
0 12 98 327 374 176 36 1 3 30 185 396 311 88 11 0 3 49 266 403 240 59 4 0 
4 50 245 373 257 86 9 0 3 78 319 354 212 54 4 0 5 94 321 362 194 44 4 0 
43 244 274 296 138 27 2 0 25 226 317 300 139 17 0 0 34 215 379 297 91 8 0 0 
51 185 358 302 117 11 0 0 22 137 282 344 214 25 0 0 92 311 375 226 20 0 0 0 
20 115 365 376 116 29 3 0 7 48 145 411 357 53 3 0 64 380 411 135 28 6 0 0 
1 72 428 486 37 0 0 0 0 0 43 372 540 69 0 0 59 434 500 31 0 0 0 0 
0 15 272 582 153 2 0 0 0 0 21 332 591 80 0 0 9 248 561 202 4 0 0 0 
0 13 256 522 190 39 4 0 0 0 15 294 539 153 21 2 12 207 543 209 47 6 0 0 
6 54 254 345 262 90 13 0 0 15 157 353 354 122 22 1 60 216 384 279 75 10 0 0 
1 28 151 385 326 119 14 0 2 43 138 310 405 116 9 1 6 134 401 374 99 10 0 0 
4 26 132 353 359 133 15 2 7 71 186 275 387 91 7 0 32 165 417 323 78 9 0 0 
1 9 70 161 415 314 54 0 3 51 75 303 445 141 6 0 31 87 278 441 173 14 0 0 
1 21 53 124 328 367 114 16 1 16 59 191 437 268 48 4 30 82 203 410 257 38 4 0 
0 1 31 131 422 344 91 4 0 4 93 402 401 112 12 0 8 77 293 463 158 25 0 0 
0 0 23 168 342 357 119 15 0 16 131 338 396 123 20 0 7 55 267 394 242 57 2 0 
1 19 104 269 288 246 85 12 9 41 164 315 319 144 26 6 33 121 272 313 211 68 6 0 
0 10 133 298 393 154 35 1 0 28 213 404 296 78 4 1 9 129 324 404 137 19 2 0 
0 17 207 356 278 127 36 3 0 16 192 379 310 112 15 0 1 131 410 331 119 29 3 0 
5 83 269 351 241 58 16 1 0 36 194 373 282 94 39 6 40 221 377 273 78 33 2 0 
0 53 214 387 267 88 12 3 0 35 195 387 275 118 11 3 40 189 394 277 98 23 3 0 
0 3 78 359 398 149 34 3 0 3 90 397 414 106 13 1 1 58 310 433 176 43 3 0 
0 7 100 265 385 209 52 6 1 30 184 389 306 100 14 0 10 127 303 374 171 34 5 0 
0 18 78 249 352 252 62 13 16 81 217 332 279 82 16 1 20 112 284 354 200 43 10 1 
0 12 117 355 344 157 38 1 0 18 123 414 347 115 6 1 4 105 345 363 168 39 0 0 
0 21 294 433 205 63 8 0 1 65 395 367 158 32 6 0 1 56 376 375 167 43 6 0 
2 66 300 430 180 38 8 0 0 51 315 459 157 37 5 0 7 79 340 419 153 23 3 0 
18 218 396 256 120 12 4 0 10 152 393 298 151 16 4 0 35 295 406 216 66 5 1 0 
3 77 273 448 208 15 0 0 0 25 151 457 334 56 1 0 13 163 429 355 63 1 0 0 
0 6 155 429 360 73 1 0 0 21 186 452 319 45 1 0 2 132 403 394 87 6 0 0 
3 43 296 310 270 96 6 0 4 81 323 356 200 58 2 0 16 204 321 287 161 34 1 0 
76 207 253 221 193 68 6 0 60 188 249 261 200 61 4 1 137 248 261 251 102 23 2 0 
54 209 291 282 127 57 4 0 54 207 296 271 130 59 7 0 63 258 323 227 102 47 4 0 
24 224 375 268 104 26 3 0 35 233 381 278 75 19 3 0 23 238 422 257 64 16 4 0 
106 284 276 221 104 30 3 0 55 263 265 254 138 42 7 0 95 302 273 230 89 34 1 0 
305 398 198 92 25 6 0 0 183 444 228 119 40 10 0 0 148 427 275 134 34 6 0 0 
153 233 215 263 133 24 3 0 114 261 206 269 143 28 3 0 111 325 268 249 63 8 0 0 
55 109 251 268 274 67 0 0 61 132 307 350 166 8 0 0 64 143 334 376 101 6 0 0 
0 38 284 387 252 59 4 0 0 44 251 448 259 22 0 0 28 228 375 300 78 15 0 0 
0 25 264 435 235 58 7 0 0 26 117 405 382 85 8 1 23 216 425 265 84 11 0 0 
1 21 322 510 158 11 1 0 0 1 26 353 520 120 4 0 19 290 527 177 10 1 0 0 
19 82 303 378 173 62 7 0 0 22 78 306 394 183 40 1 73 324 391 174 51 11 0 0 
40 214 396 279 74 18 3 0 0 42 222 401 285 70 3 1 80 391 425 111 16 1 0 0 
0 23 288 502 177 31 3 0 3 9 24 356 505 120 7 0 22 309 525 144 24 0 0 0 
3 35 120 260 311 218 73 4 3 27 99 289 421 161 23 1 56 188 291 285 173 30 1 0 
0 6 44 257 455 220 41 1 0 2 52 331 456 173 10 0 7 99 381 384 141 12 0 0 
0 11 62 245 399 245 60 2 0 24 96 349 406 136 13 0 20 123 347 389 131 14 0 0 
0 5 56 171 260 317 187 28 1 11 68 257 389 251 47 0 10 76 215 301 297 116 9 0 
0 27 112 212 247 272 116 38 3 49 153 234 300 201 76 8 33 131 219 272 246 104 18 1 
1 22 127 384 339 138 13 0 6 43 264 397 241 68 5 0 17 118 408 316 144 21 0 0 
6 88 237 291 225 136 38 3 2 85 222 357 235 102 19 2 17 236 302 254 156 52 7 0 
7 109 343 369 141 53 2 0 2 31 120 311 352 164 41 3 86 383 366 144 42 3 0 0 
1 61 284 458 177 39 4 0 2 18 160 410 317 104 11 2 56 260 456 213 34 5 0 0 
1 14 156 415 296 115 25 2 1 8 121 426 330 112 25 1 9 132 423 319 112 25 3 1 
1 11 172 432 302 90 13 3 2 23 143 453 312 76 12 3 14 130 421 354 85 13 5 2 
0 17 130 279 271 139 71 117 7 60 197 324 186 102 67 81 18 123 310 246 125 73 67 62 
0 5 50 212 344 283 103 27 0 21 139 319 333 161 38 13 5 60 221 351 262 96 23 6 
20 154 276 345 177 43 9 0 5 155 261 358 183 51 10 1 29 207 288 309 152 33 6 0 
31 146 389 325 111 21 1 0 2 61 185 454 283 35 4 0 96 317 371 180 47 12 1 0 
2 105 417 395 95 10 0 0 0 8 131 473 342 67 3 0 39 275 488 184 36 2 0 0 
0 41 334 477 166 6 0 0 0 0 50 442 432 99 1 0 30 295 457 203 39 0 0 0 
12 110 274 362 212 52 2 0 1 61 224 398 264 71 4 1 65 247 389 238 82 2 1 0 
6 69 181 351 312 95 10 0 14 76 227 417 225 58 7 0 46 136 284 368 155 34 1 0 
59 205 259 310 146 43 1 1 64 216 264 295 148 33 3 1 59 241 314 306 86 15 1 2 
46 147 254 255 242 71 8 1 46 185 269 267 198 56 3 0 26 190 278 297 177 52 3 1 
9 84 243 300 244 111 29 4 21 120 254 309 230 75 13 2 15 119 274 326 203 70 15 2 
49 320 281 229 103 36 5 1 26 274 318 232 126 41 6 1 14 228 423 231 91 32 4 1 
339 434 157 55 28 8 3 0 196 496 217 65 32 15 3 0 161 511 232 74 33 13 0 0 
290 436 202 72 23 1 0 0 198 467 233 92 30 4 0 0 97 503 288 101 31 4 0 0 
38 321 413 175 67 10 0 0 59 157 529 228 46 5 0 0 67 219 494 206 35 3 0 0 
82 202 313 269 123 27 8 0 114 211 347 250 85 15 2 0 140 249 343 217 64 11 0 0 
0 61 209 375 318 60 1 0 7 100 226 390 262 37 2 0 16 145 396 340 120 7 0 0 
4 87 431 393 101 7 1 0 0 0 59 440 427 90 8 0 50 412 430 119 11 2 0 0 
17 196 427 308 67 7 2 0 0 15 131 370 386 106 14 2 139 438 349 87 9 1 1 0 
13 147 433 341 80 9 1 0 0 21 157 366 368 93 17 2 112 411 390 100 11 0 0 0 
0 82 429 410 93 10 0 0 0 0 60 382 438 132 12 0 76 418 412 109 9 0 0 0 
1 20 197 478 288 37 3 0 1 8 70 330 462 147 6 0 24 240 504 235 19 2 0 0 
2 25 150 360 346 135 6 0 0 40 118 316 398 138 11 3 33 184 338 329 137 3 0 0 
0 27 227 380 257 108 21 4 1 23 132 359 334 139 30 6 48 239 380 231 89 32 5 0 
3 49 267 391 224 62 18 10 0 15 144 316 381 133 31 4 65 254 368 235 75 21 6 0 
5 45 199 360 294 96 21 4 6 41 159 359 334 107 17 1 57 191 364 296 95 18 3 0 
0 23 220 339 301 116 21 4 0 18 176 346 317 135 29 3 11 152 334 318 156 46 5 2 
1 58 233 378 246 85 23 0 0 26 176 355 327 112 28 0 40 204 385 277 94 22 2 0 
6 60 215 330 303 98 12 0 8 38 138 278 365 171 24 2 64 234 395 255 69 7 0 0 
15 140 312 333 156 62 6 0 1 36 207 358 301 104 15 2 164 335 341 147 34 3 0 0 
0 26 233 398 262 96 9 0 0 10 129 363 369 133 20 0 15 211 423 265 98 11 1 0 
0 31 211 396 289 76 20 1 0 5 115 392 387 104 21 0 16 183 413 301 88 22 1 0 
2 19 156 384 256 122 65 20 3 50 182 336 267 130 43 13 15 152 355 289 128 57 18 10 
1 5 115 337 248 152 87 79 2 13 115 355 243 153 90 53 8 110 317 246 146 95 71 31 
122 298 344 178 66 14 2 0 72 257 291 264 97 37 6 0 142 348 337 141 45 9 2 0 
119 246 297 242 97 21 2 0 13 159 278 294 208 63 9 0 210 307 299 154 44 8 2 0 
427 312 166 85 30 4 0 0 157 407 249 141 55 15 0 0 428 368 143 58 24 3 0 0 
153 304 338 158 51 20 0 0 11 195 336 280 141 50 11 0 224 424 254 78 32 12 0 0 
50 206 313 280 140 31 4 0 12 132 310 305 191 58 16 0 115 315 311 200 67 16 0 0 
44 170 291 268 164 73 14 0 30 134 236 304 208 89 21 2 116 244 300 216 110 36 2 0 
11 114 299 338 198 56 8 0 26 147 322 331 146 44 8 0 37 209 363 289 96 28 2 0 
51 240 314 204 147 51 15 2 59 268 301 200 134 51 10 1 65 308 314 184 99 42 11 1 
5 64 250 349 216 91 45 4 18 103 311 316 173 76 24 3 23 149 346 289 135 67 13 2 
21 182 349 303 129 37 3 0 28 191 360 296 123 24 2 0 40 227 389 259 89 18 2 0 
58 139 335 303 143 42 2 2 33 116 284 339 196 50 5 1 73 261 394 202 80 11 3 0 
178 256 250 255 69 16 0 0 116 242 226 235 168 32 5 0 142 356 305 162 49 10 0 0 
288 435 241 50 10 0 0 0 164 433 291 120 15 1 0 0 111 368 318 160 66 1 0 0 
60 285 435 193 43 7 1 0 30 254 458 194 74 13 1 0 55 299 483 163 21 3 0 0 
3 98 272 323 265 60 3 0 24 130 369 323 164 14 0 0 39 178 369 327 102 9 0 0 
43 132 246 324 220 51 8 0 37 126 189 310 281 73 8 0 71 292 359 217 69 14 2 0 
17 121 304 365 187 29 1 0 3 64 208 371 283 87 8 0 89 317 384 199 31 4 0 0 
10 86 312 358 198 54 6 0 0 28 152 355 297 157 30 5 94 337 347 179 57 8 2 0 
22 193 395 306 100 8 0 0 0 18 166 370 341 123 6 0 149 400 330 131 14 0 0 0 
14 101 283 422 178 25 1 0 0 12 100 340 415 129 28 0 76 277 448 186 34 3 0 0 
11 61 162 347 309 123 11 0 3 66 179 331 372 71 2 0 73 209 353 287 96 6 0 0 
0 22 139 328 344 155 35 1 9 88 264 366 218 68 10 1 41 161 329 337 128 28 0 0 
3 70 230 400 260 58 2 1 1 47 185 392 299 94 6 0 29 208 443 269 70 4 1 0 
1 30 160 353 320 138 22 0 7 43 144 335 356 116 22 1 24 125 346 314 180 35 0 0 
3 73 213 393 241 87 14 0 4 68 171 331 323 111 15 1 58 244 398 212 94 16 2 0 
2 44 232 416 231 80 19 0 0 19 114 317 372 164 35 3 58 245 375 237 83 26 0 0 
9 109 222 337 240 85 22 0 4 46 161 239 368 163 40 3 117 273 283 233 89 26 3 0 
7 67 300 391 195 53 11 0 2 48 205 358 295 101 13 2 95 352 387 141 47 2 0 0 
1 23 155 327 357 129 24 8 1 25 127 375 357 114 17 8 16 117 308 383 158 34 6 2 
0 27 151 328 276 130 64 48 0 11 94 314 354 158 66 27 10 142 342 263 144 66 43 14 
0 29 134 329 309 149 56 18 1 30 134 322 343 133 52 9 30 146 342 304 124 60 17 1 
2 28 101 333 336 159 46 19 5 49 136 390 297 104 32 11 37 147 406 272 115 28 17 2 
62 251 302 261 109 27 11 1 32 158 312 298 155 51 13 5 105 285 330 203 72 19 9 1 
154 250 318 232 62 7 1 0 36 179 230 296 211 64 8 0 265 374 252 101 27 5 0 0 
200 251 301 188 76 7 1 0 101 199 238 280 171 32 3 0 268 345 247 128 31 5 0 0 
88 220 389 268 56 3 0 0 2 68 201 404 288 58 3 0 206 406 319 87 6 0 0 0 
72 252 378 229 86 5 2 0 2 67 263 405 221 60 5 1 186 395 300 113 28 2 0 0 
35 181 388 301 106 11 2 0 2 34 156 381 324 104 21 2 152 362 321 146 41 2 0 0 
92 220 318 220 125 37 11 1 20 139 286 266 210 77 21 5 189 311 277 150 73 21 3 0 
24 155 330 309 148 52 6 0 23 199 338 286 138 36 4 0 38 236 357 256 108 27 2 0 
11 121 291 316 192 81 12 0 20 174 324 307 157 42 0 0 32 196 319 297 143 37 0 0 
17 72 248 357 243 72 14 1 29 93 288 383 188 38 5 0 51 171 389 282 109 20 2 0 
44 149 303 300 163 52 13 0 49 173 282 300 179 37 4 0 112 271 366 202 64 9 0 0 
64 281 304 203 102 52 16 2 61 259 290 226 118 50 16 4 158 331 300 136 68 21 10 0 
162 331 237 161 92 34 6 1 96 326 263 176 104 49 9 1 155 377 244 144 77 25 2 0 
249 415 280 64 14 2 0 0 74 405 356 149 35 4 1 0 98 295 305 252 63 11 0 0 
22 553 385 48 12 4 0 0 16 282 609 89 23 5 0 0 16 132 502 337 32 5 0 0 
58 178 243 268 199 65 13 0 76 153 274 302 185 32 2 0 142 220 357 233 63 9 0 0 
14 83 200 329 278 101 18 1 21 109 237 363 233 56 5 0 74 225 363 268 78 16 0 0 
7 82 292 326 218 73 20 6 4 32 185 392 275 113 19 4 114 354 347 143 48 16 2 0 
24 136 277 340 173 62 10 2 4 73 265 376 210 75 15 6 124 346 343 160 43 8 0 0 
12 63 204 355 292 83 15 0 9 84 194 386 287 57 7 0 61 242 373 247 92 9 0 0 
0 17 159 373 308 143 22 2 3 42 198 397 274 87 16 7 34 184 383 299 103 17 4 0 
0 9 115 335 400 154 11 0 10 126 334 380 162 12 0 0 22 184 394 346 78 0 0 0 
3 43 181 332 299 138 25 3 19 117 271 367 203 39 7 1 47 196 338 319 106 14 4 0 
1 53 223 367 276 90 14 0 11 108 282 343 198 69 11 2 45 240 382 259 81 17 0 0 
7 103 248 308 226 91 40 1 17 122 280 299 196 90 19 1 88 252 320 234 95 35 0 0 
8 163 280 270 181 78 39 5 24 237 257 226 154 93 28 5 39 278 338 220 84 52 13 0 
6 79 287 386 198 58 7 3 1 49 228 364 221 124 31 6 111 295 397 164 45 8 3 1 
2 66 239 321 214 133 34 15 0 30 202 289 250 160 69 24 57 278 298 210 123 33 15 10 
3 64 247 368 242 79 18 3 9 96 279 364 204 50 19 3 46 209 360 275 105 23 6 0 
1 40 265 455 224 35 3 1 0 13 210 416 298 80 6 1 12 198 446 304 57 6 1 0 
2 22 155 344 332 109 22 38 6 68 224 403 217 61 21 24 20 151 330 349 103 37 21 13 
0 24 144 282 311 139 76 48 10 118 249 311 187 86 53 10 38 182 296 267 129 67 37 8 
162 301 347 164 45 5 0 0 13 158 303 331 172 42 5 0 253 385 277 81 24 4 0 0 
164 287 313 175 69 14 2 0 23 173 279 314 166 55 14 0 250 367 244 110 39 14 0 0 
92 311 390 179 49 3 0 0 9 53 286 384 215 72 5 0 265 400 268 69 22 0 0 0 
81 224 408 254 53 4 0 0 0 53 183 355 342 81 10 0 244 426 263 79 12 0 0 0 
100 303 359 189 62 11 0 0 11 109 274 330 219 68 13 0 271 370 270 94 15 4 0 0 
149 324 267 198 69 15 2 0 15 151 313 265 180 80 19 1 312 332 240 100 33 6 1 0 
253 277 263 153 57 19 2 0 52 261 266 233 142 53 16 1 327 312 230 113 33 9 0 0 
157 294 259 184 81 47 2 0 80 268 296 209 104 60 6 1 220 300 237 166 68 32 1 0 
98 291 347 191 73 23 1 0 69 324 360 174 64 24 9 0 165 373 301 130 45 10 0 0 
57 233 309 255 133 34 3 0 63 239 315 279 98 26 4 0 148 311 316 190 51 7 1 0 
321 306 192 100 71 27 7 0 366 291 186 89 64 25 3 0 418 271 176 86 51 21 1 0 
137 220 279 223 131 32 2 0 139 208 249 244 131 48 4 1 200 282 272 185 71 13 1 0 
352 279 205 117 59 12 0 0 295 300 211 121 82 15 0 0 377 318 188 95 39 7 0 0 
379 469 125 37 14 0 0 0 203 560 187 51 20 3 0 0 192 627 152 39 13 1 0 0 
293 577 141 11 2 0 0 0 112 496 383 30 3 0 0 0 48 293 385 236 60 2 0 0 
62 348 356 156 73 28 1 0 35 214 490 170 78 33 4 0 15 189 338 338 124 19 0 1 
18 121 315 293 192 71 14 0 35 191 339 261 157 39 2 0 82 255 328 255 81 21 2 0 
20 162 368 303 134 32 4 1 56 256 377 220 94 20 1 0 90 307 374 184 57 11 1 0 
4 100 336 362 170 41 10 1 6 116 233 296 259 90 21 3 83 369 376 155 35 5 1 0 
2 29 133 383 343 101 28 5 5 52 277 400 211 60 15 4 24 137 390 345 87 35 6 0 
1 26 193 425 269 84 20 6 2 67 250 373 238 59 28 7 49 238 406 239 67 14 11 0 
0 30 203 357 294 122 17 1 10 119 308 346 188 51 2 0 41 219 364 278 110 12 0 0 
5 50 186 310 287 157 25 4 32 150 277 321 177 54 11 2 70 218 317 275 119 22 3 0 
28 120 255 284 223 94 18 2 47 114 262 284 222 79 16 0 138 304 308 180 74 19 1 0 
36 168 280 294 160 65 18 3 26 177 230 275 181 94 34 7 145 333 309 164 54 14 5 0 
102 224 258 225 145 53 16 1 114 228 224 201 137 93 25 2 197 271 280 169 76 25 6 0 
31 155 304 318 151 57 8 0 50 104 177 317 224 129 20 3 155 340 319 149 50 10 1 0 
4 78 343 306 172 61 35 25 0 42 216 358 265 82 39 22 64 305 330 189 68 23 27 18 
1 73 230 345 271 87 16 1 3 62 194 396 262 93 13 1 67 223 341 295 77 12 9 0 
1 29 195 374 303 93 19 10 5 74 231 359 269 73 9 4 15 147 387 305 134 24 8 4 
17 135 259 291 177 88 35 22 44 227 274 247 137 63 22 10 41 229 314 236 122 53 16 13 
2 41 134 315 283 152 75 22 10 74 258 335 205 93 37 12 29 151 337 266 135 76 22 8 
63 252 355 252 80 22 0 0 18 102 261 383 192 57 11 0 167 343 320 138 41 15 0 0 
152 259 287 184 111 27 4 0 17 165 253 275 177 107 27 3 248 294 257 143 68 11 3 0 
183 325 259 155 85 16 1 0 32 217 303 234 151 75 12 0 277 316 236 127 55 12 1 0 
39 297 384 252 45 7 0 0 0 11 175 365 334 126 13 0 301 410 221 67 24 1 0 0 
179 295 286 193 64 7 0 0 15 127 247 303 215 109 8 0 309 362 221 116 14 2 0 0 
166 316 236 146 102 45 13 0 35 184 297 225 143 85 41 14 256 310 209 127 83 35 4 0 
351 247 215 130 62 18 1 0 194 309 236 178 74 28 4 1 360 272 215 117 40 19 1 0 
150 218 366 203 76 10 1 0 49 148 239 314 229 41 4 0 278 363 237 110 34 2 0 0 
50 168 437 273 75 21 0 0 3 40 114 327 406 117 17 0 298 450 191 60 23 2 0 0 
167 267 296 194 81 17 2 0 69 181 253 239 203 70 8 1 329 352 202 99 34 7 1 0 
475 287 144 71 36 9 1 1 408 308 171 81 41 14 0 1 485 288 148 63 33 6 0 1 
208 276 267 181 73 17 1 1 175 262 263 203 95 22 4 0 276 306 267 123 44 6 2 0 
186 235 280 193 104 25 1 0 147 227 255 220 127 44 3 1 264 293 248 153 56 9 1 0 
175 334 276 157 67 13 2 0 99 259 319 207 105 31 4 0 216 390 273 104 35 6 0 0 
243 492 204 64 15 6 0 0 85 404 382 107 36 9 1 0 23 204 344 352 74 20 7 0 
105 350 298 168 68 30 5 0 55 299 334 192 102 33 8 1 23 141 334 352 131 37 5 1 
67 254 317 235 90 45 14 2 91 284 330 199 77 37 6 0 124 314 332 163 61 26 3 1 
38 246 310 264 134 30 2 0 85 242 298 246 131 21 1 0 141 342 308 181 45 6 1 0 
1 46 205 349 301 103 17 2 4 79 235 357 253 88 7 1 30 185 376 302 104 24 3 0 
17 104 251 325 225 80 21 1 12 92 211 297 270 102 30 10 118 273 336 195 81 16 5 0 
11 133 320 285 194 61 18 2 24 117 256 306 206 83 25 7 169 322 287 176 49 20 1 0 
21 128 232 290 232 105 16 0 46 161 237 272 205 88 14 1 124 248 276 258 91 27 0 0 
13 124 272 300 216 79 17 3 36 184 250 263 180 92 15 4 116 320 324 208 41 14 1 0 
2 61 280 371 242 55 12 1 11 113 292 345 182 72 9 0 85 343 378 170 44 4 0 0 
18 122 271 342 186 60 23 2 8 62 203 278 320 113 33 7 160 279 352 157 55 19 2 0 
32 114 276 354 183 55 10 0 25 89 220 357 245 75 13 0 119 304 361 181 47 12 0 0 
0 55 263 312 257 105 28 4 4 24 119 368 287 159 59 4 114 266 322 210 89 22 1 0 
10 83 274 353 205 83 15 1 2 84 270 340 231 83 13 1 115 304 366 173 59 7 0 0 
1 34 207 361 231 111 58 21 0 43 198 365 247 116 37 18 17 180 374 258 114 56 23 2 
11 102 231 324 260 84 10 2 4 101 251 336 215 102 14 1 86 222 375 260 74 5 2 0 
12 73 200 245 192 121 96 85 26 95 245 248 154 117 95 44 55 175 242 202 121 98 89 42 
13 65 224 296 228 127 53 18 27 140 260 285 174 102 29 7 72 219 306 240 105 55 22 5 
161 234 270 227 104 27 1 0 84 201 277 276 134 48 4 0 167 272 271 213 82 19 0 0 
257 322 215 152 65 13 0 0 171 285 260 168 106 28 6 0 304 303 226 143 38 10 0 0 
182 342 282 161 50 6 1 0 50 250 323 235 122 39 5 0 257 343 262 129 27 5 1 0 
114 309 310 217 65 9 0 0 19 156 296 289 197 61 6 0 246 325 287 133 31 2 0 0 
114 321 335 174 58 19 2 1 29 197 328 262 145 50 10 3 214 353 295 111 41 8 2 0 
141 261 238 214 113 38 17 2 118 245 261 221 122 44 13 0 167 302 259 175 77 33 11 0 
182 247 223 205 118 45 3 1 182 253 242 192 110 41 3 1 189 263 232 197 105 34 4 0 
144 207 242 215 152 52 10 2 141 203 236 229 155 51 8 1 166 263 270 192 98 31 4 0 
148 290 277 186 99 23 1 0 51 195 274 273 167 55 8 1 331 331 215 110 34 3 0 0 
306 352 175 122 55 13 1 0 220 384 193 127 57 36 7 0 329 348 188 107 45 7 0 0 
268 368 214 117 43 13 1 0 232 373 228 123 49 17 2 0 212 390 236 118 50 17 1 0 
297 227 240 161 80 16 3 0 288 218 242 170 78 25 3 0 289 219 256 158 87 12 3 0 
222 343 259 135 50 13 2 0 190 318 288 157 54 15 2 0 240 252 291 162 61 17 1 0 
221 480 188 98 32 5 0 0 113 494 219 128 55 15 0 0 184 456 273 86 21 4 0 0 
219 485 192 74 30 14 7 3 91 404 297 135 58 22 13 4 92 244 333 261 50 23 11 10 
162 426 229 127 59 20 1 0 69 378 298 164 72 41 2 0 35 201 372 311 76 26 2 1 
104 186 282 249 143 49 9 2 72 226 266 260 136 57 6 1 93 304 344 180 86 12 3 2 
3 36 243 386 249 93 12 2 7 73 249 377 240 68 9 1 24 217 405 267 96 12 2 1 
5 69 249 390 240 59 10 2 9 139 340 353 152 27 4 0 36 228 392 279 75 13 1 0 
17 119 292 346 195 49 6 0 16 113 241 310 240 83 21 0 132 297 373 175 45 2 0 0 
15 111 309 304 187 79 15 4 26 138 324 317 150 59 9 1 105 297 324 189 74 31 4 0 
22 147 286 312 171 65 21 0 46 165 285 284 156 53 25 10 109 261 335 211 75 29 4 0 
11 112 292 366 191 47 5 0 13 76 196 317 273 120 27 2 118 302 371 176 52 5 0 0 
4 63 298 371 224 63 1 0 1 24 139 363 350 129 18 0 135 407 285 168 29 0 0 0 
12 122 318 302 168 79 19 4 2 69 270 344 215 99 18 7 124 363 306 149 66 16 0 0 
8 102 265 347 235 57 9 1 1 64 209 303 277 130 38 2 141 311 315 209 39 9 0 0 
11 79 236 344 223 104 25 2 3 68 163 269 328 151 38 4 128 263 308 204 101 19 1 0 
18 146 376 291 131 53 8 1 2 99 328 319 195 70 9 2 150 362 307 136 60 7 2 0 
19 131 284 313 142 76 45 14 6 79 220 313 227 98 61 20 122 294 319 153 64 53 19 0 
18 181 263 277 207 55 17 6 7 98 249 256 230 147 29 8 215 355 266 109 54 12 8 5 
73 205 235 192 133 67 66 53 57 225 235 201 139 66 59 42 141 234 226 179 106 55 60 23 
20 76 247 288 233 102 41 17 43 181 309 275 129 58 24 5 90 268 303 213 91 43 13 3 
263 329 232 148 49 2 1 0 120 322 264 195 107 15 1 0 311 320 232 121 38 1 1 0 
355 273 173 99 77 38 9 0 205 268 226 141 85 74 21 4 373 268 181 91 72 34 5 0 
345 319 166 97 49 23 18 7 215 376 197 120 72 22 17 5 313 356 166 99 48 22 15 5 
279 283 205 125 68 44 17 3 235 310 216 134 75 37 15 2 266 320 202 119 63 35 19 0 
65 200 235 249 162 77 33 3 85 203 238 243 160 75 20 0 123 230 253 222 119 61 16 0 
43 165 267 261 176 79 31 2 68 193 266 261 149 71 16 0 89 229 265 246 119 60 16 0 
53 147 263 266 167 90 37 1 56 168 249 266 175 79 30 1 89 220 278 237 118 64 17 1 
42 125 210 264 223 130 28 2 59 162 223 270 215 82 11 2 111 227 270 245 123 41 5 2 
32 160 244 268 187 78 46 9 38 201 260 252 158 76 37 2 75 232 297 216 122 55 25 2 
30 154 224 272 183 113 41 7 61 173 249 250 170 93 22 6 64 187 263 247 156 85 18 4 
47 223 227 257 186 71 13 0 86 218 242 252 170 48 8 0 101 230 247 261 149 33 3 0 
237 383 209 110 59 21 5 0 251 379 212 102 59 18 3 0 226 395 210 109 59 21 4 0 
478 376 95 47 21 7 0 0 307 501 129 45 28 12 2 0 183 499 227 68 37 10 0 0 
559 367 36 29 22 10 1 0 48 750 134 32 25 24 10 1 53 288 442 183 24 21 11 2 
275 418 177 111 33 8 2 0 22 391 329 157 92 26 7 0 17 179 472 280 52 19 5 0 
67 368 325 137 86 34 6 1 24 272 386 197 95 40 10 0 28 246 467 175 71 31 6 0 
20 245 400 228 94 28 5 4 6 150 427 240 141 50 8 2 23 212 434 230 89 23 11 2 
5 83 275 362 196 81 19 3 8 87 268 361 225 61 12 2 54 270 370 209 91 28 2 0 
18 112 304 340 197 47 6 0 22 95 293 371 196 41 6 0 74 274 362 250 51 13 0 0 
20 106 239 362 227 58 10 2 24 104 217 304 274 83 16 2 110 291 356 207 51 7 2 0 
24 85 277 317 208 87 25 1 24 107 267 312 193 90 30 1 141 303 302 187 68 21 2 0 
21 147 271 258 197 106 24 0 40 146 247 234 226 99 32 0 137 305 254 207 90 28 3 0 
46 100 245 269 236 104 23 1 46 132 225 271 217 101 27 5 129 237 286 226 120 26 0 0 
15 82 290 361 199 67 10 0 3 52 190 348 310 103 17 1 204 386 298 107 25 4 0 0 
14 129 223 307 241 102 8 0 6 65 231 302 264 133 22 1 175 280 334 170 62 3 0 0 
30 178 296 275 161 70 12 2 2 60 241 340 233 110 29 9 251 351 258 111 42 9 2 0 
11 114 283 291 214 92 18 1 0 46 192 266 263 172 74 11 112 320 268 205 79 29 11 0 
21 159 363 274 145 52 10 0 4 95 268 322 203 100 30 2 189 390 311 101 29 4 0 0 
42 173 260 239 177 92 32 9 34 121 196 229 218 154 62 10 189 284 278 175 69 18 10 1 
92 234 256 225 146 42 18 11 91 207 212 233 155 87 36 3 311 332 219 101 30 16 14 1 
78 185 209 209 142 125 51 25 117 215 220 188 137 97 36 14 199 230 210 167 113 72 23 10 
5 51 113 262 265 192 95 41 30 84 231 268 235 116 50 10 71 152 285 240 165 81 29 1 
63 199 251 232 143 94 38 4 118 238 239 211 126 74 18 0 110 241 265 182 134 70 22 0 
292 359 186 100 56 25 5 1 289 342 190 117 56 21 8 1 265 390 170 110 58 24 6 1 
407 307 128 79 59 28 16 0 357 342 133 78 60 35 16 3 271 389 161 89 60 37 17 0 
326 316 192 96 69 21 4 0 324 330 192 91 63 18 6 0 262 357 207 104 67 18 8 1 
44 159 253 233 196 100 35 4 75 181 277 221 160 87 23 0 74 184 256 224 179 81 26 0 
42 154 214 215 209 135 42 13 70 186 223 228 181 102 30 4 97 205 214 219 177 85 25 2 
26 98 205 264 221 149 51 10 45 112 244 259 213 127 21 3 74 144 251 266 183 95 10 1 
6 74 194 322 265 123 38 2 20 111 229 356 227 72 9 0 61 190 338 272 125 35 3 0 
43 181 291 234 151 88 36 0 59 208 268 261 139 66 23 0 115 286 288 175 112 46 2 0 
70 210 298 216 137 66 26 1 88 242 285 218 118 55 17 1 79 233 314 204 118 62 13 1 
216 279 186 134 93 66 38 12 250 274 185 127 89 57 36 6 220 265 207 129 91 62 41 9 
520 219 89 74 55 48 18 1 493 245 91 73 51 53 17 1 364 345 107 76 51 54 25 2 
363 265 173 122 72 21 8 0 105 321 200 179 131 67 15 6 210 352 255 130 61 15 1 0 
449 281 104 90 65 25 10 0 23 484 221 98 91 70 28 9 45 223 497 136 65 35 19 4 
266 614 96 33 7 8 0 0 43 522 334 83 26 8 8 0 18 210 536 216 32 8 4 0 
74 653 143 58 53 32 11 0 26 360 492 55 54 29 8 0 23 207 378 317 51 36 12 0 
16 398 333 149 94 30 4 0 4 270 425 184 89 46 6 0 59 324 437 142 53 8 1 0 
41 188 280 254 176 62 21 2 46 203 247 263 184 61 20 0 181 285 292 184 58 23 1 0 
53 240 274 195 162 83 14 3 84 255 259 194 155 68 8 1 243 298 221 154 84 21 3 0 
67 213 256 217 168 75 25 3 74 241 191 197 166 120 34 1 237 303 224 156 76 25 3 0 
47 215 280 254 149 57 19 3 20 126 248 255 193 124 45 13 221 328 260 145 44 22 3 1 
52 147 265 242 216 76 23 3 39 145 247 277 202 82 28 4 209 266 293 165 71 17 3 0 
97 221 209 215 150 107 22 3 120 207 222 194 151 107 20 3 242 219 217 188 109 44 5 0 
22 151 283 329 167 60 11 1 9 70 191 256 298 158 39 3 172 359 283 148 49 13 0 0 
6 51 206 433 254 65 9 0 2 21 152 314 362 151 21 1 131 370 375 114 32 2 0 0 
23 128 263 284 223 82 18 3 20 148 276 263 202 100 14 1 190 337 299 137 50 10 1 0 
28 117 301 348 153 42 17 18 31 138 248 284 204 94 18 7 210 352 272 109 43 23 11 4 
126 238 268 177 121 52 33 9 111 221 268 185 130 69 32 8 273 275 254 118 69 21 14 0 
45 177 273 197 140 115 68 9 101 248 228 165 124 132 24 2 195 292 203 136 116 70 11 1 
67 183 205 259 186 85 26 13 66 175 179 179 204 138 72 11 215 267 291 138 65 33 13 2 
19 73 231 285 237 131 41 7 27 81 178 268 248 167 50 5 141 287 282 164 103 41 5 1 
33 90 166 224 183 170 109 49 51 103 209 234 175 170 67 15 128 184 242 168 165 98 39 0 
163 330 204 157 96 56 16 2 241 346 167 139 78 43 8 2 216 346 181 145 80 49 5 2 
368 339 141 84 43 34 9 6 369 320 151 90 54 26 10 4 332 350 162 87 46 28 15 4 
467 301 143 63 21 18 7 4 437 317 142 78 21 18 9 2 354 356 184 68 30 16 15 1 
338 226 170 153 91 35 8 3 342 235 175 149 86 30 4 3 302 238 192 150 95 36 7 4 
194 227 203 170 129 78 20 3 266 214 199 167 103 63 12 0 219 244 206 169 112 56 17 1 
82 178 257 240 167 84 14 2 83 160 233 282 182 71 13 0 156 247 267 200 111 36 7 0 
18 125 206 285 233 113 38 6 29 121 244 308 204 97 20 1 85 184 284 262 150 49 10 0 
21 81 172 229 271 170 65 15 33 109 218 265 249 107 37 6 71 173 210 281 194 70 22 3 
192 233 146 186 131 82 41 13 248 219 158 185 110 67 31 6 289 207 172 162 107 59 23 5 
306 391 158 90 43 34 2 0 321 384 157 85 43 32 2 0 342 366 157 82 44 31 2 0 
365 348 116 85 53 40 14 3 374 344 120 87 50 34 14 1 276 407 140 85 60 38 15 3 
797 169 26 12 7 12 1 0 682 277 29 12 11 10 3 0 346 557 82 14 10 9 6 0 
690 268 54 8 4 0 0 0 199 639 135 40 7 4 0 0 91 622 282 25 4 0 0 0 
596 329 50 25 10 6 5 3 90 727 130 39 19 9 3 7 29 142 714 109 17 5 6 2 
313 645 60 6 0 0 0 0 0 547 439 35 3 0 0 0 0 6 761 251 6 0 0 0 
9 949 62 1 2 1 0 0 0 344 676 2 1 1 0 0 0 0 881 140 2 1 0 0 
2 460 401 77 43 24 17 0 0 169 703 73 38 29 12 0 5 165 704 88 30 23 9 0 
1 474 229 155 134 28 3 0 0 196 483 173 141 29 2 0 28 157 600 201 36 2 0 0 
6 579 237 104 84 13 1 0 7 190 623 102 87 14 1 0 60 162 440 349 12 1 0 0 
7 209 369 204 172 55 8 0 6 172 423 205 171 47 0 0 88 288 423 170 48 7 0 0 
15 409 515 69 15 1 0 0 31 399 505 66 21 2 0 0 195 481 334 12 2 0 0 0 
8 197 335 275 160 47 2 0 2 137 279 231 250 89 36 0 230 420 265 92 16 1 0 0 
27 330 335 156 112 52 12 0 33 272 305 192 120 77 19 6 262 405 199 111 40 7 0 0 
21 263 345 221 105 49 18 2 8 180 327 234 161 84 22 8 249 410 233 86 37 9 0 0 
11 83 204 303 301 105 17 0 1 46 172 284 310 167 41 3 141 275 325 214 63 6 0 0 
73 164 255 270 167 80 14 1 72 181 234 254 177 80 26 0 273 271 272 144 57 7 0 0 
53 176 251 261 162 89 26 6 41 115 193 206 257 140 57 15 265 307 226 130 73 21 2 0 
95 193 259 272 121 69 15 0 73 124 180 179 248 156 54 10 316 294 228 124 43 13 6 0 
204 221 150 173 137 101 30 8 241 176 145 106 170 133 43 10 339 219 172 137 103 37 12 5 
22 114 248 312 188 74 44 22 18 76 163 202 307 175 66 17 196 335 220 145 61 45 21 1 
19 181 341 248 141 61 24 9 1 53 241 327 251 116 27 8 219 373 238 119 50 20 5 0 
15 74 167 246 192 165 111 54 35 116 216 257 170 132 72 26 60 156 263 208 154 110 58 15 
146 312 232 148 100 54 25 7 185 313 228 122 109 39 26 2 177 319 220 139 104 40 24 1 
272 318 213 107 63 26 14 11 309 329 182 105 52 27 11 9 259 329 225 105 59 25 14 8 
563 320 92 38 9 2 0 0 574 314 88 38 8 2 0 0 444 413 108 43 14 2 0 0 
597 280 64 39 18 15 8 3 604 272 64 41 18 14 8 3 478 351 94 48 23 15 11 4 
770 183 40 13 6 9 3 0 800 165 32 14 7 3 3 0 686 257 47 17 8 6 3 0 
464 276 126 71 54 24 7 2 494 268 113 71 50 22 5 1 388 341 130 79 54 22 7 3 
114 254 252 197 130 55 20 2 171 272 240 181 105 42 13 0 179 290 267 177 71 30 9 1 
145 216 196 189 166 84 24 4 170 238 206 202 140 53 14 1 209 243 216 186 114 43 13 0 
88 210 223 229 164 74 33 3 99 217 220 243 155 63 25 2 166 233 216 224 121 44 18 2 
299 302 152 90 74 53 41 13 312 299 160 90 64 54 36 9 317 302 154 86 68 52 35 10 
732 191 37 22 22 9 8 3 736 184 41 21 22 9 8 3 551 339 64 26 20 12 9 3 
896 78 33 10 6 1 0 0 824 147 32 14 6 1 0 0 134 724 132 24 7 3 0 0 
893 125 6 0 0 0 0 0 793 213 18 0 0 0 0 0 289 669 66 0 0 0 0 0 
954 69 1 0 0 0 0 0 595 423 6 0 0 0 0 0 50 722 252 0 0 0 0 0 
943 81 0 0 0 0 0 0 59 965 0 0 0 0 0 0 0 130 894 0 0 0 0 0 
503 521 0 0 0 0 0 0 0 1024 0 0 0 0 0 0 0 0 1024 0 0 0 0 0 
41 914 43 20 6 0 0 0 0 786 207 17 14 0 0 0 0 44 944 36 0 0 0 0 
12 558 205 126 81 34 8 0 1 202 474 162 97 69 16 3 43 197 558 162 50 13 1 0 
3 650 286 28 29 26 2 0 0 36 879 27 36 27 18 1 20 69 380 525 23 7 0 0 
0 106 764 119 28 7 0 0 0 20 827 142 30 5 0 0 0 2 505 465 43 9 0 0 
0 67 882 73 2 0 0 0 0 38 900 83 3 0 0 0 0 21 537 451 14 1 0 0 
5 116 528 229 94 46 6 0 0 32 484 248 116 96 40 8 84 238 497 168 31 6 0 0 
3 187 423 242 126 32 10 1 0 22 404 318 176 73 26 5 167 434 292 97 28 5 1 0 
0 50 576 256 92 42 7 1 0 30 619 223 114 31 7 0 34 525 335 90 33 7 0 0 
4 125 384 302 141 55 13 0 2 106 317 239 201 118 38 3 236 448 220 88 31 1 0 0 
21 216 336 220 164 53 13 1 11 208 278 210 176 110 27 4 347 357 185 100 30 5 0 0 
35 240 364 192 118 53 17 5 23 148 277 245 183 80 51 17 373 331 160 90 41 23 5 1 
26 202 302 248 158 60 20 8 17 175 272 236 202 87 30 5 267 377 202 105 52 17 4 0 
60 138 138 199 176 145 121 47 82 122 144 205 203 152 91 25 171 181 214 167 140 109 36 6 
4 57 193 279 206 156 93 36 1 21 89 256 302 264 72 19 112 242 236 185 145 75 25 4 
8 106 299 343 175 68 24 1 0 36 192 321 283 152 36 4 239 371 266 109 32 7 0 0 
8 45 171 270 275 161 62 32 11 73 213 315 239 99 58 16 67 207 328 233 103 54 28 4 
226 307 232 150 79 27 3 0 180 282 253 164 111 31 3 0 291 302 214 136 61 17 3 0 
217 222 232 170 137 36 9 1 166 220 220 176 147 73 16 6 275 248 233 161 86 12 8 1 
327 283 218 114 58 24 0 0 299 252 220 145 70 37 1 0 346 332 197 96 41 10 2 0 
636 205 99 52 23 6 3 0 596 208 114 62 31 10 3 0 627 219 95 50 24 5 4 0 
916 74 16 6 8 3 1 0 918 73 15 6 8 3 1 0 889 94 21 8 6 3 3 0 
794 159 33 14 12 6 3 3 796 163 30 15 8 6 3 3 653 286 43 22 8 6 3 3 
313 281 186 134 77 22 10 1 335 288 155 123 83 34 6 0 313 302 203 125 54 19 7 1 
182 251 252 176 101 47 14 1 199 185 261 182 113 64 17 3 246 289 227 145 78 29 10 0 
113 222 213 183 135 115 33 10 87 195 234 225 145 101 31 6 184 269 193 178 129 58 10 3 
412 194 107 97 96 83 30 5 410 197 108 105 95 81 28 0 418 247 110 103 96 44 6 0 
611 226 86 39 41 16 5 0 623 223 79 41 37 16 5 0 476 339 102 44 38 21 4 0 
901 55 28 17 7 10 6 0 893 61 30 15 9 10 6 0 164 761 40 24 18 9 8 0 
749 121 42 39 28 28 14 3 708 172 43 39 27 23 11 1 245 593 67 46 30 27 14 2 
985 39 0 0 0 0 0 0 854 165 5 0 0 0 0 0 1 978 45 0 0 0 0 0 
1011 13 0 0 0 0 0 0 900 124 0 0 0 0 0 0 0 977 47 0 0 0 0 0 
1024 0 0 0 0 0 0 0 549 475 0 0 0 0 0 0 0 815 209 0 0 0 0 0 
803 221 0 0 0 0 0 0 17 1007 0 0 0 0 0 0 0 78 946 0 0 0 0 0 
22 974 8 9 7 4 0 0 0 974 28 6 8 4 4 0 0 31 982 7 4 0 0 0 
19 654 159 100 60 31 1 0 2 540 244 84 83 44 27 0 37 399 470 90 24 3 1 0 
4 343 396 175 73 27 6 0 0 177 480 183 92 61 25 6 17 191 584 163 55 11 3 0 
1 181 635 110 44 39 14 0 0 42 712 141 52 41 30 6 7 114 618 239 44 2 0 0 
0 67 753 173 20 9 2 0 0 26 760 195 18 16 8 1 9 132 696 167 19 1 0 0 
3 171 453 236 115 39 7 0 2 70 444 231 148 104 21 4 173 405 337 73 23 12 1 0 
0 72 450 324 138 38 2 0 0 13 433 241 164 134 38 1 102 418 349 125 29 1 0 0 
7 152 526 161 111 55 12 0 1 115 504 154 122 88 37 3 97 503 218 120 69 17 0 0 
14 135 261 329 197 70 18 0 1 61 166 216 320 198 57 5 256 390 241 88 44 5 0 0 
10 215 299 282 156 45 15 2 1 92 204 215 267 204 40 1 300 340 247 94 27 14 2 0 
14 178 277 251 188 71 31 14 5 67 257 296 215 127 46 11 205 339 241 158 55 15 10 1 
0 30 174 266 203 184 113 54 1 57 209 265 239 169 65 19 74 197 266 224 150 76 30 7 
0 58 240 312 180 103 77 54 2 51 172 235 308 143 101 12 137 289 246 135 94 66 47 10 
19 122 288 342 175 64 12 2 5 50 207 303 298 124 30 7 188 352 285 134 52 12 1 0 
0 68 219 271 217 145 74 30 5 56 199 296 262 142 58 6 99 249 245 211 119 62 31 8 
105 224 284 254 121 27 7 2 49 140 236 294 221 64 14 6 246 306 282 132 43 9 4 2 
293 227 236 164 80 21 3 0 225 215 207 197 123 49 8 0 373 291 201 125 28 6 0 0 
617 222 95 52 27 8 2 1 563 252 105 62 26 14 1 1 592 250 98 47 27 8 1 1 
755 193 57 11 4 4 0 0 729 207 65 13 6 4 0 0 680 247 70 16 7 4 0 0 
970 39 14 1 0 0 0 0 972 37 14 1 0 0 0 0 950 55 18 1 0 0 0 0 
834 113 32 28 10 6 1 0 830 118 34 21 9 7 4 1 794 156 30 28 13 2 1 0 
519 189 142 70 65 27 7 5 536 171 122 93 61 30 7 4 501 215 140 80 56 23 5 4 
116 223 238 197 162 67 18 3 133 197 241 185 147 89 29 3 188 253 230 194 112 37 10 0 
126 211 241 207 141 72 21 5 132 183 220 232 147 80 27 3 209 251 231 183 99 42 8 1 
149 288 262 156 96 61 9 3 107 234 255 204 119 68 32 5 284 315 203 116 71 32 3 0 
438 240 166 95 53 23 7 2 409 246 169 102 62 23 10 3 391 290 171 102 43 19 6 2 
707 188 68 39 12 7 2 1 686 197 74 44 12 8 1 2 265 524 135 67 18 9 4 2 
924 49 23 11 7 5 5 0 914 60 20 13 8 6 3 0 90 868 28 18 8 6 6 0 
1024 0 0 0 0 0 0 0 1024 0 0 0 0 0 0 0 0 1024 0 0 0 0 0 0 
1024 0 0 0 0 0 0 0 1006 18 0 0 0 0 0 0 27 989 8 0 0 0 0 0 
1024 0 0 0 0 0 0 0 888 136 0 0 0 0 0 0 0 1024 0 0 0 0 0 0 
950 74 0 0 0 0 0 0 157 867 0 0 0 0 0 0 0 622 402 0 0 0 0 0 
108 916 0 0 0 0 0 0 0 1024 0 0 0 0 0 0 0 97 927 0 0 0 0 0 
0 628 276 73 44 3 0 0 0 374 532 75 41 2 0 0 0 43 856 71 50 4 0 0 
1 263 664 61 21 11 3 0 0 117 815 42 23 17 9 1 7 69 864 69 11 2 2 0 
4 193 526 191 88 17 5 0 0 74 532 163 148 87 18 2 62 329 528 80 18 6 1 0 
1 182 373 271 155 37 5 0 0 28 298 340 200 124 34 0 88 353 371 151 48 12 1 0 
3 152 379 329 117 33 11 0 0 30 244 299 264 131 50 6 209 354 308 120 33 0 0 0 
8 170 316 296 179 46 8 1 2 29 173 284 291 182 54 9 265 375 246 101 31 6 0 0 
29 168 382 232 182 30 1 0 0 71 298 221 200 190 42 2 77 364 241 222 105 15 0 0 
5 173 289 242 169 117 24 5 1 126 268 258 190 132 47 2 235 309 241 149 76 13 1 0 
10 94 302 366 183 61 7 1 0 28 129 278 372 172 43 2 241 387 256 105 30 4 1 0 
13 140 244 328 193 75 23 8 1 76 173 266 279 168 55 6 191 307 299 147 58 15 5 2 
8 119 305 260 180 103 41 8 5 98 273 290 208 112 36 2 169 345 256 143 87 18 6 0 
17 112 264 248 205 125 38 15 9 72 250 312 233 117 21 10 129 246 281 207 115 34 8 4 
11 121 353 355 143 36 4 1 0 22 147 284 397 141 31 2 288 403 219 84 28 1 1 0 
9 118 306 291 188 83 20 9 3 71 287 276 244 105 34 4 138 340 304 161 53 19 7 2 
174 237 236 199 122 46 7 3 136 187 251 226 147 55 17 5 238 320 268 120 55 20 2 1 
618 281 101 20 4 0 0 0 557 313 122 26 6 0 0 0 498 348 141 31 6 0 0 0 
611 224 73 38 31 26 17 4 645 193 73 43 26 23 19 2 571 247 81 46 30 30 15 4 
653 194 90 54 21 9 3 0 613 220 100 56 24 9 2 0 582 245 100 62 23 10 2 0 
835 142 39 6 1 1 0 0 812 162 41 7 1 1 0 0 730 233 50 9 1 1 0 0 
685 150 57 46 35 27 22 2 692 146 56 38 38 31 21 2 607 206 71 47 36 31 22 4 
287 236 195 129 80 68 26 3 303 254 198 117 77 55 20 0 310 276 184 109 67 54 20 4 
89 170 211 244 173 102 32 3 108 159 200 269 162 102 23 1 193 206 241 213 114 50 7 0 
124 230 222 207 139 73 26 3 153 242 205 192 147 66 16 3 224 260 215 171 100 48 6 0 
105 182 193 207 187 108 40 2 144 173 182 208 192 92 33 0 222 197 227 184 133 49 12 0 
353 166 149 114 105 74 46 17 363 170 142 112 116 66 47 8 349 224 141 117 94 54 36 9 
611 120 101 73 57 32 23 7 549 128 93 101 61 48 32 12 415 356 96 69 43 30 14 1 
859 29 29 35 31 27 14 0 813 61 27 33 26 32 26 6 450 426 30 27 37 35 16 3 
1012 3 3 2 2 0 1 1 1009 5 4 1 1 2 1 1 58 955 4 2 1 2 0 2 
1024 0 0 0 0 0 0 0 1024 0 0 0 0 0 0 0 0 1024 0 0 0 0 0 0 
1008 16 0 0 0 0 0 0 918 106 0 0 0 0 0 0 0 1024 0 0 0 0 0 0 
844 180 0 0 0 0 0 0 315 709 0 0 0 0 0 0 0 1015 9 0 0 0 0 0 
84 939 1 0 0 0 0 0 7 971 46 0 0 0 0 0 0 314 710 0 0 0 0 0 
0 461 503 55 5 0 0 0 0 301 663 55 5 0 0 0 0 11 946 61 6 0 0 0 
0 40 906 78 0 0 0 0 0 80 923 21 0 0 0 0 0 138 880 6 0 0 0 0 
1 63 684 230 23 14 9 0 0 62 693 193 43 17 13 3 6 251 633 99 16 15 4 0 
4 144 446 253 118 50 8 1 0 35 386 264 176 111 47 5 110 457 332 97 24 4 0 0 
29 186 367 278 123 31 8 2 1 85 207 289 266 141 27 8 183 405 298 97 31 8 2 0 
5 160 272 274 208 83 19 3 1 49 205 280 243 182 56 8 260 301 253 139 61 10 0 0 
89 245 248 258 119 50 14 1 6 106 262 253 209 137 44 7 284 313 201 149 52 25 0 0 
72 165 293 252 170 61 9 2 17 113 198 251 233 143 63 6 192 303 263 199 58 8 1 0 
7 72 312 349 195 65 23 1 1 22 78 285 416 170 45 7 207 383 250 126 42 14 2 0 
8 174 328 256 153 77 23 5 0 85 230 304 248 125 30 2 246 369 244 109 44 11 1 0 
15 166 304 260 158 74 38 9 6 118 249 273 203 114 50 11 156 318 264 156 86 38 5 1 
13 113 310 320 192 54 17 5 2 88 208 280 281 129 34 2 192 385 242 139 46 15 5 0 
17 133 272 330 168 80 20 4 0 39 199 319 287 139 35 6 215 347 258 137 51 14 2 0 
4 81 292 316 188 97 27 19 5 67 281 320 217 80 47 7 173 305 271 160 74 25 15 1 
396 295 150 108 54 19 2 0 294 312 176 129 71 34 8 0 461 279 149 93 35 5 2 0 
519 287 128 56 22 10 2 0 482 298 151 58 24 9 2 0 462 308 155 56 30 11 2 0 
306 253 170 119 98 60 14 4 302 243 171 122 103 62 17 4 301 277 173 120 78 59 13 3 
580 233 111 68 28 3 1 0 451 283 131 98 39 21 1 0 556 280 118 54 15 0 1 0 
689 215 70 33 14 3 0 0 600 270 88 42 16 7 1 0 597 280 92 42 10 3 0 0 
564 218 90 61 46 29 15 1 572 208 94 57 46 36 11 0 517 252 99 64 43 31 16 2 
209 226 195 167 114 83 23 7 249 249 194 147 115 45 22 3 232 267 197 163 102 49 13 1 
108 212 228 190 168 85 29 4 122 225 233 190 160 75 15 4 208 237 216 186 126 41 9 1 
131 257 248 176 133 59 18 2 210 239 235 169 110 51 9 1 289 253 216 150 80 30 6 0 
204 197 146 145 161 113 54 4 245 195 154 169 147 94 20 0 276 201 141 168 147 76 15 0 
656 141 69 42 50 44 16 6 674 133 72 34 55 40 13 3 633 162 76 37 55 37 19 5 
717 55 55 67 54 35 24 17 709 55 60 56 59 46 27 12 649 124 65 71 48 27 25 15 
509 149 131 94 90 35 12 4 437 170 117 120 72 72 32 4 400 293 128 118 48 21 12 4 
566 87 134 128 75 31 3 0 519 73 74 117 129 76 34 2 232 565 114 70 38 5 0 0 
845 47 50 43 20 12 6 1 771 96 29 41 40 28 14 5 141 784 53 24 15 6 1 0 
938 86 0 0 0 0 0 0 645 379 0 0 0 0 0 0 0 1017 7 0 0 0 0 0 
719 305 0 0 0 0 0 0 137 887 0 0 0 0 0 0 0 994 30 0 0 0 0 0 
186 838 0 0 0 0 0 0 26 998 0 0 0 0 0 0 0 884 140 0 0 0 0 0 
0 647 367 10 0 0 0 0 0 627 387 10 0 0 0 0 0 287 727 10 0 0 0 0 
0 89 881 54 0 0 0 0 0 128 889 7 0 0 0 0 0 68 943 13 0 0 0 0 
0 105 782 115 17 5 0 0 0 125 801 76 15 7 0 0 8 211 751 43 10 1 0 0 
1 128 538 271 50 23 13 0 0 144 651 125 47 30 25 2 48 592 295 52 27 10 0 0 
15 286 398 164 131 27 3 0 15 275 342 136 130 99 26 1 219 471 221 84 25 4 0 0 
28 162 298 320 155 50 9 2 0 72 242 301 257 123 27 2 254 345 268 124 29 2 2 0 
32 180 335 244 124 63 37 9 9 111 258 254 220 97 56 19 292 355 188 96 43 39 8 3 
55 78 228 275 223 118 41 6 39 73 174 275 245 163 51 4 253 245 269 175 67 13 2 0 
3 31 170 309 245 139 100 27 1 36 182 250 276 178 87 14 81 279 269 186 126 68 14 1 
15 148 297 266 186 101 11 0 2 67 224 275 262 148 45 1 242 334 210 151 71 15 1 0 
11 155 330 311 162 44 10 1 5 67 189 355 278 107 21 2 236 372 285 97 28 6 0 0 
12 206 342 274 138 40 10 2 1 58 243 320 231 128 38 5 308 375 197 93 40 10 1 0 
29 125 239 326 166 78 46 15 8 113 200 283 271 106 37 6 212 337 273 96 53 40 12 1 
16 129 382 306 124 39 24 4 5 88 265 312 260 71 19 4 208 426 261 84 33 11 1 0 
447 275 158 85 52 6 1 0 275 309 208 115 84 27 6 0 477 263 154 79 49 0 2 0 
609 216 85 56 33 18 7 0 496 288 81 72 47 18 17 5 574 256 95 48 29 17 5 0 
495 281 138 71 21 15 3 0 286 345 195 109 56 19 12 2 408 342 149 74 26 19 5 1 
517 273 138 70 21 4 1 0 434 296 167 78 37 11 0 1 463 298 156 75 23 8 1 0 
672 185 62 52 23 14 12 4 578 241 86 43 35 19 9 13 652 200 69 49 24 16 14 0 
697 165 64 52 29 9 7 1 663 177 73 43 38 21 8 1 592 269 72 54 23 6 7 1 
360 264 163 123 73 30 9 2 325 264 172 130 101 20 10 2 328 323 173 101 69 22 6 2 
297 268 165 142 89 52 10 1 198 327 178 143 91 59 26 2 364 257 170 127 59 38 9 0 
256 265 171 140 99 69 21 3 224 280 191 139 98 64 26 2 320 274 168 117 87 49 9 0 
320 269 175 120 83 45 10 2 321 279 172 118 79 41 12 2 320 270 183 117 83 40 9 2 
578 206 108 48 33 37 10 4 560 218 109 51 35 36 11 4 548 225 112 51 41 36 6 5 
585 225 78 57 35 24 18 2 610 208 76 56 38 24 8 4 555 249 91 57 37 25 8 2 
247 208 201 144 126 78 19 1 205 225 181 140 124 96 47 6 326 255 181 138 89 30 5 0 
156 242 230 217 127 39 13 0 57 148 232 206 216 118 41 6 333 272 238 119 48 12 2 0 
219 458 176 89 56 22 3 1 129 443 198 104 85 47 16 2 256 519 153 66 24 6 0 0 
43 875 106 0 0 0 0 0 45 902 77 0 0 0 0 0 16 862 146 0 0 0 0 0 
234 642 148 0 0 0 0 0 133 781 110 0 0 0 0 0 30 852 142 0 0 0 0 0 
226 794 4 0 0 0 0 0 124 895 5 0 0 0 0 0 5 979 40 0 0 0 0 0 
94 881 44 5 0 0 0 0 41 896 80 7 0 0 0 0 0 730 283 11 0 0 0 0 
0 371 633 18 2 0 0 0 0 432 587 4 1 0 0 0 0 247 773 4 0 0 0 0 
0 58 722 221 19 4 0 0 0 151 774 88 11 0 0 0 0 229 713 74 8 0 0 0 
0 52 600 301 38 17 12 4 4 141 665 154 25 19 15 1 14 402 505 66 21 10 6 0 
35 218 426 181 91 63 9 1 35 267 407 150 84 61 20 0 146 460 223 93 74 27 1 0 
9 143 293 242 192 94 44 7 6 104 225 242 250 138 53 6 199 328 244 150 69 25 9 0 
4 45 247 342 234 112 35 5 2 31 133 354 270 181 48 5 207 310 284 139 61 20 3 0 
0 41 128 248 258 182 113 54 3 47 162 272 241 199 78 22 84 227 267 218 139 68 20 1 
2 34 238 335 224 125 53 13 1 29 122 250 361 203 47 11 131 327 298 159 66 35 8 0 
10 140 336 281 154 69 24 10 0 57 287 325 203 113 27 12 270 351 219 123 41 19 1 0 
21 149 322 296 146 66 17 7 14 89 197 286 268 126 38 6 226 396 239 105 43 11 4 0 
31 164 405 290 96 25 10 3 3 56 173 333 303 126 27 3 285 441 219 51 15 11 2 0 
37 145 308 301 166 47 12 8 9 102 272 280 226 91 39 5 238 359 242 127 39 12 6 1 
49 263 285 179 180 60 8 0 30 200 294 196 181 106 17 0 309 344 209 117 40 5 0 0 
178 243 261 227 96 18 1 0 114 130 286 306 150 32 6 0 255 308 283 134 34 9 1 0 
356 273 203 146 28 9 7 2 144 206 245 209 155 51 7 7 409 274 204 92 26 12 5 2 
445 266 166 81 47 14 5 0 160 256 272 167 96 48 22 3 448 303 144 71 37 19 2 0 
665 187 94 38 32 8 0 0 430 273 166 81 33 34 7 0 651 195 101 39 29 8 1 0 
615 199 105 65 32 7 1 0 379 314 158 74 59 32 7 1 550 275 106 65 20 8 0 0 
304 255 224 140 81 17 3 0 159 147 227 219 143 98 27 4 338 282 208 117 60 17 2 0 
498 280 107 51 58 19 10 1 425 308 144 51 61 17 16 2 466 299 119 56 55 17 11 1 
607 209 93 50 31 15 16 3 580 224 96 54 29 19 14 8 574 235 95 52 32 16 17 3 
384 207 132 114 130 50 7 0 300 219 125 101 97 129 50 3 380 218 136 109 127 47 7 0 
493 234 121 99 55 19 2 1 378 219 151 95 98 67 15 1 541 223 135 64 43 13 4 1 
333 282 196 92 54 31 35 1 266 262 226 119 60 48 32 11 354 334 166 75 44 33 18 0 
224 235 214 152 102 73 22 2 198 212 225 145 126 95 21 2 260 257 215 126 98 61 7 0 
198 241 202 173 137 59 12 2 228 208 188 186 150 52 12 0 220 275 207 167 120 28 6 1 
94 154 210 225 218 100 17 6 97 152 172 253 233 90 24 3 153 235 231 209 136 49 9 2 
138 335 244 178 94 26 8 1 151 286 204 184 135 45 19 0 251 429 189 112 28 10 5 0 
98 640 249 31 3 2 1 0 117 708 164 28 4 2 1 0 132 725 141 20 3 2 1 0 
206 478 321 7 5 2 5 0 240 546 225 4 3 3 3 0 212 623 176 4 4 2 3 0 
597 417 10 0 0 0 0 0 577 440 7 0 0 0 0 0 278 703 43 0 0 0 0 0 
463 535 26 0 0 0 0 0 374 627 23 0 0 0 0 0 93 807 124 0 0 0 0 0 
203 517 303 1 0 0 0 0 169 637 218 0 0 0 0 0 46 610 368 0 0 0 0 0 
59 349 489 99 17 6 4 1 112 404 447 40 10 9 2 0 101 457 408 37 12 7 2 0 
140 244 435 156 45 2 2 0 182 342 343 109 37 10 1 0 214 398 308 90 11 2 1 0 
71 160 224 264 149 88 35 33 83 134 213 269 175 92 42 16 160 221 291 180 94 41 35 2 
0 45 186 310 235 127 65 56 0 16 117 292 304 186 73 36 80 252 312 190 87 63 37 3 
2 76 176 288 221 144 78 39 0 30 165 305 304 153 52 15 178 272 245 162 106 42 19 0 
7 69 263 302 165 105 88 25 0 54 219 290 253 141 60 7 150 312 248 152 92 65 5 0 
1 48 286 314 220 107 36 12 0 12 70 249 393 234 57 9 191 361 279 113 52 21 6 1 
5 143 276 321 211 58 9 1 0 49 198 293 293 158 28 5 258 332 270 133 23 6 2 0 
13 104 256 281 209 112 32 17 6 61 169 248 281 195 52 12 178 301 255 174 80 26 8 2 
18 143 389 319 127 24 4 0 2 40 167 344 292 158 20 1 254 436 243 77 12 2 0 0 
50 235 337 261 115 26 0 0 23 97 246 275 200 149 34 0 287 421 216 86 14 0 0 0 
114 304 288 190 92 32 4 0 69 195 276 225 172 67 20 0 316 376 186 107 34 5 0 0 
167 354 258 155 62 20 7 1 15 232 372 233 108 49 13 2 298 342 234 93 35 15 6 1 
401 333 174 72 27 14 3 0 84 350 307 181 56 30 14 2 420 329 174 63 21 14 3 0 
535 317 119 35 13 4 1 0 79 533 247 106 43 11 4 1 571 310 102 28 10 3 0 0 
575 289 81 35 26 14 4 0 120 510 215 94 38 25 16 6 487 362 88 44 26 12 5 0 
512 257 133 89 29 4 0 0 157 387 230 132 84 31 3 0 472 312 138 85 15 2 0 0 
391 246 217 97 61 11 1 0 87 320 220 211 111 60 14 1 428 295 167 97 33 4 0 0 
559 292 102 35 20 11 5 0 292 369 207 89 35 15 12 5 457 373 117 35 25 12 5 0 
626 249 88 32 17 9 2 1 562 283 109 35 20 8 6 1 504 316 129 38 22 10 4 1 
425 291 158 88 36 13 10 3 275 317 222 112 64 19 9 6 380 323 159 97 37 13 12 3 
427 292 175 69 37 12 9 3 179 317 239 164 67 38 11 9 424 321 161 59 34 13 11 1 
327 293 188 111 72 26 5 2 168 279 222 164 91 66 27 7 343 275 199 98 69 34 4 2 
223 329 211 135 97 26 3 0 55 257 282 188 121 85 35 1 313 302 183 117 95 14 0 0 
336 223 147 131 106 75 6 0 155 281 152 111 107 131 84 3 377 197 128 128 120 70 4 0 
416 264 128 100 59 51 6 0 293 294 150 117 84 51 30 5 444 263 135 88 58 29 5 2 
472 218 122 100 71 31 10 0 455 199 136 96 66 56 15 1 573 199 128 75 30 14 5 0 
417 253 134 92 64 41 17 6 450 244 125 87 65 35 14 4 447 249 128 86 65 30 16 3 
541 200 102 55 44 41 33 8 541 192 101 52 53 38 36 11 521 235 99 58 40 47 19 5 
748 175 27 20 27 17 8 2 699 190 51 21 22 25 14 2 684 241 30 19 28 19 3 0 
754 228 40 2 0 0 0 0 800 194 29 1 0 0 0 0 759 226 38 1 0 0 0 0 
492 430 80 11 4 4 2 1 583 382 43 7 3 3 2 1 549 415 43 7 3 4 2 1 
633 261 103 18 6 3 0 0 686 238 80 12 5 3 0 0 619 322 65 10 7 1 0 0 
128 216 224 209 162 67 17 1 177 205 219 171 175 67 10 0 240 252 249 169 84 26 4 0 
6 45 225 286 241 153 40 28 13 48 190 292 271 145 42 23 79 214 267 257 141 36 18 12 
2 81 227 296 254 124 32 8 0 26 205 278 248 193 63 11 141 293 293 201 70 22 4 0 
16 134 287 278 164 83 45 17 7 68 301 296 199 91 51 11 223 322 243 122 78 27 7 2 
4 58 140 233 223 167 133 66 12 88 171 279 204 163 79 28 82 184 233 226 151 99 38 11 
6 50 257 319 216 115 50 11 0 22 95 291 349 188 73 6 161 299 262 168 94 34 6 0 
12 171 336 283 115 79 25 3 1 30 220 373 250 96 47 7 280 380 209 96 43 13 3 0 
24 134 297 337 150 52 22 8 14 72 198 288 268 139 36 9 225 345 256 120 43 29 6 0 
20 129 390 354 107 20 4 0 16 82 213 315 324 71 3 0 253 437 253 66 12 3 0 0 
31 252 324 230 125 59 3 0 49 110 267 295 202 85 15 1 268 340 238 114 57 7 0 0 
63 266 276 202 99 71 38 9 58 206 310 193 124 94 37 2 185 319 220 151 82 47 17 3 
284 365 189 102 58 15 10 1 52 385 291 152 90 37 13 4 399 309 163 89 38 17 8 1 
417 358 155 64 16 8 4 2 194 378 290 94 51 9 4 4 479 343 131 44 13 8 3 3 
687 216 78 27 9 5 0 2 389 399 148 55 21 8 2 2 672 226 79 29 11 5 0 2 
823 140 44 14 3 0 0 0 493 407 77 35 11 1 0 0 769 202 40 9 4 0 0 0 
614 233 74 58 28 15 2 0 302 444 126 73 42 27 9 1 607 254 78 53 22 7 3 0 
849 90 20 23 16 17 5 4 730 198 27 23 15 19 9 3 848 91 28 17 21 14 4 1 
812 165 29 14 2 2 0 0 477 408 104 20 9 4 2 0 763 205 39 13 2 2 0 0 
815 164 27 11 6 1 0 0 591 358 53 9 9 3 1 0 680 277 48 13 4 2 0 0 
748 211 46 15 4 0 0 0 536 327 108 44 9 0 0 0 646 279 76 18 5 0 0 0 
843 140 32 5 3 1 0 0 651 284 66 17 3 2 1 0 755 225 32 8 2 2 0 0 
718 178 82 26 12 5 3 0 629 214 105 39 21 11 4 1 677 204 84 32 13 11 3 0 
681 203 74 41 18 6 1 0 552 262 115 48 31 11 4 1 674 216 68 39 20 6 1 0 
829 105 44 21 10 10 5 0 750 145 62 25 19 8 12 3 838 93 44 20 12 9 8 0 
787 115 41 19 28 12 15 7 755 124 49 23 28 21 15 9 799 105 39 23 31 11 9 7 
438 195 122 100 70 77 21 1 348 220 115 106 78 73 74 10 495 172 112 96 81 57 10 1 
654 222 66 39 25 9 7 2 633 219 85 40 25 11 10 1 687 206 65 35 18 7 5 1 
533 200 116 72 52 26 17 8 513 207 121 71 53 35 18 6 587 186 112 68 40 23 7 1 
543 176 94 70 67 55 17 2 531 170 110 69 68 40 31 5 551 173 95 81 49 65 10 0 
607 112 87 77 77 45 17 2 615 125 87 71 75 43 7 1 587 136 92 72 73 48 15 1 
579 176 78 88 52 30 15 6 580 180 81 82 56 31 12 2 466 281 90 78 60 35 13 1 
395 227 115 88 80 75 35 9 478 179 103 81 85 67 28 3 412 250 99 94 76 61 30 2 
77 133 228 219 199 110 53 5 117 173 227 239 169 74 22 3 161 235 236 204 112 64 11 1 
4 39 158 328 310 146 32 7 7 56 212 354 248 122 23 2 80 192 365 262 96 24 4 1 
7 132 248 315 223 73 20 6 0 49 155 306 250 206 57 1 217 322 295 140 40 5 5 0 
9 74 232 288 194 137 67 23 6 60 204 263 255 139 73 24 139 257 282 158 114 53 20 1 
5 77 177 243 226 169 87 40 21 128 209 271 208 120 59 8 123 226 268 193 132 56 22 4 
8 66 213 294 196 135 96 16 1 49 157 291 294 187 42 3 191 293 243 138 112 42 5 0 
20 146 309 314 174 49 10 2 0 54 187 274 310 173 22 4 272 369 239 111 27 5 1 0 
21 153 276 305 163 85 20 1 16 104 236 291 225 124 28 0 215 323 267 142 57 20 0 0 
20 147 273 259 159 115 44 7 29 150 286 258 176 99 23 3 182 301 235 159 106 37 3 1 
36 161 353 278 126 58 9 3 16 104 255 329 216 87 14 3 203 362 240 141 59 16 2 1 
28 175 256 253 186 95 26 5 22 170 259 280 185 88 17 3 131 283 256 192 111 42 9 0 
