0 0 0 0 13 1011 0 0 0 0 0 0 0 0 0 1024 0 0 0 0 0 0 0 1024 
0 0 0 0 0 1024 0 0 0 0 0 0 0 0 0 1024 0 0 0 0 0 0 0 1024 
0 0 0 0 0 1022 2 0 0 0 0 0 0 0 0 1024 0 0 0 0 0 0 0 1024 
0 0 0 0 0 1024 0 0 0 0 0 0 0 0 0 1024 0 0 0 0 0 0 0 1024 
0 0 0 0 0 1022 2 0 0 0 0 0 0 0 0 1024 0 0 0 0 0 0 0 1024 
0 0 0 0 0 1024 0 0 0 0 0 0 0 0 0 1024 0 0 0 0 0 0 0 1024 
0 0 0 0 0 1020 4 0 0 0 0 0 0 0 0 1024 0 0 0 0 0 0 0 1024 
0 0 0 0 0 1022 2 0 0 0 0 0 0 0 0 1024 0 0 0 0 0 0 0 1024 
0 0 0 0 0 899 123 2 0 0 0 0 0 0 0 1024 0 0 0 0 0 0 0 1024 
0 0 0 0 0 459 227 338 0 0 0 0 0 0 0 1024 0 0 0 0 0 0 0 1024 
0 0 0 0 0 81 230 713 0 0 0 0 0 0 0 1024 0 0 0 0 0 0 0 1024 
0 0 0 0 0 0 34 990 0 0 0 0 0 0 0 1024 0 0 0 0 0 0 0 1024 
0 0 0 0 0 0 0 1024 0 0 0 0 0 0 0 1024 0 0 0 0 0 0 0 1024 
0 0 0 0 0 0 0 1024 0 0 0 0 0 0 0 1024 0 0 0 0 0 0 0 1024 
0 0 0 0 0 0 0 1024 0 0 0 0 0 0 0 1024 0 0 0 0 0 0 0 1024 
0 0 0 0 0 0 0 1024 0 0 0 0 0 0 0 1024 0 0 0 0 0 0 0 1024 
0 0 0 0 0 0 0 1024 0 0 0 0 0 0 0 1024 0 0 0 0 0 0 0 1024 
0 0 0 0 0 0 0 1024 0 0 0 0 0 0 0 1024 0 0 0 0 0 0 0 1024 
0 0 0 0 0 0 0 1024 0 0 0 0 0 0 0 1024 0 0 0 0 0 0 0 1024 
0 0 0 0 0 0 0 1024 0 0 0 0 0 0 0 1024 0 0 0 0 0 0 0 1024 
0 0 0 0 0 0 0 1024 0 0 0 0 0 0 0 1024 0 0 0 0 0 0 0 1024 
0 0 0 0 0 0 0 1024 0 0 0 0 0 0 0 1024 0 0 0 0 0 0 0 1024 
0 0 0 0 0 0 0 1024 0 0 0 0 0 0 0 1024 0 0 0 0 0 0 0 1024 
0 0 0 0 0 0 0 1024 0 0 0 0 0 0 0 1024 0 0 0 0 0 0 0 1024 
0 0 0 0 0 0 0 1024 0 0 0 0 0 0 0 1024 0 0 0 0 0 0 0 1024 
0 0 0 0 0 0 0 1024 0 0 0 0 0 0 0 1024 0 0 0 0 0 0 0 1024 
0 0 0 0 0 0 0 1024 0 0 0 0 0 0 0 1024 0 0 0 0 0 0 0 1024 
0 0 0 0 0 0 0 1024 0 0 0 0 0 0 0 1024 0 0 0 0 0 0 0 1024 
0 0 0 0 0 0 0 1024 0 0 0 0 0 0 0 1024 0 0 0 0 0 0 0 1024 
0 0 0 0 0 0 0 1024 0 0 0 0 0 0 0 1024 0 0 0 0 0 0 0 1024 
0 0 0 0 0 0 0 1024 0 0 0 0 0 0 0 1024 0 0 0 0 0 0 0 1024 
0 0 0 0 0 0 0 1024 0 0 0 0 0 0 0 1024 0 0 0 0 0 0 0 1024 
0 0 0 0 0 0 0 1024 0 0 0 0 0 0 0 1024 0 0 0 0 0 0 0 1024 
0 0 0 0 0 0 0 1024 0 0 0 0 0 0 0 1024 0 0 0 0 0 0 0 1024 
0 0 0 0 0 0 0 1024 0 0 0 0 0 0 0 1024 0 0 0 0 0 0 0 1024 
0 0 0 0 0 0 0 1024 0 0 0 0 0 0 0 1024 0 0 0 0 0 0 0 1024 
0 0 0 0 0 0 0 1024 0 0 0 0 0 0 0 1024 0 0 0 0 0 0 0 1024 
0 0 0 0 0 0 0 1024 0 0 0 0 0 0 0 1024 0 0 0 0 0 0 0 1024 
0 0 0 0 0 0 0 1024 0 0 0 0 0 0 0 1024 0 0 0 0 0 0 0 1024 
0 0 0 0 0 0 0 1024 0 0 0 0 0 0 0 1024 0 0 0 0 0 0 0 1024 
0 0 0 0 0 923 101 0 0 0 0 0 0 0 0 1024 0 0 0 0 0 0 0 1024 
0 0 0 0 0 568 456 0 0 0 0 0 0 0 0 1024 0 0 0 0 0 0 0 1024 
0 0 0 0 0 439 585 0 0 0 0 0 0 0 0 1024 0 0 0 0 0 0 0 1024 
0 0 0 0 0 347 677 0 0 0 0 0 0 0 0 1024 0 0 0 0 0 0 0 1024 
0 0 0 0 0 442 582 0 0 0 0 0 0 0 0 1024 0 0 0 0 0 0 0 1024 
0 0 0 0 0 401 623 0 0 0 0 0 0 0 0 1024 0 0 0 0 0 0 0 1024 
0 0 0 0 0 258 766 0 0 0 0 0 0 0 0 1024 0 0 0 0 0 0 0 1024 
0 0 0 0 0 100 924 0 0 0 0 0 0 0 0 1024 0 0 0 0 0 0 0 1024 
0 0 0 0 0 27 997 0 0 0 0 0 0 0 0 1024 0 0 0 0 0 0 0 1024 
0 0 0 0 0 0 594 430 0 0 0 0 0 0 0 1024 0 0 0 0 0 0 0 1024 
0 0 0 0 0 0 0 1024 0 0 0 0 0 0 0 1024 0 0 0 0 0 0 0 1024 
0 0 0 0 0 0 0 1024 0 0 0 0 0 0 0 1024 0 0 0 0 0 0 0 1024 
0 0 0 0 0 0 0 1024 0 0 0 0 0 0 0 1024 0 0 0 0 0 0 0 1024 
0 0 0 0 0 0 0 1024 0 0 0 0 0 0 0 1024 0 0 0 0 0 0 0 1024 
0 0 0 0 0 0 0 1024 0 0 0 0 0 0 0 1024 0 0 0 0 0 0 0 1024 
0 0 0 0 0 0 0 1024 0 0 0 0 0 0 0 1024 0 0 0 0 0 0 0 1024 
0 0 0 0 0 0 0 1024 0 0 0 0 0 0 0 1024 0 0 0 0 0 0 0 1024 
0 0 0 0 0 0 0 1024 0 0 0 0 0 0 0 1024 0 0 0 0 0 0 0 1024 
0 0 0 0 0 0 0 1024 0 0 0 0 0 0 0 1024 0 0 0 0 0 0 0 1024 
0 0 0 0 0 0 0 1024 0 0 0 0 0 0 0 1024 0 0 0 0 0 0 0 1024 
0 0 0 0 0 0 0 1024 0 0 0 0 0 0 0 1024 0 0 0 0 0 0 0 1024 
0 0 0 0 0 0 0 1024 0 0 0 0 0 0 0 1024 0 0 0 0 0 0 0 1024 
0 0 0 0 0 0 0 1024 0 0 0 0 0 0 0 1024 0 0 0 0 0 0 0 1024 
0 0 0 0 0 0 0 1024 0 0 0 0 0 0 0 1024 0 0 0 0 0 0 0 1024 
0 0 0 0 0 0 0 1024 0 0 0 0 0 0 0 1024 0 0 0 0 0 0 0 1024 
0 0 0 0 0 0 0 1024 0 0 0 0 0 0 0 1024 0 0 0 0 0 0 0 1024 
0 0 0 0 0 0 0 1024 0 0 0 0 0 0 0 1024 0 0 0 0 0 0 0 1024 
0 0 0 0 0 0 0 1024 0 0 0 0 0 0 0 1024 0 0 0 0 0 0 0 1024 
0 0 0 0 0 0 0 1024 0 0 0 0 0 0 0 1024 0 0 0 0 0 0 0 1024 
0 0 0 0 0 0 0 1024 0 0 0 0 0 0 0 1024 0 0 0 0 0 0 0 1024 
0 0 0 0 0 0 0 1024 0 0 0 0 0 0 0 1024 0 0 0 0 0 0 0 1024 
0 0 0 0 0 0 0 1024 0 0 0 0 0 0 0 1024 0 0 0 0 0 0 0 1024 
0 0 0 0 0 0 0 1024 0 0 0 0 0 0 0 1024 0 0 0 0 0 0 0 1024 
0 0 0 0 0 0 0 1024 0 0 0 0 0 0 0 1024 0 0 0 0 0 0 0 1024 
0 0 0 0 0 0 0 1024 0 0 0 0 0 0 0 1024 0 0 0 0 0 0 0 1024 
0 0 0 0 0 0 0 1024 0 0 0 0 0 0 0 1024 0 0 0 0 0 0 0 1024 
0 0 0 0 0 0 0 1024 0 0 0 0 0 0 0 1024 0 0 0 0 0 0 0 1024 
0 0 0 0 0 0 0 1024 0 0 0 0 0 0 0 1024 0 0 0 0 0 0 0 1024 
0 0 0 0 0 0 0 1024 0 0 0 0 0 0 0 1024 0 0 0 0 0 0 0 1024 
0 0 0 0 0 0 0 1024 0 0 0 0 0 0 0 1024 0 0 0 0 0 0 0 1024 
0 0 0 0 0 69 955 0 0 0 0 0 0 0 0 1024 0 0 0 0 0 0 0 1024 
0 0 0 0 0 1 1023 0 0 0 0 0 0 0 0 1024 0 0 0 0 0 0 0 1024 
0 0 0 0 0 0 1024 0 0 0 0 0 0 0 0 1024 0 0 0 0 0 0 0 1024 
0 0 0 0 0 0 1024 0 0 0 0 0 0 0 0 1024 0 0 0 0 0 0 0 1024 
0 0 0 0 0 0 1024 0 0 0 0 0 0 0 0 1024 0 0 0 0 0 0 0 1024 
0 0 0 0 0 1 1023 0 0 0 0 0 0 0 0 1024 0 0 0 0 0 0 0 1024 
0 0 0 0 0 0 1024 0 0 0 0 0 0 0 0 1024 0 0 0 0 0 0 0 1024 
0 0 0 0 0 0 1024 0 0 0 0 0 0 0 0 1024 0 0 0 0 0 0 0 1024 
0 0 0 0 0 0 688 336 0 0 0 0 0 0 0 1024 0 0 0 0 0 0 0 1024 
0 0 0 0 0 0 490 534 0 0 0 0 0 0 0 1024 0 0 0 0 0 0 0 1024 
0 0 0 0 0 0 0 1024 0 0 0 0 0 0 0 1024 0 0 0 0 0 0 0 1024 
0 0 0 0 0 0 0 1024 0 0 0 0 0 0 0 1024 0 0 0 0 0 0 0 1024 
0 0 0 0 0 0 0 1024 0 0 0 0 0 0 0 1024 0 0 0 0 0 0 0 1024 
0 0 0 0 0 0 0 1024 0 0 0 0 0 0 0 1024 0 0 0 0 0 0 0 1024 
0 0 0 0 0 0 0 1024 0 0 0 0 0 0 0 1024 0 0 0 0 0 0 0 1024 
0 0 0 0 0 0 0 1024 0 0 0 0 0 0 0 1024 0 0 0 0 0 0 0 1024 
0 0 0 0 0 0 0 1024 0 0 0 0 0 0 0 1024 0 0 0 0 0 0 0 1024 
0 0 0 0 0 0 0 1024 0 0 0 0 0 0 0 1024 0 0 0 0 0 0 0 1024 
0 0 0 0 0 0 0 1024 0 0 0 0 0 0 0 1024 0 0 0 0 0 0 0 1024 
0 0 0 0 0 0 0 1024 0 0 0 0 0 0 0 1024 0 0 0 0 0 0 0 1024 
0 0 0 0 0 0 0 1024 0 0 0 0 0 0 0 1024 0 0 0 0 0 0 0 1024 
0 0 0 0 0 0 0 1024 0 0 0 0 0 0 0 1024 0 0 0 0 0 0 0 1024 
0 0 0 0 0 0 0 1024 0 0 0 0 0 0 0 1024 0 0 0 0 0 0 0 1024 
0 0 0 0 0 0 0 1024 0 0 0 0 0 0 0 1024 0 0 0 0 0 0 0 1024 
0 0 0 0 0 0 0 1024 0 0 0 0 0 0 0 1024 0 0 0 0 0 0 0 1024 
0 0 14 63 46 34 37 830 0 0 0 9 72 43 37 863 0 0 23 51 35 35 27 853 
0 0 23 272 146 66 55 462 0 0 0 66 255 130 68 505 0 0 132 165 117 75 48 487 
0 0 14 405 161 89 49 306 0 0 0 81 365 147 84 347 0 0 244 197 107 102 43 331 
0 0 39 460 119 57 53 296 0 0 0 248 272 97 53 354 0 1 232 276 88 41 51 335 
0 0 117 506 42 24 35 300 0 0 1 336 281 41 22 343 0 0 349 274 35 20 22 324 
0 0 210 308 38 15 21 432 0 0 1 285 230 31 19 458 0 0 349 166 31 19 11 448 
0 1 171 221 32 24 26 549 0 0 0 236 132 39 29 588 0 13 295 65 35 22 20 574 
0 0 40 83 22 21 24 834 0 0 0 11 101 17 26 869 0 0 83 35 11 22 18 855 
0 0 0 0 0 0 0 1024 0 0 0 0 0 0 0 1024 0 0 0 0 0 0 0 1024 
0 0 0 0 0 0 0 1024 0 0 0 0 0 0 0 1024 0 0 0 0 0 0 0 1024 
0 0 0 0 0 0 0 1024 0 0 0 0 0 0 0 1024 0 0 0 0 0 0 0 1024 
0 0 0 0 0 0 0 1024 0 0 0 0 0 0 0 1024 0 0 0 0 0 0 0 1024 
0 0 0 0 0 0 0 1024 0 0 0 0 0 0 0 1024 0 0 0 0 0 0 0 1024 
0 0 0 0 0 0 0 1024 0 0 0 0 0 0 0 1024 0 0 0 0 0 0 0 1024 
0 0 0 0 0 0 0 1024 0 0 0 0 0 0 0 1024 0 0 0 0 0 0 0 1024 
0 0 0 0 0 0 1024 0 0 0 0 0 0 0 0 1024 0 0 0 0 0 0 0 1024 
0 0 0 0 0 0 1024 0 0 0 0 0 0 0 0 1024 0 0 0 0 0 0 0 1024 
0 0 0 0 0 0 1024 0 0 0 0 0 0 0 0 1024 0 0 0 0 0 0 0 1024 
0 0 0 0 0 0 1024 0 0 0 0 0 0 0 0 1024 0 0 0 0 0 0 0 1024 
0 0 0 0 0 0 1024 0 0 0 0 0 0 0 0 1024 0 0 0 0 0 0 0 1024 
0 0 0 0 0 0 1024 0 0 0 0 0 0 0 0 1024 0 0 0 0 0 0 0 1024 
0 0 0 0 0 0 1024 0 0 0 0 0 0 0 0 1024 0 0 0 0 0 0 0 1024 
0 0 0 0 0 0 902 122 0 0 0 0 0 0 0 1024 0 0 0 0 0 0 0 1024 
0 0 0 0 0 0 465 559 0 0 0 0 0 0 0 1024 0 0 0 0 0 0 0 1024 
0 0 0 0 0 0 60 964 0 0 0 0 0 0 0 1024 0 0 0 0 0 0 0 1024 
0 0 0 0 0 0 7 1017 0 0 0 0 0 0 0 1024 0 0 0 0 0 0 0 1024 
0 0 0 0 0 0 0 1024 0 0 0 0 0 0 0 1024 0 0 0 0 0 0 0 1024 
0 0 0 0 0 0 0 1024 0 0 0 0 0 0 0 1024 0 0 0 0 0 0 0 1024 
0 0 0 0 0 0 0 1024 0 0 0 0 0 0 0 1024 0 0 0 0 0 0 0 1024 
0 0 0 0 0 0 0 1024 0 0 0 0 0 0 0 1024 0 0 0 0 0 0 0 1024 
0 0 0 0 0 0 0 1024 0 0 0 0 0 0 0 1024 0 0 0 0 0 0 0 1024 
0 0 0 0 0 0 0 1024 0 0 0 0 0 0 0 1024 0 0 0 0 0 0 0 1024 
0 0 0 0 0 0 0 1024 0 0 0 0 0 0 0 1024 0 0 0 0 0 0 0 1024 
0 0 0 0 0 0 0 1024 0 0 0 0 0 0 0 1024 0 0 0 0 0 0 0 1024 
0 0 0 0 0 0 0 1024 0 0 0 0 0 0 0 1024 0 0 0 0 0 0 0 1024 
0 0 0 0 3 10 7 1004 0 0 0 0 0 0 10 1014 0 0 0 0 0 7 8 1009 
0 0 2 11 5 6 7 993 0 0 0 0 11 7 6 1000 0 0 0 11 6 4 7 996 
0 0 16 142 77 57 36 696 0 0 0 21 144 78 50 731 0 0 32 112 75 54 40 711 
0 0 4 165 87 63 81 624 0 0 0 33 170 75 72 674 0 0 38 130 77 60 76 643 
0 0 47 361 212 92 56 256 0 0 0 173 323 160 65 303 0 0 77 349 193 84 50 271 
0 0 236 622 121 32 10 3 0 0 3 445 454 89 23 10 0 1 436 411 113 44 12 7 
0 46 623 352 3 0 0 0 0 0 96 705 222 1 0 0 0 266 724 34 0 0 0 0 
0 0 603 421 0 0 0 0 0 0 27 911 86 0 0 0 0 65 955 4 0 0 0 0 
0 6 893 125 0 0 0 0 0 0 122 858 44 0 0 0 0 147 877 0 0 0 0 0 
0 10 821 191 2 0 0 0 0 0 67 923 33 1 0 0 0 179 793 51 1 0 0 0 
0 5 703 283 24 5 4 0 0 0 34 892 79 13 2 4 0 18 803 167 20 11 2 3 
0 0 827 197 0 0 0 0 0 0 4 861 159 0 0 0 0 250 743 31 0 0 0 0 
0 5 617 371 15 6 5 5 0 0 30 826 129 17 9 13 0 34 878 74 13 9 6 10 
0 0 180 439 73 58 44 230 0 0 1 454 158 64 55 292 0 0 434 178 43 46 50 273 
0 0 52 481 33 28 49 381 0 0 0 341 168 43 34 438 0 0 262 250 36 19 32 425 
0 8 118 189 53 34 34 588 0 0 0 138 164 40 47 635 0 37 165 107 30 37 26 622 
0 0 16 264 40 31 37 636 0 0 0 26 250 36 31 681 0 0 100 176 33 22 37 656 
0 0 3 58 26 27 34 876 0 0 0 3 55 26 21 919 0 0 20 30 26 19 22 907 
0 0 5 66 34 28 55 836 0 0 0 3 48 42 32 899 0 0 4 36 41 26 30 887 
0 0 0 52 38 32 40 862 0 0 0 0 47 33 34 910 0 0 0 43 25 27 28 901 
0 0 0 0 0 0 877 147 0 0 0 0 0 0 0 1024 0 0 0 0 0 0 0 1024 
0 0 0 0 0 0 829 195 0 0 0 0 0 0 0 1024 0 0 0 0 0 0 0 1024 
0 0 0 0 0 0 810 214 0 0 0 0 0 0 0 1024 0 0 0 0 0 0 0 1024 
0 0 0 0 0 0 485 539 0 0 0 0 0 0 0 1024 0 0 0 0 0 0 0 1024 
0 0 0 0 0 0 316 708 0 0 0 0 0 0 0 1024 0 0 0 0 0 0 0 1024 
0 0 0 0 0 0 128 896 0 0 0 0 0 0 0 1024 0 0 0 0 0 0 0 1024 
0 0 0 0 0 0 180 844 0 0 0 0 0 0 0 1024 0 0 0 0 0 0 0 1024 
0 0 0 0 0 0 38 986 0 0 0 0 0 0 0 1024 0 0 0 0 0 0 0 1024 
0 0 0 0 0 0 0 1024 0 0 0 0 0 0 0 1024 0 0 0 0 0 0 0 1024 
0 0 0 0 0 0 0 1024 0 0 0 0 0 0 0 1024 0 0 0 0 0 0 0 1024 
0 0 0 0 0 0 0 1024 0 0 0 0 0 0 0 1024 0 0 0 0 0 0 0 1024 
0 0 0 0 0 0 0 1024 0 0 0 0 0 0 0 1024 0 0 0 0 0 0 0 1024 
0 0 0 0 0 0 0 1024 0 0 0 0 0 0 0 1024 0 0 0 0 0 0 0 1024 
0 0 0 0 0 0 0 1024 0 0 0 0 0 0 0 1024 0 0 0 0 0 0 0 1024 
0 0 0 0 0 0 0 1024 0 0 0 0 0 0 0 1024 0 0 0 0 0 0 0 1024 
0 0 0 0 0 0 0 1024 0 0 0 0 0 0 0 1024 0 0 0 0 0 0 0 1024 
0 0 0 0 0 0 0 1024 0 0 0 0 0 0 0 1024 0 0 0 0 0 0 0 1024 
0 0 0 35 23 8 19 939 0 0 0 5 32 20 10 957 0 0 1 17 29 15 17 945 
0 0 1 276 65 36 39 607 0 0 0 127 158 54 42 643 0 0 11 243 65 40 32 633 
0 0 46 480 93 49 43 313 0 0 0 230 318 72 52 352 0 0 182 334 90 32 51 335 
0 0 303 524 119 40 24 14 0 0 0 522 338 88 41 35 0 17 395 412 114 41 19 26 
0 1 463 421 77 35 14 13 0 0 29 652 235 56 26 26 0 1 568 314 73 32 18 18 
0 0 241 735 39 5 4 0 0 0 5 870 129 15 4 1 0 0 531 452 31 7 2 1 
0 2 576 382 54 10 0 0 0 0 29 872 101 18 4 0 0 4 798 173 40 9 0 0 
0 3 814 195 9 3 0 0 0 0 76 903 38 6 1 0 0 0 891 119 10 4 0 0 
0 0 821 201 1 1 0 0 0 0 14 973 35 2 0 0 0 28 989 5 1 1 0 0 
0 70 923 31 0 0 0 0 0 0 485 539 0 0 0 0 0 191 833 0 0 0 0 0 
0 48 933 43 0 0 0 0 0 0 106 870 48 0 0 0 0 519 505 0 0 0 0 0 
0 79 934 11 0 0 0 0 0 0 311 706 7 0 0 0 0 487 537 0 0 0 0 0 
0 128 837 59 0 0 0 0 0 0 458 566 0 0 0 0 0 222 802 0 0 0 0 0 
0 27 963 34 0 0 0 0 0 0 225 799 0 0 0 0 0 131 893 0 0 0 0 0 
0 190 809 25 0 0 0 0 0 1 352 662 9 0 0 0 0 576 448 0 0 0 0 0 
0 71 913 40 0 0 0 0 0 0 182 841 1 0 0 0 0 447 576 1 0 0 0 0 
0 0 660 364 0 0 0 0 0 0 42 957 25 0 0 0 0 0 999 25 0 0 0 0 
0 2 824 198 0 0 0 0 0 0 124 898 2 0 0 0 0 6 974 44 0 0 0 0 
0 73 867 84 0 0 0 0 0 0 83 921 20 0 0 0 0 173 849 2 0 0 0 0 
0 0 780 244 0 0 0 0 0 0 7 938 79 0 0 0 0 114 897 13 0 0 0 0 
0 0 816 118 20 30 31 9 0 0 3 863 66 21 30 41 0 44 804 76 21 25 22 32 
0 0 705 316 3 0 0 0 0 0 0 867 155 2 0 0 0 115 755 152 2 0 0 0 
0 1 695 322 6 0 0 0 0 0 4 904 111 5 0 0 0 45 845 127 7 0 0 0 
0 0 0 0 0 0 0 1024 0 0 0 0 0 0 0 1024 0 0 0 0 0 0 0 1024 
0 0 0 0 0 0 6 1018 0 0 0 0 0 0 0 1024 0 0 0 0 0 0 0 1024 
0 0 0 0 0 0 1 1023 0 0 0 0 0 0 0 1024 0 0 0 0 0 0 0 1024 
0 0 0 0 0 0 0 1024 0 0 0 0 0 0 0 1024 0 0 0 0 0 0 0 1024 
0 0 0 0 0 0 0 1024 0 0 0 0 0 0 0 1024 0 0 0 0 0 0 0 1024 
0 0 0 0 0 0 0 1024 0 0 0 0 0 0 0 1024 0 0 0 0 0 0 0 1024 
0 0 0 0 0 0 0 1024 0 0 0 0 0 0 0 1024 0 0 0 0 0 0 0 1024 
0 0 0 0 0 0 0 1024 0 0 0 0 0 0 0 1024 0 0 0 0 0 0 0 1024 
0 0 0 0 0 0 0 1024 0 0 0 0 0 0 0 1024 0 0 0 0 0 0 0 1024 
0 0 0 0 0 0 0 1024 0 0 0 0 0 0 0 1024 0 0 0 0 0 0 0 1024 
0 0 0 0 0 0 0 1024 0 0 0 0 0 0 0 1024 0 0 0 0 0 0 0 1024 
0 0 0 0 0 0 0 1024 0 0 0 0 0 0 0 1024 0 0 0 0 0 0 0 1024 
0 0 0 0 0 0 0 1024 0 0 0 0 0 0 0 1024 0 0 0 0 0 0 0 1024 
0 0 0 1 7 9 7 1000 0 0 0 0 0 8 9 1007 0 0 0 0 4 8 8 1004 
0 0 44 170 34 29 25 722 0 0 0 74 139 34 35 742 0 0 61 124 44 34 25 736 
0 0 179 155 117 66 84 423 0 0 0 161 216 96 73 478 0 1 214 90 103 71 71 474 
0 0 404 231 80 59 57 193 0 0 2 438 212 68 62 242 0 8 514 107 72 50 49 224 
0 0 441 551 20 3 3 6 0 0 1 769 234 8 3 9 0 0 738 244 28 5 1 8 
0 11 804 209 0 0 0 0 0 0 11 986 27 0 0 0 0 104 882 38 0 0 0 0 
0 1 972 51 0 0 0 0 0 0 172 822 30 0 0 0 0 162 855 7 0 0 0 0 
0 86 913 25 0 0 0 0 0 0 384 638 2 0 0 0 0 199 824 1 0 0 0 0 
0 0 960 64 0 0 0 0 0 0 111 913 0 0 0 0 0 20 1001 3 0 0 0 0 
0 0 922 102 0 0 0 0 0 0 69 954 1 0 0 0 0 56 959 9 0 0 0 0 
0 8 912 104 0 0 0 0 0 0 32 992 0 0 0 0 0 246 777 1 0 0 0 0 
0 22 923 79 0 0 0 0 0 0 48 945 31 0 0 0 0 555 465 4 0 0 0 0 
0 50 945 29 0 0 0 0 0 0 331 689 4 0 0 0 0 451 572 1 0 0 0 0 
0 50 925 49 0 0 0 0 0 1 414 609 0 0 0 0 0 304 720 0 0 0 0 0 
2 152 849 21 0 0 0 0 0 4 302 718 0 0 0 0 6 731 287 0 0 0 0 0 
0 70 899 55 0 0 0 0 0 0 525 493 6 0 0 0 0 358 666 0 0 0 0 0 
0 7 927 90 0 0 0 0 0 0 448 575 1 0 0 0 0 152 865 7 0 0 0 0 
0 15 942 67 0 0 0 0 0 0 430 594 0 0 0 0 0 129 895 0 0 0 0 0 
0 29 853 142 0 0 0 0 0 0 493 531 0 0 0 0 0 146 878 0 0 0 0 0 
0 34 864 126 0 0 0 0 0 0 677 347 0 0 0 0 0 232 792 0 0 0 0 0 
0 1 821 202 0 0 0 0 0 0 479 545 0 0 0 0 0 12 987 25 0 0 0 0 
0 4 755 265 0 0 0 0 0 0 255 768 1 0 0 0 0 24 955 45 0 0 0 0 
0 1 843 180 0 0 0 0 0 0 47 977 0 0 0 0 0 83 905 36 0 0 0 0 
0 2 1018 4 0 0 0 0 0 0 118 904 2 0 0 0 0 356 668 0 0 0 0 0 
0 18 975 31 0 0 0 0 0 0 63 961 0 0 0 0 0 423 601 0 0 0 0 0 
0 4 1016 4 0 0 0 0 0 0 5 1017 2 0 0 0 0 582 442 0 0 0 0 0 
0 4 1016 4 0 0 0 0 0 0 5 1014 5 0 0 0 0 725 299 0 0 0 0 0 
0 0 0 0 0 0 0 1024 0 0 0 0 0 0 0 1024 0 0 0 0 0 0 0 1024 
0 0 0 0 0 0 0 1024 0 0 0 0 0 0 0 1024 0 0 0 0 0 0 0 1024 
0 0 0 0 0 0 0 1024 0 0 0 0 0 0 0 1024 0 0 0 0 0 0 0 1024 
0 0 0 0 0 0 0 1024 0 0 0 0 0 0 0 1024 0 0 0 0 0 0 0 1024 
0 0 0 0 0 0 0 1024 0 0 0 0 0 0 0 1024 0 0 0 0 0 0 0 1024 
0 0 0 0 0 0 0 1024 0 0 0 0 0 0 0 1024 0 0 0 0 0 0 0 1024 
0 0 0 0 0 0 0 1024 0 0 0 0 0 0 0 1024 0 0 0 0 0 0 0 1024 
0 0 0 2 18 24 18 962 0 0 0 0 4 18 23 979 0 0 0 0 11 17 18 978 
0 0 0 17 60 52 30 865 0 0 0 4 28 69 42 881 0 0 0 17 52 56 30 869 
0 0 0 0 0 0 0 1024 0 0 0 0 0 0 0 1024 0 0 0 0 0 0 0 1024 
0 0 0 0 0 0 0 1024 0 0 0 0 0 0 0 1024 0 0 0 0 0 0 0 1024 
0 0 3 11 75 108 75 752 0 0 0 2 26 94 106 796 0 0 2 7 15 87 98 815 
0 0 16 225 79 51 51 602 0 0 0 102 162 69 49 642 0 0 35 192 71 41 49 636 
0 5 410 282 80 38 35 174 0 0 0 519 196 66 40 203 0 13 461 196 80 46 40 188 
0 4 760 260 0 0 0 0 0 0 20 970 34 0 0 0 0 5 955 64 0 0 0 0 
0 0 975 49 0 0 0 0 0 0 10 1006 8 0 0 0 0 79 945 0 0 0 0 0 
0 17 896 111 0 0 0 0 0 0 10 988 26 0 0 0 0 287 737 0 0 0 0 0 
0 7 932 85 0 0 0 0 0 0 144 856 24 0 0 0 0 180 844 0 0 0 0 0 
0 58 947 19 0 0 0 0 0 0 136 859 29 0 0 0 0 534 490 0 0 0 0 0 
0 341 679 4 0 0 0 0 0 0 276 747 1 0 0 0 0 789 235 0 0 0 0 0 
0 157 862 5 0 0 0 0 0 0 345 679 0 0 0 0 0 575 448 1 0 0 0 0 
0 3 1016 5 0 0 0 0 0 0 312 712 0 0 0 0 0 214 810 0 0 0 0 0 
0 6 1018 0 0 0 0 0 0 0 171 853 0 0 0 0 0 375 649 0 0 0 0 0 
0 28 940 56 0 0 0 0 0 0 347 677 0 0 0 0 0 304 720 0 0 0 0 0 
0 76 943 5 0 0 0 0 0 0 511 511 2 0 0 0 0 508 516 0 0 0 0 0 
0 46 960 18 0 0 0 0 0 0 242 781 1 0 0 0 0 713 311 0 0 0 0 0 
0 60 963 1 0 0 0 0 0 0 642 381 1 0 0 0 0 758 266 0 0 0 0 0 
0 133 882 9 0 0 0 0 0 1 557 466 0 0 0 0 0 652 372 0 0 0 0 0 
0 10 957 57 0 0 0 0 0 0 266 758 0 0 0 0 0 481 543 0 0 0 0 0 
0 53 899 72 0 0 0 0 0 0 554 466 4 0 0 0 0 465 559 0 0 0 0 0 
0 15 883 126 0 0 0 0 0 0 525 494 5 0 0 0 0 243 781 0 0 0 0 0 
0 3 930 91 0 0 0 0 0 0 346 674 4 0 0 0 0 345 679 0 0 0 0 0 
0 80 868 76 0 0 0 0 0 0 552 472 0 0 0 0 0 275 749 0 0 0 0 0 
0 3 925 96 0 0 0 0 0 0 291 731 2 0 0 0 0 92 932 0 0 0 0 0 
0 32 966 26 0 0 0 0 0 0 515 509 0 0 0 0 0 417 607 0 0 0 0 0 
0 3 1020 1 0 0 0 0 0 0 193 831 0 0 0 0 0 342 682 0 0 0 0 0 
0 96 928 0 0 0 0 0 0 0 381 643 0 0 0 0 4 784 236 0 0 0 0 0 
0 46 935 43 0 0 0 0 0 0 119 855 50 0 0 0 2 815 207 0 0 0 0 0 
0 154 855 15 0 0 0 0 0 0 235 783 6 0 0 0 0 870 154 0 0 0 0 0 
0 112 912 0 0 0 0 0 0 0 65 959 0 0 0 0 3 1011 10 0 0 0 0 0 
0 0 0 0 0 0 70 954 0 0 0 0 0 0 12 1012 0 0 0 0 0 0 0 1024 
0 0 0 0 0 0 0 1024 0 0 0 0 0 0 0 1024 0 0 0 0 0 0 0 1024 
0 0 0 0 0 0 7 1017 0 0 0 0 0 0 0 1024 0 0 0 0 0 0 0 1024 
0 0 0 48 53 18 37 868 0 0 0 0 43 54 23 904 0 0 0 12 56 36 18 902 
0 0 21 245 71 54 38 595 0 0 0 183 95 57 58 631 0 0 0 203 83 53 56 629 
0 0 102 163 118 101 85 455 0 0 0 148 166 92 96 522 0 0 60 145 104 96 94 525 
0 4 383 269 93 32 33 210 0 0 3 514 182 59 31 235 0 3 341 218 133 56 32 241 
0 1 521 267 80 40 47 68 0 0 48 603 152 68 38 115 0 0 387 361 75 49 39 113 
0 2 548 203 140 84 30 17 0 0 14 631 175 117 56 31 0 1 572 141 153 92 42 23 
0 0 663 189 32 38 21 81 0 0 0 728 125 37 36 98 0 3 711 124 37 39 20 90 
0 0 678 214 44 24 17 47 0 0 0 588 302 49 19 66 0 13 780 90 41 23 23 54 
0 0 593 302 59 34 22 14 0 0 0 771 135 54 34 30 0 1 800 74 49 43 30 27 
0 0 497 527 0 0 0 0 0 0 2 1007 15 0 0 0 0 0 990 34 0 0 0 0 
0 0 621 403 0 0 0 0 0 0 1 1003 20 0 0 0 0 0 996 28 0 0 0 0 
0 2 788 234 0 0 0 0 0 0 25 972 27 0 0 0 0 22 951 51 0 0 0 0 
0 95 922 7 0 0 0 0 0 0 77 946 1 0 0 0 0 492 532 0 0 0 0 0 
0 62 954 8 0 0 0 0 0 0 168 841 15 0 0 0 0 611 413 0 0 0 0 0 
0 18 1002 4 0 0 0 0 0 0 163 861 0 0 0 0 0 196 828 0 0 0 0 0 
0 142 865 17 0 0 0 0 0 3 388 632 1 0 0 0 0 564 460 0 0 0 0 0 
0 90 873 61 0 0 0 0 0 0 416 605 3 0 0 0 0 427 597 0 0 0 0 0 
0 192 766 66 0 0 0 0 0 1 428 595 0 0 0 0 0 324 700 0 0 0 0 0 
0 33 871 120 0 0 0 0 0 0 319 705 0 0 0 0 0 439 584 1 0 0 0 0 
0 0 1021 3 0 0 0 0 0 0 33 989 2 0 0 0 0 739 285 0 0 0 0 0 
0 34 988 2 0 0 0 0 0 0 604 420 0 0 0 0 0 619 405 0 0 0 0 0 
0 24 1000 0 0 0 0 0 0 0 446 578 0 0 0 0 0 781 243 0 0 0 0 0 
0 61 955 8 0 0 0 0 0 0 259 759 6 0 0 0 0 886 138 0 0 0 0 0 
0 80 937 7 0 0 0 0 0 0 159 865 0 0 0 0 0 864 160 0 0 0 0 0 
0 101 919 4 0 0 0 0 0 0 442 582 0 0 0 0 0 877 147 0 0 0 0 0 
0 258 766 0 0 0 0 0 0 3 590 431 0 0 0 0 1 907 116 0 0 0 0 0 
0 42 970 12 0 0 0 0 0 1 121 898 4 0 0 0 3 672 349 0 0 0 0 0 
0 9 1015 0 0 0 0 0 0 0 67 947 10 0 0 0 0 928 96 0 0 0 0 0 
0 92 932 0 0 0 0 0 0 0 227 784 13 0 0 0 2 939 83 0 0 0 0 0 
0 300 724 0 0 0 0 0 0 0 296 726 2 0 0 0 9 926 89 0 0 0 0 0 
0 245 779 0 0 0 0 0 0 0 359 663 2 0 0 0 16 958 50 0 0 0 0 0 
2 329 692 1 0 0 0 0 0 1 319 704 0 0 0 0 51 944 29 0 0 0 0 0 
0 7 968 49 0 0 0 0 0 0 32 925 67 0 0 0 0 818 206 0 0 0 0 0 
0 124 890 10 0 0 0 0 0 0 220 787 17 0 0 0 7 762 255 0 0 0 0 0 
0 57 890 77 0 0 0 0 0 0 72 905 47 0 0 0 0 317 707 0 0 0 0 0 
0 1 973 50 0 0 0 0 0 0 24 930 70 0 0 0 0 785 239 0 0 0 0 0 
0 104 908 12 0 0 0 0 0 0 88 921 15 0 0 0 49 713 262 0 0 0 0 0 
0 0 2 18 11 46 535 412 0 0 0 6 14 24 94 886 0 0 0 3 17 8 29 967 
0 0 0 0 0 3 181 840 0 0 0 0 0 0 1 1023 0 0 0 0 0 0 1 1023 
1 5 62 157 117 78 271 333 0 0 3 75 157 94 86 609 0 0 29 64 158 78 59 636 
0 3 516 345 73 39 38 10 0 0 60 584 233 63 35 49 0 1 462 275 157 46 21 62 
0 35 747 225 16 1 0 0 0 0 296 659 63 6 0 0 0 2 650 299 64 9 0 0 
0 13 869 141 1 0 0 0 0 0 146 870 8 0 0 0 0 5 971 47 1 0 0 0 
0 48 972 4 0 0 0 0 0 0 226 798 0 0 0 0 0 34 990 0 0 0 0 0 
0 69 954 1 0 0 0 0 0 0 88 935 1 0 0 0 0 100 924 0 0 0 0 0 
0 0 942 82 0 0 0 0 0 0 35 961 28 0 0 0 0 8 1000 16 0 0 0 0 
0 0 814 210 0 0 0 0 0 0 0 919 105 0 0 0 0 76 947 1 0 0 0 0 
0 5 820 199 0 0 0 0 0 0 2 866 156 0 0 0 0 245 773 6 0 0 0 0 
0 0 554 470 0 0 0 0 0 0 0 670 354 0 0 0 0 349 670 5 0 0 0 0 
0 0 859 165 0 0 0 0 0 0 10 857 157 0 0 0 0 303 718 3 0 0 0 0 
0 138 854 32 0 0 0 0 0 0 113 858 53 0 0 0 0 821 201 2 0 0 0 0 
0 259 696 69 0 0 0 0 0 0 369 651 4 0 0 0 0 607 414 3 0 0 0 0 
0 300 704 20 0 0 0 0 0 0 522 499 3 0 0 0 0 709 313 2 0 0 0 0 
0 106 915 3 0 0 0 0 0 0 376 646 2 0 0 0 0 785 239 0 0 0 0 0 
7 298 668 51 0 0 0 0 0 5 489 529 1 0 0 0 7 468 549 0 0 0 0 0 
6 253 638 127 0 0 0 0 0 9 351 664 0 0 0 0 6 459 559 0 0 0 0 0 
0 22 893 109 0 0 0 0 0 0 361 663 0 0 0 0 0 422 602 0 0 0 0 0 
0 46 954 24 0 0 0 0 0 1 320 703 0 0 0 0 1 599 424 0 0 0 0 0 
0 12 1002 10 0 0 0 0 0 0 214 809 1 0 0 0 0 534 490 0 0 0 0 0 
0 14 950 60 0 0 0 0 0 0 101 902 21 0 0 0 0 515 508 1 0 0 0 0 
0 80 942 2 0 0 0 0 0 0 318 706 0 0 0 0 0 615 409 0 0 0 0 0 
0 0 1024 0 0 0 0 0 0 0 221 803 0 0 0 0 0 465 559 0 0 0 0 0 
0 5 1015 4 0 0 0 0 0 0 37 987 0 0 0 0 0 827 197 0 0 0 0 0 
0 52 949 23 0 0 0 0 0 0 106 892 26 0 0 0 0 855 169 0 0 0 0 0 
0 165 855 4 0 0 0 0 0 0 280 740 4 0 0 0 7 695 322 0 0 0 0 0 
0 202 822 0 0 0 0 0 0 0 545 479 0 0 0 0 1 913 110 0 0 0 0 0 
0 84 936 4 0 0 0 0 0 0 188 836 0 0 0 0 0 931 93 0 0 0 0 0 
0 0 1020 4 0 0 0 0 0 0 93 931 0 0 0 0 0 379 645 0 0 0 0 0 
0 4 1008 12 0 0 0 0 0 0 40 982 2 0 0 0 0 564 460 0 0 0 0 0 
0 140 884 0 0 0 0 0 0 0 72 945 7 0 0 0 14 1004 6 0 0 0 0 0 
0 57 967 0 0 0 0 0 0 0 45 977 2 0 0 0 0 952 72 0 0 0 0 0 
0 52 972 0 0 0 0 0 0 0 86 938 0 0 0 0 0 941 83 0 0 0 0 0 
0 103 921 0 0 0 0 0 0 0 179 845 0 0 0 0 0 1014 10 0 0 0 0 0 
0 28 996 0 0 0 0 0 0 0 46 976 2 0 0 0 0 974 50 0 0 0 0 0 
0 4 1020 0 0 0 0 0 0 0 32 992 0 0 0 0 1 781 242 0 0 0 0 0 
0 85 937 2 0 0 0 0 0 0 77 945 2 0 0 0 1 1014 9 0 0 0 0 0 
0 230 794 0 0 0 0 0 0 0 275 749 0 0 0 0 1 1022 1 0 0 0 0 0 
0 0 592 186 67 58 107 14 0 0 1 664 122 66 56 115 0 409 248 89 50 51 52 125 
0 0 392 468 61 33 61 9 0 0 0 523 320 66 39 76 0 334 441 66 42 32 28 81 
0 24 474 518 7 1 0 0 0 0 44 574 398 7 1 0 0 26 850 128 12 7 1 0 
0 31 377 616 0 0 0 0 0 0 52 452 520 0 0 0 0 29 675 320 0 0 0 0 
0 0 142 882 0 0 0 0 0 0 6 256 762 0 0 0 0 0 911 113 0 0 0 0 
0 30 355 639 0 0 0 0 0 0 20 499 505 0 0 0 0 50 938 36 0 0 0 0 
0 6 396 622 0 0 0 0 0 0 14 597 413 0 0 0 0 12 998 14 0 0 0 0 
0 32 578 414 0 0 0 0 0 0 109 552 363 0 0 0 0 63 951 10 0 0 0 0 
0 0 924 100 0 0 0 0 0 0 2 961 61 0 0 0 0 195 829 0 0 0 0 0 
0 28 842 154 0 0 0 0 0 0 47 851 126 0 0 0 0 560 463 1 0 0 0 0 
0 33 902 89 0 0 0 0 0 0 13 787 224 0 0 0 19 885 120 0 0 0 0 0 
0 133 844 47 0 0 0 0 0 0 107 812 105 0 0 0 117 895 12 0 0 0 0 0 
0 16 912 96 0 0 0 0 0 0 13 790 221 0 0 0 32 890 102 0 0 0 0 0 
0 343 629 52 0 0 0 0 0 0 347 570 107 0 0 0 6 831 187 0 0 0 0 0 
0 220 713 91 0 0 0 0 0 0 338 670 16 0 0 0 0 607 417 0 0 0 0 0 
0 23 803 198 0 0 0 0 0 0 80 940 4 0 0 0 0 288 735 1 0 0 0 0 
0 0 826 198 0 0 0 0 0 0 21 985 18 0 0 0 0 351 673 0 0 0 0 0 
1 32 926 65 0 0 0 0 0 3 138 881 2 0 0 0 3 336 685 0 0 0 0 0 
0 53 869 102 0 0 0 0 0 1 97 926 0 0 0 0 0 327 697 0 0 0 0 0 
0 4 935 85 0 0 0 0 0 0 112 907 5 0 0 0 0 516 508 0 0 0 0 0 
0 32 921 71 0 0 0 0 0 0 209 766 49 0 0 0 0 914 110 0 0 0 0 0 
0 2 876 146 0 0 0 0 0 0 50 974 0 0 0 0 0 381 643 0 0 0 0 0 
0 0 817 207 0 0 0 0 0 0 70 954 0 0 0 0 0 1 981 42 0 0 0 0 
0 0 932 92 0 0 0 0 0 0 24 1000 0 0 0 0 0 341 683 0 0 0 0 0 
0 3 1018 3 0 0 0 0 0 0 9 1014 1 0 0 0 0 785 239 0 0 0 0 0 
0 7 1003 14 0 0 0 0 0 0 79 945 0 0 0 0 0 542 482 0 0 0 0 0 
0 129 886 9 0 0 0 0 0 0 485 539 0 0 0 0 0 517 507 0 0 0 0 0 
0 2 982 39 1 0 0 0 0 0 233 787 4 0 0 0 0 165 851 8 0 0 0 0 
0 11 985 28 0 0 0 0 0 0 103 919 2 0 0 0 0 446 578 0 0 0 0 0 
0 10 968 46 0 0 0 0 0 0 26 997 1 0 0 0 0 805 219 0 0 0 0 0 
0 46 946 32 0 0 0 0 0 0 150 874 0 0 0 0 0 602 422 0 0 0 0 0 
0 93 921 10 0 0 0 0 0 0 228 796 0 0 0 0 0 839 185 0 0 0 0 0 
0 164 858 2 0 0 0 0 0 0 128 896 0 0 0 0 48 955 21 0 0 0 0 0 
3 676 345 0 0 0 0 0 0 4 574 446 0 0 0 0 97 924 3 0 0 0 0 0 
2 524 492 6 0 0 0 0 0 9 745 268 2 0 0 0 13 880 131 0 0 0 0 0 
0 387 635 2 0 0 0 0 0 0 505 517 2 0 0 0 16 990 18 0 0 0 0 0 
0 161 860 3 0 0 0 0 0 2 189 830 3 0 0 0 48 960 16 0 0 0 0 0 
4 334 686 0 0 0 0 0 0 7 345 665 7 0 0 0 140 865 19 0 0 0 0 0 
0 253 764 7 0 0 0 0 0 0 221 789 14 0 0 0 99 922 3 0 0 0 0 0 
0 203 816 5 0 0 0 0 0 0 309 711 4 0 0 0 43 866 115 0 0 0 0 0 
0 0 977 47 0 0 0 0 0 0 9 1015 0 0 0 0 0 756 268 0 0 0 0 0 
0 3 939 82 0 0 0 0 0 0 10 976 38 0 0 0 7 941 76 0 0 0 0 0 
0 13 432 579 0 0 0 0 0 2 10 751 261 0 0 0 0 396 618 10 0 0 0 0 
0 24 307 692 1 0 0 0 0 0 20 589 415 0 0 0 0 84 775 165 0 0 0 0 
0 35 201 787 1 0 0 0 0 1 36 556 431 0 0 0 1 43 614 362 4 0 0 0 
0 7 163 852 2 0 0 0 0 6 15 335 668 0 0 0 0 7 887 127 3 0 0 0 
0 0 237 787 0 0 0 0 0 0 68 286 670 0 0 0 0 20 970 34 0 0 0 0 
0 0 98 926 0 0 0 0 0 0 0 353 671 0 0 0 0 116 908 0 0 0 0 0 
0 0 235 789 0 0 0 0 0 0 0 480 544 0 0 0 0 96 928 0 0 0 0 0 
0 40 402 582 0 0 0 0 0 0 74 648 302 0 0 0 1 252 765 6 0 0 0 0 
0 2 980 42 0 0 0 0 0 0 15 963 46 0 0 0 2 880 142 0 0 0 0 0 
0 94 909 21 0 0 0 0 0 0 85 898 41 0 0 0 117 894 13 0 0 0 0 0 
0 104 911 9 0 0 0 0 0 0 97 905 22 0 0 0 102 915 7 0 0 0 0 0 
0 29 982 13 0 0 0 0 0 0 67 945 12 0 0 0 9 876 139 0 0 0 0 0 
0 30 980 14 0 0 0 0 0 0 149 875 0 0 0 0 0 406 618 0 0 0 0 0 
0 61 932 30 1 0 0 0 0 0 445 572 7 0 0 0 1 497 513 13 0 0 0 0 
0 18 1003 3 0 0 0 0 0 0 160 864 0 0 0 0 0 660 364 0 0 0 0 0 
0 68 952 4 0 0 0 0 0 0 229 795 0 0 0 0 1 748 275 0 0 0 0 0 
0 40 961 23 0 0 0 0 0 0 135 889 0 0 0 0 4 965 55 0 0 0 0 0 
0 215 793 16 0 0 0 0 0 6 244 774 0 0 0 0 27 991 6 0 0 0 0 0 
0 361 663 0 0 0 0 0 0 0 399 625 0 0 0 0 44 958 22 0 0 0 0 0 
0 104 917 3 0 0 0 0 0 0 390 634 0 0 0 0 0 737 287 0 0 0 0 0 
0 18 868 126 12 0 0 0 0 0 376 634 12 2 0 0 0 256 732 30 6 0 0 0 
0 18 1004 2 0 0 0 0 0 0 438 586 0 0 0 0 0 510 514 0 0 0 0 0 
0 20 995 9 0 0 0 0 0 0 143 881 0 0 0 0 0 311 713 0 0 0 0 0 
0 1 967 56 0 0 0 0 0 0 119 903 2 0 0 0 0 282 742 0 0 0 0 0 
0 4 814 206 0 0 0 0 0 0 90 930 4 0 0 0 0 162 850 12 0 0 0 0 
0 1 514 497 12 0 0 0 0 0 37 925 62 0 0 0 0 77 838 109 0 0 0 0 
0 0 549 446 29 0 0 0 0 0 25 818 176 5 0 0 0 99 829 96 0 0 0 0 
0 7 558 441 18 0 0 0 0 0 93 698 233 0 0 0 0 114 809 101 0 0 0 0 
0 0 487 531 6 0 0 0 0 0 43 743 238 0 0 0 0 50 933 41 0 0 0 0 
0 0 568 441 15 0 0 0 0 0 159 525 339 1 0 0 0 66 934 24 0 0 0 0 
0 145 472 407 0 0 0 0 0 0 325 375 324 0 0 0 7 425 592 0 0 0 0 0 
0 435 208 379 2 0 0 0 0 3 528 147 346 0 0 0 29 537 453 5 0 0 0 0 
7 296 329 392 0 0 0 0 0 30 367 229 398 0 0 0 32 433 547 12 0 0 0 0 
0 153 589 279 3 0 0 0 0 6 226 500 290 2 0 0 0 496 518 10 0 0 0 0 
0 64 823 137 0 0 0 0 0 0 101 816 107 0 0 0 13 686 325 0 0 0 0 0 
0 46 627 351 0 0 0 0 0 0 56 643 325 0 0 0 12 489 520 3 0 0 0 0 
0 32 512 480 0 0 0 0 0 0 18 492 514 0 0 0 0 280 744 0 0 0 0 0 
0 2 965 57 0 0 0 0 0 0 113 855 56 0 0 0 0 633 391 0 0 0 0 0 
0 3 944 77 0 0 0 0 0 0 46 976 2 0 0 0 6 923 95 0 0 0 0 0 
0 29 866 129 0 0 0 0 0 2 80 921 21 0 0 0 30 922 72 0 0 0 0 0 
0 0 705 319 0 0 0 0 0 0 3 1020 1 0 0 0 0 609 415 0 0 0 0 0 
0 2 401 621 0 0 0 0 0 0 19 865 140 0 0 0 3 215 774 32 0 0 0 0 
3 51 115 765 89 1 0 0 1 39 97 476 409 2 0 0 3 60 548 374 37 2 0 0 
0 6 18 845 135 20 0 0 1 5 12 247 747 12 0 0 0 25 725 214 48 12 0 0 
0 0 65 908 51 0 0 0 0 0 0 224 800 0 0 0 0 92 870 62 0 0 0 0 
0 8 272 734 10 0 0 0 0 0 19 557 448 0 0 0 8 391 613 12 0 0 0 0 
0 0 208 767 49 0 0 0 0 0 4 618 402 0 0 0 0 184 784 56 0 0 0 0 
0 0 166 733 125 0 0 0 0 0 7 327 690 0 0 0 0 22 861 141 0 0 0 0 
0 0 534 490 0 0 0 0 0 0 3 606 415 0 0 0 1 629 394 0 0 0 0 0 
1 180 734 109 0 0 0 0 0 0 186 761 77 0 0 0 196 765 63 0 0 0 0 0 
0 129 776 117 2 0 0 0 0 0 157 800 67 0 0 0 103 808 111 2 0 0 0 0 
0 75 475 355 119 0 0 0 0 0 224 461 338 1 0 0 14 522 349 139 0 0 0 0 
0 72 335 255 361 1 0 0 0 0 315 224 471 14 0 0 0 292 300 426 6 0 0 0 
0 51 324 182 464 3 0 0 0 3 213 282 494 32 0 0 1 221 275 509 18 0 0 0 
0 132 243 86 541 22 0 0 0 2 216 233 511 62 0 0 2 361 69 536 56 0 0 0 
0 75 253 47 571 78 0 0 0 3 171 209 538 103 0 0 1 305 62 516 140 0 0 0 
0 60 236 75 631 22 0 0 0 0 203 145 627 49 0 0 3 277 77 619 48 0 0 0 
0 147 141 98 587 51 0 0 0 22 177 150 638 37 0 0 13 261 108 595 47 0 0 0 
2 245 43 135 519 80 0 0 0 22 259 66 618 59 0 0 39 247 86 581 71 0 0 0 
0 165 120 106 564 69 0 0 0 16 261 64 634 49 0 0 1 275 101 597 50 0 0 0 
0 29 174 270 513 38 0 0 0 3 161 162 689 9 0 0 0 102 281 632 9 0 0 0 
0 0 189 291 495 49 0 0 0 0 34 282 687 21 0 0 0 2 434 553 35 0 0 0 
0 0 96 285 563 80 0 0 0 0 5 326 676 17 0 0 0 5 370 623 26 0 0 0 
0 0 154 241 553 76 0 0 0 0 23 356 614 31 0 0 0 14 384 586 40 0 0 0 
0 0 232 260 515 17 0 0 0 0 36 349 629 10 0 0 0 23 419 560 22 0 0 0 
0 0 233 361 415 15 0 0 0 0 26 363 625 10 0 0 0 46 450 513 15 0 0 0 
0 0 141 312 566 5 0 0 0 0 15 376 633 0 0 0 0 21 458 539 6 0 0 0 
0 0 8 476 519 21 0 0 0 0 0 371 646 7 0 0 0 0 479 534 11 0 0 0 
0 0 27 566 416 15 0 0 0 0 0 184 837 3 0 0 0 1 453 562 8 0 0 0 
0 0 14 618 372 20 0 0 0 0 0 243 746 35 0 0 0 0 497 507 20 0 0 0 
0 0 60 409 483 72 0 0 0 0 0 179 768 77 0 0 0 0 363 599 62 0 0 0 
0 0 2 552 470 0 0 0 0 0 0 7 992 25 0 0 0 0 398 623 3 0 0 0 
0 0 0 535 475 14 0 0 0 0 0 4 1007 13 0 0 0 0 352 654 18 0 0 0 
0 0 0 454 569 1 0 0 0 0 0 1 977 46 0 0 0 0 131 889 4 0 0 0 
0 0 24 411 589 0 0 0 0 0 4 112 875 33 0 0 0 8 170 842 4 0 0 0 
0 0 0 470 554 0 0 0 0 0 0 22 989 13 0 0 0 0 201 822 1 0 0 0 
0 0 14 516 494 0 0 0 0 0 0 34 982 8 0 0 0 0 276 748 0 0 0 0 
0 0 217 493 314 0 0 0 0 0 20 239 765 0 0 0 0 106 270 648 0 0 0 0 
0 0 101 549 374 0 0 0 0 0 15 774 235 0 0 0 0 53 522 449 0 0 0 0 
0 0 218 551 255 0 0 0 0 0 15 771 238 0 0 0 0 222 498 304 0 0 0 0 
0 0 258 726 40 0 0 0 0 0 20 963 41 0 0 0 0 413 550 61 0 0 0 0 
0 0 94 892 38 0 0 0 0 0 0 924 100 0 0 0 0 113 835 76 0 0 0 0 
0 0 200 823 1 0 0 0 0 0 0 887 137 0 0 0 0 138 880 6 0 0 0 0 
0 0 335 689 0 0 0 0 0 0 5 938 81 0 0 0 0 282 742 0 0 0 0 0 
0 0 240 782 2 0 0 0 0 0 3 806 215 0 0 0 1 239 783 1 0 0 0 0 
0 21 364 620 19 0 0 0 0 2 70 739 213 0 0 0 15 328 633 48 0 0 0 0 
0 1 159 846 18 0 0 0 0 0 8 540 476 0 0 0 1 159 823 41 0 0 0 0 
0 0 23 945 56 0 0 0 0 0 0 274 750 0 0 0 0 11 929 84 0 0 0 0 
0 0 344 677 3 0 0 0 0 0 0 645 379 0 0 0 1 307 706 10 0 0 0 0 
1 46 466 489 22 0 0 0 0 6 121 610 287 0 0 0 20 457 524 23 0 0 0 0 
0 11 223 764 26 0 0 0 0 0 66 520 438 0 0 0 3 174 770 77 0 0 0 0 
0 0 251 740 31 1 1 0 0 0 0 375 646 1 1 1 0 149 814 59 1 1 0 0 
0 10 433 571 10 0 0 0 0 0 12 389 617 6 0 0 7 419 571 27 0 0 0 0 
0 10 422 554 38 0 0 0 0 0 2 328 682 12 0 0 2 506 454 62 0 0 0 0 
1 124 577 192 113 17 0 0 0 0 47 437 466 74 0 0 43 606 232 113 30 0 0 0 
0 101 467 283 165 8 0 0 0 0 30 474 439 81 0 0 30 587 255 144 8 0 0 0 
0 183 316 426 99 0 0 0 0 0 110 282 608 24 0 0 91 396 421 116 0 0 0 0 
0 125 301 466 130 2 0 0 0 0 76 245 639 64 0 0 56 318 519 126 5 0 0 0 
0 34 266 665 59 0 0 0 0 0 23 219 768 14 0 0 42 298 591 93 0 0 0 0 
0 5 240 601 175 3 0 0 0 0 0 150 842 30 2 0 2 381 484 154 3 0 0 0 
0 1 158 688 177 0 0 0 0 0 0 84 895 45 0 0 0 269 590 165 0 0 0 0 
0 0 165 702 157 0 0 0 0 0 0 116 867 41 0 0 1 210 661 152 0 0 0 0 
0 0 23 733 255 13 0 0 0 0 0 38 923 59 4 0 0 55 719 234 16 0 0 0 
0 0 0 749 263 12 0 0 0 0 0 22 965 37 0 0 0 1 768 245 10 0 0 0 
0 0 2 567 455 0 0 0 0 0 0 23 994 7 0 0 0 3 604 416 1 0 0 0 
0 0 58 718 247 1 0 0 0 0 0 60 955 9 0 0 0 37 686 300 1 0 0 0 
0 0 189 534 299 2 0 0 0 0 0 117 890 17 0 0 0 241 556 225 2 0 0 0 
0 0 202 441 378 3 0 0 0 0 0 35 939 50 0 0 1 294 436 293 0 0 0 0 
0 3 253 646 119 3 0 0 0 0 0 87 918 19 0 0 3 367 614 40 0 0 0 0 
0 0 101 833 89 1 0 0 0 0 0 11 991 22 0 0 0 85 851 88 0 0 0 0 
0 0 3 809 205 7 0 0 0 0 0 6 986 32 0 0 0 3 767 246 8 0 0 0 
0 0 0 609 412 3 0 0 0 0 0 64 943 17 0 0 0 1 627 395 1 0 0 0 
0 0 3 714 307 0 0 0 0 0 0 13 996 15 0 0 0 3 551 470 0 0 0 0 
0 0 2 570 452 0 0 0 0 0 0 3 1001 20 0 0 0 3 451 544 26 0 0 0 
0 0 8 411 601 4 0 0 0 0 5 70 921 28 0 0 0 2 280 715 27 0 0 0 
0 0 0 215 781 28 0 0 0 0 0 26 966 32 0 0 0 0 177 812 35 0 0 0 
0 0 0 308 715 1 0 0 0 0 0 33 984 7 0 0 0 1 184 836 3 0 0 0 
0 0 2 325 696 1 0 0 0 0 0 28 987 9 0 0 0 3 270 722 29 0 0 0 
0 0 570 407 47 0 0 0 0 0 0 180 843 1 0 0 0 731 257 36 0 0 0 0 
0 0 588 334 102 0 0 0 0 0 0 91 933 0 0 0 0 645 237 141 1 0 0 0 
0 0 484 469 71 0 0 0 0 0 9 190 825 0 0 0 0 487 447 90 0 0 0 0 
0 1 390 555 78 0 0 0 0 0 1 299 722 2 0 0 0 311 585 127 1 0 0 0 
0 0 405 522 96 1 0 0 0 0 0 165 846 12 1 0 0 338 544 138 4 0 0 0 
0 0 591 416 17 0 0 0 0 0 0 262 758 4 0 0 0 515 500 9 0 0 0 0 
0 0 498 513 13 0 0 0 0 0 0 307 712 5 0 0 0 420 586 18 0 0 0 0 
0 0 254 742 28 0 0 0 0 0 1 178 838 7 0 0 0 197 819 8 0 0 0 0 
0 0 201 744 79 0 0 0 0 0 0 231 789 4 0 0 0 255 724 45 0 0 0 0 
0 0 85 857 82 0 0 0 0 0 0 115 904 5 0 0 0 71 845 108 0 0 0 0 
0 10 152 761 101 0 0 0 0 2 8 209 803 2 0 0 8 95 825 96 0 0 0 0 
0 0 135 705 179 5 0 0 0 0 0 127 856 41 0 0 0 176 726 122 0 0 0 0 
0 0 52 676 295 1 0 0 0 0 0 76 943 5 0 0 0 53 524 442 5 0 0 0 
0 0 374 619 31 0 0 0 0 0 0 172 839 13 0 0 0 306 652 66 0 0 0 0 
0 0 205 760 58 1 0 0 0 0 0 259 739 26 0 0 0 331 676 16 1 0 0 0 
0 47 699 253 25 0 0 0 0 0 18 739 267 0 0 0 20 761 237 6 0 0 0 0 
14 405 405 104 78 18 0 0 0 24 198 512 222 63 5 0 125 637 72 34 69 71 16 0 
12 211 213 101 241 219 27 0 0 12 179 274 158 254 145 2 78 292 100 28 58 257 199 12 
1 155 267 104 202 274 21 0 0 16 231 213 122 322 115 5 51 315 76 19 73 223 256 11 
0 85 377 164 250 141 7 0 0 16 202 325 148 276 57 0 9 355 161 15 88 237 155 4 
6 111 364 185 214 120 22 2 11 24 209 354 148 214 56 8 44 351 191 38 67 196 128 9 
1 141 526 127 141 79 8 1 1 11 185 507 163 127 26 4 43 572 114 36 59 146 50 4 
0 122 717 178 7 0 0 0 0 0 2 460 552 8 2 0 52 883 81 8 0 0 0 0 
0 0 344 676 4 0 0 0 0 0 0 63 950 11 0 0 0 721 302 1 0 0 0 0 
0 0 232 772 20 0 0 0 0 0 0 55 946 23 0 0 2 509 503 10 0 0 0 0 
0 0 79 906 38 1 0 0 0 0 0 8 986 30 0 0 0 304 700 20 0 0 0 0 
0 0 55 936 33 0 0 0 0 0 0 7 989 28 0 0 0 310 693 21 0 0 0 0 
0 0 2 907 105 10 0 0 0 0 0 9 943 67 5 0 0 96 855 65 8 0 0 0 
0 0 34 964 26 0 0 0 0 0 0 53 954 17 0 0 0 175 833 16 0 0 0 0 
0 0 133 876 15 0 0 0 0 0 0 145 874 5 0 0 5 323 689 7 0 0 0 0 
0 0 75 869 74 6 0 0 0 0 0 16 924 81 3 0 0 197 776 46 5 0 0 0 
0 0 101 822 101 0 0 0 0 0 0 10 909 105 0 0 0 215 734 75 0 0 0 0 
0 0 102 857 64 1 0 0 0 0 0 28 914 81 1 0 0 164 816 43 1 0 0 0 
0 0 189 813 22 0 0 0 0 0 0 67 927 30 0 0 0 267 740 17 0 0 0 0 
0 0 37 965 22 0 0 0 0 0 0 20 989 15 0 0 0 409 601 14 0 0 0 0 
0 0 68 932 24 0 0 0 0 0 0 13 989 22 0 0 0 350 651 23 0 0 0 0 
0 0 47 928 49 0 0 0 0 0 0 38 977 9 0 0 0 272 709 43 0 0 0 0 
0 0 75 873 74 2 0 0 0 0 0 46 957 21 0 0 0 318 628 76 2 0 0 0 
0 0 100 888 36 0 0 0 0 0 0 87 922 15 0 0 0 415 559 50 0 0 0 0 
0 0 130 894 0 0 0 0 0 0 0 169 855 0 0 0 0 668 356 0 0 0 0 0 
0 0 861 163 0 0 0 0 0 0 0 349 675 0 0 0 9 1002 13 0 0 0 0 0 
0 2 813 209 0 0 0 0 0 0 3 437 583 1 0 0 12 873 139 0 0 0 0 0 
0 6 968 50 0 0 0 0 0 0 2 473 549 0 0 0 9 954 61 0 0 0 0 0 
0 3 866 147 6 2 0 0 0 0 3 661 354 4 2 0 1 837 177 6 2 1 0 0 
0 4 828 183 9 0 0 0 0 0 0 559 457 8 0 0 0 719 294 11 0 0 0 0 
0 10 736 261 17 0 0 0 0 0 2 376 634 12 0 0 7 633 362 22 0 0 0 0 
0 50 706 262 6 0 0 0 0 0 18 590 407 9 0 0 32 607 358 26 1 0 0 0 
0 12 913 98 1 0 0 0 0 0 1 523 495 5 0 0 6 864 153 1 0 0 0 0 
0 14 864 146 0 0 0 0 0 0 4 492 528 0 0 0 11 926 87 0 0 0 0 0 
3 69 714 235 3 0 0 0 0 1 45 436 537 5 0 0 108 741 173 2 0 0 0 0 
0 4 678 340 2 0 0 0 0 0 0 503 519 2 0 0 16 732 276 0 0 0 0 0 
0 6 573 437 8 0 0 0 0 0 0 239 778 7 0 0 11 681 331 1 0 0 0 0 
0 6 542 461 15 0 0 0 0 0 1 217 787 19 0 0 28 662 323 11 0 0 0 0 
0 0 358 638 28 0 0 0 0 0 0 185 806 33 0 0 9 697 310 8 0 0 0 0 
0 0 460 528 36 0 0 0 0 0 4 363 656 1 0 0 0 623 380 21 0 0 0 0 
0 3 709 301 11 0 0 0 0 0 0 334 683 7 0 0 5 796 215 8 0 0 0 0 
0 67 900 47 10 0 0 0 0 0 0 487 528 9 0 0 43 882 50 18 26 5 0 0 
0 11 465 242 234 69 3 0 0 0 5 241 553 183 42 0 1 351 145 82 165 215 65 0 
0 0 14 189 445 375 1 0 0 0 1 57 283 568 115 0 0 0 1 40 180 448 354 1 
0 0 18 177 345 479 5 0 0 0 2 53 257 583 128 1 0 0 6 45 190 363 417 3 
0 0 15 236 423 339 11 0 0 0 0 49 375 500 96 4 0 0 0 12 229 452 323 8 
1 22 33 326 573 69 0 0 0 5 26 79 552 351 11 0 12 22 13 26 311 573 67 0 
25 681 202 78 34 4 0 0 0 40 368 527 68 21 0 0 347 513 38 48 54 23 1 0 
3 358 663 0 0 0 0 0 0 2 65 845 112 0 0 0 132 892 0 0 0 0 0 0 
2 155 853 14 0 0 0 0 0 0 21 698 305 0 0 0 99 914 11 0 0 0 0 0 
9 261 607 142 5 0 0 0 0 0 88 491 440 5 0 0 135 825 59 5 0 0 0 0 
0 21 698 302 3 0 0 0 0 0 0 408 605 11 0 0 29 749 242 4 0 0 0 0 
0 0 477 534 13 0 0 0 0 0 0 236 773 15 0 0 0 648 365 11 0 0 0 0 
0 1 313 688 22 0 0 0 0 0 5 350 658 11 0 0 3 523 477 21 0 0 0 0 
0 0 223 781 20 0 0 0 0 0 0 306 705 13 0 0 2 495 513 14 0 0 0 0 
0 0 235 760 27 2 0 0 0 0 0 227 775 20 2 0 2 549 458 13 2 0 0 0 
0 6 376 635 7 0 0 0 0 0 0 186 822 16 0 0 31 601 388 4 0 0 0 0 
0 0 144 871 9 0 0 0 0 0 0 30 957 37 0 0 0 384 636 4 0 0 0 0 
0 0 36 917 71 0 0 0 0 0 0 6 963 55 0 0 0 177 813 34 0 0 0 0 
0 0 25 954 44 1 0 0 0 0 0 42 960 21 1 0 0 256 748 19 1 0 0 0 
0 0 157 858 9 0 0 0 0 0 0 154 866 4 0 0 0 508 511 5 0 0 0 0 
0 0 281 743 0 0 0 0 0 0 0 341 683 0 0 0 2 845 177 0 0 0 0 0 
0 0 160 859 5 0 0 0 0 0 0 108 912 4 0 0 0 654 370 0 0 0 0 0 
0 8 518 495 3 0 0 0 0 0 15 567 439 3 0 0 85 830 108 1 0 0 0 0 
0 11 916 97 0 0 0 0 0 0 11 881 132 0 0 0 301 719 4 0 0 0 0 0 
0 2 913 109 0 0 0 0 0 0 0 528 496 0 0 0 9 983 32 0 0 0 0 0 
0 4 911 109 0 0 0 0 0 0 4 613 407 0 0 0 17 950 57 0 0 0 0 0 
0 12 892 120 0 0 0 0 0 0 3 673 348 0 0 0 22 925 77 0 0 0 0 0 
7 75 824 116 2 0 0 0 0 34 111 764 113 2 0 0 114 861 49 0 0 0 0 0 
0 16 929 76 3 0 0 0 0 0 1 801 218 4 0 0 14 908 94 8 0 0 0 0 
0 50 693 272 9 0 0 0 0 0 39 773 207 5 0 0 16 589 400 19 0 0 0 0 
0 15 795 203 11 0 0 0 0 0 8 855 156 5 0 0 19 695 294 16 0 0 0 0 
1 151 694 159 19 0 0 0 0 1 91 766 158 8 0 0 216 730 75 3 0 0 0 0 
0 171 527 268 43 14 1 0 0 0 108 717 181 15 3 0 210 679 122 12 1 0 0 0 
8 347 570 93 6 0 0 0 0 6 251 670 92 5 0 0 371 591 62 0 0 0 0 0 
0 324 626 69 5 0 0 0 0 0 50 855 112 7 0 0 436 537 47 4 0 0 0 0 
0 288 598 138 0 0 0 0 0 0 32 750 236 6 0 0 343 557 120 4 0 0 0 0 
0 128 829 66 1 0 0 0 0 0 5 810 208 1 0 0 93 832 98 1 0 0 0 0 
0 110 716 193 5 0 0 0 0 0 11 709 300 4 0 0 171 772 80 1 0 0 0 0 
0 70 613 268 72 1 0 0 0 0 0 579 418 27 0 0 47 809 163 5 0 0 0 0 
2 199 657 146 20 0 0 0 0 0 20 546 438 20 0 0 48 903 73 0 0 0 0 0 
4 169 788 63 0 0 0 0 0 0 18 631 373 2 0 0 117 834 73 0 0 0 0 0 
61 447 427 57 21 11 0 0 0 11 287 555 140 23 8 0 266 577 77 61 24 16 3 0 
0 0 10 89 316 578 31 0 0 0 0 38 136 534 314 2 0 0 0 19 94 353 535 23 
0 0 13 258 531 207 15 0 0 0 1 56 405 479 81 2 0 0 0 11 251 520 227 15 
0 0 23 324 548 129 0 0 0 0 0 84 517 414 9 0 0 0 0 30 324 593 77 0 
0 0 10 259 640 115 0 0 0 0 0 44 458 501 21 0 0 0 0 11 261 643 109 0 
0 1 12 160 664 187 0 0 0 0 6 42 323 635 18 0 0 5 10 20 173 709 107 0 
0 143 73 124 544 140 0 0 0 15 165 77 216 547 4 0 94 89 34 54 148 566 39 0 
9 308 173 105 318 111 0 0 0 25 281 237 162 310 9 0 202 261 65 63 180 245 8 0 
13 363 352 182 80 34 0 0 0 32 437 392 133 30 0 0 258 417 194 87 66 2 0 0 
1 283 704 36 0 0 0 0 0 0 95 780 148 1 0 0 197 782 45 0 0 0 0 0 
0 46 763 213 2 0 0 0 0 0 0 364 651 9 0 0 113 855 56 0 0 0 0 0 
0 62 373 506 83 0 0 0 0 0 2 249 671 101 1 0 350 629 45 0 0 0 0 0 
0 31 449 506 38 0 0 0 0 0 0 161 821 42 0 0 70 850 103 1 0 0 0 0 
0 6 544 472 2 0 0 0 0 0 1 130 880 13 0 0 14 906 104 0 0 0 0 0 
0 0 381 608 35 0 0 0 0 0 0 97 885 42 0 0 11 765 223 25 0 0 0 0 
0 0 140 873 11 0 0 0 0 0 0 16 974 34 0 0 0 570 453 1 0 0 0 0 
0 2 364 656 2 0 0 0 0 0 0 39 974 11 0 0 8 791 225 0 0 0 0 0 
0 1 662 357 4 0 0 0 0 0 0 225 791 8 0 0 28 854 141 1 0 0 0 0 
0 0 507 510 7 0 0 0 0 0 0 122 892 10 0 0 1 801 217 5 0 0 0 0 
0 3 718 303 0 0 0 0 0 0 2 787 233 2 0 0 42 954 28 0 0 0 0 0 
0 85 461 448 30 0 0 0 0 0 2 540 459 23 0 0 131 569 303 21 0 0 0 0 
0 54 663 291 16 0 0 0 0 0 108 673 237 6 0 0 230 629 152 13 0 0 0 0 
0 133 765 123 3 0 0 0 0 0 124 831 68 1 0 0 351 631 41 1 0 0 0 0 
0 2 1000 22 0 0 0 0 0 0 0 544 480 0 0 0 94 926 4 0 0 0 0 0 
0 15 994 15 0 0 0 0 0 0 0 792 232 0 0 0 199 821 4 0 0 0 0 0 
0 41 941 42 0 0 0 0 0 0 18 794 212 0 0 0 128 879 17 0 0 0 0 0 
0 4 902 118 0 0 0 0 0 0 12 828 184 0 0 0 28 935 61 0 0 0 0 0 
0 4 728 270 22 0 0 0 0 0 13 765 235 11 0 0 25 683 282 34 0 0 0 0 
0 19 578 417 10 0 0 0 0 0 26 833 163 2 0 0 27 483 496 18 0 0 0 0 
0 66 789 150 19 0 0 0 0 2 62 827 129 4 0 0 56 716 226 26 0 0 0 0 
0 83 645 258 38 0 0 0 0 0 50 709 248 17 0 0 116 697 166 42 3 0 0 0 
0 19 359 525 120 1 0 0 0 1 11 490 479 43 0 0 160 684 175 5 0 0 0 0 
0 99 491 345 73 13 3 0 0 0 62 484 410 58 8 2 191 631 164 25 10 1 2 0 
10 367 472 166 6 2 1 0 0 2 167 645 199 8 2 1 415 521 79 5 2 2 0 0 
1 467 473 79 4 0 0 0 0 0 135 761 121 7 0 0 484 454 81 5 0 0 0 0 
2 408 376 200 38 0 0 0 0 0 117 730 161 16 0 0 361 446 180 37 0 0 0 0 
6 516 389 108 5 0 0 0 0 1 288 639 93 3 0 0 445 467 103 9 0 0 0 0 
107 755 159 3 0 0 0 0 0 56 398 550 20 0 0 0 721 295 8 0 0 0 0 0 
350 640 33 1 0 0 0 0 0 195 673 155 1 0 0 0 803 214 7 0 0 0 0 0 
161 672 185 6 0 0 0 0 0 72 573 367 12 0 0 0 531 480 13 0 0 0 0 0 
111 611 192 62 46 1 1 0 2 199 470 259 67 26 1 0 433 384 91 53 47 15 1 0 
0 0 21 134 348 496 25 0 0 0 0 70 191 554 201 8 0 0 2 30 158 458 360 16 
0 0 15 130 474 369 36 0 0 0 1 45 215 602 149 12 0 0 0 14 133 554 298 25 
0 0 0 17 463 517 27 0 0 0 0 0 105 779 139 1 0 0 0 0 61 722 237 4 
0 0 0 61 512 445 6 0 0 0 0 9 152 772 90 1 0 0 0 4 87 691 241 1 
0 0 3 59 629 325 8 0 0 0 0 15 172 751 86 0 0 0 0 8 75 733 204 4 
0 0 3 74 625 306 16 0 0 0 0 20 203 745 50 6 0 0 0 24 161 757 77 5 
0 0 4 77 698 241 4 0 0 0 0 25 240 733 26 0 0 0 3 35 261 693 32 0 
0 23 136 298 447 114 6 0 0 1 72 220 421 287 21 2 0 55 130 223 399 208 7 2 
1 274 660 82 7 0 0 0 0 15 170 700 138 1 0 0 211 677 89 44 3 0 0 0 
1 215 735 73 0 0 0 0 0 0 18 577 429 0 0 0 229 751 44 0 0 0 0 0 
0 7 471 535 11 0 0 0 0 0 3 162 833 26 0 0 78 765 181 0 0 0 0 0 
0 3 348 649 23 1 0 0 0 0 0 118 858 47 1 0 29 763 232 0 0 0 0 0 
0 0 419 603 2 0 0 0 0 0 0 61 955 8 0 0 10 751 263 0 0 0 0 0 
0 0 526 479 19 0 0 0 0 0 0 80 903 40 1 0 18 881 124 1 0 0 0 0 
0 0 565 458 1 0 0 0 0 0 0 64 953 7 0 0 20 917 87 0 0 0 0 0 
0 0 594 426 4 0 0 0 0 0 0 66 947 10 1 0 16 856 152 0 0 0 0 0 
0 0 576 448 0 0 0 0 0 0 0 51 968 5 0 0 5 909 110 0 0 0 0 0 
0 5 766 249 4 0 0 0 0 0 0 157 853 13 1 0 38 859 123 4 0 0 0 0 
0 43 868 113 0 0 0 0 0 0 4 545 472 3 0 0 97 875 52 0 0 0 0 0 
0 76 921 27 0 0 0 0 0 0 2 587 434 1 0 0 186 834 4 0 0 0 0 0 
4 320 627 69 4 0 0 0 0 1 162 598 258 5 0 0 491 522 11 0 0 0 0 0 
0 142 782 97 3 0 0 0 0 0 19 766 238 1 0 0 378 617 29 0 0 0 0 0 
0 29 904 91 0 0 0 0 0 0 2 805 217 0 0 0 216 765 43 0 0 0 0 0 
2 332 645 42 3 0 0 0 0 7 163 748 104 2 0 0 538 448 35 3 0 0 0 0 
0 282 713 29 0 0 0 0 0 0 77 812 135 0 0 0 515 500 9 0 0 0 0 0 
0 113 858 53 0 0 0 0 0 3 149 819 53 0 0 0 219 768 37 0 0 0 0 0 
0 72 688 249 15 0 0 0 0 20 255 687 56 6 0 0 91 646 266 17 4 0 0 0 
0 22 737 262 3 0 0 0 0 0 70 894 60 0 0 0 28 697 294 5 0 0 0 0 
0 25 737 257 5 0 0 0 0 0 121 840 63 0 0 0 18 712 288 6 0 0 0 0 
1 294 648 63 12 4 1 1 0 1 237 718 56 7 4 1 362 582 61 12 5 1 1 0 
1 73 485 319 115 21 8 2 0 1 87 585 279 57 12 3 410 417 128 45 13 9 2 0 
4 90 403 460 65 2 0 0 0 6 119 557 319 22 1 0 194 563 233 32 2 0 0 0 
2 129 519 347 27 0 0 0 0 2 97 664 257 4 0 0 200 553 247 24 0 0 0 0 
28 650 317 28 1 0 0 0 0 21 367 605 30 1 0 0 570 418 34 2 0 0 0 0 
37 404 327 212 38 6 0 0 0 18 376 501 116 12 1 0 333 448 211 26 6 0 0 0 
16 218 539 201 49 1 0 0 0 25 358 539 89 13 0 0 219 534 215 52 4 0 0 0 
30 278 444 235 37 0 0 0 0 49 479 431 65 0 0 0 321 457 214 32 0 0 0 0 
42 318 350 243 68 3 0 0 1 154 508 294 65 2 0 0 271 420 251 77 5 0 0 0 
265 545 110 59 33 9 2 1 20 466 377 82 55 19 4 1 623 217 62 61 42 15 3 1 
0 200 83 128 244 262 99 8 0 119 98 109 183 291 180 44 114 87 61 76 173 273 189 51 
0 0 11 107 340 488 78 0 0 0 0 34 180 560 230 20 0 0 0 16 133 454 382 39 
0 0 8 76 495 415 27 3 0 0 0 30 178 660 149 7 0 0 0 14 107 585 305 13 
0 0 7 80 358 530 49 0 0 0 0 38 133 663 182 8 0 0 0 35 106 555 318 10 
0 1 10 41 393 519 57 3 0 0 5 15 150 643 200 11 0 0 6 16 143 616 231 12 
0 0 15 79 389 462 72 7 0 0 4 44 141 604 211 20 0 0 4 41 113 583 257 26 
0 0 15 62 599 333 13 2 0 0 2 24 205 704 83 6 0 0 3 33 170 716 94 8 
0 0 16 124 649 228 7 0 0 0 1 60 330 585 48 0 0 0 8 69 355 552 40 0 
7 85 201 245 399 85 2 0 0 0 36 298 404 273 13 0 56 173 87 144 354 206 4 0 
107 644 240 20 13 0 0 0 0 13 380 550 69 12 0 0 683 282 37 12 9 1 0 0 
5 360 637 22 0 0 0 0 0 2 53 715 252 2 0 0 372 638 14 0 0 0 0 0 
0 95 725 204 0 0 0 0 0 0 6 296 719 3 0 0 143 813 68 0 0 0 0 0 
0 73 657 294 0 0 0 0 0 0 4 302 715 3 0 0 154 812 58 0 0 0 0 0 
0 21 642 360 1 0 0 0 0 0 1 170 847 6 0 0 96 850 78 0 0 0 0 0 
0 0 572 450 2 0 0 0 0 0 0 89 923 12 0 0 27 918 79 0 0 0 0 0 
0 16 775 233 0 0 0 0 0 0 0 180 840 4 0 0 67 905 52 0 0 0 0 0 
0 31 665 326 2 0 0 0 0 0 8 159 844 13 0 0 47 878 99 0 0 0 0 0 
0 1 762 261 0 0 0 0 0 0 0 159 863 2 0 0 29 922 73 0 0 0 0 0 
0 8 773 243 0 0 0 0 0 0 0 128 890 6 0 0 21 900 103 0 0 0 0 0 
0 11 773 240 0 0 0 0 0 0 0 175 845 4 0 0 48 923 53 0 0 0 0 0 
0 16 652 355 1 0 0 0 0 0 1 115 903 5 0 0 45 816 162 1 0 0 0 0 
0 11 730 283 0 0 0 0 0 0 0 109 912 3 0 0 34 891 99 0 0 0 0 0 
0 0 738 285 1 0 0 0 0 0 0 33 982 9 0 0 8 895 121 0 0 0 0 0 
0 59 883 81 1 0 0 0 0 0 2 855 164 3 0 0 180 772 69 3 0 0 0 0 
0 344 602 65 13 0 0 0 0 0 189 759 68 8 0 0 539 412 58 15 0 0 0 0 
4 685 319 15 1 0 0 0 0 0 652 357 15 0 0 0 753 256 14 1 0 0 0 0 
2 354 616 50 2 0 0 0 0 1 496 510 17 0 0 0 331 628 63 2 0 0 0 0 
3 278 687 56 0 0 0 0 0 12 487 507 18 0 0 0 392 573 58 1 0 0 0 0 
16 360 526 108 12 2 0 0 0 17 389 564 48 6 0 0 405 491 112 12 4 0 0 0 
0 75 696 210 39 4 0 0 0 2 371 566 77 8 0 0 92 706 174 48 4 0 0 0 
0 181 675 162 6 0 0 0 0 0 188 700 133 3 0 0 311 597 113 3 0 0 0 0 
0 17 383 472 117 31 2 2 0 0 131 634 205 40 12 2 39 422 418 111 29 3 2 0 
0 48 473 398 79 22 2 2 0 0 95 622 248 44 13 2 114 510 311 55 30 2 2 0 
0 51 561 328 66 14 2 2 0 0 70 690 224 32 5 3 86 514 316 74 27 5 1 1 
33 636 322 33 0 0 0 0 0 36 367 576 43 2 0 0 559 427 38 0 0 0 0 0 
403 522 67 31 1 0 0 0 41 604 314 56 9 0 0 0 820 157 46 1 0 0 0 0 
14 411 442 134 21 1 1 0 9 245 530 181 50 7 2 0 315 426 152 102 22 6 1 0 
0 267 577 142 34 2 2 0 0 55 686 154 108 18 1 2 354 349 133 91 79 15 1 2 
1 391 457 133 42 0 0 0 0 108 654 137 110 15 0 0 94 496 201 105 108 20 0 0 
34 233 134 265 210 110 32 6 2 173 132 176 277 174 77 13 116 143 78 96 258 220 94 19 
0 2 61 209 292 237 182 41 0 0 12 127 261 293 226 105 0 0 6 71 253 323 246 125 
0 0 7 55 361 467 129 5 0 0 0 19 136 547 289 33 0 0 0 8 105 493 370 48 
0 0 5 31 478 428 79 3 0 0 1 12 136 669 184 22 0 0 1 10 72 616 294 31 
0 0 2 56 589 340 37 0 0 0 0 6 175 720 117 6 0 0 0 5 99 689 213 18 
0 0 9 100 686 192 36 1 0 0 1 25 276 637 73 12 0 0 1 14 147 712 128 22 
0 0 4 150 726 143 1 0 0 0 0 23 401 586 14 0 0 0 0 8 246 724 46 0 
3 10 51 206 580 149 24 1 0 7 26 99 365 471 54 2 0 16 28 68 290 541 78 3 
28 363 197 206 164 62 4 0 0 2 231 370 263 137 20 1 273 179 146 170 155 88 13 0 
37 646 237 77 26 1 0 0 0 0 130 737 141 16 0 0 491 380 65 58 29 1 0 0 
105 831 87 1 0 0 0 0 0 7 281 719 17 0 0 0 841 181 2 0 0 0 0 0 
36 732 242 14 0 0 0 0 0 5 258 706 55 0 0 0 729 283 12 0 0 0 0 0 
1 619 397 7 0 0 0 0 0 0 46 877 100 1 0 0 587 429 8 0 0 0 0 0 
1 382 592 49 0 0 0 0 0 0 50 791 178 5 0 0 528 478 18 0 0 0 0 0 
9 178 545 144 86 55 7 0 0 3 39 495 368 83 36 0 415 570 39 0 0 0 0 0 
41 334 445 110 61 33 0 0 0 0 169 519 260 64 12 0 440 556 27 1 0 0 0 0 
13 303 667 41 0 0 0 0 0 0 135 585 303 1 0 0 260 733 31 0 0 0 0 0 
21 312 570 118 3 0 0 0 0 6 119 534 358 7 0 0 445 528 46 5 0 0 0 0 
93 537 383 11 0 0 0 0 0 4 331 496 193 0 0 0 679 337 8 0 0 0 0 0 
41 376 553 54 0 0 0 0 0 6 196 567 252 3 0 0 519 480 25 0 0 0 0 0 
4 221 700 97 2 0 0 0 0 0 31 555 433 5 0 0 332 651 40 1 0 0 0 0 
0 65 765 193 1 0 0 0 0 0 7 485 522 10 0 0 218 733 72 1 0 0 0 0 
2 122 710 146 43 1 0 0 0 0 16 503 458 46 1 0 263 727 34 0 0 0 0 0 
2 246 668 95 13 0 0 0 0 0 21 620 368 15 0 0 396 589 39 0 0 0 0 0 
5 545 460 14 0 0 0 0 0 0 357 643 24 0 0 0 670 341 13 0 0 0 0 0 
0 255 659 102 8 0 0 0 0 3 399 598 24 0 0 0 375 524 109 16 0 0 0 0 
2 191 462 276 72 19 2 0 0 28 461 429 84 21 1 0 234 437 271 65 16 1 0 0 
17 307 477 179 38 5 1 0 0 25 444 472 70 11 2 0 337 394 214 65 13 1 0 0 
0 291 551 132 32 13 5 0 0 1 208 678 100 30 6 1 519 386 76 26 12 5 0 0 
16 431 350 153 62 12 0 0 0 21 323 508 132 38 2 0 478 325 151 57 13 0 0 0 
2 145 534 242 67 23 8 3 0 8 255 555 152 38 9 7 154 524 235 71 28 8 4 0 
0 170 611 211 28 3 1 0 0 0 103 736 169 14 2 0 262 542 180 36 3 1 0 0 
4 210 671 132 7 0 0 0 0 11 172 731 104 6 0 0 232 616 159 17 0 0 0 0 
2 322 587 94 17 2 0 0 0 0 164 711 130 17 2 0 291 600 108 21 4 0 0 0 
60 435 419 102 8 0 0 0 0 21 306 542 146 9 0 0 515 402 100 7 0 0 0 0 
35 614 333 37 5 0 0 0 0 4 376 567 71 6 0 0 597 393 33 1 0 0 0 0 
75 557 230 95 50 17 0 0 7 223 473 189 86 40 6 0 410 263 109 108 85 40 9 0 
0 29 127 277 371 187 32 1 0 0 90 155 342 325 103 9 0 68 40 104 305 337 151 19 
0 0 33 245 487 206 52 1 0 0 2 71 388 434 107 22 0 0 0 45 279 496 172 32 
0 0 31 321 518 140 14 0 0 0 1 93 468 408 54 0 0 0 0 36 348 547 87 6 
0 0 4 147 552 291 30 0 0 0 0 12 313 555 142 2 0 0 0 5 175 624 210 10 
0 0 23 140 482 348 31 0 0 0 5 48 261 543 164 3 0 0 0 21 166 534 289 14 
0 2 46 159 497 273 47 0 0 0 6 81 283 512 134 8 0 0 0 45 193 530 228 28 
0 0 0 76 608 304 36 0 0 0 0 11 252 624 130 7 0 0 0 2 161 646 205 10 
0 0 12 112 449 370 78 3 0 0 2 37 211 551 206 17 0 0 3 35 163 548 252 23 
0 1 11 63 352 429 153 15 0 0 4 26 175 478 282 59 0 0 3 31 157 477 300 56 
1 8 33 80 263 378 216 45 1 4 19 53 167 363 313 104 0 7 23 57 179 372 309 77 
2 18 53 91 308 351 152 49 0 10 31 80 178 409 228 88 0 13 46 79 194 394 224 74 
196 495 91 101 97 40 3 1 10 165 504 152 94 87 11 1 593 146 68 79 70 62 5 1 
274 711 39 0 0 0 0 0 0 20 703 294 7 0 0 0 889 132 3 0 0 0 0 0 
808 213 3 0 0 0 0 0 0 362 636 26 0 0 0 0 1001 23 0 0 0 0 0 0 
375 635 14 0 0 0 0 0 0 58 757 205 4 0 0 0 969 54 1 0 0 0 0 0 
470 523 28 3 0 0 0 0 0 104 761 151 8 0 0 0 968 52 4 0 0 0 0 0 
574 440 10 0 0 0 0 0 1 251 654 116 2 0 0 0 988 36 0 0 0 0 0 0 
385 591 46 2 0 0 0 0 0 214 578 218 13 1 0 0 904 110 10 0 0 0 0 0 
639 381 4 0 0 0 0 0 0 191 778 55 0 0 0 0 991 33 0 0 0 0 0 0 
502 500 22 0 0 0 0 0 0 203 723 95 3 0 0 0 929 92 3 0 0 0 0 0 
187 684 146 7 0 0 0 0 0 101 713 207 3 0 0 0 714 303 7 0 0 0 0 0 
325 639 57 3 0 0 0 0 0 138 801 81 4 0 0 0 932 88 4 0 0 0 0 0 
105 710 207 2 0 0 0 0 0 78 693 252 1 0 0 0 839 185 0 0 0 0 0 0 
335 625 61 2 1 0 0 0 0 119 731 169 5 0 0 0 941 77 5 1 0 0 0 0 
182 663 178 1 0 0 0 0 0 50 536 421 17 0 0 0 843 180 1 0 0 0 0 0 
52 543 401 28 0 0 0 0 0 5 316 582 121 0 0 0 676 343 5 0 0 0 0 0 
160 730 133 1 0 0 0 0 0 58 519 435 12 0 0 0 862 160 2 0 0 0 0 0 
0 431 592 1 0 0 0 0 0 0 39 958 27 0 0 0 610 411 3 0 0 0 0 0 
0 158 739 122 5 0 0 0 0 0 213 691 118 2 0 0 194 698 128 4 0 0 0 0 
5 175 566 246 32 0 0 0 0 16 370 536 93 9 0 0 156 507 314 44 3 0 0 0 
4 186 565 225 40 3 1 0 0 41 440 409 125 8 1 0 79 495 376 60 12 2 0 0 
36 284 455 217 31 1 0 0 0 31 297 498 187 11 0 0 313 481 184 43 3 0 0 0 
16 218 407 211 101 54 9 8 0 4 178 518 213 76 27 8 210 397 224 111 58 16 2 6 
62 363 340 156 82 18 3 0 1 46 354 392 157 60 13 1 429 353 150 58 26 7 1 0 
180 333 197 174 106 34 0 0 3 106 410 232 203 65 5 0 601 262 145 16 0 0 0 0 
96 460 290 126 49 3 0 0 0 41 465 373 122 21 2 0 501 397 110 13 3 0 0 0 
171 564 231 56 2 0 0 0 0 60 467 411 82 4 0 0 631 303 84 6 0 0 0 0 
120 658 201 33 12 0 0 0 2 57 531 379 46 9 0 0 716 272 23 13 0 0 0 0 
119 501 349 41 14 0 0 0 23 144 506 311 30 10 0 0 523 419 65 17 0 0 0 0 
60 119 128 272 289 116 37 3 16 91 125 157 323 213 88 11 96 92 65 82 282 257 117 33 
0 1 52 148 409 337 73 4 0 0 11 74 197 497 216 29 0 0 1 43 153 450 314 63 
0 0 35 131 369 423 65 1 0 0 4 59 208 456 276 21 0 0 2 26 141 414 384 57 
0 0 17 65 358 479 103 2 0 0 1 38 159 452 344 30 0 0 0 18 82 406 456 62 
0 0 30 130 368 384 107 5 0 0 3 73 205 447 255 41 0 0 0 39 163 415 340 67 
0 0 87 222 450 234 31 0 0 0 6 152 314 416 132 4 0 0 0 89 258 464 201 12 
0 0 61 155 457 304 46 1 0 0 1 103 274 475 158 13 0 0 0 75 190 504 229 26 
0 1 9 70 369 412 161 2 0 0 3 18 168 480 311 44 0 0 3 15 127 447 367 65 
0 0 4 28 222 447 318 5 0 0 1 9 81 365 504 64 0 0 0 12 64 333 514 101 
0 7 8 46 156 326 419 62 0 4 7 23 82 231 463 214 0 4 7 23 72 233 445 240 
0 2 19 46 114 202 481 160 0 1 11 39 72 158 393 350 0 1 11 43 84 156 387 342 
3 21 36 64 124 214 368 194 1 12 29 56 96 160 337 333 2 18 28 60 106 173 340 297 
246 523 76 44 49 39 31 16 7 636 174 49 49 49 35 25 669 131 53 37 53 34 33 14 
425 573 25 1 0 0 0 0 15 773 207 29 0 0 0 0 953 63 8 0 0 0 0 0 
739 254 30 1 0 0 0 0 144 664 198 17 1 0 0 0 934 87 2 1 0 0 0 0 
395 533 89 7 0 0 0 0 92 333 533 60 6 0 0 0 826 181 17 0 0 0 0 0 
265 400 169 139 38 13 0 0 13 280 504 170 46 11 0 0 630 220 132 32 10 0 0 0 
390 408 172 53 1 0 0 0 12 471 438 94 9 0 0 0 761 216 46 1 0 0 0 0 
569 380 62 11 2 0 0 0 65 605 315 33 6 0 0 0 834 168 20 2 0 0 0 0 
262 322 181 204 55 0 0 0 3 246 488 241 45 1 0 0 536 246 205 37 0 0 0 0 
480 470 52 17 5 0 0 0 11 483 484 43 3 0 0 0 891 111 19 3 0 0 0 0 
315 486 208 15 0 0 0 0 51 348 476 146 3 0 0 0 672 327 25 0 0 0 0 0 
113 609 268 31 3 0 0 0 27 385 478 127 7 0 0 0 628 350 42 4 0 0 0 0 
18 459 445 97 5 0 0 0 8 363 443 198 12 0 0 0 493 449 80 2 0 0 0 0 
55 394 336 201 31 7 0 0 26 274 434 260 24 6 0 0 453 373 175 19 4 0 0 0 
104 480 283 145 12 0 0 0 62 328 411 213 10 0 0 0 587 326 107 4 0 0 0 0 
38 484 443 59 0 0 0 0 1 156 459 365 40 3 0 0 571 396 53 4 0 0 0 0 
54 498 415 49 8 0 0 0 0 80 581 329 32 2 0 0 534 439 46 5 0 0 0 0 
2 460 556 6 0 0 0 0 0 0 66 834 124 0 0 0 648 373 3 0 0 0 0 0 
4 316 695 9 0 0 0 0 0 1 33 901 89 0 0 0 527 486 11 0 0 0 0 0 
16 430 526 48 4 0 0 0 0 4 270 672 75 3 0 0 450 507 62 5 0 0 0 0 
19 390 447 131 36 1 0 0 0 19 425 458 111 11 0 0 341 483 151 47 2 0 0 0 
139 596 227 61 1 0 0 0 2 95 485 381 57 4 0 0 646 308 65 5 0 0 0 0 
46 334 357 200 75 12 0 0 1 48 307 410 198 52 8 0 351 375 200 84 13 1 0 0 
122 353 312 185 49 3 0 0 4 101 409 341 142 25 2 0 484 322 177 35 6 0 0 0 
45 321 240 253 151 14 0 0 0 11 312 348 303 50 0 0 593 336 83 12 0 0 0 0 
201 559 177 63 23 1 0 0 2 123 431 376 79 13 0 0 764 216 41 3 0 0 0 0 
460 447 98 15 4 0 0 0 19 285 442 245 26 7 0 0 807 178 31 7 1 0 0 0 
246 739 39 0 0 0 0 0 0 93 575 353 3 0 0 0 864 159 1 0 0 0 0 0 
13 608 317 73 13 0 0 0 0 6 380 577 58 3 0 0 341 484 152 45 2 0 0 0 
5 31 161 217 329 183 86 12 0 10 70 173 294 293 132 52 3 27 92 140 190 312 177 83 
0 2 27 123 282 353 217 20 0 0 3 42 187 349 314 129 0 0 0 24 125 320 369 186 
0 5 38 162 321 387 106 5 0 0 11 77 201 401 299 35 0 0 7 36 174 343 385 79 
0 0 50 143 387 365 77 2 0 0 5 82 230 479 205 23 0 0 0 48 160 435 322 59 
0 3 54 152 362 366 85 2 0 0 8 88 221 435 249 23 0 0 2 57 171 414 314 66 
0 1 18 96 340 407 157 5 0 0 2 38 179 423 337 45 0 0 1 22 115 423 386 77 
0 0 10 51 215 457 291 0 0 0 1 23 107 335 521 37 0 0 0 16 87 293 549 79 
0 0 5 43 146 369 461 0 0 0 1 14 89 212 657 51 0 0 1 9 74 200 621 119 
0 0 0 25 50 244 701 4 0 0 0 9 40 99 787 89 0 0 0 5 39 93 750 137 
0 0 2 3 12 201 803 3 0 0 1 2 7 34 839 141 0 0 1 2 7 28 776 210 
0 0 2 15 16 168 768 55 0 0 0 8 19 25 627 345 0 0 2 7 17 28 575 395 
0 0 7 22 26 107 756 106 0 0 0 18 26 30 510 440 0 0 2 20 22 31 491 458 
29 119 59 54 88 266 385 24 1 74 93 58 75 124 460 139 94 57 55 47 72 137 439 123 
215 400 113 65 63 111 57 0 0 392 262 100 62 81 114 13 473 167 101 54 50 60 114 5 
675 326 19 3 1 0 0 0 13 920 76 11 3 1 0 0 958 51 11 3 1 0 0 0 
786 218 13 6 1 0 0 0 45 944 22 8 5 0 0 0 982 29 8 5 0 0 0 0 
511 428 71 10 4 0 0 0 49 883 80 10 2 0 0 0 891 121 10 2 0 0 0 0 
667 328 20 7 2 0 0 0 150 843 22 7 2 0 0 0 975 40 6 3 0 0 0 0 
838 183 3 0 0 0 0 0 332 681 11 0 0 0 0 0 1003 21 0 0 0 0 0 0 
87 702 132 83 20 0 0 0 55 734 143 82 10 0 0 0 665 264 86 9 0 0 0 0 
712 296 8 7 1 0 0 0 235 745 37 7 0 0 0 0 976 39 8 1 0 0 0 0 
349 675 0 0 0 0 0 0 52 972 0 0 0 0 0 0 1024 0 0 0 0 0 0 0 
42 982 0 0 0 0 0 0 0 1003 21 0 0 0 0 0 1016 8 0 0 0 0 0 0 
13 942 57 8 4 0 0 0 0 832 158 27 4 3 0 0 935 70 14 5 0 0 0 0 
12 915 73 9 8 5 2 0 0 890 104 10 8 6 6 0 942 55 8 8 5 6 0 0 
9 948 53 11 2 1 0 0 0 825 178 9 10 2 0 0 985 23 8 6 2 0 0 0 
5 925 88 6 0 0 0 0 0 520 493 7 4 0 0 0 962 55 3 4 0 0 0 0 
3 933 86 2 0 0 0 0 0 727 291 5 1 0 0 0 960 59 4 1 0 0 0 0 
3 333 677 11 0 0 0 0 0 0 20 801 203 0 0 0 661 363 0 0 0 0 0 0 
3 447 564 10 0 0 0 0 0 0 23 868 133 0 0 0 645 363 16 0 0 0 0 0 
0 437 568 17 2 0 0 0 0 0 72 870 80 2 0 0 524 474 24 2 0 0 0 0 
25 340 570 87 2 0 0 0 1 23 319 570 107 4 0 0 352 568 101 3 0 0 0 0 
40 414 449 104 16 1 0 0 0 38 391 480 102 13 0 0 401 469 135 18 1 0 0 0 
154 343 349 134 42 2 0 0 27 138 328 415 95 20 1 0 444 373 154 47 6 0 0 0 
357 556 96 13 2 0 0 0 17 172 593 211 29 2 0 0 840 163 17 4 0 0 0 0 
152 456 192 147 66 11 0 0 1 61 412 312 183 52 3 0 689 251 73 9 2 0 0 0 
156 572 101 82 83 30 0 0 0 21 503 296 133 70 1 0 894 112 17 1 0 0 0 0 
236 667 100 20 1 0 0 0 1 69 547 348 53 6 0 0 808 172 40 4 0 0 0 0 
485 474 38 25 2 0 0 0 0 92 759 133 35 5 0 0 870 111 33 9 1 0 0 0 
402 551 64 7 0 0 0 0 0 154 631 219 18 2 0 0 819 182 20 3 0 0 0 0 
34 236 276 211 134 96 34 3 0 3 181 347 249 140 85 19 106 171 188 172 153 122 87 25 
0 21 172 226 317 216 65 7 0 0 36 205 257 323 162 41 0 0 27 123 249 325 224 76 
0 11 130 266 368 206 40 3 0 0 25 172 308 365 131 23 0 0 3 92 277 403 207 42 
0 9 116 183 371 278 62 5 0 0 26 148 246 393 183 28 0 0 9 107 189 400 271 48 
0 11 84 191 405 267 66 0 0 0 28 103 266 421 178 28 0 0 10 73 225 404 256 56 
0 1 23 105 285 429 178 3 0 0 7 52 163 378 382 42 0 0 1 37 143 315 449 79 
0 1 8 48 164 558 244 1 0 0 3 22 98 307 571 23 0 0 0 15 74 226 635 74 
0 0 11 88 163 362 400 0 0 0 3 29 140 211 624 17 0 0 3 16 112 179 641 73 
0 0 6 24 59 341 594 0 0 0 1 17 30 122 831 23 0 0 0 11 27 86 842 58 
0 0 0 0 6 496 521 1 0 0 0 0 0 35 935 54 0 0 0 0 0 21 927 76 
0 0 0 0 2 456 565 1 0 0 0 0 0 16 970 38 0 0 0 0 0 7 956 61 
0 0 0 0 0 529 490 5 0 0 0 0 0 98 756 170 0 0 0 0 0 26 793 205 
0 0 0 0 2 683 335 4 0 0 0 0 0 278 660 86 0 0 0 0 0 84 825 115 
7 57 38 48 66 723 85 0 0 20 63 32 57 352 495 5 37 35 25 39 50 160 673 5 
39 201 97 108 122 448 9 0 0 100 162 111 104 334 210 3 146 107 78 98 93 258 244 0 
71 459 96 83 112 198 5 0 0 289 261 104 81 178 110 1 413 124 90 77 94 162 64 0 
127 647 109 72 54 15 0 0 0 636 162 105 63 44 14 0 654 156 85 63 53 13 0 0 
167 674 92 59 24 8 0 0 0 725 139 88 46 19 7 0 726 135 84 50 21 8 0 0 
147 674 117 58 21 7 0 0 0 636 235 80 54 18 1 0 679 200 65 55 21 4 0 0 
130 871 20 1 2 0 0 0 0 935 78 9 0 2 0 0 942 74 6 0 2 0 0 0 
173 723 98 22 6 2 0 0 0 728 189 81 19 6 1 0 741 174 69 26 12 2 0 0 
49 529 134 135 120 57 0 0 2 367 249 123 134 121 28 0 447 163 103 106 105 97 3 0 
70 468 120 117 178 71 0 0 0 324 220 111 124 182 63 0 401 160 97 96 124 145 1 0 
33 95 112 139 316 311 18 0 3 54 89 126 141 427 173 11 52 71 98 122 142 457 82 0 
41 150 161 146 267 248 11 0 4 91 145 152 156 379 92 5 98 120 123 127 128 350 78 0 
19 116 146 226 260 254 3 0 0 33 143 211 211 348 78 0 78 89 127 174 182 304 70 0 
3 180 270 281 203 84 3 0 0 25 249 274 274 165 35 2 124 126 216 247 190 120 1 0 
15 484 179 152 162 32 0 0 0 191 377 148 165 132 11 0 417 162 123 140 135 47 0 0 
7 166 725 121 5 0 0 0 0 1 47 617 339 20 0 0 307 629 87 1 0 0 0 0 
0 132 835 56 1 0 0 0 0 0 9 594 411 10 0 0 146 799 77 2 0 0 0 0 
0 104 861 57 2 0 0 0 0 0 3 631 386 4 0 0 147 832 42 3 0 0 0 0 
1 177 747 98 1 0 0 0 0 0 84 750 188 2 0 0 233 685 104 2 0 0 0 0 
45 502 373 80 19 5 0 0 0 41 402 464 102 14 1 0 513 370 98 34 8 1 0 0 
108 627 245 41 3 0 0 0 6 89 457 417 53 2 0 0 606 358 52 8 0 0 0 0 
222 555 211 31 5 0 0 0 12 155 470 332 49 6 0 0 796 189 39 0 0 0 0 0 
47 313 393 208 58 5 0 0 0 20 147 526 291 39 1 0 595 343 78 8 0 0 0 0 
29 390 359 137 88 21 0 0 0 4 126 568 274 49 3 0 702 288 32 2 0 0 0 0 
257 509 207 51 0 0 0 0 2 115 400 396 104 7 0 0 665 268 85 6 0 0 0 0 
515 392 96 20 1 0 0 0 21 316 481 175 29 2 0 0 769 188 58 9 0 0 0 0 
606 328 69 21 0 0 0 0 40 427 425 98 31 3 0 0 786 180 47 11 0 0 0 0 
366 398 173 48 27 9 3 0 1 235 445 241 61 25 14 2 492 240 124 108 38 13 7 2 
2 26 292 273 233 124 69 5 0 2 40 298 299 229 112 44 1 1 26 169 326 272 142 87 
0 18 196 218 265 221 102 4 0 0 40 211 235 280 203 55 0 0 7 115 259 288 229 126 
0 20 198 215 269 222 94 6 0 0 42 216 248 267 207 44 0 0 8 153 231 298 233 101 
0 2 72 163 237 339 203 8 0 0 12 105 179 316 326 86 0 0 2 47 169 272 370 164 
0 0 47 118 321 447 89 2 0 0 6 69 188 473 263 25 0 0 2 38 133 380 412 59 
0 0 11 34 124 837 18 0 0 0 0 19 59 473 470 3 0 0 0 15 48 205 749 7 
0 0 3 81 210 650 80 0 0 0 0 14 108 478 423 1 0 0 0 1 81 280 659 3 
0 0 32 64 134 589 205 0 0 0 0 35 97 291 600 1 0 0 0 2 87 209 716 10 
0 0 0 9 39 912 64 0 0 0 0 2 14 370 638 0 0 0 0 0 10 160 854 0 
0 0 0 0 0 1006 18 0 0 0 0 0 0 306 718 0 0 0 0 0 0 73 951 0 
0 0 0 0 0 1018 6 0 0 0 0 0 0 519 505 0 0 0 0 0 0 102 922 0 
0 0 0 0 3 1020 1 0 0 0 0 0 0 881 143 0 0 0 0 0 0 562 462 0 
0 0 0 0 67 936 21 0 0 0 0 0 0 772 252 0 0 0 0 0 0 522 502 0 
0 2 3 2 62 947 8 0 0 0 2 4 5 801 212 0 0 0 2 4 5 570 443 0 
0 1 2 18 130 873 0 0 0 1 1 7 26 842 147 0 0 1 1 9 24 670 319 0 
10 25 36 65 300 588 0 0 1 13 26 40 92 759 93 0 11 21 24 34 108 683 143 0 
16 74 67 121 364 382 0 0 0 33 59 83 142 658 49 0 24 61 50 78 121 594 96 0 
22 88 114 86 379 335 0 0 0 47 94 110 95 603 75 0 46 81 97 57 97 546 100 0 
74 368 138 124 232 88 0 0 0 246 236 137 122 255 28 0 231 204 133 107 95 247 7 0 
19 234 185 190 337 59 0 0 0 82 197 189 194 351 11 0 82 153 149 148 180 309 3 0 
2 10 27 85 463 437 0 0 0 2 16 32 106 842 26 0 0 6 17 24 107 804 66 0 
0 22 40 95 568 299 0 0 0 1 22 43 105 797 56 0 0 14 28 44 102 781 55 0 
0 1 26 30 483 484 0 0 0 0 4 27 40 896 57 0 0 0 11 24 44 859 86 0 
0 4 23 105 506 386 0 0 0 0 10 37 141 798 38 0 0 0 10 29 131 737 117 0 
0 1 36 96 488 403 0 0 0 0 7 57 127 804 29 0 0 1 7 56 108 774 78 0 
4 19 37 183 533 248 0 0 0 9 26 61 280 612 36 0 3 18 28 68 272 597 38 0 
0 21 54 168 576 205 0 0 0 8 32 66 246 646 26 0 0 20 43 71 267 617 6 0 
0 125 779 118 2 0 0 0 0 0 15 481 518 10 0 0 392 561 70 1 0 0 0 0 
2 152 796 74 0 0 0 0 0 0 16 601 403 4 0 0 286 689 49 0 0 0 0 0 
0 109 798 113 4 0 0 0 0 0 2 544 453 25 0 0 254 669 96 5 0 0 0 0 
0 134 758 107 14 5 5 1 0 0 4 571 411 32 3 3 170 723 118 13 0 0 0 0 
4 182 689 117 10 19 3 0 0 2 46 592 350 24 10 0 306 593 123 2 0 0 0 0 
46 395 480 98 5 0 0 0 0 19 183 564 225 33 0 0 503 433 85 3 0 0 0 0 
93 498 357 71 5 0 0 0 2 73 396 422 122 9 0 0 699 274 46 5 0 0 0 0 
106 600 246 64 8 0 0 0 0 53 424 443 90 12 2 0 694 248 74 8 0 0 0 0 
59 618 221 99 23 3 1 0 1 25 372 456 132 34 3 1 695 199 101 22 5 2 0 0 
80 251 260 211 172 50 0 0 2 44 216 363 285 109 5 0 522 336 149 17 0 0 0 0 
347 176 121 151 160 64 5 0 43 312 189 153 207 108 12 0 696 207 92 28 1 0 0 0 
814 140 35 30 4 0 1 0 116 703 130 44 27 3 0 1 880 81 35 25 2 0 1 0 
360 425 128 70 32 8 1 0 22 300 424 168 74 29 6 1 412 319 139 75 54 20 5 0 
0 47 365 223 201 104 78 6 0 0 77 328 271 190 105 53 0 0 17 203 345 246 132 81 
0 34 270 302 214 133 67 4 0 0 59 259 340 205 119 42 0 0 4 151 331 309 155 74 
0 31 318 229 219 148 77 2 0 0 73 334 229 213 122 53 0 0 4 288 256 235 162 79 
0 5 154 205 221 358 79 2 0 0 18 191 208 308 276 23 0 0 1 104 226 262 354 77 
0 0 62 248 383 285 46 0 0 0 12 154 324 403 126 5 0 0 1 106 320 403 183 11 
0 2 66 210 272 471 3 0 0 0 7 127 255 461 174 0 0 0 1 76 221 343 383 0 
0 0 17 139 351 502 15 0 0 0 0 46 152 609 217 0 0 0 0 13 137 452 416 6 
0 0 109 123 194 593 5 0 0 0 6 124 150 520 223 1 0 0 0 52 154 316 495 7 
0 0 18 129 274 596 7 0 0 0 0 39 187 619 177 2 0 0 0 6 139 526 351 2 
0 0 7 113 349 550 5 0 0 0 0 21 183 707 113 0 0 0 0 5 113 598 307 1 
0 0 1 54 319 647 3 0 0 0 0 8 96 855 65 0 0 0 0 1 57 772 194 0 
0 0 0 0 291 733 0 0 0 0 0 0 16 1006 2 0 0 0 0 0 2 961 61 0 
0 0 0 1 229 794 0 0 0 0 0 0 3 1021 0 0 0 0 0 0 1 1001 22 0 
0 0 0 0 434 590 0 0 0 0 0 0 6 1017 1 0 0 0 0 0 1 1010 13 0 
0 0 0 0 607 417 0 0 0 0 0 0 2 1015 7 0 0 0 0 0 0 1005 19 0 
0 0 0 10 590 424 0 0 0 0 0 4 12 991 17 0 0 0 0 0 11 961 52 0 
0 0 12 38 515 459 0 0 0 0 0 19 59 939 7 0 0 0 0 4 38 882 100 0 
0 0 6 61 638 319 0 0 0 0 0 11 82 881 50 0 0 0 0 4 49 795 176 0 
0 3 46 74 671 230 0 0 0 2 6 56 89 845 26 0 0 2 6 15 97 810 94 0 
0 0 59 81 678 206 0 0 0 0 1 66 101 848 8 0 0 0 1 21 114 815 73 0 
0 0 20 76 686 242 0 0 0 0 0 30 87 907 0 0 0 0 0 8 76 871 69 0 
0 0 58 118 628 220 0 0 0 0 0 72 124 820 8 0 0 0 0 13 133 757 121 0 
0 0 8 18 812 186 0 0 0 0 0 6 25 991 2 0 0 0 0 0 23 977 24 0 
0 1 6 15 744 258 0 0 0 0 1 6 19 992 6 0 0 0 1 6 15 964 38 0 
0 0 1 18 641 364 0 0 0 0 0 4 27 993 0 0 0 0 0 1 21 989 13 0 
0 0 7 22 844 151 0 0 0 0 0 12 49 962 1 0 0 0 1 11 39 966 7 0 
0 1 10 26 840 147 0 0 0 0 4 9 43 964 4 0 0 0 4 10 38 962 10 0 
0 92 729 188 15 0 0 0 0 0 1 477 513 33 0 0 197 661 155 11 0 0 0 0 
0 124 682 200 18 0 0 0 0 0 10 531 425 56 2 0 141 608 244 30 1 0 0 0 
4 261 568 184 7 0 0 0 0 0 46 535 410 33 0 0 208 511 284 21 0 0 0 0 
4 204 595 205 16 0 0 0 0 0 34 526 396 68 0 0 169 523 291 41 0 0 0 0 
0 334 563 118 9 0 0 0 0 0 11 592 374 47 0 0 355 507 137 25 0 0 0 0 
2 266 641 106 9 0 0 0 0 0 16 650 329 27 2 0 327 544 139 13 1 0 0 0 
8 299 642 71 4 0 0 0 0 3 68 712 230 9 2 0 404 543 74 3 0 0 0 0 
70 291 536 115 12 0 0 0 4 48 216 539 201 16 0 0 352 519 130 23 0 0 0 0 
104 293 311 231 77 8 0 0 3 72 314 339 239 55 2 0 326 318 246 112 21 1 0 0 
11 178 415 306 102 12 0 0 0 20 244 432 281 42 5 0 260 385 273 91 11 4 0 0 
251 142 186 229 165 50 1 0 120 161 174 227 241 93 8 0 472 260 175 99 16 2 0 0 
819 142 38 23 2 0 0 0 285 591 99 33 15 1 0 0 882 100 28 13 1 0 0 0 
456 353 118 68 17 8 4 0 164 382 287 127 44 10 10 0 441 233 165 95 59 15 14 2 
2 74 334 335 197 66 12 4 0 5 58 387 348 163 53 10 0 0 14 153 443 282 106 26 
0 30 300 333 258 91 12 0 0 0 59 312 371 223 56 3 0 0 9 150 381 342 125 17 
0 52 351 306 212 94 9 0 0 0 96 359 311 202 54 2 0 0 19 294 349 257 96 9 
0 44 350 237 228 142 23 0 0 0 88 383 266 190 88 9 0 0 13 370 271 233 123 14 
0 20 286 303 233 157 25 0 0 4 73 386 244 224 91 2 0 3 50 286 310 226 139 10 
0 3 194 273 339 194 21 0 0 0 23 272 312 317 99 1 0 0 11 215 292 342 157 7 
0 0 149 390 363 119 3 0 0 0 8 219 466 284 47 0 0 0 1 123 438 375 86 1 
0 1 130 344 449 100 0 0 0 0 6 175 428 378 37 0 0 0 1 83 320 515 105 0 
0 1 105 336 431 147 4 0 0 0 4 173 397 391 59 0 0 0 0 67 352 464 139 2 
0 6 199 269 341 208 1 0 0 0 3 227 348 391 54 1 0 0 0 44 366 472 140 2 
0 1 247 224 346 206 0 0 0 0 0 249 276 492 7 0 0 0 0 3 376 564 81 0 
0 0 129 140 600 155 0 0 0 0 0 138 247 633 6 0 0 0 0 2 220 772 30 0 
0 0 78 129 699 118 0 0 0 0 0 94 236 694 0 0 0 0 0 4 167 847 6 0 
0 0 89 159 702 74 0 0 0 0 0 107 199 716 2 0 0 0 0 3 199 814 8 0 
0 0 50 81 883 10 0 0 0 0 0 66 114 843 1 0 0 0 0 2 105 913 4 0 
0 0 93 90 783 58 0 0 0 0 0 89 161 774 0 0 0 0 0 0 162 845 17 0 
0 0 95 141 732 56 0 0 0 0 0 110 185 729 0 0 0 0 0 1 199 794 30 0 
0 0 154 176 622 72 0 0 0 0 0 160 224 636 4 0 0 0 0 9 248 699 68 0 
0 0 123 147 727 27 0 0 0 0 0 124 228 671 1 0 0 0 0 17 197 763 47 0 
0 0 97 181 716 30 0 0 0 0 0 111 225 687 1 0 0 0 0 15 209 749 51 0 
0 0 79 115 805 25 0 0 0 0 0 68 156 798 2 0 0 0 0 8 148 844 24 0 
0 0 72 104 818 30 0 0 0 0 0 71 145 808 0 0 0 0 0 8 130 850 36 0 
0 0 74 78 862 10 0 0 0 0 0 78 99 847 0 0 0 0 0 0 129 876 19 0 
0 0 1 52 882 89 0 0 0 0 0 3 112 909 0 0 0 0 0 0 38 982 4 0 
0 0 26 27 967 4 0 0 0 0 0 24 74 926 0 0 0 0 0 0 50 973 1 0 
0 0 0 0 1000 24 0 0 0 0 0 0 47 977 0 0 0 0 0 0 4 1020 0 0 
0 0 0 6 1015 3 0 0 0 0 0 0 36 988 0 0 0 0 0 0 4 1020 0 0 
1 263 596 145 17 2 0 0 0 0 64 671 267 20 2 0 302 530 155 34 3 0 0 0 
4 183 682 133 22 0 0 0 0 0 30 627 333 32 2 0 171 610 212 29 2 0 0 0 
35 297 516 153 23 0 0 0 0 6 170 492 308 47 1 0 278 493 209 40 4 0 0 0 
6 183 533 281 21 0 0 0 0 0 54 421 462 87 0 0 122 428 402 72 0 0 0 0 
30 242 508 236 8 0 0 0 0 3 92 471 408 50 0 0 201 479 304 40 0 0 0 0 
82 459 375 105 3 0 0 0 0 3 226 531 223 41 0 0 483 388 137 16 0 0 0 0 
8 457 493 66 0 0 0 0 0 1 113 659 235 16 0 0 513 439 70 2 0 0 0 0 
9 334 595 82 4 0 0 0 0 4 67 735 211 7 0 0 372 541 104 6 1 0 0 0 
3 164 528 296 28 5 0 0 0 2 70 619 301 27 5 0 181 512 288 39 4 0 0 0 
1 99 466 323 113 13 7 2 0 2 58 505 349 95 8 7 150 436 284 125 20 2 7 0 
3 59 340 353 222 43 4 0 3 8 112 500 351 43 7 0 95 392 357 161 15 4 0 0 
139 89 199 388 163 40 6 0 131 90 212 401 147 36 6 1 213 274 361 143 26 6 1 0 
329 233 236 123 71 31 1 0 135 291 255 223 84 36 0 0 289 286 266 133 44 6 0 0 
6 210 501 192 86 22 6 1 3 6 115 606 192 81 18 3 0 6 26 276 517 141 50 8 
0 216 474 194 108 32 0 0 0 0 58 644 189 103 30 0 0 0 2 219 559 157 77 10 
0 131 412 229 166 72 14 0 0 0 67 478 241 159 75 4 0 0 4 158 479 242 109 32 
0 92 411 224 162 112 23 0 0 0 97 487 188 159 85 8 0 0 19 419 279 167 116 24 
0 50 346 229 222 149 27 1 0 0 114 375 234 199 101 1 0 0 59 344 268 208 133 12 
0 38 328 238 259 138 23 0 0 0 99 350 246 249 75 5 0 0 20 315 296 267 113 13 
0 18 210 315 365 114 2 0 0 0 29 258 356 329 52 0 0 0 0 164 329 407 119 5 
0 19 229 472 264 39 1 0 0 0 27 354 466 170 7 0 0 0 4 172 564 253 31 0 
0 6 281 364 314 59 0 0 0 0 17 350 379 269 9 0 0 0 1 153 483 349 38 0 
0 19 418 247 286 53 1 0 0 0 6 429 299 269 21 0 0 0 0 98 517 340 67 2 
0 18 292 320 348 46 0 0 0 0 9 325 404 263 23 0 0 0 0 116 419 420 69 0 
0 5 415 272 294 38 0 0 0 0 12 399 386 211 16 0 0 0 0 64 509 413 38 0 
0 0 349 248 401 25 1 0 0 0 0 348 345 324 7 0 0 0 0 14 498 491 20 1 
0 0 251 298 473 2 0 0 0 0 0 278 378 368 0 0 0 0 0 27 403 589 5 0 
0 0 337 279 406 2 0 0 0 0 0 311 361 350 2 0 0 0 0 15 473 530 6 0 
0 0 444 248 328 4 0 0 0 0 0 426 339 257 2 0 0 0 0 3 571 439 10 1 
0 0 455 255 314 0 0 0 0 0 0 438 343 243 0 0 0 0 0 2 551 471 0 0 
0 0 459 235 330 0 0 0 0 0 0 442 314 268 0 0 0 0 0 8 566 446 4 0 
0 7 482 237 298 0 0 0 0 0 0 456 299 269 0 0 0 0 0 33 564 395 32 0 
0 0 352 252 417 3 0 0 0 0 0 343 304 376 1 0 0 0 0 35 437 475 77 0 
0 1 358 195 468 2 0 0 0 0 0 334 262 426 2 0 0 0 0 20 411 564 29 0 
0 0 233 213 577 1 0 0 0 0 0 203 291 530 0 0 0 0 0 14 310 687 13 0 
0 0 172 251 595 6 0 0 0 0 0 159 341 523 1 0 0 0 0 12 271 721 20 0 
0 0 190 236 587 11 0 0 0 0 0 183 310 531 0 0 0 0 0 4 305 696 19 0 
0 0 90 158 775 1 0 0 0 0 0 105 267 652 0 0 0 0 0 13 168 826 17 0 
0 1 53 161 809 0 0 0 0 0 0 57 478 489 0 0 0 0 0 4 143 873 4 0 
0 0 221 246 557 0 0 0 0 0 0 172 388 463 1 0 0 0 0 0 322 701 1 0 
7 462 474 65 16 0 0 0 0 2 102 740 152 27 1 0 464 464 72 23 1 0 0 0 
7 458 463 82 14 0 0 0 0 0 104 710 182 26 2 0 461 450 100 13 0 0 0 0 
27 386 518 87 6 0 0 0 0 5 128 626 241 24 0 0 313 512 181 16 2 0 0 0 
45 408 465 97 9 0 0 0 0 8 236 555 202 23 0 0 349 485 168 22 0 0 0 0 
21 226 636 130 11 0 0 0 0 4 82 578 322 36 2 0 234 578 192 18 2 0 0 0 
27 367 543 84 3 0 0 0 0 2 86 658 258 20 0 0 318 563 132 11 0 0 0 0 
66 336 518 70 30 4 0 0 0 21 153 529 266 47 8 0 382 518 84 33 7 0 0 0 
36 352 510 111 15 0 0 0 0 5 142 552 268 55 2 0 447 425 125 27 0 0 0 0 
1 338 611 68 6 0 0 0 0 0 25 743 244 12 0 0 425 527 66 6 0 0 0 0 
4 120 691 195 14 0 0 0 0 0 16 534 426 46 2 0 227 611 173 13 0 0 0 0 
0 148 713 155 8 0 0 0 0 0 28 667 328 1 0 0 313 609 99 3 0 0 0 0 
1 72 410 302 189 48 2 0 0 10 121 510 335 45 3 0 136 478 259 140 11 0 0 0 
23 175 334 205 153 126 8 0 8 52 250 360 256 96 2 0 153 329 317 181 44 0 0 0 
14 166 445 236 98 32 15 18 1 20 182 477 219 78 19 28 1 42 239 380 226 82 29 25 
0 198 530 215 64 17 0 0 0 1 92 659 200 59 13 0 0 0 10 259 599 121 31 4 
0 274 485 155 91 19 0 0 0 3 144 615 169 84 9 0 0 0 16 324 504 132 48 0 
0 68 419 357 142 36 2 0 0 0 75 485 329 113 20 2 0 0 3 253 495 217 52 4 
0 20 443 246 196 95 18 6 0 0 126 446 247 144 51 10 0 0 10 387 331 197 82 17 
0 27 297 336 265 98 1 0 0 2 91 379 301 218 33 0 0 1 34 317 336 260 75 1 
0 127 361 215 256 65 0 0 0 0 66 454 243 240 21 0 0 0 4 297 355 307 61 0 
0 38 486 315 161 24 0 0 0 0 62 572 257 121 12 0 0 0 23 446 368 153 33 1 
0 83 510 268 156 7 0 0 0 0 58 580 278 106 2 0 0 0 2 459 360 188 14 1 
0 26 553 273 164 8 0 0 0 0 28 598 305 92 1 0 0 0 1 250 606 160 7 0 
0 68 684 177 86 8 1 0 0 0 6 713 217 82 6 0 0 0 0 102 730 160 29 3 
0 61 701 192 70 0 0 0 0 0 3 725 231 65 0 0 0 0 0 61 787 162 14 0 
0 92 572 221 136 3 0 0 0 0 8 652 289 72 3 0 0 0 0 108 664 241 11 0 
0 68 694 179 82 1 0 0 0 0 1 727 223 72 1 0 0 0 0 71 790 161 1 1 
0 19 780 180 36 9 0 0 0 0 0 754 223 41 6 0 0 0 0 49 814 148 11 2 
0 52 661 153 141 14 3 0 0 0 0 698 203 106 14 3 0 0 0 12 769 220 16 7 
0 10 919 69 22 4 0 0 0 0 0 905 96 18 5 0 0 0 0 1 941 69 11 2 
0 27 777 174 44 2 0 0 0 0 0 779 224 19 2 0 0 0 0 1 859 158 5 1 
0 66 794 139 25 0 0 0 0 0 0 806 182 35 1 0 0 0 0 16 878 126 4 0 
0 53 694 215 61 1 0 0 0 0 0 698 256 68 2 0 0 0 0 30 787 195 12 0 
0 41 726 182 75 0 0 0 0 0 1 684 245 94 0 0 0 0 0 55 750 197 22 0 
0 23 626 262 101 12 0 0 0 0 0 593 307 111 13 0 0 0 0 46 704 252 14 8 
0 53 512 274 183 2 0 0 0 0 0 526 330 168 0 0 0 0 0 20 654 330 20 0 
0 27 612 239 145 1 0 0 0 0 1 559 319 145 0 0 0 0 0 34 675 260 55 0 
0 6 640 245 133 0 0 0 0 0 0 588 315 121 0 0 0 0 0 20 684 303 17 0 
0 3 640 259 122 0 0 0 0 0 0 599 309 116 0 0 0 0 0 7 715 293 9 0 
0 1 744 203 76 0 0 0 0 0 0 683 271 68 2 0 0 0 0 0 784 227 13 0 
90 721 197 15 1 0 0 0 0 12 402 558 51 1 0 0 808 202 13 1 0 0 0 0 
134 699 160 26 5 0 0 0 0 43 521 410 37 13 0 0 881 112 27 4 0 0 0 0 
51 336 378 188 65 6 0 0 0 15 284 497 189 38 1 0 403 392 178 50 1 0 0 0 
29 392 428 127 47 1 0 0 0 8 134 615 241 26 0 0 344 464 156 57 3 0 0 0 
95 470 390 55 12 2 0 0 0 39 191 567 199 26 2 0 596 337 74 15 2 0 0 0 
63 418 361 151 30 1 0 0 0 5 231 480 242 60 6 0 419 363 176 57 9 0 0 0 
15 384 561 62 2 0 0 0 0 2 78 632 299 13 0 0 443 502 77 2 0 0 0 0 
7 397 554 61 5 0 0 0 0 0 34 710 259 19 2 0 520 427 72 5 0 0 0 0 
0 426 553 36 9 0 0 0 0 0 14 687 303 17 3 0 608 362 44 9 1 0 0 0 
2 209 684 103 25 1 0 0 0 0 8 549 401 56 9 1 367 539 90 24 4 0 0 0 
0 245 743 34 2 0 0 0 0 0 11 563 438 12 0 0 435 558 29 2 0 0 0 0 
2 175 768 77 1 1 0 0 0 1 16 613 387 7 0 0 264 708 50 2 0 0 0 0 
13 132 816 61 2 0 0 0 0 17 36 540 422 8 1 0 240 700 82 1 1 0 0 0 
13 144 522 255 66 17 6 1 0 1 77 498 342 83 18 5 93 282 314 262 54 11 4 4 
0 75 628 277 41 3 0 0 0 0 68 719 214 23 0 0 0 29 172 592 204 26 1 0 
0 308 481 159 58 16 2 0 0 0 229 581 152 56 6 0 0 0 41 567 305 86 24 1 
0 279 473 149 92 30 1 0 0 0 264 531 135 92 1 1 0 0 14 631 244 106 28 1 
0 75 387 329 184 44 3 2 0 1 165 485 268 83 19 3 0 3 84 509 306 92 27 3 
0 140 445 288 135 16 0 0 0 0 206 499 219 98 2 0 0 1 82 481 319 131 10 0 
0 226 445 182 158 13 0 0 0 0 163 543 173 135 10 0 0 0 4 516 288 187 29 0 
0 41 649 226 89 19 0 0 0 0 119 716 135 51 3 0 0 0 25 695 223 75 6 0 
0 44 412 311 194 62 1 0 0 0 143 470 264 123 24 0 0 0 61 486 285 158 34 0 
0 158 540 183 122 21 0 0 0 0 75 653 181 100 15 0 0 0 7 375 439 165 38 0 
0 328 554 109 29 3 1 0 0 0 37 829 117 36 4 1 0 0 0 334 589 86 14 1 
0 204 602 155 48 13 2 0 0 0 49 753 157 47 17 1 0 0 0 400 494 96 27 7 
0 121 628 199 64 12 0 0 0 0 42 721 188 62 9 2 0 0 1 365 520 111 23 4 
0 285 660 64 15 0 0 0 0 0 12 911 83 18 0 0 0 0 0 335 640 43 6 0 
0 259 622 100 41 2 0 0 0 0 19 843 118 42 2 0 0 0 0 344 584 90 6 0 
0 323 649 40 11 1 0 0 0 0 7 961 42 12 2 0 0 0 0 182 803 35 4 0 
0 211 753 52 7 1 0 0 0 0 22 951 42 8 1 0 0 0 0 223 775 20 5 1 
0 171 750 80 21 2 0 0 0 0 9 934 55 23 3 0 0 0 0 272 707 33 12 0 
0 245 698 76 5 0 0 0 0 1 95 892 33 3 0 0 0 0 57 483 470 12 2 0 
0 475 489 41 19 0 0 0 0 0 0 950 55 18 1 0 0 0 0 89 881 47 7 0 
0 462 482 64 16 0 0 0 0 0 1 912 86 25 0 0 0 0 0 62 889 63 10 0 
0 352 538 109 25 0 0 0 0 0 7 840 140 37 0 0 0 0 0 128 791 98 7 0 
0 216 620 141 44 3 0 0 0 0 31 753 179 58 3 0 0 0 0 162 715 132 14 1 
0 250 700 66 7 1 0 0 0 0 0 907 105 11 1 0 0 0 0 13 943 64 4 0 
0 194 774 52 4 0 0 0 0 0 0 934 82 8 0 0 0 0 0 0 959 61 4 0 
0 244 711 58 11 0 0 0 0 0 0 925 85 14 0 0 0 0 0 3 959 55 7 0 
0 397 608 18 1 0 0 0 0 0 0 982 37 4 1 0 0 0 0 0 1005 17 2 0 
79 598 313 33 1 0 0 0 0 15 300 613 91 5 0 0 630 348 45 1 0 0 0 0 
85 543 365 30 1 0 0 0 1 18 254 587 160 4 0 0 560 372 90 2 0 0 0 0 
222 517 237 46 1 1 0 0 2 90 448 374 99 10 1 0 632 309 73 9 1 0 0 0 
72 320 505 114 13 0 0 0 5 57 237 558 140 26 1 0 296 522 167 37 2 0 0 0 
104 546 318 53 3 0 0 0 0 29 287 551 148 9 0 0 616 322 74 12 0 0 0 0 
139 504 343 38 0 0 0 0 0 51 215 584 171 3 0 0 686 297 41 0 0 0 0 0 
15 481 481 44 3 0 0 0 0 1 36 690 273 24 0 0 651 327 39 7 0 0 0 0 
14 380 574 54 2 0 0 0 0 1 38 669 298 18 0 0 488 490 44 2 0 0 0 0 
7 395 572 47 2 1 0 0 0 0 29 605 368 21 1 0 501 455 64 3 1 0 0 0 
8 313 621 82 0 0 0 0 0 0 36 518 447 23 0 0 487 478 59 0 0 0 0 0 
10 529 401 78 5 1 0 0 0 0 76 667 243 37 1 0 681 266 68 8 1 0 0 0 
18 646 325 34 1 0 0 0 0 0 72 784 144 24 0 0 756 236 30 2 0 0 0 0 
4 508 458 49 5 0 0 0 0 0 29 695 269 29 2 0 622 335 61 6 0 0 0 0 
6 298 634 79 7 0 0 0 0 0 18 572 422 11 1 0 384 540 92 8 0 0 0 0 
2 194 669 121 32 5 1 0 0 0 10 566 404 40 3 1 171 540 241 57 13 2 0 0 
3 128 355 247 200 82 9 0 0 11 95 455 300 131 27 5 85 183 300 364 82 9 1 0 
0 53 533 355 75 8 0 0 0 1 66 633 282 37 5 0 0 75 280 501 147 19 2 0 
1 77 464 269 121 63 19 10 0 11 234 493 147 95 31 13 4 32 233 481 159 79 27 9 
0 133 447 246 154 44 0 0 0 3 273 426 220 100 2 0 0 9 114 528 247 109 17 0 
0 154 585 191 68 26 0 0 0 0 189 641 129 50 15 0 0 7 194 598 131 67 26 1 
1 147 592 172 94 18 0 0 0 1 259 569 129 60 6 0 0 0 68 673 193 73 17 0 
0 112 642 160 85 25 0 0 0 0 286 540 122 62 14 0 0 0 84 663 171 72 31 3 
0 487 396 91 37 13 0 0 0 0 228 660 85 42 8 1 0 0 5 657 266 70 23 3 
0 504 346 76 52 45 1 0 0 0 216 629 84 50 44 1 0 0 13 652 229 65 59 6 
0 235 487 183 86 33 0 0 0 0 179 564 179 79 23 0 0 0 17 579 282 111 34 1 
0 231 591 164 33 5 0 0 0 0 190 642 159 32 1 0 0 0 3 628 328 58 7 0 
0 497 478 39 10 0 0 0 0 0 105 865 46 8 0 0 0 0 0 846 160 17 1 0 
0 663 330 28 3 0 0 0 0 0 88 902 31 3 0 0 0 0 0 764 244 16 0 0 
0 695 291 38 0 0 0 0 0 0 155 815 52 2 0 0 0 0 0 750 251 23 0 0 
0 675 337 12 0 0 0 0 0 0 210 793 21 0 0 0 0 0 0 635 380 9 0 0 
0 319 639 59 6 1 0 0 0 0 157 827 36 3 1 0 0 0 17 763 235 7 2 0 
0 558 445 21 0 0 0 0 0 0 100 916 8 0 0 0 0 0 13 851 159 1 0 0 
0 964 60 0 0 0 0 0 0 0 44 976 4 0 0 0 0 0 0 523 501 0 0 0 
0 866 146 5 5 2 0 0 0 0 15 990 11 6 2 0 0 0 0 512 498 7 5 2 
0 750 218 30 20 6 0 0 0 0 10 950 37 17 10 0 0 0 0 358 613 34 18 1 
0 806 200 18 0 0 0 0 0 0 9 981 32 2 0 0 0 0 0 331 673 20 0 0 
0 534 456 32 2 0 0 0 0 0 36 934 50 3 1 0 0 0 0 324 670 28 2 0 
0 775 249 0 0 0 0 0 0 0 0 1022 2 0 0 0 0 0 0 196 828 0 0 0 
0 868 156 0 0 0 0 0 0 0 0 1021 3 0 0 0 0 0 0 218 803 3 0 0 
0 987 37 0 0 0 0 0 0 0 12 1012 0 0 0 0 0 0 0 294 730 0 0 0 
