992 32 0 0 0 0 0 0 514 510 0 0 0 0 0 0 875 149 0 0 0 0 0 0 
818 181 14 5 6 0 0 0 287 699 27 3 6 2 0 0 801 196 16 3 6 2 0 0 
584 185 89 44 48 34 22 18 345 406 89 49 39 45 26 25 559 201 85 47 37 45 25 25 
441 446 54 31 14 25 5 8 274 569 78 46 14 20 14 9 414 440 66 48 11 17 19 9 
263 641 70 24 11 6 5 4 144 751 73 25 13 6 6 6 299 615 53 25 15 5 6 6 
178 645 98 28 25 29 14 7 109 705 104 28 24 29 16 9 253 578 82 29 25 26 23 8 
200 413 161 63 41 53 42 51 158 429 180 60 43 56 43 55 172 429 151 70 43 51 43 65 
177 608 84 31 31 36 21 36 61 689 104 36 31 32 30 41 22 695 118 48 30 27 36 48 
39 547 282 60 36 27 16 17 26 493 334 67 35 32 17 20 21 554 286 60 36 29 18 20 
13 46 57 62 45 47 67 687 11 39 66 57 47 46 59 699 13 47 63 57 43 42 53 706 
0 0 0 0 0 0 0 1024 0 0 0 0 0 0 0 1024 0 0 0 0 0 0 0 1024 
0 0 0 0 0 0 0 1024 0 0 0 0 0 0 0 1024 0 0 0 0 0 0 0 1024 
0 0 0 0 0 0 0 1024 0 0 0 0 0 0 0 1024 0 0 0 0 0 0 0 1024 
0 0 0 0 0 0 0 1024 0 0 0 0 0 0 0 1024 0 0 0 0 0 0 0 1024 
0 0 0 0 0 0 0 1024 0 0 0 0 0 0 0 1024 0 0 0 0 0 0 0 1024 
0 0 0 0 0 0 0 1024 0 0 0 0 0 0 0 1024 0 0 0 0 0 0 0 1024 
0 0 0 0 0 0 0 1024 0 0 0 0 0 0 0 1024 0 0 0 0 0 0 0 1024 
0 0 0 0 0 0 0 1024 0 0 0 0 0 0 0 1024 0 0 0 0 0 0 0 1024 
0 0 0 0 0 0 0 1024 0 0 0 0 0 0 0 1024 0 0 0 0 0 0 0 1024 
0 0 0 0 0 0 0 1024 0 0 0 0 0 0 0 1024 0 0 0 0 0 0 0 1024 
0 0 0 0 0 0 0 1024 0 0 0 0 0 0 0 1024 0 0 0 0 0 0 0 1024 
0 0 0 0 0 0 0 1024 0 0 0 0 0 0 0 1024 0 0 0 0 0 0 0 1024 
0 0 0 0 0 0 0 1024 0 0 0 0 0 0 0 1024 0 0 0 0 0 0 0 1024 
0 0 0 0 0 0 0 1024 0 0 0 0 0 0 0 1024 0 0 0 0 0 0 0 1024 
0 0 0 0 0 0 0 1024 0 0 0 0 0 0 0 1024 0 0 0 0 0 0 0 1024 
0 0 0 0 0 0 0 1024 0 0 0 0 0 0 0 1024 0 0 0 0 0 0 0 1024 
0 0 0 0 1 3 7 1013 0 0 0 0 1 2 6 1015 0 0 0 0 1 3 5 1015 
0 57 216 80 41 42 30 558 0 24 223 92 46 45 31 563 0 54 238 66 36 36 27 567 
0 108 459 100 37 32 37 251 0 54 458 147 38 30 39 258 0 87 498 78 37 28 38 258 
0 87 392 110 54 35 41 305 0 66 372 138 52 39 36 321 0 116 416 58 44 40 31 319 
0 5 413 382 79 37 25 83 0 5 391 410 68 39 28 83 0 97 640 82 56 39 25 85 
0 29 770 201 16 7 1 0 0 14 786 203 14 7 0 0 0 170 791 48 9 6 0 0 
8 329 568 89 11 9 7 3 3 172 689 115 24 6 10 5 7 228 662 87 18 8 8 6 
7 463 474 56 8 9 5 2 1 334 581 80 10 10 4 4 0 438 533 26 10 8 4 5 
0 51 932 35 5 1 0 0 0 21 945 50 7 1 0 0 0 400 612 10 2 0 0 0 
0 284 725 15 0 0 0 0 0 121 881 20 2 0 0 0 1 636 381 4 2 0 0 0 
924 100 0 0 0 0 0 0 348 676 0 0 0 0 0 0 914 110 0 0 0 0 0 0 
830 194 0 0 0 0 0 0 71 953 0 0 0 0 0 0 926 98 0 0 0 0 0 0 
808 216 0 0 0 0 0 0 123 897 4 0 0 0 0 0 941 83 0 0 0 0 0 0 
479 485 24 12 6 6 5 7 141 810 38 11 5 7 5 7 695 284 14 8 5 7 4 7 
282 558 101 35 17 15 8 8 210 614 106 42 18 11 11 12 473 392 68 38 21 9 11 12 
216 438 177 72 36 25 22 38 162 470 202 60 38 28 22 42 399 311 129 60 36 25 23 41 
57 87 108 115 122 109 147 279 38 86 106 109 111 99 117 358 30 84 112 96 97 116 116 373 
71 220 178 101 88 82 96 188 41 207 183 116 87 85 87 218 34 200 188 112 92 86 82 230 
34 123 115 84 106 120 136 306 21 124 115 80 95 122 118 349 23 118 119 70 88 116 117 373 
4 26 41 49 62 73 122 647 2 20 39 51 57 62 111 682 1 26 30 48 62 56 106 695 
0 0 0 0 0 0 34 990 0 0 0 0 0 0 30 994 0 0 0 0 0 0 26 998 
0 0 0 0 0 0 46 978 0 0 0 0 0 0 38 986 0 0 0 0 0 0 18 1006 
0 0 0 0 0 0 35 989 0 0 0 0 0 0 15 1009 0 0 0 0 0 0 8 1016 
0 0 0 0 0 0 40 984 0 0 0 0 0 0 27 997 0 0 0 0 0 0 24 1000 
0 0 0 0 0 0 28 996 0 0 0 0 0 0 25 999 0 0 0 0 0 0 20 1004 
0 0 0 0 0 0 0 1024 0 0 0 0 0 0 0 1024 0 0 0 0 0 0 0 1024 
0 0 0 0 0 0 0 1024 0 0 0 0 0 0 0 1024 0 0 0 0 0 0 0 1024 
0 0 0 0 0 0 0 1024 0 0 0 0 0 0 0 1024 0 0 0 0 0 0 0 1024 
0 0 0 0 0 0 0 1024 0 0 0 0 0 0 0 1024 0 0 0 0 0 0 0 1024 
0 0 0 0 0 0 0 1024 0 0 0 0 0 0 0 1024 0 0 0 0 0 0 0 1024 
0 0 0 0 0 0 0 1024 0 0 0 0 0 0 0 1024 0 0 0 0 0 0 0 1024 
0 0 0 0 0 0 0 1024 0 0 0 0 0 0 0 1024 0 0 0 0 0 0 0 1024 
0 0 0 0 0 0 0 1024 0 0 0 0 0 0 0 1024 0 0 0 0 0 0 0 1024 
0 0 0 1 4 4 9 1006 0 0 0 1 3 3 8 1009 0 0 0 1 3 3 10 1007 
0 0 1 2 2 5 38 976 0 0 0 3 1 6 27 987 0 0 1 2 1 6 21 993 
0 29 111 24 33 26 27 774 0 14 112 34 30 29 25 780 0 44 97 21 32 28 20 782 
4 383 260 53 41 26 27 230 2 274 355 66 37 30 19 241 1 324 329 50 35 26 21 238 
13 690 282 20 8 4 3 4 9 502 467 25 9 4 4 4 7 478 494 22 11 4 4 4 
10 598 356 36 13 7 2 2 8 445 501 43 16 7 2 2 4 507 434 50 16 9 1 3 
16 411 530 66 1 0 0 0 10 404 564 44 2 0 0 0 7 597 407 9 4 0 0 0 
0 22 988 14 0 0 0 0 0 11 999 14 0 0 0 0 0 440 584 0 0 0 0 0 
0 71 947 6 0 0 0 0 0 60 961 3 0 0 0 0 0 484 540 0 0 0 0 0 
5 107 907 5 0 0 0 0 3 62 940 19 0 0 0 0 7 548 469 0 0 0 0 0 
6 144 816 58 0 0 0 0 0 118 769 137 0 0 0 0 2 597 425 0 0 0 0 0 
0 134 860 28 2 0 0 0 0 71 886 65 2 0 0 0 3 685 334 2 0 0 0 0 
0 275 736 13 0 0 0 0 0 136 846 42 0 0 0 0 2 822 200 0 0 0 0 0 
1016 8 0 0 0 0 0 0 606 418 0 0 0 0 0 0 993 31 0 0 0 0 0 0 
939 85 0 0 0 0 0 0 109 915 0 0 0 0 0 0 896 128 0 0 0 0 0 0 
471 466 33 10 19 7 10 8 165 762 37 13 15 10 10 12 612 334 18 12 16 10 10 12 
582 300 57 38 23 15 6 3 374 481 74 42 23 18 8 4 636 246 52 40 21 17 6 6 
445 449 72 33 12 7 6 0 222 644 86 40 17 7 7 1 566 343 59 30 14 4 8 0 
207 476 156 65 46 31 17 26 152 501 169 72 53 32 16 29 282 401 150 68 45 33 18 27 
47 90 110 114 135 132 150 246 36 78 112 109 127 142 134 286 40 75 112 117 125 144 126 285 
16 55 72 87 119 121 134 420 15 42 63 85 112 141 98 468 11 47 63 85 108 134 105 471 
5 6 14 23 62 119 130 665 3 9 9 22 51 114 106 710 3 10 10 22 48 113 101 717 
0 0 0 1 29 72 60 862 0 0 0 0 23 70 59 872 0 0 0 0 23 64 60 877 
0 0 0 0 21 31 41 931 0 0 0 0 11 40 34 939 0 0 0 0 7 40 35 942 
0 0 0 0 14 37 38 935 0 0 0 0 11 37 34 942 0 0 0 0 9 34 34 947 
0 0 0 0 0 2 3 1019 0 0 0 0 0 2 3 1019 0 0 0 0 0 2 2 1020 
0 1 3 1 3 4 6 1006 0 0 2 3 1 6 2 1010 0 1 3 1 2 5 4 1008 
0 0 0 0 0 0 8 1016 0 0 0 0 0 0 8 1016 0 0 0 0 0 0 0 1024 
0 0 0 0 0 0 42 982 0 0 0 0 0 0 29 995 0 0 0 0 0 0 26 998 
0 0 0 0 0 0 48 976 0 0 0 0 0 0 40 984 0 0 0 0 0 0 22 1002 
0 0 0 0 0 0 29 995 0 0 0 0 0 0 27 997 0 0 0 0 0 0 21 1003 
0 0 0 0 0 0 24 1000 0 0 0 0 0 0 26 998 0 0 0 0 0 0 20 1004 
0 0 0 0 0 2 43 979 0 0 0 0 0 1 25 998 0 0 0 0 0 2 20 1002 
0 0 2 37 20 18 47 900 0 0 1 31 26 14 47 905 0 0 15 30 16 14 39 910 
0 22 202 129 47 32 68 524 0 13 189 142 49 36 60 535 1 29 248 96 27 32 42 549 
0 149 491 108 35 39 28 174 0 31 582 129 36 40 18 188 0 142 552 56 33 39 19 183 
0 203 483 107 52 21 23 135 0 83 543 155 51 27 20 145 0 205 500 82 54 20 18 145 
0 135 746 105 15 9 6 8 0 38 764 180 15 12 6 9 0 65 866 59 15 6 6 7 
0 650 373 1 0 0 0 0 0 499 493 32 0 0 0 0 0 633 388 3 0 0 0 0 
6 940 78 0 0 0 0 0 0 852 172 0 0 0 0 0 0 911 113 0 0 0 0 0 
147 821 56 0 0 0 0 0 6 896 122 0 0 0 0 0 2 943 79 0 0 0 0 0 
25 831 144 14 8 2 0 0 4 785 206 18 8 3 0 0 6 861 126 19 8 4 0 0 
72 843 107 2 0 0 0 0 7 897 119 1 0 0 0 0 3 932 89 0 0 0 0 0 
5 434 580 5 0 0 0 0 1 415 605 3 0 0 0 0 3 627 394 0 0 0 0 0 
0 117 906 1 0 0 0 0 0 65 958 1 0 0 0 0 0 829 195 0 0 0 0 0 
0 432 592 0 0 0 0 0 1 392 631 0 0 0 0 0 7 892 125 0 0 0 0 0 
0 286 735 3 0 0 0 0 0 183 833 8 0 0 0 0 1 915 108 0 0 0 0 0 
0 95 909 20 0 0 0 0 0 39 828 157 0 0 0 0 2 533 489 0 0 0 0 0 
0 186 820 18 0 0 0 0 0 55 888 81 0 0 0 0 0 601 423 0 0 0 0 0 
982 42 0 0 0 0 0 0 509 515 0 0 0 0 0 0 1010 14 0 0 0 0 0 0 
906 118 0 0 0 0 0 0 124 900 0 0 0 0 0 0 963 61 0 0 0 0 0 0 
604 373 28 7 4 1 5 2 175 786 40 11 2 3 3 4 888 105 14 7 1 3 4 2 
451 487 49 16 12 7 2 0 196 720 61 25 14 5 2 1 684 269 32 19 11 6 2 1 
357 425 90 37 37 19 19 40 200 580 88 35 44 12 20 45 553 265 63 34 30 17 20 42 
138 283 141 92 67 55 86 162 103 292 147 94 72 51 71 194 262 188 110 84 63 69 63 185 
67 141 135 96 84 85 102 314 42 132 143 107 76 92 80 352 61 134 139 84 81 95 75 355 
1 7 17 37 33 42 78 809 1 4 12 32 37 40 57 841 1 5 15 32 38 37 54 842 
0 0 0 0 0 0 0 1024 0 0 0 0 0 0 0 1024 0 0 0 0 0 0 0 1024 
0 0 0 0 11 12 12 989 0 0 0 0 11 9 11 993 0 0 0 0 8 12 6 998 
0 0 2 3 30 48 41 900 0 0 1 4 25 50 37 907 0 0 3 2 29 47 34 909 
0 6 6 10 35 47 85 835 0 2 4 13 35 41 75 854 0 4 6 12 29 46 73 854 
14 105 149 102 106 103 117 328 2 62 157 110 113 117 107 356 10 81 160 92 100 120 102 359 
12 254 482 117 54 26 28 51 3 108 550 180 64 33 32 54 6 191 512 146 55 37 28 49 
2 282 364 49 26 28 24 249 1 76 532 81 28 29 23 254 11 316 346 28 22 27 28 246 
8 204 271 72 80 53 38 298 4 130 334 78 74 64 39 301 12 268 228 61 70 54 39 292 
0 56 205 122 109 80 88 364 0 44 220 119 109 71 91 370 2 116 194 113 92 75 73 359 
3 91 158 57 40 40 45 590 1 59 166 73 42 41 43 599 3 67 186 61 32 37 43 595 
0 37 207 62 24 32 33 629 0 23 194 77 32 29 31 638 0 55 206 44 26 31 29 633 
0 308 402 64 31 27 29 163 0 96 564 102 34 29 24 175 0 86 634 53 30 27 23 171 
0 56 763 170 13 6 8 8 0 28 675 287 9 7 7 11 0 85 840 67 10 5 8 9 
0 385 632 7 0 0 0 0 0 378 636 10 0 0 0 0 0 598 426 0 0 0 0 0 
0 721 303 0 0 0 0 0 1 569 454 0 0 0 0 0 0 775 249 0 0 0 0 0 
1 912 111 0 0 0 0 0 0 866 158 0 0 0 0 0 0 798 226 0 0 0 0 0 
0 505 506 13 0 0 0 0 0 436 577 11 0 0 0 0 0 686 338 0 0 0 0 0 
29 927 68 0 0 0 0 0 0 933 91 0 0 0 0 0 0 948 76 0 0 0 0 0 
35 936 51 2 0 0 0 0 9 871 142 2 0 0 0 0 4 960 60 0 0 0 0 0 
217 795 12 0 0 0 0 0 43 963 18 0 0 0 0 0 20 994 10 0 0 0 0 0 
375 647 2 0 0 0 0 0 83 939 2 0 0 0 0 0 33 984 7 0 0 0 0 0 
256 742 26 0 0 0 0 0 48 955 21 0 0 0 0 0 15 1009 0 0 0 0 0 0 
7 267 706 42 2 0 0 0 14 259 719 31 1 0 0 0 28 805 189 2 0 0 0 0 
2 265 753 4 0 0 0 0 8 271 742 3 0 0 0 0 15 919 90 0 0 0 0 0 
28 779 205 10 2 0 0 0 21 851 142 9 1 0 0 0 10 949 56 7 2 0 0 0 
5 578 427 14 0 0 0 0 8 561 453 2 0 0 0 0 21 963 40 0 0 0 0 0 
0 359 662 3 0 0 0 0 0 257 761 6 0 0 0 0 3 892 129 0 0 0 0 0 
22 620 381 1 0 0 0 0 2 530 490 2 0 0 0 0 2 962 60 0 0 0 0 0 
1024 0 0 0 0 0 0 0 917 107 0 0 0 0 0 0 1024 0 0 0 0 0 0 0 
1015 9 0 0 0 0 0 0 409 615 0 0 0 0 0 0 1008 16 0 0 0 0 0 0 
819 205 0 0 0 0 0 0 164 860 0 0 0 0 0 0 971 53 0 0 0 0 0 0 
308 608 68 23 7 5 3 2 93 774 108 28 8 7 4 2 641 303 44 16 11 3 3 3 
200 544 146 61 28 22 21 2 118 588 171 72 20 26 22 7 518 292 93 53 20 22 22 4 
140 233 140 112 108 75 96 120 131 234 141 104 98 84 81 151 234 191 122 79 96 84 78 140 
6 43 44 56 74 66 100 635 13 39 36 51 62 69 83 671 28 42 30 59 50 71 86 658 
0 27 82 68 36 38 91 682 0 3 65 80 52 30 64 730 0 25 70 73 40 36 54 726 
3 64 408 110 36 39 58 306 0 10 267 264 67 34 46 336 0 86 423 65 48 33 38 331 
1 269 437 74 44 42 49 108 0 35 619 115 47 40 44 124 1 273 467 50 37 39 47 110 
5 310 476 85 17 15 27 89 0 51 681 109 44 14 20 105 3 211 566 86 23 15 15 105 
4 191 669 72 25 20 17 26 1 20 692 199 41 21 20 30 2 302 552 74 31 22 11 30 
2 465 541 9 2 4 1 0 0 137 768 112 2 2 2 1 0 494 511 12 2 2 2 1 
1 709 314 0 0 0 0 0 0 410 613 1 0 0 0 0 0 746 278 0 0 0 0 0 
3 915 106 0 0 0 0 0 1 656 365 2 0 0 0 0 2 932 90 0 0 0 0 0 
22 910 91 1 0 0 0 0 0 843 179 2 0 0 0 0 0 981 43 0 0 0 0 0 
0 190 809 25 0 0 0 0 0 121 857 46 0 0 0 0 2 545 472 5 0 0 0 0 
0 52 971 1 0 0 0 0 0 0 1001 23 0 0 0 0 0 316 708 0 0 0 0 0 
3 243 765 13 0 0 0 0 0 74 892 58 0 0 0 0 4 203 814 3 0 0 0 0 
5 499 515 5 0 0 0 0 4 254 751 15 0 0 0 0 6 546 471 1 0 0 0 0 
2 374 644 4 0 0 0 0 3 278 708 35 0 0 0 0 14 513 497 0 0 0 0 0 
1 778 245 0 0 0 0 0 0 801 223 0 0 0 0 0 4 970 50 0 0 0 0 0 
13 993 18 0 0 0 0 0 3 978 43 0 0 0 0 0 0 980 44 0 0 0 0 0 
79 941 4 0 0 0 0 0 2 1022 0 0 0 0 0 0 0 1008 16 0 0 0 0 0 
29 903 92 0 0 0 0 0 2 911 111 0 0 0 0 0 3 963 58 0 0 0 0 0 
35 974 15 0 0 0 0 0 3 1001 20 0 0 0 0 0 0 1002 22 0 0 0 0 0 
177 676 110 57 4 0 0 0 33 828 145 16 2 0 0 0 15 847 149 11 2 0 0 0 
126 157 162 381 156 42 0 0 49 289 272 315 81 18 0 0 47 310 344 236 69 18 0 0 
82 128 358 399 57 0 0 0 53 203 483 274 11 0 0 0 40 248 596 135 5 0 0 0 
3 319 561 109 27 5 0 0 7 473 441 88 15 0 0 0 10 485 466 55 8 0 0 0 
12 409 530 73 0 0 0 0 13 475 489 47 0 0 0 0 46 795 181 2 0 0 0 0 
115 730 169 10 0 0 0 0 96 763 156 9 0 0 0 0 57 902 62 3 0 0 0 0 
152 737 133 2 0 0 0 0 37 848 137 2 0 0 0 0 57 898 68 1 0 0 0 0 
3 441 580 0 0 0 0 0 2 403 619 0 0 0 0 0 16 982 26 0 0 0 0 0 
4 476 542 2 0 0 0 0 4 474 546 0 0 0 0 0 12 966 46 0 0 0 0 0 
0 705 319 0 0 0 0 0 2 731 291 0 0 0 0 0 9 995 20 0 0 0 0 0 
1017 7 0 0 0 0 0 0 507 517 0 0 0 0 0 0 1024 0 0 0 0 0 0 0 
1011 13 0 0 0 0 0 0 655 369 0 0 0 0 0 0 1016 8 0 0 0 0 0 0 
957 67 0 0 0 0 0 0 277 747 0 0 0 0 0 0 939 85 0 0 0 0 0 0 
686 326 12 0 0 0 0 0 255 749 20 0 0 0 0 0 957 67 0 0 0 0 0 0 
424 464 84 30 12 5 3 2 149 702 116 33 12 8 1 3 694 236 56 17 9 9 3 0 
238 535 79 41 49 26 19 37 88 632 123 45 43 30 22 41 452 351 58 40 43 24 20 36 
29 200 339 159 74 71 66 86 5 153 340 214 70 75 64 103 53 221 369 101 66 69 45 100 
8 295 580 64 29 19 19 10 0 60 637 229 35 22 22 19 4 280 609 39 33 23 20 16 
0 413 608 3 0 0 0 0 0 106 701 217 0 0 0 0 0 437 587 0 0 0 0 0 
3 724 297 0 0 0 0 0 0 174 850 0 0 0 0 0 0 800 224 0 0 0 0 0 
5 829 190 0 0 0 0 0 0 402 622 0 0 0 0 0 0 933 91 0 0 0 0 0 
0 743 277 4 0 0 0 0 0 317 691 16 0 0 0 0 1 931 92 0 0 0 0 0 
27 958 39 0 0 0 0 0 1 868 151 4 0 0 0 0 1 999 24 0 0 0 0 0 
249 760 15 0 0 0 0 0 7 947 70 0 0 0 0 0 0 1009 15 0 0 0 0 0 
63 951 10 0 0 0 0 0 6 992 26 0 0 0 0 0 6 992 26 0 0 0 0 0 
112 812 100 0 0 0 0 0 2 852 169 1 0 0 0 0 0 1007 17 0 0 0 0 0 
0 434 585 5 0 0 0 0 0 261 754 9 0 0 0 0 0 922 102 0 0 0 0 0 
1 719 304 0 0 0 0 0 1 531 492 0 0 0 0 0 2 952 70 0 0 0 0 0 
0 675 349 0 0 0 0 0 0 473 551 0 0 0 0 0 0 798 226 0 0 0 0 0 
0 538 486 0 0 0 0 0 0 424 600 0 0 0 0 0 0 670 354 0 0 0 0 0 
1 733 288 2 0 0 0 0 1 618 404 1 0 0 0 0 1 805 218 0 0 0 0 0 
117 857 50 0 0 0 0 0 15 935 74 0 0 0 0 0 6 971 47 0 0 0 0 0 
37 794 193 0 0 0 0 0 11 771 241 1 0 0 0 0 1 968 55 0 0 0 0 0 
293 691 40 0 0 0 0 0 29 951 44 0 0 0 0 0 11 990 23 0 0 0 0 0 
17 912 95 0 0 0 0 0 3 924 97 0 0 0 0 0 3 984 37 0 0 0 0 0 
12 980 32 0 0 0 0 0 4 979 41 0 0 0 0 0 3 1017 4 0 0 0 0 0 
105 511 211 151 45 0 1 0 55 582 274 90 22 1 0 0 46 605 295 70 7 0 1 0 
0 0 49 587 361 27 0 0 0 3 220 738 43 20 0 0 0 19 581 371 32 21 0 0 
0 0 110 591 323 0 0 0 0 3 284 737 0 0 0 0 0 3 813 208 0 0 0 0 
0 64 343 559 58 0 0 0 0 141 459 424 0 0 0 0 1 120 544 359 0 0 0 0 
245 512 222 41 4 0 0 0 41 755 201 27 0 0 0 0 72 784 129 39 0 0 0 0 
261 634 129 0 0 0 0 0 125 718 181 0 0 0 0 0 104 892 28 0 0 0 0 0 
208 698 112 6 0 0 0 0 108 767 146 3 0 0 0 0 127 869 28 0 0 0 0 0 
13 684 325 2 0 0 0 0 13 559 450 2 0 0 0 0 53 958 13 0 0 0 0 0 
0 702 322 0 0 0 0 0 0 601 423 0 0 0 0 0 7 1014 3 0 0 0 0 0 
196 793 35 0 0 0 0 0 26 973 25 0 0 0 0 0 214 810 0 0 0 0 0 0 
1013 11 0 0 0 0 0 0 781 243 0 0 0 0 0 0 1022 2 0 0 0 0 0 0 
995 29 0 0 0 0 0 0 538 484 2 0 0 0 0 0 1015 9 0 0 0 0 0 0 
835 177 12 0 0 0 0 0 291 709 24 0 0 0 0 0 946 62 16 0 0 0 0 0 
723 300 1 0 0 0 0 0 233 787 4 0 0 0 0 0 979 45 0 0 0 0 0 0 
240 759 25 0 0 0 0 0 50 924 48 2 0 0 0 0 784 230 10 0 0 0 0 0 
309 679 35 1 0 0 0 0 26 889 107 2 0 0 0 0 544 467 13 0 0 0 0 0 
63 817 142 2 0 0 0 0 5 568 441 10 0 0 0 0 26 846 152 0 0 0 0 0 
1 575 448 0 0 0 0 0 0 96 926 2 0 0 0 0 1 657 366 0 0 0 0 0 
30 944 50 0 0 0 0 0 1 578 445 0 0 0 0 0 0 912 112 0 0 0 0 0 
49 938 37 0 0 0 0 0 3 505 516 0 0 0 0 0 3 1013 8 0 0 0 0 0 
314 640 68 2 0 0 0 0 7 900 114 3 0 0 0 0 15 990 19 0 0 0 0 0 
18 717 285 4 0 0 0 0 0 471 549 4 0 0 0 0 9 981 34 0 0 0 0 0 
318 705 1 0 0 0 0 0 10 1013 1 0 0 0 0 0 23 1001 0 0 0 0 0 0 
951 72 1 0 0 0 0 0 217 805 2 0 0 0 0 0 159 865 0 0 0 0 0 0 
506 518 0 0 0 0 0 0 56 953 15 0 0 0 0 0 31 990 3 0 0 0 0 0 
531 475 18 0 0 0 0 0 65 920 39 0 0 0 0 0 60 956 8 0 0 0 0 0 
58 743 220 3 0 0 0 0 4 697 320 3 0 0 0 0 2 969 53 0 0 0 0 0 
80 850 58 18 11 6 1 0 55 870 65 16 11 7 0 0 22 914 50 19 11 8 0 0 
28 466 220 168 95 40 4 3 32 442 234 171 98 40 6 1 13 492 220 152 95 42 7 3 
1 251 623 102 34 13 0 0 0 198 677 103 32 13 1 0 1 562 369 55 27 10 0 0 
0 821 203 0 0 0 0 0 0 709 315 0 0 0 0 0 1 973 50 0 0 0 0 0 
62 840 103 9 6 4 0 0 28 832 142 13 6 3 0 0 13 932 60 10 5 4 0 0 
145 762 117 0 0 0 0 0 27 847 150 0 0 0 0 0 5 996 23 0 0 0 0 0 
132 859 26 7 0 0 0 0 53 944 21 6 0 0 0 0 27 956 30 11 0 0 0 0 
31 915 77 1 0 0 0 0 4 894 124 2 0 0 0 0 14 989 21 0 0 0 0 0 
275 739 10 0 0 0 0 0 22 995 7 0 0 0 0 0 49 959 16 0 0 0 0 0 
340 207 70 385 20 2 0 0 106 443 343 124 7 1 0 0 71 482 424 43 4 0 0 0 
0 0 28 618 378 0 0 0 0 0 306 718 0 0 0 0 0 1 960 63 0 0 0 0 
0 3 16 563 428 13 1 0 0 5 98 878 40 3 0 0 0 7 718 265 32 2 0 0 
2 55 416 456 94 1 0 0 6 114 493 387 24 0 0 0 6 135 552 304 27 0 0 0 
130 386 465 36 7 0 0 0 48 458 479 32 7 0 0 0 143 591 251 30 9 0 0 0 
48 802 174 0 0 0 0 0 21 806 197 0 0 0 0 0 64 951 9 0 0 0 0 0 
278 736 10 0 0 0 0 0 124 884 16 0 0 0 0 0 361 662 1 0 0 0 0 0 
58 751 215 0 0 0 0 0 31 718 275 0 0 0 0 0 182 837 5 0 0 0 0 0 
24 974 26 0 0 0 0 0 7 1004 13 0 0 0 0 0 132 892 0 0 0 0 0 0 
445 579 0 0 0 0 0 0 69 955 0 0 0 0 0 0 498 526 0 0 0 0 0 0 
1019 5 0 0 0 0 0 0 581 443 0 0 0 0 0 0 1023 1 0 0 0 0 0 0 
1024 0 0 0 0 0 0 0 795 229 0 0 0 0 0 0 1024 0 0 0 0 0 0 0 
977 47 0 0 0 0 0 0 504 520 0 0 0 0 0 0 1019 5 0 0 0 0 0 0 
675 348 1 0 0 0 0 0 281 725 18 0 0 0 0 0 989 35 0 0 0 0 0 0 
389 594 41 0 0 0 0 0 82 888 54 0 0 0 0 0 907 112 5 0 0 0 0 0 
195 799 29 1 0 0 0 0 35 928 60 1 0 0 0 0 528 479 17 0 0 0 0 0 
449 501 68 6 0 0 0 0 12 820 180 12 0 0 0 0 42 884 87 11 0 0 0 0 
222 694 29 68 11 0 0 0 33 681 226 55 27 2 0 0 35 869 70 45 5 0 0 0 
588 259 35 128 14 0 0 0 105 733 25 132 29 0 0 0 113 739 151 21 0 0 0 0 
320 515 147 40 2 0 0 0 20 768 189 42 5 0 0 0 32 840 147 5 0 0 0 0 
417 497 95 13 2 0 0 0 43 838 132 11 0 0 0 0 50 893 73 8 0 0 0 0 
104 851 58 10 1 0 0 0 25 862 128 9 0 0 0 0 33 957 28 6 0 0 0 0 
345 675 4 0 0 0 0 0 16 1005 3 0 0 0 0 0 45 979 0 0 0 0 0 0 
1021 3 0 0 0 0 0 0 312 712 0 0 0 0 0 0 260 764 0 0 0 0 0 0 
754 270 0 0 0 0 0 0 245 779 0 0 0 0 0 0 238 786 0 0 0 0 0 0 
363 633 15 8 2 1 2 0 66 928 15 10 2 1 2 0 27 966 16 10 2 1 2 0 
159 485 200 110 54 16 0 0 79 570 209 97 50 19 0 0 49 633 175 99 40 28 0 0 
15 534 261 150 58 6 0 0 16 461 320 162 60 5 0 0 10 567 228 132 80 7 0 0 
22 604 372 8 17 1 0 0 5 608 381 12 16 2 0 0 3 862 132 9 13 5 0 0 
0 621 403 0 0 0 0 0 2 568 454 0 0 0 0 0 3 1013 8 0 0 0 0 0 
3 1000 21 0 0 0 0 0 3 1013 8 0 0 0 0 0 1 1023 0 0 0 0 0 0 
101 923 0 0 0 0 0 0 10 1014 0 0 0 0 0 0 17 1007 0 0 0 0 0 0 
219 763 42 0 0 0 0 0 100 876 48 0 0 0 0 0 39 982 3 0 0 0 0 0 
179 757 88 0 0 0 0 0 32 883 108 1 0 0 0 0 85 916 23 0 0 0 0 0 
68 806 150 0 0 0 0 0 10 832 182 0 0 0 0 0 48 969 7 0 0 0 0 0 
550 473 1 0 0 0 0 0 131 890 3 0 0 0 0 0 112 909 3 0 0 0 0 0 
162 254 44 515 42 7 0 0 64 352 508 66 34 0 0 0 95 343 519 38 29 0 0 0 
0 0 7 944 73 0 0 0 0 0 332 692 0 0 0 0 0 5 1011 8 0 0 0 0 
0 2 206 696 83 30 6 1 1 15 435 515 31 22 5 0 1 84 803 80 36 15 5 0 
0 79 667 278 0 0 0 0 0 385 609 30 0 0 0 0 0 474 541 9 0 0 0 0 
21 595 328 65 13 2 0 0 5 769 173 64 11 2 0 0 52 739 156 60 15 2 0 0 
273 727 24 0 0 0 0 0 118 867 39 0 0 0 0 0 313 711 0 0 0 0 0 0 
583 434 7 0 0 0 0 0 255 733 36 0 0 0 0 0 736 284 4 0 0 0 0 0 
715 304 5 0 0 0 0 0 206 818 0 0 0 0 0 0 809 215 0 0 0 0 0 0 
138 873 13 0 0 0 0 0 45 976 3 0 0 0 0 0 446 578 0 0 0 0 0 0 
397 627 0 0 0 0 0 0 79 945 0 0 0 0 0 0 496 528 0 0 0 0 0 0 
995 25 4 0 0 0 0 0 629 391 4 0 0 0 0 0 1012 11 1 0 0 0 0 0 
1004 20 0 0 0 0 0 0 277 747 0 0 0 0 0 0 1023 1 0 0 0 0 0 0 
924 100 0 0 0 0 0 0 320 700 4 0 0 0 0 0 973 51 0 0 0 0 0 0 
569 441 14 0 0 0 0 0 89 905 30 0 0 0 0 0 917 101 6 0 0 0 0 0 
576 426 14 7 1 0 0 0 184 816 16 8 0 0 0 0 953 61 8 2 0 0 0 0 
288 716 20 0 0 0 0 0 61 934 29 0 0 0 0 0 857 163 4 0 0 0 0 0 
128 882 14 0 0 0 0 0 12 914 98 0 0 0 0 0 560 456 8 0 0 0 0 0 
120 827 63 14 0 0 0 0 21 687 298 18 0 0 0 0 49 942 32 1 0 0 0 0 
464 429 53 78 0 0 0 0 43 836 51 94 0 0 0 0 58 874 88 4 0 0 0 0 
231 592 177 22 2 0 0 0 12 815 165 32 0 0 0 0 18 890 107 9 0 0 0 0 
337 573 102 12 0 0 0 0 26 883 106 9 0 0 0 0 90 832 96 6 0 0 0 0 
68 813 129 14 0 0 0 0 16 827 174 7 0 0 0 0 43 902 76 3 0 0 0 0 
162 861 1 0 0 0 0 0 15 1001 8 0 0 0 0 0 50 970 4 0 0 0 0 0 
724 291 5 4 0 0 0 0 141 873 7 3 0 0 0 0 221 785 15 3 0 0 0 0 
506 378 137 3 0 0 0 0 159 809 55 1 0 0 0 0 173 809 41 1 0 0 0 0 
23 727 223 38 13 0 0 0 18 797 167 41 1 0 0 0 34 843 125 21 1 0 0 0 
7 423 383 180 30 1 0 0 8 470 405 128 13 0 0 0 18 558 352 92 4 0 0 0 
1 395 541 75 8 4 0 0 1 389 589 40 5 0 0 0 1 658 346 17 2 0 0 0 
3 307 630 84 0 0 0 0 1 367 628 28 0 0 0 0 3 518 502 1 0 0 0 0 
0 412 525 87 0 0 0 0 0 490 518 16 0 0 0 0 1 795 228 0 0 0 0 0 
0 479 507 36 2 0 0 0 2 785 233 4 0 0 0 0 1 882 138 3 0 0 0 0 
1 638 383 2 0 0 0 0 3 774 247 0 0 0 0 0 5 872 147 0 0 0 0 0 
47 635 333 9 0 0 0 0 71 759 190 4 0 0 0 0 16 862 145 1 0 0 0 0 
19 656 321 28 0 0 0 0 17 726 254 27 0 0 0 0 37 911 72 4 0 0 0 0 
68 593 338 25 0 0 0 0 68 689 246 19 2 0 0 0 67 892 62 3 0 0 0 0 
247 440 337 0 0 0 0 0 232 704 88 0 0 0 0 0 176 803 45 0 0 0 0 0 
23 220 272 497 12 0 0 0 43 305 437 231 8 0 0 0 81 329 591 15 8 0 0 0 
0 0 66 858 100 0 0 0 0 1 520 503 0 0 0 0 0 10 1013 1 0 0 0 0 
0 0 396 611 17 0 0 0 0 25 857 142 0 0 0 0 0 195 829 0 0 0 0 0 
0 0 904 120 0 0 0 0 0 93 924 7 0 0 0 0 0 598 426 0 0 0 0 0 
0 176 803 45 0 0 0 0 0 276 748 0 0 0 0 0 17 592 415 0 0 0 0 0 
151 404 459 10 0 0 0 0 51 645 328 0 0 0 0 0 262 638 124 0 0 0 0 0 
31 664 326 3 0 0 0 0 16 765 243 0 0 0 0 0 71 882 71 0 0 0 0 0 
146 631 247 0 0 0 0 0 71 882 71 0 0 0 0 0 237 782 5 0 0 0 0 0 
324 597 94 9 0 0 0 0 193 782 46 3 0 0 0 0 458 536 29 1 0 0 0 0 
857 167 0 0 0 0 0 0 786 238 0 0 0 0 0 0 895 129 0 0 0 0 0 0 
629 283 57 28 7 10 7 3 255 618 84 34 14 7 5 7 772 161 42 24 10 5 5 5 
505 220 91 47 33 59 44 25 316 377 115 49 28 45 58 36 564 182 72 40 29 46 54 37 
416 267 112 85 54 43 34 13 207 413 132 86 64 50 36 36 494 181 104 81 56 45 32 31 
425 406 62 39 23 36 21 12 169 644 69 35 29 31 25 22 686 159 49 25 31 28 24 22 
275 678 58 10 2 0 1 0 79 828 102 12 2 0 1 0 711 272 33 5 2 0 1 0 
268 703 50 3 0 0 0 0 90 842 88 4 0 0 0 0 654 366 3 1 0 0 0 0 
140 800 84 0 0 0 0 0 29 799 196 0 0 0 0 0 586 428 10 0 0 0 0 0 
2 686 336 0 0 0 0 0 0 214 810 0 0 0 0 0 24 986 14 0 0 0 0 0 
11 983 30 0 0 0 0 0 0 650 374 0 0 0 0 0 0 1024 0 0 0 0 0 0 
14 990 20 0 0 0 0 0 0 921 103 0 0 0 0 0 2 1022 0 0 0 0 0 0 
402 577 45 0 0 0 0 0 2 963 59 0 0 0 0 0 69 955 0 0 0 0 0 0 
11 950 63 0 0 0 0 0 2 808 214 0 0 0 0 0 8 1015 1 0 0 0 0 0 
356 668 0 0 0 0 0 0 1 1023 0 0 0 0 0 0 136 888 0 0 0 0 0 0 
968 56 0 0 0 0 0 0 244 780 0 0 0 0 0 0 302 722 0 0 0 0 0 0 
625 399 0 0 0 0 0 0 145 879 0 0 0 0 0 0 187 837 0 0 0 0 0 0 
619 405 0 0 0 0 0 0 67 957 0 0 0 0 0 0 205 819 0 0 0 0 0 0 
134 637 168 76 9 0 0 0 16 770 157 71 10 0 0 0 35 783 135 61 10 0 0 0 
4 584 314 96 23 3 0 0 7 560 330 105 19 3 0 0 5 559 334 103 20 3 0 0 
3 612 291 88 25 5 0 0 6 524 372 92 25 5 0 0 4 676 238 74 26 6 0 0 
0 713 311 0 0 0 0 0 0 652 372 0 0 0 0 0 0 1024 0 0 0 0 0 0 
6 1008 10 0 0 0 0 0 1 1023 0 0 0 0 0 0 4 1020 0 0 0 0 0 0 
48 976 0 0 0 0 0 0 31 993 0 0 0 0 0 0 64 960 0 0 0 0 0 0 
283 735 6 0 0 0 0 0 125 899 0 0 0 0 0 0 148 876 0 0 0 0 0 0 
193 778 40 11 2 0 0 0 64 917 33 9 1 0 0 0 117 880 20 7 0 0 0 0 
182 580 91 86 67 17 1 0 136 653 104 84 40 7 0 0 242 581 88 81 25 7 0 0 
384 225 106 170 117 22 0 0 335 303 119 195 68 4 0 0 344 320 235 103 22 0 0 0 
26 183 179 280 342 14 0 0 39 214 267 451 47 6 0 0 117 220 427 251 9 0 0 0 
35 78 114 307 480 10 0 0 62 90 170 636 63 3 0 0 88 133 386 411 6 0 0 0 
137 36 47 214 588 2 0 0 142 35 95 670 82 0 0 0 143 53 396 432 0 0 0 0 
7 46 273 381 284 32 1 0 30 86 393 431 77 7 0 0 40 162 562 238 22 0 0 0 
4 105 419 368 100 19 9 0 26 164 581 198 37 18 0 0 64 304 523 101 21 11 0 0 
63 406 315 135 89 14 2 0 94 544 226 98 53 9 0 0 187 528 178 99 29 3 0 0 
84 566 265 54 29 16 9 1 64 732 149 43 22 8 6 0 260 600 96 38 18 9 3 0 
235 631 158 0 0 0 0 0 124 875 25 0 0 0 0 0 535 489 0 0 0 0 0 0 
347 598 73 6 0 0 0 0 255 720 48 1 0 0 0 0 571 417 36 0 0 0 0 0 
905 119 0 0 0 0 0 0 864 160 0 0 0 0 0 0 986 38 0 0 0 0 0 0 
818 128 22 15 13 5 10 13 400 537 28 15 11 8 11 14 910 41 21 13 7 11 9 12 
742 154 31 13 15 20 34 15 400 483 46 12 12 15 32 24 849 59 27 11 16 13 34 15 
391 340 70 37 38 54 53 41 183 534 72 37 35 39 67 57 643 112 44 34 41 40 57 53 
225 279 70 46 47 110 180 67 170 345 58 32 47 69 185 118 463 87 34 35 41 79 183 102 
117 306 151 83 66 124 137 40 98 301 151 77 60 107 132 98 255 226 96 67 56 106 129 89 
48 309 204 107 83 93 148 32 26 261 237 120 84 80 146 70 201 275 112 86 72 76 138 64 
111 187 295 169 93 76 64 29 114 142 322 168 92 65 78 43 160 241 270 101 83 67 71 31 
3 222 586 126 73 14 0 0 3 53 730 157 57 21 3 0 7 505 360 109 21 22 0 0 
0 497 486 19 22 0 0 0 0 201 779 26 18 0 0 0 6 902 87 29 0 0 0 0 
4 920 98 2 0 0 0 0 15 693 314 2 0 0 0 0 38 971 15 0 0 0 0 0 
112 787 98 17 9 1 0 0 53 758 191 16 5 1 0 0 88 892 28 14 2 0 0 0 
31 821 146 18 8 0 0 0 32 750 219 19 4 0 0 0 49 930 34 11 0 0 0 0 
140 871 13 0 0 0 0 0 2 1022 0 0 0 0 0 0 76 948 0 0 0 0 0 0 
576 448 0 0 0 0 0 0 84 940 0 0 0 0 0 0 231 793 0 0 0 0 0 0 
229 795 0 0 0 0 0 0 11 1013 0 0 0 0 0 0 73 951 0 0 0 0 0 0 
245 770 9 0 0 0 0 0 9 1012 3 0 0 0 0 0 132 892 0 0 0 0 0 0 
1 901 121 1 0 0 0 0 1 972 51 0 0 0 0 0 2 1015 7 0 0 0 0 0 
11 983 26 4 0 0 0 0 4 1012 6 2 0 0 0 0 11 1006 4 3 0 0 0 0 
6 813 136 45 17 7 0 0 1 884 71 43 19 6 0 0 1 910 60 29 15 9 0 0 
0 426 577 21 0 0 0 0 0 518 490 16 0 0 0 0 1 906 117 0 0 0 0 0 
0 964 60 0 0 0 0 0 3 1021 0 0 0 0 0 0 6 1018 0 0 0 0 0 0 
58 961 5 0 0 0 0 0 2 1019 3 0 0 0 0 0 90 933 1 0 0 0 0 0 
127 881 14 2 0 0 0 0 33 980 10 1 0 0 0 0 166 854 4 0 0 0 0 0 
131 852 41 0 0 0 0 0 36 962 26 0 0 0 0 0 200 809 14 1 0 0 0 0 
9 990 25 0 0 0 0 0 0 994 30 0 0 0 0 0 100 924 0 0 0 0 0 0 
398 626 0 0 0 0 0 0 65 959 0 0 0 0 0 0 521 503 0 0 0 0 0 0 
133 210 231 432 18 0 0 0 69 288 471 196 0 0 0 0 214 205 599 6 0 0 0 0 
3 16 193 780 32 0 0 0 4 34 653 333 0 0 0 0 8 90 926 0 0 0 0 0 
34 32 237 688 33 0 0 0 45 76 464 439 0 0 0 0 47 177 784 16 0 0 0 0 
5 79 499 400 38 3 0 0 33 261 536 177 17 0 0 0 38 375 579 27 5 0 0 0 
151 367 463 40 3 0 0 0 207 460 336 19 2 0 0 0 279 554 182 8 1 0 0 0 
323 416 166 78 38 3 0 0 332 452 163 57 20 0 0 0 555 287 124 55 3 0 0 0 
484 492 26 17 5 0 0 0 271 711 24 16 2 0 0 0 777 214 19 14 0 0 0 0 
534 490 0 0 0 0 0 0 331 693 0 0 0 0 0 0 945 79 0 0 0 0 0 0 
210 813 1 0 0 0 0 0 115 908 1 0 0 0 0 0 886 138 0 0 0 0 0 0 
651 373 0 0 0 0 0 0 373 651 0 0 0 0 0 0 970 54 0 0 0 0 0 0 
974 50 0 0 0 0 0 0 671 352 1 0 0 0 0 0 1020 4 0 0 0 0 0 0 
825 199 0 0 0 0 0 0 269 751 4 0 0 0 0 0 1004 20 0 0 0 0 0 0 
764 169 23 12 12 13 13 18 275 653 29 9 12 13 7 26 911 36 15 9 13 9 7 24 
479 305 116 29 28 19 14 34 435 358 103 32 29 16 15 36 614 221 62 32 28 18 16 33 
334 384 172 29 25 15 51 14 304 442 140 30 22 15 37 34 471 359 61 25 19 15 38 36 
115 295 232 89 61 73 119 40 117 279 242 93 51 49 111 82 299 261 120 70 47 46 124 57 
114 204 193 95 59 72 255 32 160 174 192 86 50 65 213 84 193 188 173 74 39 70 217 70 
266 217 126 56 31 45 242 41 284 219 114 54 30 36 207 80 350 202 76 56 31 27 189 93 
241 198 74 58 36 39 341 37 272 172 66 54 28 32 312 88 327 130 55 54 27 27 257 147 
125 224 188 123 101 72 191 0 150 248 153 110 81 58 217 7 205 223 143 99 71 53 208 22 
126 381 222 83 60 59 91 2 139 317 252 90 60 55 108 3 225 335 171 68 58 47 113 7 
39 436 403 78 28 30 10 0 36 278 540 86 35 29 18 2 52 698 131 58 34 29 20 2 
0 869 155 0 0 0 0 0 0 695 329 0 0 0 0 0 3 994 27 0 0 0 0 0 
18 1003 3 0 0 0 0 0 0 1024 0 0 0 0 0 0 35 989 0 0 0 0 0 0 
77 947 0 0 0 0 0 0 1 1023 0 0 0 0 0 0 61 963 0 0 0 0 0 0 
110 858 56 0 0 0 0 0 2 998 24 0 0 0 0 0 104 920 0 0 0 0 0 0 
0 503 520 1 0 0 0 0 0 755 269 0 0 0 0 0 3 1012 9 0 0 0 0 0 
1 667 356 0 0 0 0 0 0 816 208 0 0 0 0 0 1 1016 7 0 0 0 0 0 
0 538 486 0 0 0 0 0 0 650 371 3 0 0 0 0 0 936 88 0 0 0 0 0 
0 878 146 0 0 0 0 0 0 998 26 0 0 0 0 0 0 1024 0 0 0 0 0 0 
0 962 62 0 0 0 0 0 0 1024 0 0 0 0 0 0 4 1020 0 0 0 0 0 0 
58 966 0 0 0 0 0 0 9 1015 0 0 0 0 0 0 319 705 0 0 0 0 0 0 
34 988 2 0 0 0 0 0 6 1018 0 0 0 0 0 0 105 919 0 0 0 0 0 0 
287 737 0 0 0 0 0 0 73 951 0 0 0 0 0 0 521 503 0 0 0 0 0 0 
86 927 11 0 0 0 0 0 7 1009 8 0 0 0 0 0 250 774 0 0 0 0 0 0 
119 905 0 0 0 0 0 0 9 1015 0 0 0 0 0 0 459 565 0 0 0 0 0 0 
118 210 654 29 13 0 0 0 64 361 582 7 10 0 0 0 206 646 157 7 8 0 0 0 
0 0 947 77 0 0 0 0 0 1 1023 0 0 0 0 0 0 630 394 0 0 0 0 0 
0 4 1015 5 0 0 0 0 0 437 587 0 0 0 0 0 0 914 110 0 0 0 0 0 
0 87 937 0 0 0 0 0 0 912 112 0 0 0 0 0 0 1017 7 0 0 0 0 0 
0 526 498 0 0 0 0 0 0 1020 4 0 0 0 0 0 31 991 2 0 0 0 0 0 
88 935 1 0 0 0 0 0 48 976 0 0 0 0 0 0 446 578 0 0 0 0 0 0 
397 627 0 0 0 0 0 0 226 798 0 0 0 0 0 0 935 89 0 0 0 0 0 0 
282 742 0 0 0 0 0 0 156 868 0 0 0 0 0 0 739 285 0 0 0 0 0 0 
293 731 0 0 0 0 0 0 92 932 0 0 0 0 0 0 865 159 0 0 0 0 0 0 
550 474 0 0 0 0 0 0 161 863 0 0 0 0 0 0 1001 23 0 0 0 0 0 0 
1013 11 0 0 0 0 0 0 549 475 0 0 0 0 0 0 1024 0 0 0 0 0 0 0 
834 177 13 0 0 0 0 0 232 770 20 2 0 0 0 0 973 47 4 0 0 0 0 0 
542 370 46 29 15 11 4 7 140 737 68 32 18 18 3 8 828 98 41 18 22 6 4 7 
452 198 47 58 42 62 105 60 166 463 61 56 37 54 98 89 588 80 38 51 52 49 101 65 
101 227 94 45 86 210 216 45 49 249 106 48 70 113 283 106 252 122 52 48 64 142 269 75 
95 175 103 59 78 116 343 55 56 190 98 73 72 90 312 133 171 130 75 68 67 81 315 117 
0 2 0 4 7 38 967 6 0 0 2 3 4 14 955 46 0 2 1 3 5 21 941 51 
0 0 0 0 4 34 986 0 0 0 0 0 1 10 948 65 0 0 0 0 2 9 939 74 
0 0 0 0 0 0 1024 0 0 0 0 0 0 0 1003 21 0 0 0 0 0 0 1018 6 
0 0 0 0 2 15 1007 0 0 0 0 0 0 9 1007 8 0 0 0 0 0 8 961 55 
0 0 0 2 4 25 993 0 0 0 0 0 5 12 1006 1 0 0 0 2 4 10 996 12 
0 3 10 6 19 66 920 0 0 2 7 7 15 24 963 6 0 2 7 7 14 22 958 14 
0 133 167 89 88 168 378 1 0 85 175 102 80 136 441 5 4 137 138 81 70 114 453 27 
0 490 341 66 49 45 33 0 0 354 462 60 61 54 31 2 0 579 239 58 56 44 41 7 
7 798 150 32 15 12 10 0 0 770 172 42 15 13 11 1 5 851 91 33 18 14 9 3 
1 706 166 98 47 6 0 0 1 699 177 92 48 7 0 0 5 756 121 83 52 7 0 0 
0 145 482 220 84 72 21 0 0 181 449 223 89 55 27 0 0 361 346 165 71 45 36 0 
0 8 285 100 116 187 328 0 0 16 277 100 108 178 345 0 0 128 170 90 94 167 375 0 
0 0 95 68 85 169 607 0 0 0 91 68 95 155 615 0 0 16 75 61 73 138 654 7 
0 250 371 99 92 124 88 0 0 311 313 94 88 125 93 0 0 500 124 86 77 106 130 1 
0 429 372 97 85 41 0 0 0 536 268 95 85 40 0 0 0 678 144 80 75 40 7 0 
5 950 69 0 0 0 0 0 5 1010 9 0 0 0 0 0 209 813 2 0 0 0 0 0 
78 946 0 0 0 0 0 0 15 1009 0 0 0 0 0 0 298 726 0 0 0 0 0 0 
233 791 0 0 0 0 0 0 36 988 0 0 0 0 0 0 709 315 0 0 0 0 0 0 
57 967 0 0 0 0 0 0 4 1020 0 0 0 0 0 0 337 687 0 0 0 0 0 0 
219 805 0 0 0 0 0 0 51 973 0 0 0 0 0 0 767 257 0 0 0 0 0 0 
86 283 637 17 1 0 0 0 23 468 525 7 1 0 0 0 303 662 53 6 0 0 0 0 
0 0 980 44 0 0 0 0 0 8 1016 0 0 0 0 0 0 792 232 0 0 0 0 0 
0 6 899 104 15 0 0 0 0 152 827 34 11 0 0 0 0 680 312 23 9 0 0 0 
0 500 524 0 0 0 0 0 0 893 131 0 0 0 0 0 6 1007 11 0 0 0 0 0 
249 588 187 0 0 0 0 0 245 693 86 0 0 0 0 0 559 375 90 0 0 0 0 0 
358 666 0 0 0 0 0 0 260 764 0 0 0 0 0 0 802 222 0 0 0 0 0 0 
264 760 0 0 0 0 0 0 174 850 0 0 0 0 0 0 911 113 0 0 0 0 0 0 
1 1023 0 0 0 0 0 0 0 1024 0 0 0 0 0 0 448 576 0 0 0 0 0 0 
159 865 0 0 0 0 0 0 26 998 0 0 0 0 0 0 906 118 0 0 0 0 0 0 
621 403 0 0 0 0 0 0 496 528 0 0 0 0 0 0 1017 7 0 0 0 0 0 0 
1020 4 0 0 0 0 0 0 812 212 0 0 0 0 0 0 1024 0 0 0 0 0 0 0 
1015 9 0 0 0 0 0 0 807 217 0 0 0 0 0 0 1024 0 0 0 0 0 0 0 
831 193 0 0 0 0 0 0 436 588 0 0 0 0 0 0 1024 0 0 0 0 0 0 0 
591 385 20 8 9 6 5 0 203 763 29 7 10 6 6 0 947 44 7 8 8 7 3 0 
291 343 108 36 38 105 81 22 122 518 89 44 29 69 116 37 566 137 51 28 37 71 102 32 
174 322 149 52 78 115 111 23 106 397 119 70 60 77 142 53 409 166 79 52 59 70 140 49 
181 396 72 43 38 97 154 43 115 437 89 44 30 44 188 77 482 122 49 41 32 31 197 70 
45 91 55 28 31 84 669 21 28 112 48 26 30 34 718 28 132 49 19 30 29 36 698 31 
0 0 0 0 0 0 1024 0 0 0 0 0 0 0 1024 0 0 0 0 0 0 0 1017 7 
0 0 0 0 0 0 1024 0 0 0 0 0 0 0 1024 0 0 0 0 0 0 0 1013 11 
0 0 0 0 0 0 1024 0 0 0 0 0 0 0 1024 0 0 0 0 0 0 0 1024 0 
0 0 0 0 0 0 1024 0 0 0 0 0 0 0 1024 0 0 0 0 0 0 0 1024 0 
0 0 0 0 0 5 1019 0 0 0 0 0 0 2 1022 0 0 0 0 0 0 0 1024 0 
0 0 0 5 7 38 974 0 0 0 0 4 7 28 985 0 0 0 0 2 7 24 986 5 
0 0 3 49 49 62 861 0 0 0 1 44 48 60 866 5 0 0 0 37 50 56 868 13 
0 2 34 34 68 108 778 0 0 0 33 30 70 109 782 0 0 1 33 27 59 89 815 0 
0 0 0 24 49 92 859 0 0 0 0 28 50 85 861 0 0 0 0 25 47 74 877 1 
0 0 0 0 0 0 1024 0 0 0 0 0 0 0 1024 0 0 0 0 0 0 0 1024 0 
0 0 0 0 0 5 1018 1 0 0 0 0 0 5 1018 1 0 0 0 0 0 5 1013 6 
0 0 0 0 0 60 964 0 0 0 0 0 0 58 966 0 0 0 0 0 0 28 995 1 
0 0 10 19 54 172 769 0 0 0 12 22 50 157 783 0 0 0 15 14 43 92 860 0 
2 473 268 86 73 103 19 0 1 520 231 73 73 108 18 0 34 525 177 73 57 91 67 0 
0 902 122 0 0 0 0 0 0 961 63 0 0 0 0 0 94 878 52 0 0 0 0 0 
24 812 148 40 0 0 0 0 6 857 124 37 0 0 0 0 160 700 118 46 0 0 0 0 
3 739 194 88 0 0 0 0 0 750 189 85 0 0 0 0 118 674 140 83 9 0 0 0 
101 922 1 0 0 0 0 0 17 1007 0 0 0 0 0 0 771 253 0 0 0 0 0 0 
36 399 580 9 0 0 0 0 12 568 444 0 0 0 0 0 272 541 211 0 0 0 0 0 
0 7 992 25 0 0 0 0 0 115 909 0 0 0 0 0 1 790 233 0 0 0 0 0 
0 4 969 51 0 0 0 0 0 87 937 0 0 0 0 0 0 678 346 0 0 0 0 0 
0 481 543 0 0 0 0 0 0 671 353 0 0 0 0 0 0 776 248 0 0 0 0 0 
3 903 118 0 0 0 0 0 7 1000 17 0 0 0 0 0 410 598 16 0 0 0 0 0 
162 862 0 0 0 0 0 0 85 939 0 0 0 0 0 0 924 100 0 0 0 0 0 0 
153 868 3 0 0 0 0 0 116 906 2 0 0 0 0 0 853 171 0 0 0 0 0 0 
0 1020 4 0 0 0 0 0 0 1024 0 0 0 0 0 0 651 373 0 0 0 0 0 0 
13 1006 5 0 0 0 0 0 7 1017 0 0 0 0 0 0 587 437 0 0 0 0 0 0 
153 871 0 0 0 0 0 0 124 900 0 0 0 0 0 0 913 111 0 0 0 0 0 0 
987 37 0 0 0 0 0 0 513 510 1 0 0 0 0 0 1017 7 0 0 0 0 0 0 
987 37 0 0 0 0 0 0 693 331 0 0 0 0 0 0 1022 2 0 0 0 0 0 0 
963 59 2 0 0 0 0 0 710 310 4 0 0 0 0 0 1014 10 0 0 0 0 0 0 
710 297 15 1 0 1 0 0 147 854 21 1 0 1 0 0 982 38 2 1 1 0 0 0 
596 389 30 7 1 1 0 0 266 683 64 9 1 1 0 0 925 72 21 4 1 1 0 0 
486 318 51 25 30 54 55 5 243 548 56 28 25 42 67 15 749 73 33 26 24 41 65 13 
442 407 63 44 27 18 15 8 275 542 82 47 30 15 21 12 753 122 41 42 21 16 17 12 
106 227 96 64 44 244 224 19 68 222 128 63 49 76 386 32 217 154 73 53 39 66 375 47 
0 0 0 0 0 223 801 0 0 0 0 0 0 0 1024 0 0 0 0 0 0 0 1024 0 
0 0 0 0 0 170 854 0 0 0 0 0 0 0 1024 0 0 0 0 0 0 0 1024 0 
0 0 0 0 0 74 950 0 0 0 0 0 0 0 1024 0 0 0 0 0 0 0 1024 0 
0 0 0 0 0 30 994 0 0 0 0 0 0 0 1024 0 0 0 0 0 0 0 1024 0 
0 0 0 0 0 10 1014 0 0 0 0 0 0 0 1024 0 0 0 0 0 0 0 1024 0 
0 0 0 0 0 13 1011 0 0 0 0 0 0 0 1024 0 0 0 0 0 0 0 1024 0 
0 0 0 0 0 6 1018 0 0 0 0 0 0 0 1024 0 0 0 0 0 0 0 1024 0 
0 0 0 0 0 10 1014 0 0 0 0 0 0 0 1024 0 0 0 0 0 0 0 1024 0 
0 0 0 0 0 0 1024 0 0 0 0 0 0 0 1024 0 0 0 0 0 0 0 1024 0 
0 0 0 0 0 0 1024 0 0 0 0 0 0 0 1024 0 0 0 0 0 0 0 1024 0 
0 0 0 1 4 16 1003 0 0 0 0 1 3 12 1008 0 0 0 0 0 3 6 1012 3 
0 0 0 0 0 0 1024 0 0 0 0 0 0 0 1024 0 0 0 0 0 0 0 1024 0 
0 0 0 0 0 26 998 0 0 0 0 0 0 35 989 0 0 0 0 0 0 3 1021 0 
0 11 39 74 85 302 513 0 0 12 39 70 78 298 527 0 0 12 39 57 68 175 673 0 
0 96 320 155 108 232 108 5 0 95 307 169 109 239 103 2 0 130 274 149 101 151 211 8 
1 46 139 111 135 460 132 0 2 55 141 102 135 420 169 0 3 57 112 116 100 217 410 9 
0 59 90 115 169 487 104 0 0 61 93 100 160 510 100 0 0 66 70 90 132 259 407 0 
29 941 38 8 6 2 0 0 29 959 20 8 5 3 0 0 145 839 24 3 10 3 0 0 
9 504 503 8 0 0 0 0 5 834 183 2 0 0 0 0 57 851 115 1 0 0 0 0 
0 28 911 85 0 0 0 0 0 247 729 48 0 0 0 0 2 800 201 21 0 0 0 0 
0 154 863 5 2 0 0 0 3 532 485 4 0 0 0 0 7 1000 14 3 0 0 0 0 
5 489 530 0 0 0 0 0 14 720 290 0 0 0 0 0 109 775 140 0 0 0 0 0 
2 949 73 0 0 0 0 0 0 1024 0 0 0 0 0 0 634 390 0 0 0 0 0 0 
15 996 13 0 0 0 0 0 20 1003 1 0 0 0 0 0 862 162 0 0 0 0 0 0 
78 927 16 3 0 0 0 0 36 976 11 1 0 0 0 0 734 277 12 1 0 0 0 0 
30 983 11 0 0 0 0 0 3 1021 0 0 0 0 0 0 747 277 0 0 0 0 0 0 
1 1023 0 0 0 0 0 0 2 1022 0 0 0 0 0 0 535 489 0 0 0 0 0 0 
107 917 0 0 0 0 0 0 21 1003 0 0 0 0 0 0 867 157 0 0 0 0 0 0 
978 46 0 0 0 0 0 0 622 401 1 0 0 0 0 0 1013 11 0 0 0 0 0 0 
997 27 0 0 0 0 0 0 695 329 0 0 0 0 0 0 1024 0 0 0 0 0 0 0 
965 59 0 0 0 0 0 0 509 515 0 0 0 0 0 0 1021 3 0 0 0 0 0 0 
968 56 0 0 0 0 0 0 533 490 1 0 0 0 0 0 1009 15 0 0 0 0 0 0 
719 279 13 7 3 2 1 0 152 843 15 5 4 3 1 1 982 25 5 5 3 3 0 1 
644 261 34 34 9 26 15 1 190 704 38 29 16 20 24 3 848 68 27 22 18 23 15 3 
376 433 101 53 32 16 10 3 156 614 127 51 37 20 14 5 676 171 71 44 27 17 13 5 
39 97 68 50 85 577 107 1 25 100 74 49 64 228 481 3 71 82 55 47 61 157 548 3 
0 0 0 4 22 861 137 0 0 0 0 1 16 36 971 0 0 0 0 1 15 29 979 0 
0 0 0 0 0 668 356 0 0 0 0 0 0 0 1024 0 0 0 0 0 0 0 1024 0 
0 0 0 0 0 425 599 0 0 0 0 0 0 0 1024 0 0 0 0 0 0 0 1024 0 
0 0 0 0 0 382 642 0 0 0 0 0 0 6 1018 0 0 0 0 0 0 0 1024 0 
0 0 0 0 5 311 708 0 0 0 0 0 4 30 990 0 0 0 0 0 1 16 1007 0 
0 0 0 0 4 278 742 0 0 0 0 0 2 164 858 0 0 0 0 0 0 94 930 0 
0 0 0 1 28 247 748 0 0 0 0 1 21 177 825 0 0 0 0 1 13 81 929 0 
0 0 0 1 34 303 686 0 0 0 0 0 36 292 696 0 0 0 0 0 25 138 861 0 
0 0 0 10 84 334 594 2 0 0 0 10 83 297 633 1 0 0 0 3 59 183 767 12 
0 0 0 1 40 287 694 2 0 0 0 2 44 243 734 1 0 0 0 0 22 133 866 3 
0 0 0 0 27 330 667 0 0 0 0 0 35 290 699 0 0 0 0 0 20 137 867 0 
0 0 0 0 21 354 649 0 0 0 0 0 21 319 684 0 0 0 0 0 12 85 927 0 
0 0 0 0 18 391 615 0 0 0 0 0 18 424 582 0 0 0 0 0 11 73 940 0 
0 0 0 0 0 617 407 0 0 0 0 0 3 351 670 0 0 0 0 0 0 113 911 0 
0 0 0 0 15 580 429 0 0 0 0 0 15 478 531 0 0 0 0 0 3 69 952 0 
0 0 0 0 8 740 276 0 0 0 0 0 12 572 440 0 0 0 0 0 0 80 944 0 
0 0 0 2 3 868 151 0 0 0 1 1 3 751 268 0 0 0 0 2 2 6 1014 0 
9 324 134 73 57 381 46 0 15 335 126 64 49 389 46 0 38 322 95 63 50 107 345 4 
69 847 77 15 7 6 3 0 29 922 43 12 8 4 6 0 336 634 22 14 8 3 6 1 
40 685 299 0 0 0 0 0 15 967 42 0 0 0 0 0 297 727 0 0 0 0 0 0 
11 742 271 0 0 0 0 0 8 1011 5 0 0 0 0 0 273 749 2 0 0 0 0 0 
18 954 52 0 0 0 0 0 22 999 3 0 0 0 0 0 609 415 0 0 0 0 0 0 
22 997 5 0 0 0 0 0 17 1005 2 0 0 0 0 0 729 295 0 0 0 0 0 0 
3 992 24 4 1 0 0 0 10 1001 10 3 0 0 0 0 851 166 5 2 0 0 0 0 
13 1000 11 0 0 0 0 0 13 1011 0 0 0 0 0 0 823 201 0 0 0 0 0 0 
8 1009 7 0 0 0 0 0 1 1023 0 0 0 0 0 0 906 118 0 0 0 0 0 0 
17 990 17 0 0 0 0 0 0 1024 0 0 0 0 0 0 492 532 0 0 0 0 0 0 
28 983 13 0 0 0 0 0 4 1017 3 0 0 0 0 0 591 433 0 0 0 0 0 0 
1010 14 0 0 0 0 0 0 926 98 0 0 0 0 0 0 1024 0 0 0 0 0 0 0 
987 37 0 0 0 0 0 0 643 381 0 0 0 0 0 0 1019 5 0 0 0 0 0 0 
1004 20 0 0 0 0 0 0 768 256 0 0 0 0 0 0 1024 0 0 0 0 0 0 0 
915 109 0 0 0 0 0 0 314 710 0 0 0 0 0 0 1022 2 0 0 0 0 0 0 
849 175 0 0 0 0 0 0 227 792 5 0 0 0 0 0 1020 4 0 0 0 0 0 0 
872 152 0 0 0 0 0 0 364 660 0 0 0 0 0 0 1024 0 0 0 0 0 0 0 
448 517 22 17 9 5 4 2 103 860 27 15 7 5 5 2 946 32 20 9 5 8 2 2 
316 302 117 79 50 115 39 6 197 396 135 79 50 73 89 5 506 167 89 62 50 55 91 4 
0 0 0 2 52 956 14 0 0 0 0 0 28 416 580 0 0 0 0 0 24 303 697 0 
0 0 0 0 25 936 63 0 0 0 0 0 10 541 473 0 0 0 0 0 1 353 670 0 
0 0 0 0 17 946 61 0 0 0 0 0 10 594 420 0 0 0 0 0 2 221 801 0 
0 0 0 0 0 935 89 0 0 0 0 0 0 706 318 0 0 0 0 0 0 234 790 0 
0 0 0 0 8 959 57 0 0 0 0 0 2 767 255 0 0 0 0 0 0 161 863 0 
0 0 0 0 2 979 43 0 0 0 0 0 2 445 577 0 0 0 0 0 0 122 902 0 
18 25 10 8 14 776 173 0 29 17 10 9 12 504 443 0 34 15 7 9 10 158 791 0 
20 42 14 13 34 600 300 1 45 22 13 16 33 388 507 0 45 22 12 15 27 95 807 1 
0 0 0 0 0 574 450 0 0 0 0 0 0 497 527 0 0 0 0 0 0 6 1018 0 
0 0 0 0 0 737 287 0 0 0 0 0 0 562 462 0 0 0 0 0 0 2 1022 0 
0 0 8 12 13 742 247 2 0 4 8 10 15 716 271 0 1 7 6 8 11 58 930 3 
0 0 0 0 1 874 149 0 0 0 0 0 2 815 207 0 0 0 0 0 0 21 1003 0 
0 0 0 0 0 850 174 0 0 0 0 0 0 889 135 0 0 0 0 0 0 53 971 0 
0 0 0 0 0 999 25 0 0 0 0 0 6 960 58 0 0 0 0 0 0 157 867 0 
0 0 0 0 0 975 49 0 0 0 0 0 0 950 74 0 0 0 0 0 0 107 917 0 
0 0 0 0 23 969 32 0 0 0 0 0 25 978 21 0 0 0 0 0 9 154 861 0 
0 0 0 0 0 1024 0 0 0 0 0 0 0 1024 0 0 0 0 0 0 0 120 904 0 
0 0 0 0 3 1021 0 0 0 0 0 0 3 1021 0 0 0 0 0 0 0 173 851 0 
13 175 66 56 72 616 26 0 13 185 60 54 67 620 25 0 18 171 44 59 61 262 406 3 
25 712 81 34 36 123 13 0 16 723 77 33 38 121 16 0 115 631 63 35 28 82 70 0 
50 821 61 22 22 44 4 0 37 844 51 21 20 45 6 0 440 444 43 15 19 38 25 0 
8 789 101 28 40 58 0 0 6 827 62 29 36 64 0 0 323 516 57 21 23 76 8 0 
0 910 93 21 0 0 0 0 0 945 62 17 0 0 0 0 579 382 46 17 0 0 0 0 
12 1010 2 0 0 0 0 0 10 1014 0 0 0 0 0 0 800 224 0 0 0 0 0 0 
39 962 23 0 0 0 0 0 14 1010 0 0 0 0 0 0 760 264 0 0 0 0 0 0 
1 997 26 0 0 0 0 0 4 1020 0 0 0 0 0 0 792 232 0 0 0 0 0 0 
4 997 23 0 0 0 0 0 0 1024 0 0 0 0 0 0 791 233 0 0 0 0 0 0 
40 983 1 0 0 0 0 0 19 1005 0 0 0 0 0 0 859 165 0 0 0 0 0 0 
1015 9 0 0 0 0 0 0 992 32 0 0 0 0 0 0 1024 0 0 0 0 0 0 0 
1024 0 0 0 0 0 0 0 922 102 0 0 0 0 0 0 1024 0 0 0 0 0 0 0 
1002 22 0 0 0 0 0 0 802 222 0 0 0 0 0 0 1024 0 0 0 0 0 0 0 
975 49 0 0 0 0 0 0 861 163 0 0 0 0 0 0 1021 3 0 0 0 0 0 0 
936 86 1 1 0 0 0 0 334 684 5 1 0 0 0 0 1005 17 2 0 0 0 0 0 
983 41 0 0 0 0 0 0 766 258 0 0 0 0 0 0 1023 1 0 0 0 0 0 0 
481 478 50 7 5 3 0 0 158 785 64 10 2 5 0 0 894 96 23 5 3 3 0 0 
129 150 72 91 119 373 86 4 85 174 87 72 93 355 151 7 202 99 71 64 86 289 198 15 
0 0 0 0 22 998 4 0 0 0 0 0 16 897 111 0 0 0 0 0 5 447 572 0 
0 0 0 0 0 1024 0 0 0 0 0 0 0 778 246 0 0 0 0 0 0 369 655 0 
0 0 0 0 0 1024 0 0 0 0 0 0 0 821 203 0 0 0 0 0 0 160 864 0 
0 0 0 0 0 1017 7 0 0 0 0 0 0 922 102 0 0 0 0 0 0 117 907 0 
0 0 0 0 0 1020 4 0 0 0 0 0 0 909 115 0 0 0 0 0 0 87 937 0 
0 0 1 4 4 1005 10 0 0 0 0 3 6 972 43 0 0 0 0 2 4 201 817 0 
243 159 78 78 83 302 79 2 260 132 83 76 82 275 111 5 237 138 84 75 67 183 219 21 
458 237 46 47 40 164 31 1 557 139 41 47 39 157 44 0 558 126 47 44 34 94 118 3 
0 0 0 0 0 1019 5 0 0 0 0 0 0 1018 6 0 0 0 0 0 0 164 860 0 
0 0 0 0 0 1018 6 0 0 0 0 0 0 1022 2 0 0 0 0 0 0 99 925 0 
0 0 0 1 7 1002 14 0 0 0 0 0 6 1018 0 0 0 0 0 0 4 72 948 0 
0 0 0 4 6 1013 1 0 0 0 0 4 6 1013 1 0 0 0 0 3 5 190 826 0 
0 0 0 0 0 1022 2 0 0 0 0 0 0 1023 1 0 0 0 0 0 0 128 896 0 
0 0 0 0 0 1011 13 0 0 0 0 0 0 1018 6 0 0 0 0 0 0 222 802 0 
0 0 0 0 0 1024 0 0 0 0 0 0 0 1024 0 0 0 0 0 0 0 163 861 0 
0 0 0 0 0 1024 0 0 0 0 0 0 0 1024 0 0 0 0 0 0 0 291 733 0 
0 0 0 0 0 1024 0 0 0 0 0 0 0 1024 0 0 0 0 0 0 0 422 602 0 
0 0 0 0 0 1024 0 0 0 0 0 0 0 1024 0 0 0 0 0 0 0 516 508 0 
0 0 0 0 0 1024 0 0 0 0 0 0 0 1024 0 0 0 0 0 0 0 573 451 0 
1 15 16 14 33 941 4 0 1 14 16 15 29 945 4 0 4 18 7 14 16 774 191 0 
1 3 6 7 38 969 0 0 0 2 5 7 34 976 0 0 1 2 5 4 12 927 73 0 
0 54 168 167 217 417 1 0 0 95 153 156 232 388 0 0 2 126 112 128 165 458 33 0 
3 760 188 54 16 3 0 0 10 803 139 52 16 4 0 0 308 544 104 46 15 7 0 0 
7 585 253 70 38 71 0 0 5 661 176 73 43 66 0 0 159 537 140 66 32 88 2 0 
152 551 70 42 91 118 0 0 100 615 54 45 97 111 2 0 428 282 50 46 49 163 6 0 
46 938 26 13 1 0 0 0 44 958 18 4 0 0 0 0 772 240 11 1 0 0 0 0 
17 1007 0 0 0 0 0 0 4 1020 0 0 0 0 0 0 893 131 0 0 0 0 0 0 
20 753 165 72 12 2 0 0 21 776 139 76 9 3 0 0 517 284 128 75 17 3 0 0 
866 138 20 0 0 0 0 0 654 363 7 0 0 0 0 0 1004 20 0 0 0 0 0 0 
872 146 6 0 0 0 0 0 400 617 7 0 0 0 0 0 991 33 0 0 0 0 0 0 
812 212 0 0 0 0 0 0 508 515 1 0 0 0 0 0 1007 17 0 0 0 0 0 0 
989 35 0 0 0 0 0 0 786 238 0 0 0 0 0 0 1019 5 0 0 0 0 0 0 
898 126 0 0 0 0 0 0 720 304 0 0 0 0 0 0 1024 0 0 0 0 0 0 0 
851 150 7 7 5 4 0 0 610 388 8 7 4 5 2 0 977 26 4 7 5 5 0 0 
522 351 84 21 24 15 7 0 177 683 87 31 22 13 11 0 786 122 52 23 18 17 6 0 
33 192 72 34 59 588 42 4 17 182 85 44 53 586 54 3 187 75 36 48 41 397 238 2 
1 0 2 0 7 1008 6 0 1 0 2 0 3 1007 11 0 1 1 1 0 3 583 435 0 
11 35 14 11 19 872 56 6 31 21 12 13 12 882 49 4 42 14 10 15 11 601 331 0 
0 0 0 0 0 1015 9 0 0 0 0 0 0 1015 9 0 0 0 0 0 0 567 457 0 
0 0 0 0 0 1024 0 0 0 0 0 0 0 1023 1 0 0 0 0 0 0 555 469 0 
15 21 16 9 32 921 10 0 9 24 17 7 24 925 18 0 19 16 14 8 14 663 290 0 
51 83 85 116 108 504 76 1 57 85 76 121 95 522 67 1 67 76 71 105 99 413 182 11 
45 42 58 65 104 647 63 0 39 52 46 66 96 662 63 0 41 41 40 69 73 566 190 4 
236 265 103 35 71 259 54 1 303 243 60 45 52 274 46 1 326 228 45 44 36 211 128 6 
49 67 15 15 26 835 17 0 82 38 15 16 21 836 16 0 92 27 15 15 20 590 264 1 
0 0 0 0 0 1024 0 0 0 0 0 0 0 1024 0 0 0 0 0 0 0 670 354 0 
0 0 0 0 0 1024 0 0 0 0 0 0 0 1024 0 0 0 0 0 0 0 554 470 0 
0 0 0 0 0 1024 0 0 0 0 0 0 0 1024 0 0 0 0 0 0 0 800 224 0 
0 0 0 0 0 1024 0 0 0 0 0 0 0 1024 0 0 0 0 0 0 0 700 324 0 
0 0 0 1 5 1016 2 0 0 0 0 1 6 1016 1 0 0 0 0 1 4 912 107 0 
0 0 0 1 7 1016 0 0 0 0 0 1 7 1016 0 0 0 0 0 1 6 838 179 0 
0 0 0 0 0 1024 0 0 0 0 0 0 0 1024 0 0 0 0 0 0 0 979 45 0 
0 0 0 0 0 1024 0 0 0 0 0 0 0 1024 0 0 0 0 0 0 0 1001 23 0 
0 0 0 1 17 1006 0 0 0 0 0 0 16 1008 0 0 0 0 0 0 9 995 20 0 
0 0 0 0 0 1024 0 0 0 0 0 0 0 1024 0 0 0 0 0 0 0 1014 10 0 
0 0 0 0 0 1024 0 0 0 0 0 0 0 1024 0 0 0 0 0 0 0 1022 2 0 
0 0 0 0 4 1020 0 0 0 0 0 0 0 1024 0 0 0 0 0 0 0 1024 0 0 
0 4 49 34 81 856 0 0 0 7 47 37 73 859 1 0 0 1 48 27 46 896 6 0 
0 0 42 70 163 749 0 0 0 2 47 68 128 779 0 0 0 2 40 53 83 838 8 0 
0 7 17 46 67 886 1 0 0 8 20 38 74 883 1 0 0 5 14 38 42 922 3 0 
2 8 17 99 370 528 0 0 3 7 22 103 379 510 0 0 0 8 10 68 225 706 7 0 
19 392 307 161 128 17 0 0 38 436 268 142 137 3 0 0 64 407 229 153 105 66 0 0 
9 592 286 76 57 4 0 0 15 640 252 62 54 1 0 0 129 560 202 67 46 20 0 0 
14 698 285 27 0 0 0 0 21 784 200 18 1 0 0 0 165 658 175 24 2 0 0 0 
970 53 1 0 0 0 0 0 849 172 3 0 0 0 0 0 1012 12 0 0 0 0 0 0 
853 171 0 0 0 0 0 0 477 547 0 0 0 0 0 0 1021 3 0 0 0 0 0 0 
871 153 0 0 0 0 0 0 609 415 0 0 0 0 0 0 1022 2 0 0 0 0 0 0 
764 260 0 0 0 0 0 0 344 680 0 0 0 0 0 0 1020 4 0 0 0 0 0 0 
931 93 0 0 0 0 0 0 762 261 1 0 0 0 0 0 1015 9 0 0 0 0 0 0 
811 213 0 0 0 0 0 0 463 561 0 0 0 0 0 0 1022 2 0 0 0 0 0 0 
571 294 74 46 18 17 3 1 237 625 68 48 21 18 5 2 795 105 48 32 25 16 2 1 
259 323 98 66 105 148 21 4 219 314 134 68 59 194 32 4 467 141 72 65 52 184 40 3 
82 33 19 25 172 689 4 0 78 29 20 19 32 837 9 0 92 15 22 21 27 806 41 0 
677 151 69 20 69 36 2 0 687 178 28 15 34 63 19 0 753 119 14 17 25 65 31 0 
526 204 157 16 22 65 34 0 551 296 49 16 19 72 21 0 670 215 14 19 15 73 18 0 
227 254 182 17 27 290 26 1 282 337 58 14 19 299 15 0 377 281 22 15 14 294 21 0 
279 207 131 38 80 251 37 1 325 217 83 33 67 261 38 0 378 185 65 30 44 235 85 2 
735 148 24 22 25 41 25 4 774 115 20 21 23 51 20 0 809 83 19 17 21 41 31 3 
212 480 96 45 41 99 50 1 271 480 41 47 39 101 41 4 442 320 32 37 31 93 64 5 
37 312 60 24 30 537 23 1 78 300 37 25 22 545 17 0 156 236 24 23 14 524 44 3 
0 0 0 0 0 1024 0 0 0 0 0 0 0 1024 0 0 0 0 0 0 0 1024 0 0 
0 0 0 0 0 1024 0 0 0 0 0 0 0 1024 0 0 0 0 0 0 0 967 57 0 
0 0 0 0 0 1024 0 0 0 0 0 0 0 1024 0 0 0 0 0 0 0 992 32 0 
0 0 0 0 0 1024 0 0 0 0 0 0 0 1024 0 0 0 0 0 0 0 1019 5 0 
0 0 0 0 0 1024 0 0 0 0 0 0 0 1024 0 0 0 0 0 0 0 1024 0 0 
0 0 0 0 0 1024 0 0 0 0 0 0 0 1024 0 0 0 0 0 0 0 1024 0 0 
0 0 0 0 0 1024 0 0 0 0 0 0 0 1024 0 0 0 0 0 0 0 1024 0 0 
0 0 0 0 0 1024 0 0 0 0 0 0 0 1024 0 0 0 0 0 0 0 1024 0 0 
0 0 3 8 26 987 0 0 0 1 4 10 29 980 0 0 0 0 2 9 16 990 7 0 
0 0 0 0 14 1010 0 0 0 0 0 0 2 1022 0 0 0 0 0 0 0 1024 0 0 
0 0 0 0 16 1008 0 0 0 0 0 0 4 1020 0 0 0 0 0 0 0 1024 0 0 
0 0 0 0 13 1011 0 0 0 0 0 0 34 990 0 0 0 0 0 0 0 1024 0 0 
0 0 0 0 54 970 0 0 0 0 0 0 48 976 0 0 0 0 0 0 0 1024 0 0 
0 0 0 0 32 992 0 0 0 0 0 0 127 897 0 0 0 0 0 0 0 1024 0 0 
0 0 0 0 329 695 0 0 0 0 0 0 386 638 0 0 0 0 0 0 0 1024 0 0 
0 0 0 0 438 586 0 0 0 0 0 0 390 634 0 0 0 0 0 0 0 1024 0 0 
0 0 16 77 639 292 0 0 0 0 15 77 701 231 0 0 0 0 1 64 99 860 0 0 
0 30 78 167 716 33 0 0 0 39 80 168 710 27 0 0 0 35 63 117 238 570 1 0 
6 277 351 159 205 26 0 0 6 294 331 147 214 32 0 0 73 233 292 148 117 159 2 0 
28 436 345 124 83 6 2 0 44 458 314 127 75 6 0 0 112 397 259 137 89 28 2 0 
958 63 3 0 0 0 0 0 861 160 3 0 0 0 0 0 1017 7 0 0 0 0 0 0 
864 152 8 0 0 0 0 0 593 420 11 0 0 0 0 0 1005 19 0 0 0 0 0 0 
907 117 0 0 0 0 0 0 629 395 0 0 0 0 0 0 1010 14 0 0 0 0 0 0 
727 293 4 0 0 0 0 0 376 644 4 0 0 0 0 0 993 31 0 0 0 0 0 0 
701 323 0 0 0 0 0 0 297 727 0 0 0 0 0 0 1003 21 0 0 0 0 0 0 
718 304 2 0 0 0 0 0 508 513 3 0 0 0 0 0 1017 7 0 0 0 0 0 0 
328 346 126 83 85 49 7 0 199 458 133 87 73 66 8 0 532 171 100 76 61 76 8 0 
23 23 36 59 646 231 6 0 14 28 36 45 108 785 8 0 14 26 37 41 75 815 15 1 
52 71 88 106 467 218 19 3 56 71 76 97 144 548 28 4 55 68 79 88 113 568 48 5 
115 94 125 133 346 184 26 1 106 107 116 120 225 318 30 2 109 103 102 117 173 359 59 2 
640 199 126 16 23 19 1 0 609 249 108 12 13 29 4 0 747 178 46 5 10 24 14 0 
730 263 31 0 0 0 0 0 728 270 26 0 0 0 0 0 881 137 6 0 0 0 0 0 
709 299 16 0 0 0 0 0 759 255 10 0 0 0 0 0 879 143 2 0 0 0 0 0 
543 259 205 17 0 0 0 0 562 320 130 12 0 0 0 0 707 270 47 0 0 0 0 0 
381 265 347 11 6 11 3 0 420 365 209 11 8 8 3 0 509 438 53 5 7 9 3 0 
149 178 43 31 99 502 22 0 225 113 40 34 75 530 7 0 255 87 36 28 39 561 18 0 
0 0 0 0 12 1012 0 0 0 0 0 0 0 1024 0 0 0 0 0 0 0 1024 0 0 
0 0 0 0 12 1012 0 0 0 0 0 0 0 1024 0 0 0 0 0 0 0 1024 0 0 
0 0 0 0 17 1007 0 0 0 0 0 0 0 1024 0 0 0 0 0 0 0 1024 0 0 
0 0 0 0 0 1024 0 0 0 0 0 0 0 1024 0 0 0 0 0 0 0 1024 0 0 
0 0 0 0 9 1015 0 0 0 0 0 0 3 1021 0 0 0 0 0 0 0 1024 0 0 
0 0 0 0 24 1000 0 0 0 0 0 0 6 1018 0 0 0 0 0 0 0 1024 0 0 
0 0 0 0 30 994 0 0 0 0 0 0 49 975 0 0 0 0 0 0 0 1024 0 0 
0 0 0 0 91 933 0 0 0 0 0 0 134 890 0 0 0 0 0 0 0 1024 0 0 
0 0 0 0 248 776 0 0 0 0 0 0 302 722 0 0 0 0 0 0 0 1024 0 0 
0 0 0 0 455 569 0 0 0 0 0 0 501 523 0 0 0 0 0 0 0 1024 0 0 
0 0 0 0 448 576 0 0 0 0 0 0 638 386 0 0 0 0 0 0 2 1022 0 0 
0 0 0 0 705 319 0 0 0 0 0 0 765 259 0 0 0 0 0 0 0 1024 0 0 
0 0 0 0 769 255 0 0 0 0 0 0 897 127 0 0 0 0 0 0 0 1024 0 0 
0 0 0 0 823 201 0 0 0 0 0 0 915 109 0 0 0 0 0 0 0 1024 0 0 
0 0 0 0 950 74 0 0 0 0 0 0 1006 18 0 0 0 0 0 0 0 1024 0 0 
0 0 0 0 954 70 0 0 0 0 0 0 1005 19 0 0 0 0 0 0 0 1024 0 0 
0 0 0 0 1021 3 0 0 0 0 0 0 1023 1 0 0 0 0 0 0 17 1007 0 0 
0 0 0 0 1022 2 0 0 0 0 0 0 1024 0 0 0 0 0 0 0 3 1021 0 0 
0 0 0 0 1023 1 0 0 0 0 0 0 1024 0 0 0 0 0 0 0 17 1007 0 0 
1 41 136 145 694 7 0 0 0 56 140 141 684 3 0 0 0 51 114 105 216 538 0 0 
852 168 4 0 0 0 0 0 728 292 4 0 0 0 0 0 1004 20 0 0 0 0 0 0 
977 39 7 1 0 0 0 0 850 164 8 2 0 0 0 0 1002 17 5 0 0 0 0 0 
853 171 0 0 0 0 0 0 582 442 0 0 0 0 0 0 1024 0 0 0 0 0 0 0 
811 196 11 6 0 0 0 0 788 224 7 5 0 0 0 0 978 37 8 1 0 0 0 0 
818 206 0 0 0 0 0 0 721 303 0 0 0 0 0 0 1012 12 0 0 0 0 0 0 
370 645 9 0 0 0 0 0 312 711 1 0 0 0 0 0 966 58 0 0 0 0 0 0 
301 570 42 36 48 27 0 0 254 629 33 39 42 27 0 0 764 136 24 30 34 26 10 0 
99 183 106 86 403 130 16 1 129 171 87 78 246 303 10 0 175 134 81 68 146 396 24 0 
231 239 103 84 227 120 18 2 251 242 92 56 165 190 25 3 329 185 70 54 119 228 33 6 
80 187 218 150 236 145 8 0 89 192 190 161 161 215 16 0 113 189 171 154 131 244 22 0 
702 220 31 25 22 15 9 0 534 383 32 20 21 24 10 0 853 65 32 20 18 24 11 1 
298 480 193 45 8 0 0 0 272 606 101 40 5 0 0 0 597 315 69 42 1 0 0 0 
492 303 186 31 6 6 0 0 510 339 135 28 5 7 0 0 599 258 124 30 5 8 0 0 
636 159 132 74 21 2 0 0 604 201 131 65 21 2 0 0 650 138 128 77 24 7 0 0 
613 280 127 4 0 0 0 0 652 298 73 1 0 0 0 0 722 261 37 4 0 0 0 0 
261 444 224 27 24 35 9 0 302 503 135 21 22 39 2 0 479 406 55 22 17 41 4 0 
155 164 98 15 173 390 29 0 219 154 50 21 122 442 16 0 244 134 46 22 32 528 18 0 
110 192 72 20 112 508 10 0 192 174 19 20 65 554 0 0 244 123 20 19 39 578 1 0 
29 124 153 27 178 486 26 1 63 176 80 23 170 506 6 0 92 188 41 23 50 619 11 0 
0 0 0 0 424 600 0 0 0 0 0 1 506 517 0 0 0 0 0 2 19 1003 0 0 
0 0 0 0 560 464 0 0 0 0 0 0 700 324 0 0 0 0 0 0 4 1020 0 0 
0 0 0 0 739 285 0 0 0 0 0 0 705 319 0 0 0 0 0 0 1 1023 0 0 
0 0 0 0 712 312 0 0 0 0 0 0 843 181 0 0 0 0 0 0 0 1024 0 0 
0 0 0 0 805 219 0 0 0 0 0 0 961 63 0 0 0 0 0 0 2 1022 0 0 
0 0 0 0 869 155 0 0 0 0 0 0 1008 16 0 0 0 0 0 0 0 1024 0 0 
0 0 0 0 984 40 0 0 0 0 0 0 1020 4 0 0 0 0 0 0 17 1007 0 0 
0 0 0 0 1007 17 0 0 0 0 0 0 1022 2 0 0 0 0 0 0 24 1000 0 0 
0 0 0 0 1013 11 0 0 0 0 0 0 1022 2 0 0 0 0 0 0 73 951 0 0 
0 0 0 0 1020 4 0 0 0 0 0 0 1024 0 0 0 0 0 0 0 70 954 0 0 
0 0 0 0 1024 0 0 0 0 0 0 0 1024 0 0 0 0 0 0 0 143 881 0 0 
0 0 0 0 1021 3 0 0 0 0 0 0 1024 0 0 0 0 0 0 0 237 787 0 0 
0 0 0 0 1013 11 0 0 0 0 0 0 1024 0 0 0 0 0 0 0 266 758 0 0 
0 0 0 0 1024 0 0 0 0 0 0 0 1024 0 0 0 0 0 0 0 191 833 0 0 
0 0 0 0 1024 0 0 0 0 0 0 0 1024 0 0 0 0 0 0 0 184 840 0 0 
0 0 0 0 1024 0 0 0 0 0 0 0 1024 0 0 0 0 0 0 0 257 767 0 0 
0 0 0 0 1024 0 0 0 0 0 0 0 1024 0 0 0 0 0 0 0 215 809 0 0 
951 66 7 0 0 0 0 0 806 208 10 0 0 0 0 0 1010 13 1 0 0 0 0 0 
998 26 0 0 0 0 0 0 911 113 0 0 0 0 0 0 1024 0 0 0 0 0 0 0 
965 59 0 0 0 0 0 0 818 206 0 0 0 0 0 0 1024 0 0 0 0 0 0 0 
872 152 0 0 0 0 0 0 690 334 0 0 0 0 0 0 1019 5 0 0 0 0 0 0 
760 226 23 10 5 0 0 0 742 244 25 9 4 0 0 0 950 43 19 10 2 0 0 0 
487 523 14 0 0 0 0 0 465 553 6 0 0 0 0 0 960 63 1 0 0 0 0 0 
366 654 4 0 0 0 0 0 423 600 1 0 0 0 0 0 974 50 0 0 0 0 0 0 
180 447 59 71 203 59 5 0 291 360 46 63 188 75 1 0 498 159 44 54 142 123 4 0 
355 304 101 54 154 53 3 0 161 502 94 33 145 85 4 0 484 204 75 31 92 135 3 0 
360 150 213 68 165 67 1 0 361 170 201 65 130 95 2 0 393 221 135 42 83 142 8 0 
158 121 60 72 475 132 6 0 198 87 56 60 456 155 12 0 208 73 60 54 185 418 26 0 
110 88 47 14 703 62 0 0 119 80 40 15 625 136 9 0 132 66 33 16 100 650 27 0 
20 25 36 23 881 39 0 0 18 33 30 25 805 113 0 0 15 37 22 26 99 814 11 0 
0 1 10 38 957 18 0 0 0 1 12 31 920 60 0 0 0 0 5 24 118 877 0 0 
73 118 52 37 726 18 0 0 84 103 51 32 711 43 0 0 73 94 58 29 92 673 5 0 
712 51 19 25 207 10 0 0 704 49 20 20 198 33 0 0 700 45 19 19 120 113 8 0 
496 419 97 11 1 0 0 0 549 410 56 8 1 0 0 0 614 352 51 6 1 0 0 0 
760 129 85 31 10 9 0 0 778 145 53 28 13 7 0 0 766 152 55 27 15 9 0 0 
764 213 47 0 0 0 0 0 817 193 14 0 0 0 0 0 877 132 13 2 0 0 0 0 
531 220 104 21 84 62 2 0 585 247 39 19 91 43 0 0 661 193 20 17 53 80 0 0 
83 155 196 49 488 53 0 0 110 244 118 34 500 18 0 0 161 250 64 32 120 397 0 0 
0 0 23 24 961 16 0 0 0 1 41 16 964 2 0 0 0 14 30 13 228 739 0 0 
0 0 0 0 1021 3 0 0 0 0 0 0 1024 0 0 0 0 0 0 0 282 742 0 0 
0 0 0 0 1018 6 0 0 0 0 0 0 1024 0 0 0 0 0 0 0 308 716 0 0 
0 0 0 0 1024 0 0 0 0 0 0 0 1024 0 0 0 0 0 0 0 322 702 0 0 
0 0 0 0 1024 0 0 0 0 0 0 0 1024 0 0 0 0 0 0 0 409 615 0 0 
0 0 0 0 1024 0 0 0 0 0 0 0 1024 0 0 0 0 0 0 0 561 463 0 0 
0 0 0 0 1024 0 0 0 0 0 0 0 1024 0 0 0 0 0 0 0 674 350 0 0 
0 0 0 0 1024 0 0 0 0 0 0 0 1024 0 0 0 0 0 0 0 764 260 0 0 
0 0 0 0 1024 0 0 0 0 0 0 0 1024 0 0 0 0 0 0 0 774 250 0 0 
0 0 0 5 1018 1 0 0 0 0 0 6 1018 0 0 0 0 0 0 0 822 202 0 0 
0 0 0 2 1022 0 0 0 0 0 0 4 1020 0 0 0 0 0 0 0 807 217 0 0 
0 0 0 2 1022 0 0 0 0 0 0 0 1024 0 0 0 0 0 0 0 777 247 0 0 
0 0 0 4 1020 0 0 0 0 0 0 0 1024 0 0 0 0 0 0 0 788 236 0 0 
0 0 0 4 1020 0 0 0 0 0 0 0 1024 0 0 0 0 0 0 0 855 169 0 0 
0 0 0 16 1008 0 0 0 0 0 0 1 1023 0 0 0 0 0 0 0 905 119 0 0 
1020 4 0 0 0 0 0 0 986 38 0 0 0 0 0 0 1024 0 0 0 0 0 0 0 
1012 12 0 0 0 0 0 0 922 102 0 0 0 0 0 0 1024 0 0 0 0 0 0 0 
884 134 6 0 0 0 0 0 835 183 6 0 0 0 0 0 991 33 0 0 0 0 0 0 
830 190 4 0 0 0 0 0 594 423 7 0 0 0 0 0 1011 13 0 0 0 0 0 0 
941 79 4 0 0 0 0 0 862 162 0 0 0 0 0 0 997 27 0 0 0 0 0 0 
930 94 0 0 0 0 0 0 926 98 0 0 0 0 0 0 1024 0 0 0 0 0 0 0 
754 262 8 0 0 0 0 0 792 231 1 0 0 0 0 0 1005 19 0 0 0 0 0 0 
261 718 30 5 8 2 0 0 252 747 13 5 7 0 0 0 738 269 6 4 7 0 0 0 
451 257 63 84 105 63 1 0 195 522 62 74 105 66 0 0 649 79 57 65 88 81 5 0 
192 102 55 91 476 106 2 0 166 134 57 73 457 132 5 0 239 62 51 61 313 281 17 0 
315 97 71 93 412 35 1 0 316 89 67 73 401 76 2 0 319 82 64 67 278 211 3 0 
231 142 39 67 493 52 0 0 283 91 42 40 533 35 0 0 298 73 44 32 309 267 1 0 
27 29 6 16 896 50 0 0 34 25 10 15 918 22 0 0 40 19 8 14 422 520 1 0 
22 21 25 88 844 24 0 0 24 29 41 81 841 8 0 0 31 23 43 76 325 526 0 0 
8 29 46 70 854 16 1 0 12 37 47 61 853 14 0 0 12 36 38 55 403 478 2 0 
7 26 39 135 778 39 0 0 11 28 38 144 778 25 0 0 13 18 39 95 589 268 2 0 
49 115 128 197 477 58 0 0 84 111 138 190 450 49 2 0 79 104 125 165 298 246 7 0 
231 215 125 128 304 21 0 0 242 219 130 122 285 26 0 0 240 216 112 105 172 178 1 0 
81 299 154 195 273 22 0 0 113 326 127 205 236 17 0 0 120 299 129 153 234 86 3 0 
199 204 173 200 244 4 0 0 216 231 172 171 230 4 0 0 237 200 159 150 207 71 0 0 
483 324 169 13 34 1 0 0 545 393 36 9 38 3 0 0 688 266 19 7 31 12 1 0 
40 344 422 108 95 12 3 0 136 506 252 37 90 3 0 0 172 531 196 29 80 16 0 0 
68 163 123 77 566 27 0 0 125 180 63 76 573 7 0 0 145 143 65 52 501 118 0 0 
11 7 11 29 938 26 2 0 13 9 9 46 930 17 0 0 11 10 7 17 888 91 0 0 
0 0 0 2 1022 0 0 0 0 0 0 3 1021 0 0 0 0 0 0 0 931 93 0 0 
0 0 0 0 1024 0 0 0 0 0 0 2 1022 0 0 0 0 0 0 0 945 79 0 0 
0 0 0 10 1014 0 0 0 0 0 0 0 1024 0 0 0 0 0 0 0 953 71 0 0 
0 0 0 3 1021 0 0 0 0 0 0 3 1021 0 0 0 0 0 0 0 996 28 0 0 
0 0 0 13 1011 0 0 0 0 0 0 19 1005 0 0 0 0 0 0 0 1018 6 0 0 
20 141 139 121 577 26 0 0 43 157 127 132 558 7 0 0 29 117 144 70 621 43 0 0 
58 604 177 41 120 24 0 0 154 658 42 37 130 3 0 0 130 657 60 21 131 25 0 0 
14 125 69 205 596 15 0 0 36 125 84 269 508 2 0 0 42 102 86 102 652 39 1 0 
0 9 11 101 903 0 0 0 0 10 15 159 840 0 0 0 0 7 11 38 951 17 0 0 
0 0 0 48 976 0 0 0 0 0 0 106 918 0 0 0 0 0 0 0 1020 4 0 0 
0 0 0 59 965 0 0 0 0 0 0 233 791 0 0 0 0 0 0 0 1024 0 0 0 
0 0 0 132 892 0 0 0 0 0 0 264 760 0 0 0 0 0 0 0 1022 2 0 0 
1024 0 0 0 0 0 0 0 1009 15 0 0 0 0 0 0 1024 0 0 0 0 0 0 0 
1007 17 0 0 0 0 0 0 775 249 0 0 0 0 0 0 1024 0 0 0 0 0 0 0 
890 134 0 0 0 0 0 0 744 280 0 0 0 0 0 0 1013 11 0 0 0 0 0 0 
787 226 11 0 0 0 0 0 677 346 1 0 0 0 0 0 1000 24 0 0 0 0 0 0 
960 64 0 0 0 0 0 0 927 97 0 0 0 0 0 0 1020 4 0 0 0 0 0 0 
885 139 0 0 0 0 0 0 866 158 0 0 0 0 0 0 1024 0 0 0 0 0 0 0 
972 48 4 0 0 0 0 0 929 89 6 0 0 0 0 0 1005 19 0 0 0 0 0 0 
850 174 0 0 0 0 0 0 796 228 0 0 0 0 0 0 1013 11 0 0 0 0 0 0 
834 181 9 0 0 0 0 0 557 459 8 0 0 0 0 0 959 57 8 0 0 0 0 0 
549 220 89 60 94 12 0 0 523 256 86 52 90 16 1 0 693 113 63 51 69 34 1 0 
25 110 50 86 730 23 0 0 40 102 44 73 737 28 0 0 88 58 36 65 710 67 0 0 
3 2 5 16 996 2 0 0 2 3 4 5 1004 6 0 0 2 3 2 3 962 52 0 0 
82 43 37 82 779 1 0 0 90 28 34 46 814 12 0 0 84 29 30 37 762 82 0 0 
12 25 61 90 821 15 0 0 12 32 63 70 824 23 0 0 14 24 59 48 805 73 1 0 
0 23 27 73 896 5 0 0 4 24 25 63 901 7 0 0 3 21 21 55 795 126 3 0 
0 0 8 57 935 24 0 0 0 0 9 48 960 7 0 0 0 0 5 38 728 253 0 0 
0 1 4 11 1003 5 0 0 0 2 3 13 1004 2 0 0 0 1 4 7 685 327 0 0 
0 0 0 3 1021 0 0 0 0 0 0 0 1024 0 0 0 0 0 0 0 664 360 0 0 
6 21 16 47 926 8 0 0 16 15 18 32 938 5 0 0 15 13 17 25 656 298 0 0 
17 15 9 60 895 27 1 0 26 9 15 88 876 10 0 0 23 10 10 34 700 244 3 0 
545 32 19 88 310 26 4 0 551 28 18 79 325 23 0 0 549 25 14 24 348 60 4 0 
220 247 305 100 142 10 0 0 288 395 130 81 128 2 0 0 376 344 84 58 150 12 0 0 
7 17 29 99 867 5 0 0 11 23 44 171 775 0 0 0 12 21 35 61 883 12 0 0 
0 0 0 30 994 0 0 0 0 0 0 133 891 0 0 0 0 0 0 0 1024 0 0 0 
0 0 0 42 982 0 0 0 0 0 0 90 934 0 0 0 0 0 0 0 1024 0 0 0 
0 0 0 42 982 0 0 0 0 0 0 168 856 0 0 0 0 0 0 0 1024 0 0 0 
0 0 0 20 1004 0 0 0 0 0 0 138 886 0 0 0 0 0 0 0 1024 0 0 0 
0 2 4 64 954 0 0 0 2 1 4 411 606 0 0 0 1 2 3 4 1014 0 0 0 
0 11 8 97 908 0 0 0 0 13 9 545 457 0 0 0 0 12 7 8 997 0 0 0 
28 30 50 246 666 4 0 0 35 37 49 591 312 0 0 0 30 30 48 49 845 22 0 0 
5 41 100 251 621 6 0 0 12 54 91 588 276 3 0 0 2 37 75 93 786 31 0 0 
0 18 61 309 632 4 0 0 0 41 74 619 287 3 0 0 0 20 59 139 794 12 0 0 
0 0 18 172 834 0 0 0 0 0 24 602 398 0 0 0 0 0 15 44 965 0 0 0 
0 0 0 420 604 0 0 0 0 0 0 920 104 0 0 0 0 0 0 0 1024 0 0 0 
0 0 0 732 292 0 0 0 0 0 0 997 27 0 0 0 0 0 0 0 1024 0 0 0 
0 0 0 824 200 0 0 0 0 0 0 979 45 0 0 0 0 0 0 0 1024 0 0 0 
1017 7 0 0 0 0 0 0 778 246 0 0 0 0 0 0 1024 0 0 0 0 0 0 0 
1001 23 0 0 0 0 0 0 795 229 0 0 0 0 0 0 1019 5 0 0 0 0 0 0 
701 323 0 0 0 0 0 0 444 580 0 0 0 0 0 0 1007 17 0 0 0 0 0 0 
637 366 21 0 0 0 0 0 554 462 8 0 0 0 0 0 967 57 0 0 0 0 0 0 
783 241 0 0 0 0 0 0 657 367 0 0 0 0 0 0 1004 20 0 0 0 0 0 0 
933 82 8 1 0 0 0 0 955 60 8 1 0 0 0 0 991 26 6 1 0 0 0 0 
990 34 0 0 0 0 0 0 1009 15 0 0 0 0 0 0 1024 0 0 0 0 0 0 0 
1000 24 0 0 0 0 0 0 976 48 0 0 0 0 0 0 1022 2 0 0 0 0 0 0 
935 89 0 0 0 0 0 0 972 51 1 0 0 0 0 0 1010 14 0 0 0 0 0 0 
678 270 36 26 13 1 0 0 676 265 44 27 11 1 0 0 831 126 24 27 15 1 0 0 
182 144 59 178 446 15 0 0 210 130 57 107 512 8 0 0 275 66 55 59 545 24 0 0 
0 0 0 123 901 0 0 0 0 0 0 4 1020 0 0 0 0 0 0 0 1024 0 0 0 
14 10 18 265 714 3 0 0 13 15 15 72 907 2 0 0 13 14 13 22 952 10 0 0 
0 0 0 61 963 0 0 0 0 0 0 29 995 0 0 0 0 0 0 0 1024 0 0 0 
0 0 0 171 853 0 0 0 0 0 0 44 980 0 0 0 0 0 0 0 1024 0 0 0 
0 0 0 108 916 0 0 0 0 0 0 83 941 0 0 0 0 0 0 1 1023 0 0 0 
1 9 10 117 883 4 0 0 2 12 7 237 766 0 0 0 2 12 7 25 976 2 0 0 
0 0 0 99 925 0 0 0 0 0 0 299 725 0 0 0 0 0 0 0 1023 1 0 0 
0 0 0 126 898 0 0 0 0 0 0 225 799 0 0 0 0 0 0 0 1024 0 0 0 
196 28 21 242 533 4 0 0 195 30 20 403 373 3 0 0 182 33 18 18 749 24 0 0 
777 21 9 113 103 1 0 0 774 11 17 123 93 6 0 0 769 12 21 7 173 42 0 0 
264 224 108 286 142 0 0 0 326 214 64 357 63 0 0 0 350 183 58 32 386 15 0 0 
13 19 41 346 596 9 0 0 16 25 38 672 273 0 0 0 14 26 29 60 878 17 0 0 
0 0 0 492 532 0 0 0 0 0 0 881 143 0 0 0 0 0 0 0 1024 0 0 0 
0 0 0 572 452 0 0 0 0 0 0 906 118 0 0 0 0 0 0 0 1024 0 0 0 
0 0 0 477 547 0 0 0 0 0 0 957 67 0 0 0 0 0 0 0 1024 0 0 0 
0 0 0 447 577 0 0 0 0 0 0 949 75 0 0 0 0 0 0 0 1024 0 0 0 
0 9 41 576 398 0 0 0 1 21 41 934 27 0 0 0 0 11 38 74 899 2 0 0 
2 13 44 802 163 0 0 0 2 14 59 928 20 1 0 0 2 11 56 71 882 2 0 0 
0 0 0 916 108 0 0 0 0 0 0 1018 6 0 0 0 0 0 0 0 1024 0 0 0 
0 0 0 922 102 0 0 0 0 0 0 1024 0 0 0 0 0 0 0 0 1024 0 0 0 
0 0 1 872 151 0 0 0 0 0 3 1018 3 0 0 0 0 0 0 13 1011 0 0 0 
67 175 172 530 79 1 0 0 87 194 158 555 30 0 0 0 70 180 138 137 494 5 0 0 
3 407 80 363 171 0 0 0 49 424 33 486 32 0 0 0 43 401 52 52 476 0 0 0 
34 47 10 896 37 0 0 0 57 27 12 917 11 0 0 0 64 20 9 97 834 0 0 0 
0 0 0 1019 5 0 0 0 0 0 0 1024 0 0 0 0 0 0 0 11 1013 0 0 0 
1022 2 0 0 0 0 0 0 894 130 0 0 0 0 0 0 1024 0 0 0 0 0 0 0 
1013 11 0 0 0 0 0 0 668 356 0 0 0 0 0 0 1023 1 0 0 0 0 0 0 
718 306 0 0 0 0 0 0 468 556 0 0 0 0 0 0 954 70 0 0 0 0 0 0 
884 140 0 0 0 0 0 0 840 184 0 0 0 0 0 0 1018 6 0 0 0 0 0 0 
822 202 0 0 0 0 0 0 749 275 0 0 0 0 0 0 995 29 0 0 0 0 0 0 
907 117 0 0 0 0 0 0 906 118 0 0 0 0 0 0 1019 5 0 0 0 0 0 0 
919 105 0 0 0 0 0 0 798 226 0 0 0 0 0 0 1024 0 0 0 0 0 0 0 
936 88 0 0 0 0 0 0 794 230 0 0 0 0 0 0 1024 0 0 0 0 0 0 0 
639 315 60 9 1 0 0 0 719 242 52 9 2 0 0 0 810 149 53 9 3 0 0 0 
551 330 69 54 18 2 0 0 596 288 66 48 22 4 0 0 709 183 62 41 25 4 0 0 
186 88 94 436 216 4 0 0 192 95 92 331 314 0 0 0 229 59 70 134 524 8 0 0 
0 0 0 818 206 0 0 0 0 0 0 535 489 0 0 0 0 0 0 0 1024 0 0 0 
0 3 4 729 288 0 0 0 0 4 3 471 546 0 0 0 0 4 3 11 1006 0 0 0 
0 0 16 749 259 0 0 0 0 0 16 695 313 0 0 0 0 0 5 40 979 0 0 0 
0 0 0 733 291 0 0 0 0 0 0 878 146 0 0 0 0 0 0 0 1024 0 0 0 
0 0 0 641 383 0 0 0 0 0 0 824 200 0 0 0 0 0 0 0 1024 0 0 0 
0 0 0 800 224 0 0 0 0 0 0 976 48 0 0 0 0 0 0 0 1024 0 0 0 
0 0 0 747 277 0 0 0 0 0 0 979 45 0 0 0 0 0 0 0 1024 0 0 0 
0 0 0 814 210 0 0 0 0 0 0 1006 18 0 0 0 0 0 0 0 1024 0 0 0 
0 0 0 737 287 0 0 0 0 0 0 994 30 0 0 0 0 0 0 9 1015 0 0 0 
0 0 0 858 166 0 0 0 0 0 0 1013 11 0 0 0 0 0 0 0 1024 0 0 0 
10 9 25 803 177 0 0 0 9 17 21 953 24 0 0 0 11 18 8 38 946 3 0 0 
1 7 17 819 180 0 0 0 4 12 17 972 19 0 0 0 2 8 17 52 945 0 0 0 
1 7 17 890 109 0 0 0 3 9 27 979 6 0 0 0 1 5 14 83 920 1 0 0 
0 0 7 913 104 0 0 0 0 0 9 1015 0 0 0 0 0 0 6 31 987 0 0 0 
0 0 0 998 26 0 0 0 0 0 0 1024 0 0 0 0 0 0 0 1 1023 0 0 0 
0 0 0 972 52 0 0 0 0 0 0 1022 2 0 0 0 0 0 0 13 1011 0 0 0 
0 0 0 993 31 0 0 0 0 0 0 1024 0 0 0 0 0 0 0 11 1013 0 0 0 
0 0 0 1020 4 0 0 0 0 0 0 1024 0 0 0 0 0 0 0 48 976 0 0 0 
0 0 0 1009 15 0 0 0 0 0 0 1024 0 0 0 0 0 0 0 27 997 0 0 0 
0 0 0 1014 10 0 0 0 0 0 0 1024 0 0 0 0 0 0 0 78 946 0 0 0 
0 0 0 1015 9 0 0 0 0 0 0 1024 0 0 0 0 0 0 0 61 963 0 0 0 
0 0 0 1014 10 0 0 0 0 0 0 1024 0 0 0 0 0 0 0 124 900 0 0 0 
21 293 97 604 9 0 0 0 82 279 73 590 0 0 0 0 35 301 52 219 417 0 0 0 
197 683 57 75 12 0 0 0 267 635 45 75 2 0 0 0 245 632 57 60 30 0 0 0 
149 320 39 488 28 0 0 0 259 225 37 497 6 0 0 0 252 231 31 159 351 0 0 0 
