8 762 203 34 13 3 1 0 0 523 418 64 15 3 1 0 217 708 80 16 3 0 0 0 
0 290 258 188 207 70 10 1 0 167 326 187 158 142 43 1 187 462 224 131 18 2 0 0 
0 122 163 267 241 145 75 11 0 43 151 182 300 220 110 18 162 390 266 129 71 6 0 0 
0 9 172 241 248 166 113 75 0 4 103 213 266 212 133 93 85 328 279 151 108 49 24 0 
0 189 405 226 135 38 24 7 0 101 366 302 147 70 25 13 134 604 206 43 30 7 0 0 
0 4 107 391 316 138 67 1 0 2 41 272 375 228 95 11 63 336 419 143 54 9 0 0 
0 31 165 233 277 218 93 7 0 3 99 155 246 210 264 47 94 389 356 151 32 2 0 0 
0 0 2 83 375 322 203 39 0 0 0 29 104 355 379 157 15 254 355 256 137 7 0 0 
0 43 190 297 268 154 70 2 0 4 110 298 304 180 103 25 56 401 365 152 50 0 0 0 
0 36 262 263 189 139 91 44 0 3 175 371 249 124 73 29 182 521 216 65 31 9 0 0 
0 1 238 403 191 130 48 13 0 0 22 340 364 171 108 19 163 515 217 96 32 1 0 0 
0 32 388 308 180 77 35 4 0 0 117 421 274 139 65 8 247 441 188 95 44 9 0 0 
0 33 152 262 248 201 100 28 0 2 102 291 281 229 103 16 143 326 337 172 43 3 0 0 
0 18 294 348 195 116 40 13 0 6 179 401 232 140 55 11 235 477 218 78 12 4 0 0 
0 17 99 260 194 131 115 208 0 6 110 319 186 141 117 145 169 365 162 154 125 45 4 0 
0 39 294 360 195 85 38 13 0 21 327 375 180 73 42 6 295 495 152 73 7 2 0 0 
0 88 430 331 136 35 4 0 0 65 446 307 155 40 11 0 329 485 165 37 8 0 0 0 
0 27 268 431 182 78 30 8 0 22 305 402 198 69 26 2 269 469 187 77 18 4 0 0 
0 75 210 291 256 95 51 46 0 50 250 347 225 94 39 19 224 410 214 104 69 3 0 0 
0 41 203 380 274 92 30 4 0 4 148 354 373 128 16 1 145 407 305 137 29 1 0 0 
0 173 423 314 93 19 1 1 0 70 437 348 143 22 3 1 299 539 149 31 5 1 0 0 
0 203 559 220 36 5 1 0 0 81 609 272 55 6 1 0 266 662 80 15 1 0 0 0 
0 170 442 293 101 15 3 0 0 28 383 379 194 37 2 1 148 563 178 121 12 2 0 0 
7 203 467 246 98 3 0 0 0 78 376 361 183 26 0 0 196 570 185 72 1 0 0 0 
1 177 666 165 15 0 0 0 0 51 573 325 72 3 0 0 223 654 125 22 0 0 0 0 
0 207 605 151 46 10 4 1 0 16 506 394 78 24 5 1 158 681 135 38 9 3 0 0 
0 259 478 221 52 14 0 0 0 34 592 295 89 12 2 0 76 669 244 27 8 0 0 0 
4 212 532 243 29 3 1 0 0 12 345 390 247 28 1 1 96 557 272 81 17 1 0 0 
0 183 589 206 37 9 0 0 0 6 407 420 160 27 4 0 188 600 200 32 4 0 0 0 
3 338 470 189 24 0 0 0 0 28 323 439 199 33 2 0 196 533 240 48 7 0 0 0 
1 219 500 253 49 2 0 0 0 33 260 404 269 56 2 0 252 483 160 114 15 0 0 0 
0 225 631 151 13 2 2 0 0 77 573 291 77 3 3 0 211 612 173 25 2 1 0 0 
16 640 315 52 1 0 0 0 0 354 422 213 35 0 0 0 154 592 244 34 0 0 0 0 
0 214 253 187 169 147 37 17 0 100 240 247 166 163 94 14 75 383 345 140 54 26 1 0 
0 0 31 118 228 296 198 153 0 0 24 88 156 307 276 173 33 134 252 274 210 100 21 0 
0 41 206 310 234 119 74 40 0 4 149 285 260 185 96 45 88 374 263 154 97 47 1 0 
0 101 422 270 144 57 24 6 0 22 283 376 194 115 31 3 100 560 231 80 38 15 0 0 
0 83 320 264 202 121 33 1 0 44 272 287 210 152 54 5 108 434 258 162 61 1 0 0 
0 37 290 250 228 135 77 7 0 14 218 259 183 198 125 27 182 430 236 114 59 3 0 0 
0 8 131 279 260 152 154 40 0 2 89 217 227 189 180 120 67 317 283 153 158 46 0 0 
0 24 236 342 211 133 67 11 0 0 109 287 220 218 139 51 85 484 244 135 67 8 1 0 
0 0 70 259 295 231 117 52 0 0 8 158 292 285 201 80 86 398 268 158 88 26 0 0 
0 0 8 107 317 314 222 56 0 0 0 50 221 339 294 120 6 231 336 255 171 25 0 0 
0 0 36 253 385 218 129 3 0 0 1 130 403 275 180 35 42 414 411 122 33 2 0 0 
0 6 57 272 366 195 94 34 0 0 25 202 390 232 129 46 75 379 349 138 78 5 0 0 
0 22 256 354 207 135 40 10 0 7 202 361 235 135 67 17 229 433 225 106 28 3 0 0 
0 86 357 302 175 66 28 10 0 48 394 333 170 50 20 9 332 475 150 41 19 7 0 0 
0 16 226 252 245 134 73 78 0 33 296 335 179 74 79 28 290 510 120 67 37 0 0 0 
0 105 359 364 117 61 18 0 0 88 436 274 132 72 21 1 333 461 150 62 18 0 0 0 
0 69 347 255 189 115 41 8 0 32 352 268 205 128 35 4 337 377 198 83 24 5 0 0 
0 3 149 315 357 110 34 56 0 0 54 273 397 209 40 51 75 379 277 201 62 30 0 0 
0 0 102 329 273 106 79 135 0 0 46 376 299 115 104 84 15 223 342 194 99 98 40 13 
0 143 548 250 69 14 0 0 0 8 509 411 89 7 0 0 194 658 161 11 0 0 0 0 
0 323 469 150 61 10 9 2 0 151 579 168 82 34 10 0 251 572 117 54 19 9 2 0 
0 223 502 255 43 0 1 0 0 77 509 225 181 31 1 0 204 557 160 96 6 1 0 0 
0 220 514 236 51 2 1 0 0 61 355 358 198 48 4 0 201 400 292 92 37 2 0 0 
9 559 351 92 10 2 1 0 0 288 486 183 58 8 1 0 398 491 92 40 3 0 0 0 
19 425 379 122 53 22 4 0 1 198 497 212 62 27 20 7 202 582 151 61 21 7 0 0 
0 57 362 325 190 78 12 0 0 1 182 289 258 185 92 17 20 338 320 232 101 13 0 0 
0 86 571 289 63 13 2 0 0 6 266 432 232 74 7 7 45 529 262 157 22 9 0 0 
0 124 527 327 40 6 0 0 0 0 215 509 265 30 5 0 103 581 288 49 2 1 0 0 
0 198 545 219 61 1 0 0 0 0 206 462 275 80 1 0 205 559 175 79 6 0 0 0 
0 152 499 336 37 0 0 0 0 14 464 385 146 15 0 0 203 586 217 18 0 0 0 0 
0 293 646 78 7 0 0 0 0 53 707 242 21 1 0 0 302 632 88 2 0 0 0 0 
1 259 398 191 80 71 24 0 0 58 382 277 161 74 67 5 13 404 310 178 89 28 2 0 
0 61 267 257 191 102 107 39 0 2 221 212 249 145 129 66 44 392 262 139 76 101 10 0 
0 46 179 232 227 165 118 57 0 4 154 179 240 218 130 99 43 275 301 175 130 86 14 0 
0 17 192 310 267 163 63 12 0 6 93 305 278 235 88 19 58 344 317 203 86 16 0 0 
0 35 238 310 242 132 52 15 0 11 137 265 275 209 96 31 65 382 305 158 84 29 1 0 
0 8 157 326 253 193 76 11 0 2 74 253 283 228 145 39 48 269 327 250 100 30 0 0 
0 33 200 305 245 148 80 13 0 10 90 276 314 204 112 18 141 412 268 154 49 0 0 0 
0 155 324 223 196 92 34 0 0 55 218 294 184 159 97 17 174 540 214 73 23 0 0 0 
0 0 18 186 372 259 131 58 0 0 3 26 206 397 278 114 43 303 329 194 107 48 0 0 
0 0 20 189 332 259 134 90 0 0 0 95 238 341 220 130 13 207 370 216 141 46 31 0 
0 1 17 111 304 306 191 94 0 0 11 98 221 334 240 120 22 212 369 247 116 57 1 0 
0 0 67 281 344 220 84 28 0 0 11 151 391 291 141 39 108 374 323 153 56 10 0 0 
0 27 189 359 234 136 65 14 0 2 102 362 301 176 66 15 153 429 301 119 20 2 0 0 
0 33 244 298 243 128 41 37 0 5 216 365 247 128 38 25 323 441 173 68 18 1 0 0 
0 125 481 273 100 30 9 6 0 19 600 265 99 29 10 2 360 488 127 36 13 0 0 0 
0 30 218 204 203 151 77 141 0 30 262 332 153 97 60 90 298 438 138 93 52 5 0 0 
0 43 306 362 178 89 36 10 0 64 410 309 137 73 28 3 330 470 144 54 26 0 0 0 
0 11 238 327 234 162 42 10 0 13 265 298 214 181 50 3 207 401 243 135 34 4 0 0 
0 2 218 354 235 109 63 43 0 0 67 300 387 191 55 24 69 392 385 141 36 1 0 0 
0 59 424 366 126 26 8 15 0 0 186 435 321 58 14 10 93 512 253 134 23 9 0 0 
0 203 431 282 88 9 9 2 0 2 358 465 130 60 9 0 103 582 231 82 22 4 0 0 
0 73 374 334 150 35 28 30 0 34 352 291 182 106 32 27 60 472 257 127 54 21 31 2 
0 120 502 264 90 41 7 0 0 7 227 386 262 104 32 6 259 424 171 118 50 2 0 0 
0 112 406 335 132 36 3 0 0 21 187 474 241 82 19 0 110 529 266 99 17 3 0 0 
1 538 403 72 10 0 0 0 0 38 645 272 60 9 0 0 241 670 89 23 1 0 0 0 
0 334 316 147 91 76 58 2 0 145 376 210 108 59 65 61 195 476 166 96 79 12 0 0 
0 67 397 376 103 61 20 0 0 0 144 337 368 96 56 23 49 403 357 142 65 8 0 0 
0 47 569 302 90 16 0 0 0 0 273 419 251 64 17 0 118 572 243 88 3 0 0 0 
0 113 384 327 136 26 35 3 0 0 254 351 301 73 32 13 86 455 306 145 32 0 0 0 
0 8 304 348 233 95 36 0 0 0 30 330 373 186 90 15 62 391 398 139 31 3 0 0 
0 66 598 294 59 6 1 0 0 0 197 599 184 39 4 1 38 599 328 53 5 1 0 0 
0 188 656 158 22 0 0 0 0 2 417 525 77 3 0 0 116 683 205 20 0 0 0 0 
0 148 303 191 122 154 85 21 0 28 269 237 147 137 160 46 8 305 289 180 181 45 16 0 
0 46 192 237 209 192 121 27 0 13 158 245 198 196 151 63 50 255 249 186 189 78 17 0 
0 145 299 201 188 118 62 11 0 28 327 200 189 168 80 32 51 470 254 139 76 33 1 0 
0 2 53 269 332 270 93 5 0 0 14 117 326 319 217 31 44 264 422 217 75 2 0 0 
0 14 173 321 261 170 68 17 0 0 75 260 340 193 120 36 82 390 318 148 74 12 0 0 
0 1 90 249 296 221 137 30 0 0 54 151 326 260 186 47 34 260 346 210 161 13 0 0 
0 5 215 373 254 126 51 0 0 0 119 290 296 202 95 22 63 445 304 132 74 6 0 0 
0 1 75 178 325 275 148 22 0 0 13 86 202 361 244 118 74 273 353 181 108 34 1 0 
0 36 160 218 235 181 138 56 0 16 104 191 229 200 179 105 109 367 244 173 92 39 0 0 
0 8 172 233 233 190 135 53 0 0 90 241 247 216 151 79 136 321 237 173 115 39 3 0 
0 0 31 223 337 243 143 47 0 0 11 119 329 290 203 72 20 272 340 248 105 39 0 0 
0 0 18 155 302 281 189 79 0 0 17 139 276 291 193 108 19 201 331 250 169 54 0 0 
0 0 42 216 365 281 102 18 0 0 5 190 348 303 151 27 29 280 386 246 77 6 0 0 
0 24 270 303 244 119 48 16 0 11 289 341 230 108 42 3 272 470 208 62 9 3 0 0 
0 21 233 357 199 106 53 55 0 18 347 342 154 91 45 27 307 398 190 82 42 5 0 0 
0 18 241 298 136 114 66 151 0 7 278 308 151 94 68 118 216 396 165 103 101 42 1 0 
0 16 241 237 164 169 119 78 0 21 251 272 227 116 96 41 253 431 171 88 79 2 0 0 
0 20 76 200 318 253 123 34 0 7 76 214 314 247 136 30 86 317 345 180 84 11 1 0 
0 2 99 313 310 162 95 43 0 0 39 258 437 204 80 6 86 467 329 106 34 2 0 0 
0 68 401 235 203 41 18 58 0 0 88 433 334 97 32 40 268 455 159 88 47 7 0 0 
0 121 581 255 51 10 6 0 0 0 190 556 214 50 12 2 127 634 202 49 11 1 0 0 
0 28 354 448 146 43 5 0 0 0 126 490 321 73 14 0 84 563 282 76 17 2 0 0 
0 4 148 365 240 171 90 6 0 1 82 232 379 179 104 47 145 442 229 131 60 17 0 0 
0 8 222 466 222 72 29 5 0 16 349 396 169 68 26 0 175 616 155 65 12 1 0 0 
0 136 330 293 182 68 15 0 0 15 230 426 232 74 39 8 166 580 197 70 11 0 0 0 
3 397 319 144 47 43 71 0 0 178 410 237 58 25 31 85 368 457 95 49 52 3 0 0 
0 58 239 293 181 107 145 1 0 19 119 265 252 121 99 149 124 362 217 164 108 49 0 0 
0 16 326 270 219 140 53 0 0 8 184 257 200 179 133 63 96 405 266 159 90 8 0 0 
0 26 393 304 231 66 4 0 0 18 235 290 257 208 16 0 43 479 328 160 14 0 0 0 
0 97 465 355 76 20 8 3 0 0 129 556 274 46 15 4 114 565 283 57 4 1 0 0 
0 46 743 217 17 1 0 0 0 5 207 680 128 4 0 0 115 686 209 14 0 0 0 0 
0 348 544 128 4 0 0 0 0 6 574 395 48 1 0 0 171 666 183 4 0 0 0 0 
3 451 260 115 61 55 50 29 0 245 409 157 57 51 54 51 65 550 181 99 52 60 17 0 
0 240 348 206 80 72 49 29 0 244 305 199 99 68 61 48 45 515 247 94 64 46 13 0 
0 63 185 178 279 233 74 12 0 73 156 131 206 269 163 26 53 304 317 220 104 26 0 0 
0 151 92 184 255 197 99 46 0 102 94 126 216 251 170 65 204 257 267 161 94 41 0 0 
0 50 181 312 263 159 50 9 0 3 127 202 295 242 127 28 96 341 301 180 78 28 0 0 
0 20 129 311 218 188 129 29 0 1 81 190 268 225 190 69 49 265 301 209 125 70 5 0 
0 4 119 270 297 187 116 31 0 0 22 172 220 272 221 117 63 397 294 160 94 16 0 0 
0 5 78 250 323 248 102 18 0 3 21 160 302 305 189 44 111 337 322 178 72 4 0 0 
0 17 241 311 223 137 77 18 0 1 100 327 248 170 139 39 118 446 236 131 84 9 0 0 
0 31 174 354 196 137 85 47 0 4 104 243 268 192 135 78 154 421 200 115 90 42 2 0 
0 0 59 241 305 244 107 68 0 0 21 134 265 339 169 96 51 302 300 195 107 62 7 0 
0 0 11 83 301 275 178 176 0 0 9 93 304 292 192 134 25 263 335 189 139 66 7 0 
0 2 57 207 388 260 103 7 0 0 4 93 277 434 196 20 46 366 399 173 40 0 0 0 
0 62 255 304 230 127 44 2 0 24 197 333 252 138 68 12 198 419 240 124 39 4 0 0 
0 88 296 338 161 99 35 7 4 64 353 375 157 53 17 1 192 488 194 120 28 2 0 0 
0 9 118 117 192 259 220 109 0 0 71 144 185 257 248 119 63 237 287 262 145 28 2 0 
0 0 28 130 273 252 136 205 0 0 39 257 291 169 136 132 127 369 205 168 135 20 0 0 
0 13 252 279 203 137 117 23 0 2 221 315 210 127 130 19 207 410 174 156 73 4 0 0 
0 3 161 337 274 149 68 32 0 0 85 332 300 213 71 23 137 377 295 172 33 10 0 0 
0 22 177 395 244 87 55 44 0 9 182 303 341 116 43 30 126 379 262 155 76 25 1 0 
0 24 453 464 72 10 1 0 0 0 123 535 333 31 2 0 141 567 292 21 3 0 0 0 
0 21 516 318 50 29 30 60 0 0 188 549 161 45 32 49 99 591 188 35 27 27 43 14 
0 56 427 269 151 76 38 7 0 10 192 380 208 141 85 8 114 501 218 113 66 12 0 0 
1 94 306 332 207 68 16 0 0 43 281 262 258 128 48 4 220 493 234 59 15 3 0 0 
0 214 328 161 165 85 42 29 0 99 371 230 145 94 56 29 434 368 144 51 27 0 0 0 
0 192 450 279 79 21 3 0 0 153 436 250 118 51 12 4 400 497 102 22 3 0 0 0 
0 144 303 205 164 122 83 3 0 88 241 185 158 125 119 108 241 347 228 130 67 11 0 0 
0 32 282 372 208 78 51 1 0 3 144 306 297 159 60 55 83 403 312 151 60 15 0 0 
0 3 328 396 232 58 7 0 0 1 215 408 242 120 37 1 20 440 363 178 18 5 0 0 
0 4 398 467 123 17 11 4 0 0 15 468 424 95 17 5 35 539 326 102 14 8 0 0 
0 56 605 305 55 3 0 0 0 2 260 500 245 17 0 0 109 637 226 49 3 0 0 0 
0 246 521 226 31 0 0 0 0 50 511 326 128 9 0 0 102 633 254 35 0 0 0 0 
4 592 195 131 46 20 18 18 0 657 161 110 36 17 17 26 201 548 137 81 25 17 15 0 
13 757 177 33 16 13 14 1 0 689 258 31 14 5 15 12 252 686 46 15 16 9 0 0 
3 191 142 159 254 192 78 5 0 159 112 131 156 261 157 48 124 278 288 193 102 39 0 0 
0 215 283 191 205 98 19 13 0 73 270 212 199 176 72 22 186 401 243 140 29 20 5 0 
0 53 218 247 301 160 42 3 0 6 168 169 229 243 181 28 133 406 306 131 45 3 0 0 
0 18 110 193 335 262 91 15 0 13 76 147 302 316 149 21 90 353 342 152 70 15 2 0 
12 391 152 167 123 87 72 20 0 345 152 168 143 117 62 37 134 476 211 122 55 26 0 0 
14 611 173 100 80 39 7 0 0 473 276 84 77 75 35 4 255 611 119 32 6 1 0 0 
1 211 245 245 196 97 26 3 0 129 184 193 223 206 78 11 187 444 251 97 40 5 0 0 
0 48 195 326 223 123 81 28 0 11 88 268 306 190 100 61 139 390 256 138 66 35 0 0 
0 91 222 218 255 175 55 8 0 35 138 260 239 246 88 18 167 414 269 129 42 3 0 0 
0 9 37 105 247 281 200 145 0 3 35 140 207 275 248 116 41 249 255 274 154 48 3 0 
0 0 6 80 315 376 220 27 0 0 0 26 173 378 339 108 7 126 403 281 177 30 0 0 
0 8 76 322 289 173 105 51 0 13 101 231 249 224 152 54 45 278 379 199 104 19 0 0 
7 310 151 125 133 140 99 59 56 399 160 181 131 51 25 21 265 285 199 151 63 29 29 3 
0 2 70 239 282 251 140 40 0 14 108 189 278 249 155 31 113 249 318 186 97 45 16 0 
0 4 86 185 229 213 110 197 0 5 99 228 286 155 95 156 125 382 213 128 99 77 0 0 
0 7 257 341 216 131 69 3 0 0 163 377 242 136 97 9 205 420 242 117 39 1 0 0 
0 3 105 319 313 144 86 54 0 0 36 203 434 236 80 35 73 347 368 171 50 15 0 0 
0 4 131 423 167 118 88 93 0 0 49 296 330 150 94 105 87 432 257 125 93 30 0 0 
0 47 564 297 88 23 5 0 0 7 383 464 137 28 5 0 140 649 173 45 12 5 0 0 
0 15 363 336 116 63 52 79 0 10 386 349 109 54 66 50 21 397 305 111 65 51 53 21 
0 25 406 295 172 83 43 0 0 97 305 333 178 87 24 0 25 533 273 140 43 10 0 0 
0 264 459 231 56 10 4 0 0 141 540 254 61 26 2 0 193 562 214 44 9 2 0 0 
0 99 485 288 117 27 8 0 0 42 379 343 144 77 37 2 194 579 203 39 9 0 0 0 
0 271 362 267 100 24 0 0 0 223 350 248 143 50 10 0 380 516 115 13 0 0 0 0 
0 83 289 322 154 99 72 5 0 48 139 274 265 132 101 65 151 466 230 124 51 2 0 0 
0 125 471 269 98 38 9 14 0 6 278 429 219 51 23 18 175 525 228 75 9 12 0 0 
0 18 407 503 75 16 5 0 0 0 60 407 457 81 16 3 74 622 262 57 8 1 0 0 
0 77 512 350 68 16 1 0 0 12 177 472 313 36 14 0 131 521 281 73 18 0 0 0 
3 182 503 299 36 1 0 0 0 27 394 394 200 9 0 0 219 556 214 35 0 0 0 0 
0 210 592 195 26 1 0 0 0 50 622 321 30 1 0 0 129 603 270 22 0 0 0 0 
2 692 279 51 0 0 0 0 0 783 228 13 0 0 0 0 145 781 98 0 0 0 0 0 
11 817 167 19 8 2 0 0 0 806 192 17 8 1 0 0 276 712 30 5 1 0 0 0 
10 450 267 136 84 44 19 14 0 396 283 153 94 51 32 15 306 421 195 59 24 12 7 0 
3 260 262 274 152 67 6 0 0 145 208 258 196 114 99 4 293 440 220 64 7 0 0 0 
1 137 142 236 226 155 110 17 0 85 122 138 232 234 145 68 60 346 284 158 116 54 6 0 
29 443 258 160 59 34 32 9 9 365 200 222 123 53 41 11 88 594 211 72 27 23 9 0 
23 331 197 157 107 64 73 72 2 299 195 177 120 85 122 24 189 301 197 115 61 86 75 0 
176 750 62 14 18 3 1 0 15 862 104 15 20 6 2 0 436 531 32 19 5 1 0 0 
4 226 343 275 114 46 16 0 0 169 236 260 228 86 42 3 174 488 234 83 39 6 0 0 
17 548 190 137 66 37 28 1 0 460 213 145 101 46 34 25 321 490 120 45 36 12 0 0 
12 435 238 159 73 41 31 35 0 372 252 181 83 65 33 38 366 426 125 47 36 24 0 0 
0 40 102 97 180 234 217 154 0 26 97 93 148 215 256 189 104 211 241 195 173 71 29 0 
0 0 3 61 218 277 251 214 0 0 0 57 164 260 311 232 16 177 236 244 170 87 57 37 
0 0 3 96 117 170 132 506 0 0 1 41 134 170 165 513 2 90 138 162 108 58 48 418 
0 5 60 106 99 106 152 496 0 62 84 133 162 137 86 360 5 90 98 182 128 111 68 342 
0 1 25 189 523 151 52 83 0 0 11 220 515 145 71 62 2 24 47 238 472 116 70 55 
0 1 129 187 279 177 76 175 0 5 121 266 328 96 65 143 61 431 243 113 101 71 4 0 
0 14 279 333 159 80 80 79 0 5 159 398 203 73 83 103 123 449 224 106 100 21 1 0 
0 72 287 226 121 121 96 101 0 60 286 285 161 102 69 61 162 474 203 107 59 19 0 0 
0 81 292 242 127 103 46 133 0 15 244 370 172 72 40 111 198 489 160 64 103 10 0 0 
0 66 330 386 163 60 17 2 0 20 278 460 190 62 12 2 112 404 359 115 28 5 1 0 
0 93 257 238 125 120 110 81 0 81 298 254 125 134 93 39 123 384 173 126 129 70 19 0 
0 82 424 325 118 47 20 8 0 88 445 314 119 39 16 3 171 586 168 65 22 11 1 0 
0 295 446 211 62 6 4 0 0 257 497 216 46 5 3 0 235 547 197 38 4 3 0 0 
2 165 456 346 52 1 2 0 0 108 304 287 278 45 2 0 244 482 222 66 9 1 0 0 
0 314 473 212 17 7 1 0 0 176 315 292 230 11 0 0 278 526 148 72 0 0 0 0 
0 218 562 179 26 30 5 4 0 6 380 473 115 16 22 12 143 605 214 56 6 0 0 0 
0 43 441 366 115 40 14 5 0 7 146 407 333 88 38 5 119 587 235 64 14 5 0 0 
0 15 412 306 156 85 17 33 0 0 133 387 248 135 81 40 124 517 265 65 20 15 18 0 
0 29 509 371 103 10 2 0 0 16 196 464 298 48 2 0 114 676 206 26 2 0 0 0 
0 166 718 102 31 7 0 0 0 1 688 275 58 2 0 0 109 772 112 28 3 0 0 0 
0 60 504 280 144 34 2 0 0 28 583 287 97 27 2 0 14 570 295 94 42 9 0 0 
61 825 138 0 0 0 0 0 94 874 56 0 0 0 0 0 299 720 5 0 0 0 0 0 
22 896 84 17 5 0 0 0 0 836 156 22 8 2 0 0 172 802 41 8 1 0 0 0 
19 352 352 158 77 50 15 1 3 264 366 166 78 85 50 12 191 417 310 84 22 0 0 0 
130 731 91 41 27 4 0 0 13 764 130 51 38 22 6 0 353 615 48 8 0 0 0 0 
71 787 93 39 11 18 5 0 0 705 225 37 29 14 11 3 138 801 52 14 16 3 0 0 
75 870 59 15 4 1 0 0 11 816 171 21 4 1 0 0 141 827 47 8 1 0 0 0 
94 388 159 132 86 74 81 10 9 449 174 136 91 103 62 0 143 372 152 110 114 117 16 0 
201 813 10 0 0 0 0 0 26 965 29 4 0 0 0 0 409 607 8 0 0 0 0 0 
188 578 128 65 42 19 4 0 31 692 115 91 55 31 9 0 388 503 80 34 17 2 0 0 
117 784 79 11 10 14 9 0 10 861 106 12 10 11 14 0 311 654 27 13 15 4 0 0 
43 735 139 80 25 2 0 0 1 705 165 102 39 12 0 0 464 455 81 24 0 0 0 0 
23 377 176 128 153 111 46 10 1 338 230 135 167 97 44 12 218 440 178 123 55 9 1 0 
0 0 0 29 157 283 326 229 0 0 0 48 178 251 318 229 3 117 223 323 227 75 27 29 
0 0 0 38 86 130 161 609 0 0 0 37 88 120 137 642 9 34 98 131 149 100 49 454 
0 19 59 41 52 31 104 718 0 88 61 34 24 69 95 653 3 115 53 30 24 108 68 623 
0 1 20 26 59 124 146 648 0 27 44 34 81 125 213 500 0 55 47 35 93 174 188 432 
0 0 89 186 279 182 72 216 0 0 84 244 322 126 69 179 55 248 161 212 252 43 15 38 
0 28 139 162 170 178 133 214 0 36 166 162 235 83 76 266 113 352 188 150 183 37 1 0 
0 2 131 331 157 156 109 138 0 66 299 198 172 128 71 90 86 394 211 157 110 66 0 0 
0 5 214 326 190 119 39 131 0 9 349 287 170 72 17 120 30 377 337 127 63 90 0 0 
0 177 446 290 100 9 2 0 0 89 631 247 51 6 0 0 145 550 270 53 6 0 0 0 
0 16 293 333 150 75 65 92 0 1 435 268 111 78 60 71 37 353 300 107 85 69 39 34 
0 7 302 280 265 115 37 18 0 26 295 292 236 118 55 2 90 378 310 171 60 15 0 0 
0 77 391 287 150 62 39 18 0 115 443 273 110 54 29 0 209 508 177 92 30 7 1 0 
0 113 203 268 204 120 105 11 0 92 196 236 267 151 78 4 153 248 283 163 108 61 8 0 
0 153 288 442 103 28 10 0 0 0 256 412 308 46 2 0 173 386 322 133 10 0 0 0 
0 66 405 319 177 51 6 0 0 23 215 597 182 7 0 0 78 402 407 135 2 0 0 0 
0 106 537 276 90 15 0 0 0 2 353 534 120 15 0 0 88 657 241 38 0 0 0 0 
0 26 403 283 159 108 39 6 0 3 186 406 206 129 71 23 168 513 184 124 29 3 3 0 
0 18 453 393 127 27 6 0 0 9 307 488 178 39 3 0 172 658 158 31 5 0 0 0 
0 3 482 326 104 66 42 1 0 6 491 331 110 55 31 0 113 601 167 77 57 9 0 0 
0 12 140 499 234 81 44 14 0 0 267 486 155 71 37 8 0 205 467 166 104 48 30 4 
28 917 75 4 0 0 0 0 0 871 147 5 1 0 0 0 162 845 16 1 0 0 0 0 
37 868 119 0 0 0 0 0 0 838 185 1 0 0 0 0 203 800 21 0 0 0 0 0 
218 540 244 14 5 3 0 0 54 669 271 19 5 4 2 0 334 464 212 13 1 0 0 0 
547 467 10 0 0 0 0 0 218 786 20 0 0 0 0 0 654 368 2 0 0 0 0 0 
325 699 0 0 0 0 0 0 25 918 81 0 0 0 0 0 349 673 2 0 0 0 0 0 
379 638 7 0 0 0 0 0 51 914 59 0 0 0 0 0 449 569 6 0 0 0 0 0 
85 392 182 221 140 4 0 0 10 382 252 226 148 6 0 0 92 420 153 199 149 11 0 0 
135 768 89 25 5 2 0 0 21 756 212 27 7 1 0 0 236 712 64 8 4 0 0 0 
252 574 157 32 9 0 0 0 125 752 131 15 1 0 0 0 398 573 46 7 0 0 0 0 
15 661 329 19 0 0 0 0 4 938 79 3 0 0 0 0 161 854 9 0 0 0 0 0 
19 692 180 71 46 14 2 0 0 731 159 75 49 8 2 0 309 611 80 21 3 0 0 0 
4 473 50 55 121 151 158 12 0 432 85 36 78 154 174 65 137 417 128 181 146 15 0 0 
0 0 2 82 176 261 293 210 0 0 0 27 156 252 263 326 0 81 199 273 253 139 56 23 
0 0 77 278 156 135 142 236 0 64 129 186 169 139 157 180 26 338 223 134 122 65 67 49 
0 14 50 128 250 121 141 320 0 76 130 132 185 108 123 270 1 137 109 133 166 97 129 252 
58 290 147 195 201 73 33 27 236 213 126 210 143 53 26 17 285 236 192 142 107 40 13 9 
0 0 91 302 287 150 77 117 0 1 129 311 280 142 74 87 87 351 287 145 88 66 0 0 
0 14 282 215 139 154 82 138 0 8 311 233 215 113 46 98 66 574 185 101 35 62 1 0 
0 35 206 333 175 137 63 75 0 70 399 256 138 82 34 45 93 491 267 100 43 27 3 0 
0 0 402 244 127 76 30 145 0 41 497 198 107 27 25 129 43 467 272 92 54 92 4 0 
0 0 421 405 110 54 24 10 0 1 598 288 76 44 16 1 41 583 283 76 28 12 1 0 
0 25 257 402 185 82 36 37 0 24 430 298 150 63 32 27 19 357 367 152 64 35 19 11 
0 10 289 338 200 93 51 43 0 45 446 288 138 65 32 10 48 472 303 139 56 6 0 0 
0 33 317 298 172 142 58 4 0 55 330 289 156 138 47 9 86 389 242 170 105 32 0 0 
0 45 214 227 209 173 118 38 0 71 240 205 218 161 115 14 22 275 260 210 177 67 13 0 
0 75 482 377 61 26 3 0 0 82 347 305 240 39 11 0 115 531 302 57 19 0 0 0 
0 71 502 348 90 13 0 0 0 14 365 444 190 11 0 0 180 650 188 6 0 0 0 0 
5 32 185 374 192 165 50 21 0 46 311 428 139 51 37 12 61 424 315 131 59 26 8 0 
0 41 463 400 79 34 6 1 0 19 277 425 253 44 5 1 101 463 332 116 11 1 0 0 
0 73 253 529 140 24 3 2 0 53 211 518 237 3 2 0 59 623 311 26 3 2 0 0 
0 13 214 408 269 92 27 1 0 46 233 482 198 51 13 1 45 393 407 135 40 4 0 0 
0 0 44 537 391 49 3 0 0 0 404 480 131 9 0 0 2 213 665 137 7 0 0 0 
204 799 19 2 0 0 0 0 29 943 48 4 0 0 0 0 376 636 11 1 0 0 0 0 
77 906 41 0 0 0 0 0 17 939 68 0 0 0 0 0 159 848 17 0 0 0 0 0 
354 639 24 7 0 0 0 0 62 913 40 8 1 0 0 0 453 556 13 2 0 0 0 0 
431 593 0 0 0 0 0 0 114 897 13 0 0 0 0 0 564 460 0 0 0 0 0 0 
299 646 73 6 0 0 0 0 19 814 159 29 3 0 0 0 488 471 62 3 0 0 0 0 
245 624 133 22 0 0 0 0 26 675 300 23 0 0 0 0 441 560 23 0 0 0 0 0 
3 419 259 277 66 0 0 0 0 202 392 347 83 0 0 0 40 480 197 240 66 1 0 0 
9 595 317 94 8 1 0 0 1 497 477 42 5 2 0 0 48 744 214 15 3 0 0 0 
167 438 418 1 0 0 0 0 149 723 148 4 0 0 0 0 239 775 10 0 0 0 0 0 
0 334 676 11 2 1 0 0 0 784 237 1 1 1 0 0 51 935 36 2 0 0 0 0 
11 622 209 65 57 36 22 2 0 694 138 60 52 46 23 11 269 624 58 43 20 7 3 0 
0 117 76 76 132 204 256 163 0 116 64 59 97 180 223 285 58 178 138 198 212 140 68 32 
0 71 130 247 193 175 135 73 0 10 115 201 223 203 146 126 85 260 251 195 138 64 31 0 
0 97 230 198 222 129 61 87 7 129 292 199 171 78 79 69 147 292 204 221 75 55 16 14 
4 135 143 137 186 201 216 2 166 196 218 307 137 0 0 0 132 187 195 226 283 1 0 0 
310 319 120 120 82 53 12 8 577 192 140 91 11 5 8 0 575 204 148 75 17 5 0 0 
0 17 140 361 285 133 48 40 0 0 88 340 347 162 56 31 50 403 333 144 66 18 10 0 
0 35 181 214 162 154 87 191 0 35 271 244 204 61 52 157 100 487 163 96 54 114 10 0 
0 37 134 333 279 105 51 85 0 79 334 320 149 53 46 43 106 388 293 147 42 36 12 0 
0 2 298 363 102 71 44 144 0 84 501 183 65 28 39 124 9 534 282 44 50 53 52 0 
0 0 218 502 197 77 20 10 0 1 297 477 168 56 21 4 76 506 309 92 32 8 1 0 
0 0 50 302 283 174 108 107 0 2 176 347 200 160 109 30 6 291 318 197 114 78 20 0 
0 54 345 322 198 75 22 8 0 112 414 272 162 48 16 0 63 478 289 142 43 9 0 0 
0 67 333 371 170 53 24 6 0 133 405 291 139 33 17 6 46 372 352 176 71 7 0 0 
0 57 236 208 185 163 124 51 1 125 279 194 174 128 92 31 79 290 235 177 177 53 13 0 
7 116 198 379 181 123 20 0 19 110 294 289 232 64 16 0 144 308 324 197 51 0 0 0 
0 36 157 439 265 126 1 0 0 79 421 161 266 96 1 0 47 413 358 187 19 0 0 0 
16 147 311 337 140 62 11 0 0 133 305 326 168 64 28 0 280 546 144 49 5 0 0 0 
2 122 371 422 92 12 2 1 15 93 334 370 147 60 4 1 105 460 400 52 6 1 0 0 
4 157 232 360 178 70 13 10 3 139 290 339 209 29 13 2 18 393 394 171 37 9 2 0 
0 65 410 315 110 70 39 15 0 47 414 394 87 50 30 2 86 572 221 80 46 18 1 0 
0 48 246 316 208 140 53 13 0 120 342 338 157 52 15 0 109 342 343 178 44 8 0 0 
455 556 12 1 0 0 0 0 189 818 16 1 0 0 0 0 655 366 3 0 0 0 0 0 
60 906 58 0 0 0 0 0 14 858 150 2 0 0 0 0 108 901 15 0 0 0 0 0 
119 683 56 58 44 41 22 1 27 753 112 51 41 37 3 0 232 633 56 55 46 2 0 0 
109 702 152 38 19 4 0 0 24 769 175 47 8 1 0 0 358 576 67 20 3 0 0 0 
65 726 186 38 8 1 0 0 12 797 181 27 6 1 0 0 278 652 82 11 1 0 0 0 
27 794 151 30 19 3 0 0 10 558 408 37 11 0 0 0 193 781 36 12 2 0 0 0 
114 588 218 95 8 1 0 0 63 558 288 107 8 0 0 0 253 552 160 58 1 0 0 0 
13 282 538 186 5 0 0 0 16 337 521 147 3 0 0 0 47 505 400 72 0 0 0 0 
68 372 554 29 1 0 0 0 64 490 443 27 0 0 0 0 105 848 67 4 0 0 0 0 
0 0 658 350 8 7 1 0 0 183 768 38 29 6 0 0 1 776 236 5 6 0 0 0 
0 169 363 250 121 35 41 45 0 283 361 126 106 49 51 48 99 585 201 51 45 32 11 0 
2 106 122 192 303 181 94 24 3 88 125 160 251 266 102 29 149 279 322 174 80 20 0 0 
0 34 45 105 228 208 195 209 0 27 66 134 215 194 187 201 80 174 257 232 129 81 64 7 
0 86 247 263 150 143 69 66 41 213 278 151 119 79 79 64 155 349 265 149 68 38 0 0 
19 101 168 111 199 330 94 2 175 187 247 385 30 0 0 0 88 230 158 373 175 0 0 0 
768 149 36 47 22 1 1 0 900 88 31 3 0 1 1 0 898 67 51 7 1 0 0 0 
3 94 220 239 226 143 64 35 28 54 173 241 230 183 82 33 189 298 229 190 68 25 15 10 
0 31 119 171 165 151 144 243 0 9 139 262 244 116 77 177 169 353 197 114 57 63 71 0 
0 17 119 280 257 155 71 125 1 59 203 328 211 71 54 97 102 299 315 131 73 60 44 0 
0 8 128 369 268 125 47 79 0 22 191 352 228 110 49 72 51 309 376 168 54 60 6 0 
0 1 214 341 245 187 33 3 0 6 122 324 248 195 125 4 20 254 297 192 167 91 3 0 
0 2 74 405 270 154 67 52 0 7 262 402 185 101 55 12 29 431 338 135 58 26 7 0 
0 105 361 276 96 80 55 51 0 129 365 268 101 71 66 24 190 419 181 89 72 58 15 0 
0 235 335 243 163 45 1 2 0 210 419 246 127 20 2 0 178 401 258 142 43 2 0 0 
15 153 278 261 186 86 42 3 86 249 313 203 119 49 5 0 216 377 246 127 54 4 0 0 
23 361 302 225 109 4 0 0 30 358 270 211 155 0 0 0 316 427 219 62 0 0 0 0 
70 429 327 119 60 19 0 0 11 405 372 125 92 9 10 0 361 439 145 67 12 0 0 0 
24 240 354 289 98 16 3 0 13 135 382 317 153 22 2 0 206 467 277 72 2 0 0 0 
0 89 321 463 137 14 0 0 0 76 351 422 168 7 0 0 94 514 353 60 3 0 0 0 
0 169 475 307 69 4 0 0 0 100 542 301 73 8 0 0 84 567 313 60 0 0 0 0 
0 104 439 324 137 20 0 0 0 79 437 395 103 10 0 0 27 498 379 108 11 1 0 0 
5 230 442 229 76 28 11 3 0 174 474 281 73 16 6 0 87 533 299 79 21 5 0 0 
54 722 181 47 13 7 0 0 10 704 224 63 15 8 0 0 185 730 86 19 4 0 0 0 
43 765 177 35 4 0 0 0 17 730 236 36 5 0 0 0 182 767 65 10 0 0 0 0 
6 295 183 99 90 88 151 112 0 304 220 145 102 153 96 4 85 392 164 144 160 79 0 0 
0 267 163 183 190 128 70 23 0 316 224 232 154 73 25 0 42 429 267 188 76 22 0 0 
0 103 825 81 7 3 5 0 0 460 464 89 5 6 0 0 9 889 114 6 6 0 0 0 
86 756 166 16 0 0 0 0 100 851 73 0 0 0 0 0 272 718 34 0 0 0 0 0 
87 768 163 5 1 0 0 0 21 869 129 4 1 0 0 0 219 775 28 2 0 0 0 0 
0 448 479 94 3 0 0 0 0 569 372 83 0 0 0 0 11 683 306 24 0 0 0 0 
0 147 396 174 184 95 21 7 0 142 412 146 95 124 84 21 107 572 252 74 13 4 2 0 
0 0 95 382 200 148 111 88 0 9 274 138 176 142 152 133 23 288 381 146 101 60 25 0 
0 6 60 198 310 246 145 59 0 3 42 41 212 329 243 154 98 348 285 157 83 53 0 0 
0 5 21 97 199 279 223 200 0 0 13 32 127 300 326 226 45 187 275 240 154 94 23 6 
0 0 4 49 201 291 230 249 0 0 1 40 154 265 338 226 30 182 268 259 157 91 34 3 
20 41 81 127 107 155 222 271 32 67 108 84 83 194 301 155 124 188 147 187 247 119 12 0 
133 267 146 151 155 111 39 22 333 225 182 151 55 36 33 9 383 251 200 153 27 6 4 0 
495 276 25 26 31 47 66 58 709 84 31 15 28 66 62 29 772 50 39 55 47 48 13 0 
0 79 90 146 206 189 96 218 21 57 88 204 163 204 93 194 122 176 242 154 90 56 86 98 
0 0 72 144 187 226 140 255 0 0 97 218 234 175 145 155 68 216 237 196 119 90 88 10 
0 94 250 172 181 130 66 131 0 12 257 250 174 142 77 112 239 237 128 116 142 84 64 14 
0 126 283 247 174 93 43 58 0 9 311 309 214 86 54 41 287 324 201 111 56 44 1 0 
0 79 317 222 152 105 66 83 0 22 343 275 180 89 89 26 325 307 173 111 88 20 0 0 
8 51 312 245 182 126 55 45 4 57 156 375 193 129 101 9 148 363 193 147 109 64 0 0 
0 61 243 260 189 123 70 78 0 88 282 250 167 131 75 31 126 345 210 150 118 58 17 0 
58 334 383 154 51 18 15 11 24 421 318 174 55 16 14 2 446 390 124 42 20 2 0 0 
2 102 266 288 207 110 38 11 0 155 269 255 176 143 24 2 77 363 243 181 129 28 3 0 
40 344 242 156 141 76 24 1 65 345 223 156 143 80 12 0 218 389 161 159 77 19 1 0 
0 29 280 398 233 78 5 1 0 10 135 327 347 159 43 3 77 326 390 197 32 2 0 0 
0 50 333 465 153 22 1 0 0 31 157 450 299 84 3 0 57 392 416 130 24 5 0 0 
0 93 514 328 74 14 1 0 0 60 383 400 130 41 10 0 55 550 339 61 15 4 0 0 
0 68 395 457 98 6 0 0 0 40 290 542 143 8 1 0 57 542 394 29 2 0 0 0 
0 6 184 384 398 47 5 0 0 3 127 354 476 60 4 0 9 262 536 205 10 2 0 0 
0 42 69 272 447 164 27 3 0 28 80 295 465 140 16 0 3 106 499 365 47 4 0 0 
1 112 179 235 278 150 69 0 0 90 160 237 264 168 103 2 38 235 311 283 140 17 0 0 
0 347 455 139 50 22 11 0 0 306 486 149 46 26 11 0 33 664 246 57 22 2 0 0 
19 716 262 26 1 0 0 0 7 710 289 18 0 0 0 0 87 833 100 4 0 0 0 0 
1 511 407 89 14 2 0 0 2 635 342 44 1 0 0 0 40 843 136 5 0 0 0 0 
0 358 508 132 23 3 0 0 1 381 557 75 9 1 0 0 16 730 245 31 2 0 0 0 
2 283 285 264 133 48 9 0 1 334 319 220 104 43 3 0 53 472 343 117 34 5 0 0 
4 490 242 146 100 32 9 1 0 368 316 183 99 41 15 2 27 621 235 102 31 8 0 0 
0 79 347 213 212 101 58 14 0 43 263 258 162 137 110 51 56 316 403 169 56 21 3 0 
0 5 74 179 377 205 127 57 0 3 36 67 165 370 235 148 55 321 290 193 98 42 25 0 
0 0 0 112 274 286 245 107 0 0 0 14 227 270 314 199 5 211 293 266 174 55 20 0 
0 0 13 36 210 258 298 209 0 0 0 32 115 273 311 293 18 87 259 268 233 146 13 0 
0 0 0 2 59 107 309 547 0 0 0 2 62 130 376 454 0 9 87 147 303 272 163 43 
0 0 0 29 108 210 351 326 0 0 7 20 87 221 372 317 12 89 181 276 249 132 66 19 
0 0 32 302 204 158 143 185 0 4 171 255 173 138 155 128 71 298 258 160 124 101 12 0 
0 181 217 214 163 102 56 91 15 368 203 176 98 67 40 57 77 545 207 80 47 13 24 31 
0 92 160 195 139 110 106 222 0 274 234 66 103 109 129 109 87 337 221 87 109 97 71 15 
0 0 4 55 134 192 257 382 0 2 43 153 197 217 222 190 4 93 207 200 214 190 99 17 
0 1 50 76 161 274 163 299 0 0 10 135 207 233 278 161 21 80 193 194 212 196 112 16 
8 122 291 270 210 75 40 8 0 33 141 312 306 162 45 25 124 308 215 175 143 50 9 0 
5 331 342 183 93 56 12 2 0 68 359 307 167 79 41 3 241 385 162 113 77 46 0 0 
0 143 432 221 107 52 27 42 0 15 319 371 183 72 32 32 206 414 206 100 62 36 0 0 
0 166 519 212 89 32 5 1 0 2 315 435 165 82 25 0 143 489 182 116 55 39 0 0 
0 40 327 422 182 36 11 6 0 8 142 441 328 77 24 4 28 302 328 244 97 19 6 0 
0 47 452 272 153 74 12 14 0 18 222 376 264 109 24 11 120 428 242 139 59 27 9 0 
0 15 229 391 238 119 28 4 0 2 116 364 343 169 29 1 18 327 319 239 106 15 0 0 
0 26 169 418 278 102 28 3 0 3 122 314 398 165 22 0 26 172 418 337 66 5 0 0 
0 15 449 445 105 10 0 0 0 0 87 614 260 60 3 0 75 412 378 113 40 6 0 0 
0 6 192 614 199 13 0 0 0 0 15 423 533 52 1 0 7 258 547 193 18 1 0 0 
0 7 158 491 275 82 9 2 0 0 47 380 475 105 14 3 1 297 536 167 20 3 0 0 
0 0 43 214 243 242 198 84 0 0 7 186 325 298 159 49 0 109 349 351 157 49 9 0 
0 0 0 13 196 457 291 67 0 0 0 13 305 513 168 25 0 2 218 540 222 38 4 0 
0 0 14 49 271 387 247 56 0 0 14 71 359 384 179 17 3 48 318 374 222 59 0 0 
0 0 5 43 160 408 354 54 0 0 4 34 120 401 415 50 0 20 97 323 468 102 14 0 
0 27 78 217 250 300 126 26 0 28 106 202 175 272 218 23 6 79 268 388 222 57 4 0 
0 158 138 104 155 306 160 3 0 155 145 133 128 237 221 5 5 233 173 354 246 13 0 0 
0 128 186 79 178 176 208 69 0 158 167 183 138 249 128 1 2 283 170 257 271 41 0 0 
0 31 99 85 165 238 221 185 1 50 120 191 130 317 210 5 13 90 191 249 332 142 7 0 
0 1 22 32 73 148 409 339 0 4 27 49 127 317 451 49 1 22 99 236 534 122 10 0 
0 17 14 9 93 171 467 253 1 22 11 34 112 284 441 119 6 29 75 172 266 359 97 20 
0 0 21 69 212 245 305 172 0 0 20 115 225 269 268 127 36 107 185 250 256 172 18 0 
0 0 9 77 141 259 301 237 0 0 0 34 130 234 320 306 17 100 185 236 211 184 88 3 
0 6 89 224 258 243 167 37 0 0 33 158 263 239 232 99 99 280 290 203 136 15 1 0 
0 0 0 22 102 157 298 445 0 0 0 31 153 213 366 261 0 40 154 204 297 228 88 13 
0 0 0 0 17 58 236 713 0 0 0 0 13 120 439 452 0 12 33 116 331 302 197 33 
0 0 24 25 62 86 256 571 0 15 25 38 65 149 409 323 10 53 83 149 361 257 100 11 
0 0 50 97 84 127 277 389 0 25 109 92 138 281 256 123 32 110 108 185 321 176 76 16 
6 95 67 143 272 258 109 74 23 157 241 125 165 233 62 18 92 275 142 143 286 63 23 0 
56 453 273 62 37 47 23 73 117 627 82 32 63 24 42 37 388 394 55 54 84 31 18 0 
20 73 216 201 172 85 125 132 20 67 248 189 195 128 140 37 76 171 182 218 262 100 15 0 
0 127 311 288 128 63 43 64 0 19 290 382 177 75 54 27 128 239 217 258 130 36 16 0 
42 462 196 133 189 2 0 0 1 197 367 212 224 22 1 0 294 337 108 115 170 0 0 0 
44 510 253 133 76 8 0 0 1 356 337 234 79 17 0 0 333 405 126 115 45 0 0 0 
0 176 397 260 125 41 25 0 0 102 379 315 156 57 15 0 57 359 340 150 89 29 0 0 
3 311 398 179 92 32 9 0 1 221 317 294 119 53 19 0 117 423 256 151 54 23 0 0 
0 325 508 122 58 11 0 0 0 267 490 180 60 18 9 0 11 389 508 79 28 9 0 0 
28 317 467 153 46 12 1 0 40 301 380 204 70 23 6 0 166 550 228 49 26 5 0 0 
24 306 434 169 89 2 0 0 8 157 377 330 95 57 0 0 113 445 280 107 53 26 0 0 
3 199 395 276 129 22 0 0 0 126 327 297 183 83 8 0 81 391 281 162 88 21 0 0 
0 11 204 499 257 46 7 0 0 2 151 584 264 19 4 0 9 238 548 202 24 3 0 0 
0 0 65 468 386 70 24 11 0 0 24 439 446 83 22 10 6 211 535 206 42 23 1 0 
0 0 6 144 352 334 139 49 0 0 0 202 385 324 95 18 1 92 426 373 107 17 8 0 
0 0 0 2 102 370 389 161 0 0 0 39 295 433 230 27 0 10 217 470 279 48 0 0 
0 0 0 2 86 321 414 201 0 0 0 13 281 506 217 7 0 10 167 462 322 63 0 0 
0 3 71 56 154 280 342 118 0 3 77 65 187 381 262 49 12 87 160 351 323 85 6 0 
0 16 131 168 196 349 159 5 0 11 133 161 227 414 77 1 31 156 218 444 172 3 0 0 
0 11 92 167 376 285 93 0 0 14 85 144 352 363 66 0 2 57 300 501 155 9 0 0 
0 48 72 173 448 238 45 0 0 59 71 237 405 198 54 0 0 93 204 530 171 26 0 0 
348 515 39 25 29 34 32 2 338 553 20 27 33 35 18 0 512 398 40 38 35 1 0 0 
101 132 109 156 250 196 67 13 97 156 100 146 335 151 39 0 189 123 173 326 156 49 8 0 
0 67 171 122 200 185 185 94 0 94 169 143 297 194 127 0 6 146 196 294 240 126 16 0 
25 163 204 130 111 182 116 93 35 204 225 92 235 115 118 0 68 257 178 201 146 132 42 0 
0 15 111 104 128 232 167 267 0 54 107 106 240 163 275 79 4 138 135 241 176 210 120 0 
0 0 110 182 217 173 182 160 0 12 138 136 253 149 182 154 11 217 225 219 147 153 52 0 
0 0 2 67 137 202 357 259 0 0 2 52 107 217 301 345 0 23 107 176 295 267 141 15 
0 0 0 12 66 102 269 575 0 0 2 34 76 165 325 422 2 9 76 174 245 277 175 66 
0 0 0 3 29 117 439 436 0 0 1 23 99 369 424 108 0 4 65 351 475 116 13 0 
0 0 59 80 87 128 275 395 0 23 98 86 146 290 292 89 18 103 108 190 409 142 32 22 
3 64 41 46 157 291 241 181 3 69 43 67 273 370 157 42 12 77 75 206 509 115 24 6 
279 156 133 75 130 199 52 0 315 201 153 117 164 74 0 0 365 234 135 114 174 2 0 0 
66 398 343 115 87 15 0 0 130 642 133 82 37 0 0 0 331 499 98 66 30 0 0 0 
233 471 148 62 102 8 0 0 244 468 137 65 109 1 0 0 316 419 124 87 78 0 0 0 
218 253 171 119 155 41 67 0 223 284 146 137 150 72 12 0 248 271 161 164 140 40 0 0 
278 314 147 100 80 41 64 0 274 341 162 96 72 61 18 0 302 365 140 97 70 50 0 0 
219 437 82 127 85 43 31 0 220 444 93 147 61 57 2 0 266 417 98 150 65 28 0 0 
41 474 137 150 118 64 40 0 52 488 143 144 124 61 12 0 90 484 148 177 81 44 0 0 
1 274 617 86 25 10 11 0 4 361 553 77 12 15 2 0 8 567 370 57 9 13 0 0 
14 612 398 0 0 0 0 0 13 568 443 0 0 0 0 0 11 618 395 0 0 0 0 0 
226 390 310 31 28 22 15 2 236 409 286 35 28 20 10 0 315 396 235 36 27 15 0 0 
64 635 121 41 55 76 32 0 33 674 110 49 71 86 1 0 328 470 43 46 96 41 0 0 
0 217 445 253 97 9 3 0 0 249 408 213 110 39 5 0 131 518 228 121 25 1 0 0 
0 5 161 344 314 154 42 4 0 10 238 426 238 106 6 0 30 272 400 221 93 7 1 0 
0 0 0 142 461 273 101 47 0 0 6 303 475 173 48 19 0 45 397 398 128 45 11 0 
0 0 59 100 186 173 214 292 0 0 37 185 242 284 194 82 5 118 209 240 248 150 54 0 
0 12 264 239 188 100 120 101 0 0 127 287 275 209 104 22 41 185 260 282 179 69 8 0 
0 75 193 170 260 216 102 8 0 11 183 192 354 225 59 0 5 223 254 357 155 30 0 0 
0 27 136 307 345 170 36 3 0 1 217 383 316 93 14 0 1 237 435 280 67 4 0 0 
60 453 293 133 77 8 0 0 6 246 399 234 121 18 0 0 333 421 164 104 2 0 0 0 
44 245 256 404 58 17 0 0 43 224 200 351 192 14 0 0 132 190 243 411 48 0 0 0 
0 24 217 662 120 1 0 0 0 29 205 724 66 0 0 0 0 37 233 743 11 0 0 0 
646 378 0 0 0 0 0 0 649 375 0 0 0 0 0 0 811 213 0 0 0 0 0 0 
924 100 0 0 0 0 0 0 927 97 0 0 0 0 0 0 1010 14 0 0 0 0 0 0 
598 425 1 0 0 0 0 0 620 404 0 0 0 0 0 0 941 83 0 0 0 0 0 0 
68 926 29 1 0 0 0 0 80 937 7 0 0 0 0 0 418 605 1 0 0 0 0 0 
0 441 583 0 0 0 0 0 0 886 138 0 0 0 0 0 35 989 0 0 0 0 0 0 
0 10 320 154 74 145 191 130 0 73 376 64 98 167 186 60 2 463 78 142 204 104 30 1 
0 0 8 81 111 209 336 279 0 3 40 95 139 213 317 217 4 49 120 157 320 267 107 0 
0 0 21 85 173 242 223 280 0 3 78 134 239 245 213 112 1 88 187 299 243 142 59 5 
0 0 10 58 305 390 171 90 0 1 23 145 481 268 73 33 2 33 278 493 145 51 15 7 
0 1 17 98 213 271 174 250 0 3 105 181 247 189 246 53 0 130 173 217 221 250 33 0 
226 304 149 109 98 70 67 1 273 292 169 108 77 76 29 0 319 316 151 96 81 61 0 0 
128 379 116 159 137 76 24 5 131 446 139 174 106 26 2 0 142 463 139 171 92 15 2 0 
68 478 213 158 107 0 0 0 65 547 182 143 87 0 0 0 80 561 165 136 80 2 0 0 
170 302 181 175 134 55 7 0 169 335 206 156 135 23 0 0 184 375 223 151 91 0 0 0 
246 338 187 172 69 7 5 0 243 346 224 148 57 6 0 0 274 355 254 111 27 3 0 0 
301 390 112 94 97 30 0 0 283 413 117 95 106 10 0 0 335 384 108 111 86 0 0 0 
198 539 138 87 62 0 0 0 183 561 141 90 49 0 0 0 207 573 120 103 21 0 0 0 
79 824 78 30 13 0 0 0 61 816 112 32 3 0 0 0 72 862 63 27 0 0 0 0 
29 454 451 90 0 0 0 0 25 442 526 31 0 0 0 0 28 487 509 0 0 0 0 0 
128 557 339 0 0 0 0 0 120 519 385 0 0 0 0 0 139 575 310 0 0 0 0 0 
547 375 102 0 0 0 0 0 542 363 119 0 0 0 0 0 581 330 113 0 0 0 0 0 
681 295 30 10 6 2 0 0 658 331 25 4 6 0 0 0 865 144 8 6 1 0 0 0 
0 99 249 266 184 191 34 1 0 137 291 235 185 109 67 0 81 381 246 181 108 27 0 0 
0 30 205 274 322 144 38 11 0 43 221 392 264 81 21 2 58 244 358 276 70 18 0 0 
0 31 112 172 172 224 159 154 0 49 157 248 270 165 117 18 9 149 280 305 177 89 15 0 
0 0 18 70 77 167 238 454 0 0 47 75 107 285 323 187 20 65 72 144 321 276 124 2 
0 22 90 123 205 168 262 154 0 18 86 128 243 234 267 48 46 85 151 257 246 224 15 0 
0 191 459 273 79 20 2 0 0 100 461 350 73 38 2 0 47 488 372 87 29 1 0 0 
0 496 357 136 30 5 0 0 0 56 740 173 50 5 0 0 154 666 156 40 8 0 0 0 
405 585 34 0 0 0 0 0 329 622 69 4 0 0 0 0 680 338 6 0 0 0 0 0 
360 339 196 79 27 23 0 0 381 300 252 59 26 6 0 0 423 305 238 43 14 1 0 0 
181 554 289 0 0 0 0 0 157 526 341 0 0 0 0 0 178 509 337 0 0 0 0 0 
841 183 0 0 0 0 0 0 850 174 0 0 0 0 0 0 980 44 0 0 0 0 0 0 
1021 3 0 0 0 0 0 0 1020 4 0 0 0 0 0 0 1024 0 0 0 0 0 0 0 
831 193 0 0 0 0 0 0 863 161 0 0 0 0 0 0 1015 9 0 0 0 0 0 0 
344 680 0 0 0 0 0 0 393 631 0 0 0 0 0 0 778 246 0 0 0 0 0 0 
85 772 165 2 0 0 0 0 128 849 47 0 0 0 0 0 495 529 0 0 0 0 0 0 
20 125 97 130 341 235 76 0 26 138 86 79 277 317 101 0 118 175 324 313 94 0 0 0 
0 0 11 179 411 349 70 4 0 0 1 86 408 415 112 2 0 55 401 372 176 20 0 0 
0 0 1 14 165 379 239 226 0 0 2 14 198 517 288 5 1 7 135 485 362 34 0 0 
0 0 0 24 52 363 433 152 0 0 27 39 166 608 83 101 3 48 54 581 219 77 42 0 
0 0 7 34 140 245 540 58 0 0 31 103 171 590 125 4 0 34 113 352 400 123 2 0 
0 51 52 119 101 49 285 367 0 55 54 131 98 115 564 7 5 63 76 133 124 603 20 0 
64 64 22 12 62 104 541 155 78 57 24 7 100 252 500 6 96 49 16 42 147 641 33 0 
4 92 268 463 180 12 5 0 4 95 269 514 132 8 2 0 5 98 323 546 46 6 0 0 
9 92 630 154 137 2 0 0 6 62 653 158 145 0 0 0 6 56 668 158 136 0 0 0 
0 133 707 60 117 7 0 0 0 33 810 69 109 3 0 0 0 29 824 74 97 0 0 0 
9 509 466 23 17 0 0 0 7 309 669 23 16 0 0 0 9 275 703 25 12 0 0 0 
5 918 101 0 0 0 0 0 1 834 189 0 0 0 0 0 2 851 171 0 0 0 0 0 
3 845 176 0 0 0 0 0 0 688 333 3 0 0 0 0 1 654 369 0 0 0 0 0 
6 848 170 0 0 0 0 0 2 683 339 0 0 0 0 0 3 563 458 0 0 0 0 0 
190 662 172 0 0 0 0 0 151 631 242 0 0 0 0 0 183 626 215 0 0 0 0 0 
473 253 278 20 0 0 0 0 477 219 310 18 0 0 0 0 497 216 303 8 0 0 0 0 
776 227 21 0 0 0 0 0 764 239 21 0 0 0 0 0 920 98 6 0 0 0 0 0 
251 450 212 109 2 0 0 0 215 450 190 117 52 0 0 0 394 403 136 82 9 0 0 0 
131 515 262 87 23 6 0 0 127 548 256 73 18 2 0 0 248 607 128 38 3 0 0 0 
0 142 453 134 91 80 86 38 0 222 428 165 88 90 31 0 13 449 344 120 86 12 0 0 
0 66 229 234 86 80 133 196 0 87 225 239 148 162 124 39 9 253 246 219 196 71 30 0 
0 46 103 181 201 204 156 133 0 51 122 216 294 214 107 20 55 150 272 276 233 37 1 0 
88 287 468 170 11 0 0 0 0 302 522 174 26 0 0 0 271 509 217 24 3 0 0 0 
60 344 478 123 18 1 0 0 0 196 439 343 44 2 0 0 192 447 308 64 13 0 0 0 
567 451 6 0 0 0 0 0 543 470 11 0 0 0 0 0 791 233 0 0 0 0 0 0 
244 447 287 39 7 0 0 0 251 514 233 26 0 0 0 0 346 587 82 9 0 0 0 0 
917 105 2 0 0 0 0 0 893 129 2 0 0 0 0 0 916 107 1 0 0 0 0 0 
979 45 0 0 0 0 0 0 943 81 0 0 0 0 0 0 1017 7 0 0 0 0 0 0 
1008 16 0 0 0 0 0 0 993 31 0 0 0 0 0 0 1021 3 0 0 0 0 0 0 
864 160 0 0 0 0 0 0 787 237 0 0 0 0 0 0 929 95 0 0 0 0 0 0 
347 628 43 6 0 0 0 0 341 618 58 7 0 0 0 0 535 463 23 3 0 0 0 0 
14 609 365 34 2 0 0 0 17 554 402 48 3 0 0 0 113 787 108 14 2 0 0 0 
0 97 551 268 98 10 0 0 0 113 443 310 132 26 0 0 4 532 415 68 4 1 0 0 
0 1 120 636 249 18 0 0 0 0 39 395 542 48 0 0 0 84 591 342 6 1 0 0 
0 0 15 223 576 204 6 0 0 1 18 59 685 261 0 0 0 11 152 846 15 0 0 0 
0 29 87 98 498 238 58 16 0 63 92 95 485 270 14 5 48 111 134 679 47 5 0 0 
0 0 0 0 250 609 165 0 0 0 0 0 297 708 19 0 0 0 35 886 103 0 0 0 
0 0 83 97 216 291 301 36 0 0 124 89 358 403 50 0 0 36 251 298 381 58 0 0 
0 0 0 0 3 235 727 59 0 0 0 2 63 726 233 0 0 0 2 64 638 320 0 0 
0 4 377 199 140 246 58 0 0 13 395 225 231 160 0 0 1 47 440 333 201 2 0 0 
0 30 748 246 0 0 0 0 0 41 753 230 0 0 0 0 0 114 813 97 0 0 0 0 
0 514 509 1 0 0 0 0 0 397 626 1 0 0 0 0 0 470 553 1 0 0 0 0 
23 730 270 1 0 0 0 0 17 539 465 3 0 0 0 0 29 623 372 0 0 0 0 0 
0 999 25 0 0 0 0 0 0 956 68 0 0 0 0 0 0 981 43 0 0 0 0 0 
23 927 74 0 0 0 0 0 20 879 125 0 0 0 0 0 27 906 91 0 0 0 0 0 
7 1013 4 0 0 0 0 0 3 995 26 0 0 0 0 0 2 1004 18 0 0 0 0 0 
136 823 65 0 0 0 0 0 117 812 95 0 0 0 0 0 156 784 84 0 0 0 0 0 
384 185 322 129 4 0 0 0 373 160 378 113 0 0 0 0 442 141 413 28 0 0 0 0 
971 53 0 0 0 0 0 0 943 81 0 0 0 0 0 0 984 40 0 0 0 0 0 0 
915 106 3 0 0 0 0 0 856 162 6 0 0 0 0 0 940 81 3 0 0 0 0 0 
486 521 17 0 0 0 0 0 459 540 25 0 0 0 0 0 545 471 8 0 0 0 0 0 
184 735 105 0 0 0 0 0 137 721 162 4 0 0 0 0 274 712 38 0 0 0 0 0 
62 684 267 11 0 0 0 0 52 722 250 0 0 0 0 0 125 819 80 0 0 0 0 0 
9 534 463 18 0 0 0 0 2 591 411 20 0 0 0 0 39 831 153 1 0 0 0 0 
185 258 398 165 18 0 0 0 20 405 463 130 6 0 0 0 266 373 345 40 0 0 0 0 
129 449 279 109 46 12 0 0 46 372 398 136 49 18 5 0 225 488 248 61 2 0 0 0 
510 446 65 3 0 0 0 0 389 492 134 9 0 0 0 0 610 375 38 1 0 0 0 0 
28 478 427 77 14 0 0 0 24 401 511 81 7 0 0 0 78 709 232 5 0 0 0 0 
191 674 159 0 0 0 0 0 182 619 223 0 0 0 0 0 191 663 170 0 0 0 0 0 
734 287 3 0 0 0 0 0 691 329 4 0 0 0 0 0 905 117 2 0 0 0 0 0 
910 114 0 0 0 0 0 0 808 216 0 0 0 0 0 0 1008 16 0 0 0 0 0 0 
308 716 0 0 0 0 0 0 197 827 0 0 0 0 0 0 752 272 0 0 0 0 0 0 
0 962 54 5 3 0 0 0 0 987 30 5 2 0 0 0 157 855 6 6 0 0 0 0 
0 427 597 0 0 0 0 0 0 692 332 0 0 0 0 0 0 1018 6 0 0 0 0 0 
0 60 531 213 149 58 13 0 0 54 540 163 128 108 31 0 18 675 222 82 27 0 0 0 
0 1 119 199 484 217 4 0 0 0 62 159 377 398 28 0 18 198 461 323 24 0 0 0 
0 0 0 6 276 613 126 3 0 0 0 2 169 754 97 2 0 3 345 605 71 0 0 0 
0 0 3 98 208 490 211 14 0 0 15 116 273 593 27 0 0 50 286 615 73 0 0 0 
0 0 0 0 4 647 371 2 0 0 0 0 63 910 51 0 0 0 5 965 54 0 0 0 
0 0 22 115 754 125 8 0 0 0 52 340 601 31 0 0 0 36 375 589 24 0 0 0 
0 0 166 207 114 351 185 1 0 19 216 213 286 284 6 0 1 125 253 322 314 9 0 0 
0 0 52 107 127 481 251 6 0 0 104 132 394 390 4 0 0 29 163 393 435 4 0 0 
0 98 788 101 33 4 0 0 0 127 821 63 13 0 0 0 0 233 771 20 0 0 0 0 
0 836 188 0 0 0 0 0 0 827 197 0 0 0 0 0 2 928 94 0 0 0 0 0 
0 856 168 0 0 0 0 0 0 797 227 0 0 0 0 0 0 921 103 0 0 0 0 0 
0 882 142 0 0 0 0 0 0 803 221 0 0 0 0 0 0 920 104 0 0 0 0 0 
0 1016 8 0 0 0 0 0 0 1008 16 0 0 0 0 0 0 1023 1 0 0 0 0 0 
0 1024 0 0 0 0 0 0 0 1022 2 0 0 0 0 0 2 1022 0 0 0 0 0 0 
113 782 129 0 0 0 0 0 81 781 162 0 0 0 0 0 190 739 95 0 0 0 0 0 
414 164 446 0 0 0 0 0 394 176 454 0 0 0 0 0 464 123 437 0 0 0 0 0 
788 234 2 0 0 0 0 0 764 243 17 0 0 0 0 0 915 109 0 0 0 0 0 0 
652 288 84 0 0 0 0 0 587 348 85 4 0 0 0 0 742 252 30 0 0 0 0 0 
504 501 18 1 0 0 0 0 452 556 16 0 0 0 0 0 621 394 9 0 0 0 0 0 
344 670 10 0 0 0 0 0 295 711 17 1 0 0 0 0 466 547 11 0 0 0 0 0 
219 769 36 0 0 0 0 0 178 802 44 0 0 0 0 0 358 636 30 0 0 0 0 0 
185 751 88 0 0 0 0 0 173 708 143 0 0 0 0 0 262 715 47 0 0 0 0 0 
180 736 107 1 0 0 0 0 95 671 244 14 0 0 0 0 278 691 55 0 0 0 0 0 
173 479 366 6 0 0 0 0 125 414 440 45 0 0 0 0 228 507 285 4 0 0 0 0 
468 524 29 3 0 0 0 0 327 650 37 10 0 0 0 0 636 371 17 0 0 0 0 0 
11 513 436 63 1 0 0 0 0 372 575 77 0 0 0 0 47 582 389 6 0 0 0 0 
0 131 656 237 0 0 0 0 0 110 698 216 0 0 0 0 0 140 780 104 0 0 0 0 
603 345 54 22 0 0 0 0 572 378 57 17 0 0 0 0 807 151 60 6 0 0 0 0 
840 184 0 0 0 0 0 0 753 271 0 0 0 0 0 0 890 134 0 0 0 0 0 0 
273 751 0 0 0 0 0 0 167 857 0 0 0 0 0 0 518 506 0 0 0 0 0 0 
1 748 143 97 33 2 0 0 0 749 135 105 35 0 0 0 35 757 104 103 25 0 0 0 
5 806 205 8 0 0 0 0 0 789 227 8 0 0 0 0 20 870 128 6 0 0 0 0 
0 732 199 63 30 0 0 0 0 637 268 63 40 16 0 0 33 895 94 2 0 0 0 0 
0 464 175 150 164 71 0 0 0 415 166 151 153 128 11 0 59 622 224 115 4 0 0 0 
0 47 132 230 382 218 15 0 0 11 105 179 308 365 56 0 68 302 403 238 13 0 0 0 
0 2 35 212 262 281 196 36 0 0 19 126 339 446 90 4 5 201 317 399 99 3 0 0 
0 0 0 17 168 363 410 66 0 0 0 49 275 472 227 1 0 43 168 569 241 3 0 0 
0 3 107 245 531 138 0 0 0 6 170 385 463 0 0 0 0 77 361 586 0 0 0 0 
0 0 13 59 750 202 0 0 0 0 21 313 689 1 0 0 0 10 142 869 3 0 0 0 
0 0 2 142 613 246 21 0 0 0 85 390 523 26 0 0 0 67 276 655 26 0 0 0 
0 353 309 229 94 26 13 0 0 394 404 174 35 17 0 0 8 674 280 51 11 0 0 0 
69 950 5 0 0 0 0 0 43 979 2 0 0 0 0 0 128 896 0 0 0 0 0 0 
148 860 16 0 0 0 0 0 94 915 15 0 0 0 0 0 225 799 0 0 0 0 0 0 
248 776 0 0 0 0 0 0 154 869 1 0 0 0 0 0 266 758 0 0 0 0 0 0 
477 547 0 0 0 0 0 0 416 608 0 0 0 0 0 0 524 500 0 0 0 0 0 0 
474 550 0 0 0 0 0 0 416 608 0 0 0 0 0 0 560 464 0 0 0 0 0 0 
517 442 65 0 0 0 0 0 492 447 85 0 0 0 0 0 577 418 29 0 0 0 0 0 
673 168 183 0 0 0 0 0 651 183 189 1 0 0 0 0 706 196 122 0 0 0 0 0 
126 889 9 0 0 0 0 0 72 886 66 0 0 0 0 0 471 551 2 0 0 0 0 0 
2 415 421 176 10 0 0 0 1 411 402 209 1 0 0 0 108 583 326 7 0 0 0 0 
35 375 387 217 10 0 0 0 30 431 429 134 0 0 0 0 99 665 260 0 0 0 0 0 
56 349 345 121 148 5 0 0 58 463 298 182 23 0 0 0 63 672 243 46 0 0 0 0 
30 371 350 206 35 23 9 0 26 513 386 67 25 7 0 0 57 748 186 29 4 0 0 0 
291 571 104 30 22 6 0 0 214 658 111 30 11 0 0 0 479 483 48 14 0 0 0 0 
212 670 142 0 0 0 0 0 129 504 363 28 0 0 0 0 325 617 82 0 0 0 0 0 
330 477 213 4 0 0 0 0 253 333 384 54 0 0 0 0 394 471 159 0 0 0 0 0 
747 240 37 0 0 0 0 0 704 276 44 0 0 0 0 0 787 218 19 0 0 0 0 0 
99 830 95 0 0 0 0 0 51 810 162 1 0 0 0 0 172 806 44 2 0 0 0 0 
19 194 424 386 1 0 0 0 18 191 539 276 0 0 0 0 43 268 607 106 0 0 0 0 
433 463 41 87 0 0 0 0 398 502 51 73 0 0 0 0 622 292 70 40 0 0 0 0 
349 674 1 0 0 0 0 0 276 745 3 0 0 0 0 0 492 531 1 0 0 0 0 0 
8 1013 3 0 0 0 0 0 1 1012 11 0 0 0 0 0 48 973 3 0 0 0 0 0 
3 607 193 155 49 17 0 0 0 606 172 180 57 9 0 0 19 622 164 181 35 3 0 0 
5 905 108 6 0 0 0 0 0 883 130 11 0 0 0 0 68 857 96 3 0 0 0 0 
0 963 52 7 2 0 0 0 0 899 110 10 5 0 0 0 59 948 13 2 2 0 0 0 
0 775 201 43 5 0 0 0 0 695 247 74 7 1 0 0 56 910 51 6 1 0 0 0 
0 143 254 313 262 49 3 0 0 90 189 252 271 194 28 0 41 600 316 58 9 0 0 0 
0 12 115 439 338 106 14 0 0 4 65 216 531 167 41 0 15 439 435 104 31 0 0 0 
0 0 6 66 301 478 148 25 0 0 13 98 435 435 43 0 0 68 350 408 198 0 0 0 
0 2 154 179 146 527 16 0 0 1 173 194 465 191 0 0 0 37 275 469 243 0 0 0 
0 0 0 0 99 925 0 0 0 0 0 10 860 154 0 0 0 0 5 715 304 0 0 0 
0 5 151 140 673 55 0 0 0 8 178 412 426 0 0 0 0 125 239 657 3 0 0 0 
0 459 564 1 0 0 0 0 0 313 711 0 0 0 0 0 0 890 134 0 0 0 0 0 
0 983 41 0 0 0 0 0 0 980 44 0 0 0 0 0 1 1023 0 0 0 0 0 0 
7 1017 0 0 0 0 0 0 0 1024 0 0 0 0 0 0 7 1017 0 0 0 0 0 0 
20 1004 0 0 0 0 0 0 0 1024 0 0 0 0 0 0 20 1004 0 0 0 0 0 0 
312 712 0 0 0 0 0 0 128 896 0 0 0 0 0 0 342 682 0 0 0 0 0 0 
476 532 15 1 0 0 0 0 323 685 13 3 0 0 0 0 570 442 12 0 0 0 0 0 
584 439 1 0 0 0 0 0 488 534 2 0 0 0 0 0 667 356 1 0 0 0 0 0 
804 217 3 0 0 0 0 0 709 291 24 0 0 0 0 0 851 172 1 0 0 0 0 0 
250 754 20 0 0 0 0 0 190 701 132 1 0 0 0 0 573 450 1 0 0 0 0 0 
1 354 366 225 78 0 0 0 1 317 351 310 45 0 0 0 66 562 345 51 0 0 0 0 
0 38 426 502 53 5 0 0 0 5 501 502 15 1 0 0 15 369 596 43 1 0 0 0 
0 0 46 439 351 178 10 0 0 4 121 642 248 9 0 0 0 60 736 227 1 0 0 0 
0 0 0 5 77 264 407 271 0 0 1 88 327 468 140 0 0 0 100 517 396 11 0 0 
51 112 51 119 251 211 222 7 39 128 64 319 336 138 0 0 100 117 375 391 41 0 0 0 
41 746 206 29 2 0 0 0 7 588 394 35 0 0 0 0 140 825 58 1 0 0 0 0 
16 770 231 7 0 0 0 0 1 362 640 21 0 0 0 0 72 870 82 0 0 0 0 0 
522 477 24 1 0 0 0 0 390 596 37 1 0 0 0 0 673 327 23 1 0 0 0 0 
35 980 8 1 0 0 0 0 32 978 13 1 0 0 0 0 235 782 6 1 0 0 0 0 
25 971 26 2 0 0 0 0 0 997 26 1 0 0 0 0 542 471 11 0 0 0 0 0 
1 825 185 13 0 0 0 0 1 837 178 8 0 0 0 0 72 908 42 2 0 0 0 0 
4 792 213 15 0 0 0 0 0 804 208 12 0 0 0 0 26 951 47 0 0 0 0 0 
1 1008 14 1 0 0 0 0 0 995 26 3 0 0 0 0 61 957 6 0 0 0 0 0 
0 419 166 158 192 89 0 0 0 399 190 181 208 46 0 0 8 462 176 218 154 6 0 0 
2 1022 0 0 0 0 0 0 0 1023 1 0 0 0 0 0 107 917 0 0 0 0 0 0 
0 1024 0 0 0 0 0 0 0 1018 6 0 0 0 0 0 10 1014 0 0 0 0 0 0 
6 1018 0 0 0 0 0 0 0 1023 1 0 0 0 0 0 48 976 0 0 0 0 0 0 
0 810 178 32 3 1 0 0 0 572 389 48 14 1 0 0 17 964 38 4 1 0 0 0 
0 168 266 297 183 98 12 0 0 89 254 295 217 144 25 0 2 395 391 192 44 0 0 0 
0 0 23 207 545 220 29 0 0 0 29 160 434 379 22 0 0 96 531 384 13 0 0 0 
0 0 45 364 231 361 23 0 0 0 14 263 432 311 4 0 0 89 489 259 184 3 0 0 
0 0 0 1 146 873 4 0 0 0 0 7 587 430 0 0 0 0 68 297 659 0 0 0 
0 21 517 296 190 0 0 0 0 5 552 350 117 0 0 0 0 81 678 260 5 0 0 0 
0 261 763 0 0 0 0 0 0 149 875 0 0 0 0 0 0 459 565 0 0 0 0 0 
0 982 42 0 0 0 0 0 0 844 180 0 0 0 0 0 0 971 53 0 0 0 0 0 
0 1024 0 0 0 0 0 0 0 1014 10 0 0 0 0 0 0 1024 0 0 0 0 0 0 
0 1024 0 0 0 0 0 0 0 1015 9 0 0 0 0 0 0 1024 0 0 0 0 0 0 
0 1024 0 0 0 0 0 0 0 1024 0 0 0 0 0 0 1 1023 0 0 0 0 0 0 
0 1024 0 0 0 0 0 0 0 1024 0 0 0 0 0 0 0 1024 0 0 0 0 0 0 
48 976 0 0 0 0 0 0 35 968 21 0 0 0 0 0 90 934 0 0 0 0 0 0 
125 631 268 0 0 0 0 0 63 542 419 0 0 0 0 0 214 738 72 0 0 0 0 0 
7 889 111 15 2 0 0 0 1 833 151 37 2 0 0 0 81 884 57 2 0 0 0 0 
0 81 662 271 10 0 0 0 0 18 542 443 21 0 0 0 0 523 491 10 0 0 0 0 
0 0 468 556 0 0 0 0 0 0 189 821 14 0 0 0 0 198 824 2 0 0 0 0 
0 0 95 733 193 3 0 0 0 0 66 865 93 0 0 0 0 105 887 32 0 0 0 0 
0 0 60 51 285 352 225 51 0 0 57 128 560 273 6 0 0 50 296 522 156 0 0 0 
0 0 0 0 108 450 391 75 0 0 0 69 455 494 6 0 0 0 174 674 176 0 0 0 
0 278 290 252 138 46 20 0 0 110 491 328 62 33 0 0 3 607 372 41 1 0 0 0 
12 393 526 92 1 0 0 0 0 313 606 105 0 0 0 0 95 721 207 1 0 0 0 0 
468 547 9 0 0 0 0 0 312 702 10 0 0 0 0 0 694 326 4 0 0 0 0 0 
3 980 33 8 0 0 0 0 0 974 42 8 0 0 0 0 327 679 12 6 0 0 0 0 
15 994 15 0 0 0 0 0 1 1004 19 0 0 0 0 0 519 505 0 0 0 0 0 0 
0 807 213 4 0 0 0 0 0 788 233 3 0 0 0 0 134 837 53 0 0 0 0 0 
0 791 219 14 0 0 0 0 0 751 241 31 1 0 0 0 19 933 71 1 0 0 0 0 
1 851 129 42 1 0 0 0 0 779 175 67 3 0 0 0 77 856 83 8 0 0 0 0 
1 482 160 120 161 100 0 0 0 471 174 130 199 50 0 0 17 524 160 143 174 6 0 0 
2 1022 0 0 0 0 0 0 0 1024 0 0 0 0 0 0 51 973 0 0 0 0 0 0 
1 1023 0 0 0 0 0 0 0 1017 7 0 0 0 0 0 11 1013 0 0 0 0 0 0 
3 1021 0 0 0 0 0 0 0 1024 0 0 0 0 0 0 10 1014 0 0 0 0 0 0 
0 837 187 0 0 0 0 0 0 529 495 0 0 0 0 0 3 1015 6 0 0 0 0 0 
0 396 355 220 50 3 0 0 0 239 439 197 131 18 0 0 0 700 286 38 0 0 0 0 
0 0 41 200 448 222 98 15 0 0 8 126 480 338 72 0 0 85 566 330 43 0 0 0 
0 0 35 341 359 204 84 1 0 0 51 243 434 261 35 0 0 160 520 316 28 0 0 0 
0 0 0 53 462 441 66 2 0 0 1 29 487 465 40 2 0 18 447 506 51 2 0 0 
0 2 622 263 135 2 0 0 0 4 683 299 38 0 0 0 0 55 904 65 0 0 0 0 
0 220 804 0 0 0 0 0 0 7 1017 0 0 0 0 0 0 176 848 0 0 0 0 0 
0 657 367 0 0 0 0 0 0 209 815 0 0 0 0 0 0 639 385 0 0 0 0 0 
0 988 36 0 0 0 0 0 0 765 259 0 0 0 0 0 0 1003 21 0 0 0 0 0 
0 998 26 0 0 0 0 0 0 924 100 0 0 0 0 0 0 1023 1 0 0 0 0 0 
0 997 27 0 0 0 0 0 0 918 106 0 0 0 0 0 0 1021 3 0 0 0 0 0 
0 1006 18 0 0 0 0 0 0 886 138 0 0 0 0 0 0 1018 6 0 0 0 0 0 
0 1020 4 0 0 0 0 0 0 970 54 0 0 0 0 0 0 1024 0 0 0 0 0 0 
0 493 531 0 0 0 0 0 0 433 591 0 0 0 0 0 12 731 281 0 0 0 0 0 
0 927 97 0 0 0 0 0 0 927 97 0 0 0 0 0 11 1012 1 0 0 0 0 0 
0 16 282 623 90 13 0 0 0 11 205 697 108 3 0 0 1 279 702 41 1 0 0 0 
0 0 366 636 22 0 0 0 0 0 15 939 70 0 0 0 0 257 759 8 0 0 0 0 
0 0 167 842 15 0 0 0 0 0 36 957 31 0 0 0 0 237 786 1 0 0 0 0 
0 1 322 398 249 54 0 0 0 0 145 581 293 5 0 0 0 202 637 183 2 0 0 0 
0 0 1 71 326 569 57 0 0 0 0 92 606 322 4 0 0 11 265 596 151 1 0 0 
0 9 207 344 446 18 0 0 0 1 237 624 162 0 0 0 0 269 740 15 0 0 0 0 
0 46 848 113 14 3 0 0 0 13 833 161 14 3 0 0 1 651 364 7 1 0 0 0 
336 653 35 0 0 0 0 0 232 737 55 0 0 0 0 0 503 500 21 0 0 0 0 0 
63 941 20 0 0 0 0 0 1 1001 22 0 0 0 0 0 557 457 10 0 0 0 0 0 
17 771 154 58 18 6 0 0 0 768 155 71 22 8 0 0 465 464 66 22 7 0 0 0 
5 797 184 35 3 0 0 0 0 717 249 46 12 0 0 0 253 690 70 11 0 0 0 0 
0 434 497 85 8 0 0 0 0 374 501 136 12 1 0 0 24 713 265 21 1 0 0 0 
0 490 442 80 12 0 0 0 0 266 569 167 21 1 0 0 30 773 198 23 0 0 0 0 
1 470 276 165 90 22 0 0 0 388 332 190 103 11 0 0 11 570 273 110 58 2 0 0 
7 1009 8 0 0 0 0 0 0 995 28 1 0 0 0 0 96 924 4 0 0 0 0 0 
0 1014 6 4 0 0 0 0 0 1008 11 5 0 0 0 0 63 956 3 2 0 0 0 0 
2 1022 0 0 0 0 0 0 0 1023 1 0 0 0 0 0 27 997 0 0 0 0 0 0 
1 869 152 2 0 0 0 0 0 546 473 5 0 0 0 0 15 989 20 0 0 0 0 0 
0 342 447 220 15 0 0 0 0 165 517 295 46 1 0 0 9 797 206 12 0 0 0 0 
0 0 49 310 296 253 102 14 0 0 2 301 363 308 49 1 0 245 508 248 23 0 0 0 
0 0 3 103 367 341 188 22 0 0 17 110 421 357 113 6 0 60 418 410 127 9 0 0 
0 0 14 106 593 268 43 0 0 3 38 83 547 330 23 0 0 48 582 363 29 2 0 0 
0 275 479 220 49 1 0 0 0 463 432 114 15 0 0 0 6 861 151 6 0 0 0 0 
0 2 166 604 171 74 7 0 0 2 186 686 129 21 0 0 0 285 687 48 4 0 0 0 
0 2 467 296 148 53 31 27 0 0 479 346 101 73 25 0 0 180 704 134 6 0 0 0 
0 304 541 127 52 0 0 0 0 95 732 140 51 6 0 0 0 483 508 33 0 0 0 0 
0 599 425 0 0 0 0 0 0 373 649 2 0 0 0 0 0 830 194 0 0 0 0 0 
0 550 474 0 0 0 0 0 0 328 696 0 0 0 0 0 0 841 183 0 0 0 0 0 
0 561 463 0 0 0 0 0 0 352 672 0 0 0 0 0 0 880 144 0 0 0 0 0 
0 649 375 0 0 0 0 0 0 440 584 0 0 0 0 0 0 996 28 0 0 0 0 0 
0 340 628 56 0 0 0 0 0 253 728 43 0 0 0 0 0 578 446 0 0 0 0 0 
0 899 125 0 0 0 0 0 0 753 271 0 0 0 0 0 0 1024 0 0 0 0 0 0 
0 19 422 527 45 11 0 0 0 12 302 638 70 2 0 0 0 452 547 25 0 0 0 0 
0 0 169 855 0 0 0 0 0 0 6 993 25 0 0 0 0 411 612 1 0 0 0 0 
0 0 129 895 0 0 0 0 0 0 9 1011 4 0 0 0 0 610 414 0 0 0 0 0 
0 0 720 304 0 0 0 0 0 0 111 910 3 0 0 0 0 589 432 3 0 0 0 0 
0 0 337 554 126 7 0 0 0 0 33 796 188 7 0 0 0 185 633 202 4 0 0 0 
0 0 409 613 2 0 0 0 0 0 197 818 9 0 0 0 0 268 748 8 0 0 0 0 
0 0 177 774 73 0 0 0 0 0 98 845 81 0 0 0 0 178 819 27 0 0 0 0 
