0 0 0 0 0 1024 0 0 0 0 0 0 0 0 1009 15 0 0 0 0 0 0 0 1024 
0 0 0 0 0 1024 0 0 0 0 0 0 0 0 1016 8 0 0 0 0 0 0 0 1024 
0 0 0 0 0 1024 0 0 0 0 0 0 0 0 1012 12 0 0 0 0 0 0 0 1024 
0 0 0 0 0 824 200 0 0 0 0 0 0 0 851 173 0 0 0 0 0 0 0 1024 
0 0 0 0 0 304 720 0 0 0 0 0 0 0 390 634 0 0 0 0 0 0 0 1024 
0 0 0 0 0 994 30 0 0 0 0 0 0 0 982 42 0 0 0 0 0 0 0 1024 
0 0 0 0 0 1024 0 0 0 0 0 0 0 0 1024 0 0 0 0 0 0 0 0 1024 
0 0 0 0 13 1011 0 0 0 0 0 0 0 0 1024 0 0 0 0 0 0 0 0 1024 
0 0 0 0 272 752 0 0 0 0 0 0 0 0 1024 0 0 0 0 0 0 0 0 1024 
0 0 0 0 290 734 0 0 0 0 0 0 0 0 1024 0 0 0 0 0 0 0 2 1022 
0 0 0 0 902 122 0 0 0 0 0 0 0 0 1024 0 0 0 0 0 0 0 104 920 
0 0 0 138 886 0 0 0 0 0 0 0 0 8 1016 0 0 0 0 0 0 0 392 632 
0 0 0 901 123 0 0 0 0 0 0 0 0 519 505 0 0 0 0 0 0 0 1015 9 
0 0 228 796 0 0 0 0 0 0 0 0 0 1002 22 0 0 0 0 0 0 0 1024 0 
0 92 873 59 0 0 0 0 0 0 0 0 267 757 0 0 0 0 0 0 0 313 711 0 
0 884 139 0 0 0 0 0 0 0 0 120 876 27 0 0 0 0 0 0 81 915 27 0 
0 0 0 0 0 1017 7 0 0 0 0 0 0 0 920 104 0 0 0 0 0 0 0 1024 
0 0 0 0 0 854 170 0 0 0 0 0 0 0 624 400 0 0 0 0 0 0 0 1024 
0 0 0 0 0 1007 17 0 0 0 0 0 0 0 584 440 0 0 0 0 0 0 0 1024 
0 0 0 0 0 626 398 0 0 0 0 0 0 0 274 750 0 0 0 0 0 0 0 1024 
0 0 0 0 0 710 314 0 0 0 0 0 0 0 823 201 0 0 0 0 0 0 0 1024 
0 0 0 0 0 1017 7 0 0 0 0 0 0 0 726 298 0 0 0 0 0 0 0 1024 
0 0 0 0 0 1024 0 0 0 0 0 0 0 0 1020 4 0 0 0 0 0 0 0 1024 
0 0 0 0 0 1024 0 0 0 0 0 0 0 0 1024 0 0 0 0 0 0 0 0 1024 
0 0 0 0 0 865 159 0 0 0 0 0 0 0 932 92 0 0 0 0 0 0 0 1024 
0 0 0 0 0 758 266 0 0 0 0 0 0 0 982 42 0 0 0 0 0 0 0 1024 
0 0 0 0 26 992 6 0 0 0 0 0 0 0 1024 0 0 0 0 0 0 0 7 1017 
0 0 0 0 281 743 0 0 0 0 0 0 0 0 1024 0 0 0 0 0 0 0 321 703 
0 0 0 0 917 107 0 0 0 0 0 0 0 0 1024 0 0 0 0 0 0 0 875 149 
0 0 0 366 658 0 0 0 0 0 0 0 0 331 693 0 0 0 0 0 0 0 1013 11 
0 0 225 791 8 0 0 0 0 0 0 0 0 1014 10 0 0 0 0 0 0 2 1022 0 
0 92 924 6 0 0 0 0 0 0 0 0 308 715 0 0 0 0 0 0 0 460 563 0 
0 0 0 0 0 658 366 0 0 0 0 0 0 0 535 489 0 0 0 0 0 0 0 1024 
0 0 0 0 0 614 410 0 0 0 0 0 0 0 148 876 0 0 0 0 0 0 0 1024 
0 0 0 0 0 359 665 0 0 0 0 0 0 0 2 1022 0 0 0 0 0 0 0 1024 
0 0 0 0 0 143 881 0 0 0 0 0 0 0 1 1023 0 0 0 0 0 0 0 1024 
0 0 0 0 0 36 988 0 0 0 0 0 0 0 0 1024 0 0 0 0 0 0 0 1024 
0 0 0 0 0 124 900 0 0 0 0 0 0 0 122 902 0 0 0 0 0 0 0 1024 
0 0 0 0 0 311 713 0 0 0 0 0 0 0 337 687 0 0 0 0 0 0 0 1024 
0 0 0 0 0 583 441 0 0 0 0 0 0 0 821 203 0 0 0 0 0 0 0 1024 
0 0 0 0 0 689 335 0 0 0 0 0 0 0 909 115 0 0 0 0 0 0 0 1024 
0 0 0 0 0 926 98 0 0 0 0 0 0 0 1024 0 0 0 0 0 0 0 0 1024 
0 0 0 0 0 1024 0 0 0 0 0 0 0 0 1024 0 0 0 0 0 0 0 38 986 
0 0 0 0 82 942 0 0 0 0 0 0 0 0 1024 0 0 0 0 0 0 0 432 592 
0 0 4 2 650 368 0 0 0 0 0 4 1 5 1013 1 0 0 0 1 4 2 937 80 
0 0 0 0 1023 1 0 0 0 0 0 0 0 7 1017 0 0 0 0 0 0 0 1024 0 
0 0 0 680 344 0 0 0 0 0 0 0 0 668 356 0 0 0 0 0 0 0 1024 0 
14 19 288 700 1 0 0 0 6 4 8 17 16 971 0 0 4 4 9 8 19 211 766 0 
0 0 0 0 0 0 1024 0 0 0 0 0 0 0 89 935 0 0 0 0 0 0 0 1024 
0 0 0 0 0 0 1024 0 0 0 0 0 0 0 0 1024 0 0 0 0 0 0 0 1024 
0 0 0 0 0 0 1024 0 0 0 0 0 0 0 0 1024 0 0 0 0 0 0 0 1024 
0 0 0 0 0 0 1024 0 0 0 0 0 0 0 0 1024 0 0 0 0 0 0 0 1024 
0 0 0 0 0 0 1024 0 0 0 0 0 0 0 0 1024 0 0 0 0 0 0 0 1024 
0 0 0 0 0 0 1021 3 0 0 0 0 0 0 0 1024 0 0 0 0 0 0 0 1024 
3 6 1 6 6 7 992 3 1 4 4 3 4 9 17 982 5 4 1 6 7 6 26 969 
0 2 2 4 3 5 1008 0 0 0 3 2 3 4 55 957 0 3 1 4 2 3 31 980 
0 0 0 0 1 2 1021 0 0 0 0 0 0 2 182 840 0 0 0 0 1 0 21 1002 
116 63 51 62 43 114 562 13 72 77 58 46 54 49 372 296 120 69 48 57 38 75 203 414 
193 111 78 60 59 285 236 2 124 126 100 47 71 57 422 77 236 95 70 49 54 72 234 214 
108 29 26 15 21 355 469 1 73 44 29 22 15 30 769 42 109 29 22 16 17 41 674 116 
543 150 83 56 70 111 11 0 428 211 87 70 42 56 126 4 588 126 69 50 35 48 97 11 
368 77 38 35 448 58 0 0 308 79 55 38 26 54 464 0 367 61 43 27 27 56 441 2 
82 35 34 90 723 60 0 0 48 42 31 32 21 227 623 0 85 35 32 15 17 57 783 0 
366 92 68 392 104 0 0 0 267 131 64 54 48 430 28 0 363 68 57 36 46 150 300 0 
10 33 30 20 21 20 884 6 0 14 34 26 21 21 183 725 10 34 27 21 20 17 87 808 
22 42 20 13 14 21 889 3 1 35 38 16 12 15 37 870 23 43 19 12 13 21 97 796 
22 37 24 21 22 30 860 8 2 32 33 24 15 27 45 846 31 31 27 16 23 25 100 771 
65 114 35 23 23 45 680 39 13 91 92 30 20 36 86 656 108 83 26 22 25 43 157 560 
62 164 61 30 24 25 616 42 11 125 114 52 26 27 46 623 166 91 38 31 20 29 101 548 
75 138 93 91 66 64 433 64 24 141 114 99 68 60 132 386 167 118 87 68 52 72 169 291 
149 196 145 93 87 99 212 43 122 193 139 105 83 117 134 131 303 136 117 83 108 96 133 48 
228 197 116 72 64 85 224 38 137 235 128 92 68 96 138 130 374 130 89 62 91 106 117 55 
456 151 66 36 21 39 244 11 333 233 79 47 27 29 104 172 545 101 39 28 18 34 132 127 
759 154 60 19 12 11 7 2 698 188 73 26 15 8 13 3 851 96 37 17 6 10 7 0 
762 158 52 10 18 12 12 0 632 249 70 24 16 11 14 8 847 100 26 14 14 13 10 0 
763 127 35 29 22 32 16 0 600 261 49 30 19 23 34 8 853 52 29 19 26 26 18 1 
958 41 15 4 4 2 0 0 830 160 17 7 5 5 0 0 990 17 7 6 3 1 0 0 
944 29 18 13 8 11 1 0 914 48 19 15 9 7 11 1 954 24 17 8 4 14 3 0 
817 101 42 28 20 16 0 0 751 128 61 31 15 13 25 0 850 87 29 16 9 21 12 0 
891 89 28 9 3 1 0 0 811 147 30 25 4 4 0 0 907 75 25 9 6 0 0 0 
585 212 103 35 33 55 1 0 493 212 141 74 42 53 9 0 644 181 87 53 56 3 0 0 
598 239 56 35 42 51 3 0 516 214 150 41 45 51 7 0 685 186 49 54 47 3 0 0 
662 165 48 30 67 42 10 0 540 227 99 41 65 37 15 0 756 113 67 54 34 0 0 0 
764 123 49 37 35 16 0 0 562 300 67 38 36 20 1 0 809 108 51 35 20 1 0 0 
697 206 64 39 18 0 0 0 554 297 107 37 29 0 0 0 822 121 40 41 0 0 0 0 
544 243 101 72 36 26 2 0 466 297 114 81 44 22 0 0 716 166 76 61 5 0 0 0 
372 261 104 58 83 102 40 4 398 265 98 80 106 67 10 0 655 133 103 99 31 3 0 0 
534 176 105 59 101 44 5 0 523 211 98 81 89 20 2 0 730 128 119 39 6 2 0 0 
695 126 63 54 60 21 5 0 662 163 80 67 40 12 0 0 777 150 67 24 6 0 0 0 
533 198 139 111 39 4 0 0 488 246 148 108 30 3 1 0 672 219 93 31 7 1 1 0 
686 153 97 66 22 0 0 0 645 183 106 65 23 2 0 0 790 145 77 12 0 0 0 0 
807 79 75 59 4 0 0 0 805 83 75 55 6 0 0 0 874 89 57 3 1 0 0 0 
812 74 37 52 21 21 7 0 716 89 73 51 40 22 23 10 742 52 31 11 45 80 39 24 
746 41 75 41 40 41 40 0 598 64 81 48 69 66 70 28 576 9 21 45 94 107 79 93 
748 107 95 40 27 5 2 0 644 119 43 52 93 43 26 4 648 59 34 37 48 108 48 42 
680 198 110 32 3 0 0 0 636 139 48 75 88 30 6 0 699 73 35 17 41 65 62 28 
5 27 85 116 390 400 1 0 3 4 24 82 116 395 400 0 6 27 78 100 218 447 148 0 
30 80 143 136 239 384 12 0 3 31 91 135 133 297 330 4 59 116 121 133 172 311 112 0 
8 78 142 166 222 394 14 0 1 18 86 142 168 250 356 3 31 120 141 151 192 252 137 0 
43 169 244 214 223 128 3 0 3 47 175 238 217 228 114 2 100 217 219 190 190 103 5 0 
163 230 223 203 118 85 2 0 67 188 207 193 184 116 69 0 274 228 191 169 88 66 8 0 
234 337 256 109 61 26 1 0 138 266 285 178 93 43 21 0 510 267 127 73 42 5 0 0 
295 252 283 123 50 18 3 0 225 258 293 164 58 23 3 0 573 281 116 38 13 3 0 0 
540 306 135 27 12 3 1 0 455 296 148 98 21 4 2 0 852 128 29 9 5 1 0 0 
867 117 39 1 0 0 0 0 774 167 57 26 0 0 0 0 959 64 0 1 0 0 0 0 
842 149 32 1 0 0 0 0 764 180 64 15 1 0 0 0 945 73 5 1 0 0 0 0 
856 133 32 3 0 0 0 0 786 124 88 25 1 0 0 0 967 51 6 0 0 0 0 0 
695 262 66 1 0 0 0 0 600 129 241 53 1 0 0 0 960 64 0 0 0 0 0 0 
742 245 32 4 1 0 0 0 511 273 214 23 3 0 0 0 831 85 28 32 36 11 1 0 
920 101 3 0 0 0 0 0 736 223 63 2 0 0 0 0 714 104 166 39 1 0 0 0 
993 27 2 2 0 0 0 0 965 55 0 4 0 0 0 0 984 26 10 0 2 2 0 0 
1001 22 0 0 0 0 0 0 993 30 0 0 0 0 0 0 1012 11 0 0 0 0 0 0 
0 1 7 121 702 193 0 0 0 0 1 4 7 537 475 0 0 1 4 5 12 677 325 0 
1 11 11 61 531 409 0 0 0 1 10 11 22 336 644 0 7 13 9 15 34 570 376 0 
0 0 0 8 338 678 0 0 0 0 0 0 3 214 807 0 0 0 0 0 8 610 406 0 
1 3 5 30 461 521 3 0 0 1 1 7 31 379 604 1 1 3 5 12 53 710 240 0 
10 47 74 99 338 451 5 0 0 11 44 77 100 346 446 0 35 43 74 77 128 591 76 0 
33 110 122 196 330 231 2 0 1 41 118 119 185 353 206 1 102 85 131 157 238 304 7 0 
40 131 201 252 288 109 3 0 7 65 178 205 236 272 61 0 101 191 218 198 227 89 0 0 
198 319 169 149 133 55 1 0 62 317 201 167 131 118 28 0 440 193 155 122 96 18 0 0 
546 173 76 77 94 57 1 0 331 319 92 71 74 114 23 0 657 100 69 66 97 34 1 0 
743 233 24 21 2 1 0 0 614 340 36 25 7 2 0 0 898 86 26 11 3 0 0 0 
798 168 48 9 1 0 0 0 608 297 83 28 7 1 0 0 923 79 19 3 0 0 0 0 
889 107 20 7 1 0 0 0 796 133 70 19 6 0 0 0 957 54 10 3 0 0 0 0 
750 183 65 19 7 0 0 0 517 283 124 68 23 9 0 0 622 182 109 56 37 16 2 0 
663 198 111 35 10 6 1 0 356 297 209 106 36 15 5 0 431 266 162 102 43 12 8 0 
803 183 38 0 0 0 0 0 556 273 160 32 3 0 0 0 693 188 104 26 12 1 0 0 
910 102 9 1 0 0 0 0 788 169 59 4 1 0 0 0 928 81 14 0 0 0 0 0 
190 102 202 405 122 2 1 0 46 120 99 62 225 465 6 1 217 85 37 56 262 365 2 0 
100 65 112 515 224 8 0 0 20 58 62 69 174 579 62 0 111 59 59 68 285 413 29 0 
142 149 101 226 394 12 0 0 16 107 147 109 80 468 95 2 261 119 54 43 132 408 7 0 
138 160 130 123 453 19 1 0 9 87 162 148 87 416 114 1 292 123 84 46 98 370 11 0 
198 194 156 124 288 62 2 0 26 149 186 157 120 281 102 3 373 154 101 54 77 258 7 0 
216 211 179 170 195 51 2 0 41 152 209 189 147 220 64 2 435 149 114 79 128 117 2 0 
178 249 193 166 179 56 3 0 24 146 231 203 183 194 39 4 491 173 127 67 111 55 0 0 
207 276 250 137 106 47 1 0 17 175 276 250 159 117 29 1 585 223 115 62 39 0 0 0 
257 313 227 142 74 10 1 0 34 199 318 222 163 74 13 1 610 216 126 64 7 1 0 0 
327 332 208 111 38 8 0 0 72 246 297 225 135 40 9 0 651 205 118 41 9 0 0 0 
398 323 173 78 34 15 3 0 116 294 308 174 78 38 14 2 703 194 72 34 18 3 0 0 
652 217 90 27 27 10 1 0 353 312 205 80 42 19 12 1 786 144 48 23 19 4 0 0 
694 192 88 30 13 5 2 0 410 310 173 80 35 10 4 2 811 126 57 17 8 5 0 0 
680 231 71 29 12 0 1 0 304 365 221 90 32 10 2 0 829 131 41 18 4 1 0 0 
676 265 64 10 7 2 0 0 222 405 293 80 14 8 2 0 836 155 21 8 2 2 0 0 
747 225 46 4 0 0 0 0 123 488 344 60 8 0 0 0 892 107 22 1 0 0 0 0 
604 232 98 52 23 12 3 0 303 330 201 104 48 25 10 3 713 156 99 32 14 9 1 0 
528 215 127 83 50 16 4 1 247 292 198 132 80 54 18 3 664 169 93 65 25 7 1 0 
385 248 153 126 65 33 13 1 101 279 242 157 127 71 35 12 586 168 133 82 39 15 1 0 
414 244 174 103 50 29 9 1 144 265 239 175 101 64 28 8 582 197 118 84 29 12 2 0 
383 271 197 107 37 22 7 0 81 249 276 212 127 46 26 7 613 206 116 55 26 7 1 0 
277 260 301 119 45 20 2 0 78 194 219 254 184 68 19 8 475 198 139 153 52 7 0 0 
289 273 225 133 71 29 4 0 67 202 253 232 148 80 38 4 571 222 135 69 22 5 0 0 
423 293 175 94 21 18 0 0 123 304 260 191 99 27 20 0 656 162 135 50 19 2 0 0 
392 279 175 104 44 25 5 0 68 313 275 178 110 51 24 5 644 183 117 52 24 4 0 0 
397 297 149 107 49 22 3 0 82 303 295 160 114 45 23 2 674 154 115 56 21 4 0 0 
594 210 113 64 23 18 2 0 239 371 201 110 61 26 15 1 749 139 79 37 16 4 0 0 
502 276 148 62 24 9 2 1 136 361 283 149 59 26 6 4 720 189 76 24 9 5 1 0 
507 278 145 65 25 4 0 0 136 352 283 155 66 28 3 1 738 173 78 30 5 0 0 0 
628 243 98 32 12 11 0 0 253 403 227 89 30 14 8 0 808 136 52 12 13 3 0 0 
707 205 81 24 4 3 0 0 291 424 189 84 26 8 2 0 802 153 47 18 4 0 0 0 
771 185 52 11 3 0 0 0 364 428 160 51 14 4 0 0 856 128 27 9 3 0 0 0 
558 283 95 58 21 7 2 0 261 305 241 130 51 26 9 1 608 194 140 61 14 6 1 0 
438 236 152 90 65 32 11 0 228 263 199 155 82 65 28 4 600 194 108 70 35 15 2 0 
503 227 127 75 47 36 8 1 229 312 217 110 70 48 31 7 665 162 91 44 43 16 2 1 
428 283 153 86 46 20 8 0 168 285 263 149 80 52 20 7 644 174 106 57 32 9 2 0 
426 257 148 95 49 27 18 4 135 288 265 131 106 47 35 17 647 159 112 44 34 20 8 0 
446 248 148 93 53 30 6 0 198 262 231 153 89 58 28 5 643 179 105 58 32 6 1 0 
488 228 138 85 49 30 6 0 186 325 225 123 83 54 23 5 671 169 91 49 35 8 1 0 
453 262 137 102 38 25 7 0 158 308 249 140 97 44 23 5 674 166 107 41 27 8 1 0 
456 300 141 75 34 18 0 0 162 331 269 135 77 32 18 0 686 179 95 41 20 3 0 0 
546 285 112 39 28 14 0 0 253 334 253 104 38 29 13 0 659 225 88 32 15 5 0 0 
531 240 138 69 35 10 1 0 203 359 219 135 62 36 9 1 711 174 84 37 16 2 0 0 
505 259 122 71 45 15 6 1 154 357 252 123 76 38 18 6 701 158 90 52 16 6 1 0 
578 232 121 55 26 11 1 0 199 373 241 113 57 28 12 1 725 170 83 28 13 5 0 0 
627 214 106 54 20 3 0 0 281 385 191 103 42 19 3 0 769 142 78 25 9 1 0 0 
740 178 71 23 10 2 0 0 409 351 165 65 22 11 1 0 827 134 43 14 6 0 0 0 
846 142 30 4 0 0 0 0 608 294 97 22 1 0 0 0 876 121 22 3 0 0 0 0 
585 253 97 61 18 8 0 0 211 379 256 91 61 16 6 0 674 212 84 38 6 4 1 0 
521 250 139 55 27 22 5 1 225 343 230 121 54 27 12 8 678 183 87 40 19 11 2 0 
495 281 134 65 30 13 2 0 294 315 230 89 54 27 11 0 712 179 70 41 16 2 0 0 
454 289 137 77 43 13 6 0 200 324 232 130 76 37 18 4 669 179 100 44 20 9 0 0 
463 258 148 66 45 20 18 1 235 299 233 116 61 45 20 11 609 186 112 54 37 16 6 0 
466 244 158 61 45 33 12 1 212 289 233 134 73 36 30 12 631 194 94 48 29 20 4 0 
559 222 125 64 27 16 8 0 314 297 215 94 57 26 15 2 705 178 70 44 16 8 0 0 
456 237 143 87 55 29 12 1 186 293 239 123 84 52 36 6 669 154 98 51 34 12 1 1 
557 204 111 62 44 37 5 0 340 271 173 107 52 45 29 2 710 148 62 54 38 6 1 0 
521 221 132 75 51 16 5 0 249 317 201 119 69 50 12 4 697 171 76 47 25 5 1 0 
544 235 114 68 32 27 2 0 254 345 197 107 58 34 23 2 751 125 77 34 30 4 0 0 
637 212 90 36 26 16 4 0 421 297 154 82 26 27 12 1 786 121 57 30 20 8 0 0 
662 201 93 40 20 5 0 0 329 379 166 86 34 20 5 0 780 147 55 27 12 0 0 0 
698 186 83 32 20 2 0 0 410 358 144 61 26 19 2 0 793 144 51 23 8 2 0 0 
857 105 45 12 2 0 0 0 681 225 77 29 5 4 0 0 897 82 34 8 1 0 0 0 
881 102 31 6 2 0 0 0 719 224 55 17 4 2 0 0 912 77 26 4 2 0 0 0 
