0 0 0 0 0 0 0 1024 0 0 0 0 0 0 0 1024 0 0 0 0 0 0 0 1024 
0 0 0 0 0 0 0 1024 0 0 0 0 0 0 0 1024 0 0 0 0 0 0 0 1024 
0 0 0 0 0 0 0 1024 0 0 0 0 0 0 0 1024 0 0 0 0 0 0 0 1024 
0 0 0 0 0 0 0 1024 0 0 0 0 0 0 0 1024 0 0 0 0 0 0 0 1024 
0 0 0 0 0 0 0 1024 0 0 0 0 0 0 0 1024 0 0 0 0 0 0 0 1024 
0 0 0 0 0 0 0 1024 0 0 0 0 0 0 0 1024 0 0 0 0 0 0 0 1024 
0 0 0 0 0 0 0 1024 0 0 0 0 0 0 0 1024 0 0 0 0 0 0 0 1024 
0 0 0 0 0 0 0 1024 0 0 0 0 0 0 0 1024 0 0 0 0 0 0 0 1024 
0 0 0 0 0 0 0 1024 0 0 0 0 0 0 0 1024 0 0 0 0 0 0 0 1024 
0 0 0 0 0 0 0 1024 0 0 0 0 0 0 0 1024 0 0 0 0 0 0 0 1024 
0 0 0 0 0 0 0 1024 0 0 0 0 0 0 0 1024 0 0 0 0 0 0 0 1024 
0 0 0 0 0 0 0 1024 0 0 0 0 0 0 0 1024 0 0 0 0 0 0 0 1024 
0 0 0 0 0 0 0 1024 0 0 0 0 0 0 0 1024 0 0 0 0 0 0 0 1024 
0 0 0 0 0 0 0 1024 0 0 0 0 0 0 0 1024 0 0 0 0 0 0 0 1024 
0 0 0 0 0 0 0 1024 0 0 0 0 0 0 0 1024 0 0 0 0 0 0 0 1024 
0 0 0 0 0 0 0 1024 0 0 0 0 0 0 0 1024 0 0 0 0 0 0 0 1024 
0 0 0 0 0 0 0 1024 0 0 0 0 0 0 0 1024 0 0 0 0 0 0 0 1024 
0 0 0 0 0 0 0 1024 0 0 0 0 0 0 0 1024 0 0 0 0 0 0 0 1024 
0 0 0 0 0 0 0 1024 0 0 0 0 0 0 0 1024 0 0 0 0 0 0 0 1024 
0 0 0 0 0 0 0 1024 0 0 0 0 0 0 0 1024 0 0 0 0 0 0 0 1024 
0 0 0 0 0 0 0 1024 0 0 0 0 0 0 0 1024 0 0 0 0 0 0 0 1024 
0 0 0 0 0 0 0 1024 0 0 0 0 0 0 0 1024 0 0 0 0 0 0 0 1024 
0 0 0 0 0 0 2 1022 0 0 0 0 0 0 2 1022 0 0 0 0 0 0 2 1022 
0 0 4 75 94 74 101 676 0 0 0 72 98 75 110 669 0 6 54 76 72 59 99 658 
0 0 171 282 172 170 161 68 0 0 139 254 213 185 163 70 0 94 310 179 153 122 109 57 
0 21 151 136 137 194 192 193 0 23 157 139 153 189 193 170 1 86 139 139 175 188 156 140 
0 109 459 194 88 62 75 37 0 157 451 175 81 72 70 18 2 340 354 109 96 68 39 16 
0 8 153 212 184 155 123 189 0 9 167 204 197 143 133 171 0 71 223 194 177 125 100 134 
0 0 34 67 89 61 107 666 0 1 47 62 87 64 106 657 0 13 64 85 63 77 113 609 
0 1 17 11 11 6 13 965 0 1 16 11 11 6 11 968 0 5 16 12 11 5 11 964 
0 0 22 47 63 78 74 740 0 0 26 53 63 82 77 723 0 1 38 47 62 74 72 730 
0 0 24 111 130 120 123 516 0 0 39 115 126 127 122 495 0 1 93 133 95 89 108 505 
0 0 0 0 0 0 0 1024 0 0 0 0 0 0 0 1024 0 0 0 0 0 0 0 1024 
0 0 0 0 0 0 0 1024 0 0 0 0 0 0 0 1024 0 0 0 0 0 0 0 1024 
0 0 0 0 0 0 0 1024 0 0 0 0 0 0 0 1024 0 0 0 0 0 0 0 1024 
0 0 0 0 0 0 0 1024 0 0 0 0 0 0 0 1024 0 0 0 0 0 0 0 1024 
0 0 0 0 0 0 0 1024 0 0 0 0 0 0 0 1024 0 0 0 0 0 0 0 1024 
0 0 0 0 0 0 0 1024 0 0 0 0 0 0 0 1024 0 0 0 0 0 0 0 1024 
0 0 0 0 0 0 0 1024 0 0 0 0 0 0 0 1024 0 0 0 0 0 0 0 1024 
0 0 0 0 0 0 0 1024 0 0 0 0 0 0 0 1024 0 0 0 0 0 0 0 1024 
0 0 0 0 0 0 0 1024 0 0 0 0 0 0 0 1024 0 0 0 0 0 0 0 1024 
0 0 0 0 0 0 0 1024 0 0 0 0 0 0 0 1024 0 0 0 0 0 0 0 1024 
0 0 0 0 0 0 0 1024 0 0 0 0 0 0 0 1024 0 0 0 0 0 0 0 1024 
0 0 0 0 0 0 0 1024 0 0 0 0 0 0 0 1024 0 0 0 0 0 0 0 1024 
0 0 0 0 0 0 0 1024 0 0 0 0 0 0 0 1024 0 0 0 0 0 0 0 1024 
0 0 0 0 0 0 0 1024 0 0 0 0 0 0 0 1024 0 0 0 0 0 0 0 1024 
0 0 0 0 0 0 0 1024 0 0 0 0 0 0 0 1024 0 0 0 0 0 0 0 1024 
0 0 0 25 35 25 14 925 0 0 0 29 29 25 14 927 0 0 2 35 27 21 14 925 
0 0 0 0 0 4 6 1014 0 0 0 0 0 4 6 1014 0 0 0 0 0 4 6 1014 
0 0 0 0 0 0 0 1024 0 0 0 0 0 0 0 1024 0 0 0 0 0 0 0 1024 
0 0 0 0 0 0 0 1024 0 0 0 0 0 0 0 1024 0 0 0 0 0 0 0 1024 
0 0 0 0 0 0 0 1024 0 0 0 0 0 0 0 1024 0 0 0 0 0 0 0 1024 
0 0 0 0 0 0 0 1024 0 0 0 0 0 0 0 1024 0 0 0 0 0 0 0 1024 
0 0 0 5 2 21 73 923 0 0 0 5 3 21 74 921 0 0 1 5 3 27 64 924 
0 0 54 221 163 144 128 314 0 0 50 220 167 147 142 298 0 49 203 147 136 121 117 251 
0 2 116 303 269 168 96 70 0 0 71 319 291 174 93 76 10 158 251 225 159 105 64 52 
0 22 281 310 250 116 35 10 0 18 286 331 266 83 29 11 3 266 515 157 45 22 15 1 
0 4 285 331 173 140 64 27 0 9 294 341 179 128 49 24 4 174 381 216 142 63 29 15 
0 176 221 127 78 100 107 215 3 233 191 111 80 102 104 200 3 280 166 112 87 101 73 202 
0 9 163 236 179 144 124 169 0 27 187 238 183 138 103 148 1 59 253 212 148 101 79 171 
0 0 17 38 53 64 105 747 0 0 29 33 53 66 108 735 0 10 35 24 45 64 102 744 
0 0 9 28 25 29 40 893 0 0 12 27 27 29 40 889 0 1 25 20 21 31 35 891 
0 13 53 88 104 82 86 598 0 0 47 74 117 93 91 602 0 47 106 89 68 58 65 591 
1 102 239 247 234 113 55 33 0 35 237 258 260 140 60 34 21 285 281 217 110 61 26 23 
0 0 0 0 0 0 0 1024 0 0 0 0 0 0 0 1024 0 0 0 0 0 0 0 1024 
0 0 0 0 0 0 0 1024 0 0 0 0 0 0 0 1024 0 0 0 0 0 0 0 1024 
0 0 0 0 0 0 0 1024 0 0 0 0 0 0 0 1024 0 0 0 0 0 0 0 1024 
0 0 0 0 0 0 0 1024 0 0 0 0 0 0 0 1024 0 0 0 0 0 0 0 1024 
0 0 0 0 0 0 0 1024 0 0 0 0 0 0 0 1024 0 0 0 0 0 0 0 1024 
0 0 0 0 0 0 0 1024 0 0 0 0 0 0 0 1024 0 0 0 0 0 0 0 1024 
0 0 0 0 0 0 0 1024 0 0 0 0 0 0 0 1024 0 0 0 0 0 0 0 1024 
0 0 0 0 0 0 0 1024 0 0 0 0 0 0 0 1024 0 0 0 0 0 0 0 1024 
0 0 0 0 0 0 0 1024 0 0 0 0 0 0 0 1024 0 0 0 0 0 0 0 1024 
0 0 0 0 0 0 0 1024 0 0 0 0 0 0 0 1024 0 0 0 0 0 0 0 1024 
0 0 0 0 0 0 0 1024 0 0 0 0 0 0 0 1024 0 0 0 0 0 0 0 1024 
0 0 1 12 15 15 19 962 0 0 1 12 15 15 19 962 0 0 1 12 15 14 18 964 
0 0 0 0 0 0 0 1024 0 0 0 0 0 0 0 1024 0 0 0 0 0 0 0 1024 
0 0 0 0 0 0 0 1024 0 0 0 0 0 0 0 1024 0 0 0 0 0 0 0 1024 
0 0 30 105 100 126 138 525 0 0 29 101 107 125 147 515 0 10 66 103 99 110 130 506 
0 51 222 202 226 131 98 94 0 5 211 210 259 136 94 109 0 194 242 228 125 83 74 78 
0 10 248 328 146 84 78 130 0 0 175 373 172 91 81 132 0 186 391 118 88 56 59 126 
0 10 140 188 85 57 87 457 0 0 91 228 94 64 86 461 0 82 203 90 65 53 76 455 
0 7 70 45 48 57 70 727 0 0 57 58 49 65 67 728 0 29 56 46 48 58 61 726 
0 0 0 0 0 0 0 1024 0 0 0 0 0 0 0 1024 0 0 0 0 0 0 0 1024 
0 0 0 0 1 11 16 996 0 0 0 0 1 11 17 995 0 0 0 0 10 6 20 988 
0 0 0 3 20 26 14 961 0 0 0 1 20 28 14 961 0 0 1 19 23 13 20 948 
0 0 148 238 164 132 161 181 0 0 112 261 190 146 152 163 1 207 220 139 105 104 105 143 
0 121 378 265 176 61 19 4 0 12 389 345 188 68 18 4 23 466 272 177 63 18 5 0 
0 252 420 142 105 88 17 0 0 152 506 155 122 78 11 0 7 554 235 159 60 8 1 0 
0 11 92 134 216 253 223 95 0 27 108 182 220 216 198 73 7 86 183 221 198 174 93 62 
0 6 165 100 101 153 193 306 0 45 156 71 101 162 206 283 0 81 142 91 115 156 149 290 
0 1 39 60 33 40 67 784 0 5 62 45 37 39 77 759 0 4 74 38 26 39 59 784 
0 0 4 13 34 51 50 872 0 0 2 18 28 50 53 873 0 1 7 26 40 39 39 872 
0 0 23 49 47 58 53 794 0 0 13 34 64 55 59 799 0 15 45 51 51 27 52 783 
0 78 399 244 140 73 38 52 0 39 342 291 159 95 43 55 20 447 263 125 63 27 33 46 
4 433 386 141 37 19 3 1 0 318 442 190 42 25 6 1 167 617 184 35 13 7 1 0 
0 0 0 0 0 0 0 1024 0 0 0 0 0 0 0 1024 0 0 0 0 0 0 0 1024 
0 0 0 0 0 0 0 1024 0 0 0 0 0 0 0 1024 0 0 0 0 0 0 0 1024 
0 0 0 0 1 5 15 1003 0 0 0 0 1 5 15 1003 0 0 0 0 1 5 15 1003 
0 5 76 139 81 68 78 577 0 1 47 148 95 70 73 590 0 26 143 98 63 54 76 564 
0 0 55 70 46 50 66 737 0 0 24 86 54 52 71 737 0 28 77 48 38 38 62 733 
0 0 0 2 3 4 14 1001 0 0 0 2 3 4 16 999 0 0 0 2 3 4 8 1007 
0 0 0 0 0 0 9 1015 0 0 0 0 0 0 6 1018 0 0 0 0 0 0 4 1020 
0 0 3 10 32 54 71 854 0 0 1 9 28 56 73 857 0 0 7 13 36 49 63 856 
0 1 80 165 132 134 92 420 0 0 58 162 153 127 108 416 0 17 147 135 119 104 90 412 
0 0 0 2 26 48 34 914 0 0 0 2 31 52 33 906 0 0 0 14 30 42 26 912 
0 0 0 19 24 32 40 909 0 0 0 22 25 29 46 902 0 0 2 25 25 29 45 898 
0 115 326 165 80 83 93 162 0 11 379 208 80 88 91 167 0 225 281 119 76 78 82 163 
0 0 0 16 33 32 41 902 0 0 0 15 34 33 42 900 0 0 8 15 29 32 38 902 
0 0 0 2 22 82 104 814 0 0 0 3 30 87 110 794 0 0 0 6 36 89 102 791 
0 10 157 158 187 166 166 180 0 8 149 166 196 175 170 160 0 59 192 168 180 144 133 148 
1 374 415 174 38 14 6 2 0 218 518 218 43 16 9 2 4 579 332 71 21 11 4 2 
0 127 507 268 90 27 4 1 0 27 549 316 100 26 5 1 3 415 448 121 28 8 1 0 
0 196 555 217 44 12 0 0 0 76 569 309 55 15 0 0 10 626 307 63 18 0 0 0 
0 144 254 141 87 111 92 195 0 29 333 156 97 118 98 193 0 240 216 124 92 78 79 195 
0 12 73 61 70 88 132 588 0 3 70 67 68 87 146 583 0 36 73 59 67 85 127 577 
0 0 0 0 31 52 99 842 0 0 0 0 24 56 107 837 0 0 0 20 33 38 85 848 
0 1 34 97 178 263 199 252 0 0 24 77 207 273 220 223 0 31 92 177 223 164 161 176 
0 1 101 237 297 218 130 40 0 0 89 260 331 190 122 32 2 69 270 300 189 107 72 15 
0 194 415 198 106 58 31 22 0 125 461 207 125 57 36 13 32 527 238 113 67 37 10 0 
1 697 266 41 17 1 1 0 0 656 303 44 17 3 1 0 64 820 107 24 8 1 0 0 
0 103 415 285 149 51 16 5 0 70 434 307 140 52 18 3 14 431 369 131 43 23 12 1 
0 7 173 288 203 156 66 131 0 4 186 235 229 159 73 138 6 134 294 162 140 102 62 124 
0 1 8 30 75 100 99 711 0 0 6 28 73 105 106 706 0 1 27 53 72 79 81 711 
0 52 270 222 113 77 59 231 0 21 259 227 137 82 58 240 3 190 286 146 71 51 47 230 
2 265 397 220 71 46 19 4 0 168 361 288 117 55 28 7 114 470 255 105 46 28 6 0 
0 354 452 168 31 13 5 1 0 206 477 256 63 12 8 2 158 628 181 39 11 6 1 0 
25 568 313 76 24 12 3 3 8 433 417 115 30 12 6 3 374 497 103 28 13 5 3 1 
0 0 1 7 4 12 15 985 0 0 0 4 7 8 15 990 0 0 3 6 7 8 14 986 
0 0 1 10 28 46 73 866 0 0 0 8 19 48 63 886 0 0 5 17 34 35 54 879 
0 1 42 113 109 155 208 396 0 0 24 112 118 156 207 407 0 15 77 84 112 149 178 409 
0 67 401 248 159 74 42 33 0 35 340 318 168 86 41 36 8 209 433 185 90 41 31 27 
0 6 155 293 247 185 85 53 0 0 126 310 265 187 87 49 0 44 286 272 205 122 56 39 
0 6 114 186 183 186 141 208 0 0 90 193 190 185 143 223 0 42 167 171 166 165 100 213 
0 66 492 266 93 46 38 23 0 10 393 350 144 51 47 29 0 287 454 148 46 34 31 24 
0 77 371 203 101 64 79 129 0 8 315 305 121 61 89 125 0 289 315 114 52 58 69 127 
0 93 264 331 222 103 10 1 0 18 262 360 248 122 13 1 1 286 397 225 95 18 1 1 
0 0 20 89 181 149 124 461 0 0 11 81 195 153 126 458 0 1 68 162 143 99 118 433 
0 2 97 197 191 150 108 279 0 1 90 186 196 159 112 280 1 38 193 179 156 103 96 258 
0 165 400 237 113 54 40 15 0 107 472 232 101 57 41 14 2 375 364 148 62 46 18 9 
0 3 135 351 185 150 87 113 0 3 109 356 206 157 82 111 0 61 347 226 148 89 42 111 
0 0 14 80 152 118 154 506 0 0 14 100 146 127 162 475 0 2 65 139 98 104 154 462 
0 59 442 321 96 47 26 33 1 81 474 279 88 41 29 31 6 421 358 111 47 31 22 28 
0 321 476 144 70 12 1 0 0 189 597 171 65 1 1 0 11 747 214 49 3 0 0 0 
1 163 388 332 113 18 8 1 1 132 387 362 113 20 8 1 23 437 404 126 24 6 4 0 
1 519 414 64 15 8 2 1 0 428 484 82 17 9 3 1 23 745 203 33 14 4 2 0 
1 370 335 184 69 35 23 7 1 263 405 214 75 37 24 5 21 549 297 100 31 20 6 0 
0 17 126 227 260 250 113 31 0 16 120 234 262 251 111 30 6 111 249 215 186 170 64 23 
0 16 122 187 194 204 204 97 0 11 101 186 204 220 199 103 3 77 182 182 173 158 153 96 
0 7 221 253 185 181 137 40 0 6 198 276 212 181 141 10 23 305 270 243 147 33 3 0 
0 3 223 354 186 124 94 40 0 1 212 380 194 125 87 25 10 290 354 177 109 72 12 0 
2 306 461 155 62 34 2 2 5 356 415 154 60 31 2 1 85 627 226 60 23 2 1 0 
0 364 440 141 49 24 5 1 1 342 436 155 56 25 8 1 137 675 147 47 15 3 0 0 
0 100 455 339 99 26 5 0 0 44 355 405 171 37 11 1 45 540 326 85 25 3 0 0 
0 166 568 234 45 9 2 0 0 39 501 366 100 13 5 0 47 587 320 57 9 4 0 0 
2 122 312 223 162 75 72 56 1 63 270 295 177 75 81 62 74 239 290 181 59 58 66 57 
1 403 463 90 32 15 14 6 0 108 703 128 45 16 13 11 84 723 128 43 17 12 15 2 
0 415 398 102 51 30 21 7 0 211 497 183 66 35 23 9 207 565 139 50 35 19 9 0 
23 676 209 67 30 13 4 2 11 597 270 88 38 13 5 2 299 548 110 35 22 6 3 1 
100 602 213 67 22 12 5 3 45 570 288 72 25 16 4 4 424 453 94 25 19 5 4 0 
0 58 284 184 158 128 144 68 0 14 247 235 163 132 134 99 0 164 248 161 129 119 100 103 
0 83 483 242 137 61 18 0 0 21 425 324 151 84 19 0 1 319 435 164 85 19 1 0 
0 113 486 224 118 50 30 3 0 54 483 266 129 57 32 3 3 410 353 155 62 38 3 0 
0 93 533 303 77 11 6 1 0 56 446 388 102 26 6 0 26 482 431 65 13 6 1 0 
0 2 259 382 178 118 69 16 0 0 240 386 194 128 61 15 0 191 433 182 114 68 33 3 
0 30 314 391 177 71 32 9 0 18 269 420 205 70 36 6 3 213 448 225 89 41 5 0 
0 184 601 170 48 18 3 0 0 95 629 217 56 23 4 0 7 523 374 84 29 6 1 0 
0 181 529 197 83 25 8 1 0 58 585 252 88 28 12 1 8 503 366 98 32 16 1 0 
0 260 292 255 108 41 42 26 0 210 337 267 108 44 38 20 13 461 316 129 48 37 19 1 
0 6 103 242 279 219 133 42 0 18 97 256 273 229 112 39 6 100 293 270 190 89 59 17 
1 253 207 196 162 129 62 14 3 232 235 208 152 127 54 13 18 379 266 162 122 58 17 2 
1 195 450 208 97 61 9 3 3 282 438 164 88 41 7 1 29 556 290 98 43 5 3 0 
0 204 377 195 142 61 39 6 0 213 379 206 129 59 33 5 13 486 264 141 73 38 8 1 
0 26 141 209 241 98 74 235 0 27 150 258 179 101 67 242 12 131 282 167 81 64 70 217 
0 114 515 306 80 8 1 0 0 128 603 241 48 3 1 0 13 706 259 41 4 1 0 0 
0 91 343 274 177 101 26 12 0 111 393 255 151 83 22 9 44 494 251 134 71 20 10 0 
2 253 316 183 123 79 41 27 1 237 340 178 126 78 39 25 37 451 246 132 79 53 24 2 
1 189 538 149 59 58 25 5 4 322 442 118 75 47 15 1 70 613 209 80 33 17 2 0 
1 445 358 114 51 25 19 11 3 462 352 104 45 27 20 11 47 662 200 48 34 20 11 2 
0 44 305 240 168 157 75 35 0 45 339 231 165 140 73 31 16 323 252 154 124 71 62 22 
0 29 155 229 203 188 159 61 1 37 159 264 195 177 153 38 30 211 259 169 162 143 42 8 
0 12 136 267 248 169 122 70 0 37 166 283 248 126 126 38 70 250 295 186 104 101 13 5 
0 17 190 262 250 225 70 10 0 33 178 302 322 153 32 4 37 260 444 232 46 4 1 0 
5 314 307 183 87 79 43 6 16 316 350 167 88 66 17 4 114 516 237 83 42 23 6 3 
3 202 392 264 102 39 18 4 5 156 347 319 122 56 17 2 157 511 235 81 25 9 6 0 
0 113 469 269 117 46 8 2 0 62 408 335 138 64 14 3 66 519 284 109 36 9 1 0 
5 253 444 228 72 16 6 0 0 138 494 281 83 21 7 0 155 551 243 50 19 6 0 0 
2 283 420 162 93 51 10 3 0 117 507 212 105 67 13 3 162 473 214 99 54 18 4 0 
12 448 384 120 39 17 3 1 1 290 455 187 61 22 7 1 347 485 129 44 15 4 0 0 
14 461 343 96 72 21 15 2 4 304 444 133 81 36 17 5 345 447 112 67 32 15 6 0 
146 702 135 22 13 2 3 1 56 737 179 31 11 6 3 1 500 463 35 14 7 4 1 0 
514 467 30 7 4 2 0 0 300 656 53 7 5 3 0 0 790 208 15 6 5 0 0 0 
0 189 416 211 106 67 32 3 0 122 456 225 115 64 38 4 4 418 309 133 93 53 14 0 
0 280 531 164 34 15 0 0 0 153 644 167 47 13 0 0 0 633 310 59 17 5 0 0 
0 132 500 247 106 33 6 0 0 97 517 278 102 27 3 0 14 538 337 103 30 2 0 0 
1 298 540 159 16 5 5 0 0 220 517 251 23 7 6 0 91 686 216 18 8 5 0 0 
0 201 576 185 40 13 9 0 0 154 535 248 63 19 5 0 50 636 273 45 15 5 0 0 
0 173 511 227 89 18 2 4 4 161 518 232 85 18 3 3 52 547 327 84 8 2 4 0 
0 573 344 88 15 4 0 0 0 533 381 95 13 2 0 0 29 791 179 22 3 0 0 0 
42 329 353 122 64 61 48 5 34 302 381 132 61 65 46 3 86 531 215 69 64 51 8 0 
114 522 264 55 31 20 11 7 83 595 229 60 26 18 8 5 62 771 122 31 23 10 5 0 
101 320 115 169 166 58 46 49 69 364 161 213 97 57 50 13 78 484 258 91 54 50 9 0 
4 344 519 103 35 9 7 3 14 549 353 72 24 7 3 2 126 704 140 39 6 6 2 1 
0 218 452 266 59 26 3 0 9 267 526 164 54 3 1 0 25 663 279 54 2 1 0 0 
0 463 456 88 9 4 3 1 0 555 415 43 4 5 1 1 36 895 74 10 4 3 2 0 
3 300 397 222 74 22 5 1 1 272 424 243 64 15 4 1 32 573 325 79 8 6 1 0 
2 100 476 347 62 19 14 4 1 136 617 203 37 21 7 2 50 664 235 42 19 11 2 1 
0 83 365 309 150 73 30 14 0 120 497 244 92 42 23 6 95 579 202 76 47 17 6 2 
0 137 298 270 141 126 44 8 0 166 350 269 125 99 13 2 38 448 354 147 29 8 0 0 
0 414 270 148 120 43 24 5 6 485 294 146 46 32 15 0 87 674 172 51 28 12 0 0 
0 73 404 322 152 53 13 7 0 112 493 289 92 22 15 1 16 625 280 73 16 13 1 0 
1 103 325 225 164 101 82 23 1 174 356 211 127 88 64 3 106 444 228 113 80 49 4 0 
1 506 292 119 39 25 31 11 3 535 312 90 36 23 16 9 122 732 106 27 19 10 8 0 
80 372 193 190 112 55 20 2 97 373 291 152 72 33 6 0 241 540 157 63 19 4 0 0 
20 319 319 165 105 65 28 3 14 325 319 166 121 61 16 2 230 472 207 87 23 5 0 0 
1 105 444 261 138 64 11 0 0 112 365 304 152 75 16 0 193 501 195 85 42 8 0 0 
2 46 353 391 136 73 21 2 1 33 372 374 139 77 26 2 42 488 300 120 55 18 1 0 
0 83 570 297 58 12 4 0 0 64 603 295 49 9 4 0 81 729 175 30 5 4 0 0 
1 339 323 167 100 50 37 7 1 292 352 176 105 51 40 7 178 473 174 102 51 38 8 0 
4 278 318 216 126 46 29 7 1 203 352 237 135 56 33 7 213 330 222 163 58 31 7 0 
169 611 172 47 15 8 2 0 53 586 281 71 23 5 5 0 511 406 73 23 6 5 0 0 
85 569 247 75 22 16 6 4 19 543 314 94 25 16 8 5 460 412 95 26 17 10 3 1 
290 562 108 37 16 9 2 0 186 636 139 35 16 10 2 0 596 337 51 24 14 2 0 0 
316 554 99 33 12 8 2 0 241 580 139 37 15 10 2 0 629 316 51 14 12 2 0 0 
0 282 551 118 39 22 11 1 2 269 568 116 39 21 8 1 56 688 202 49 18 9 2 0 
0 626 268 72 24 31 3 0 0 585 309 75 30 22 3 0 30 809 120 35 27 3 0 0 
2 294 475 205 39 6 3 0 0 232 497 232 53 8 2 0 121 655 218 24 5 1 0 0 
7 353 483 137 41 2 1 0 0 147 518 286 64 8 1 0 158 669 165 29 3 0 0 0 
5 406 425 124 48 9 7 0 1 212 548 169 72 17 5 0 104 682 166 54 11 7 0 0 
1 322 528 158 15 0 0 0 1 311 535 165 12 0 0 0 80 729 201 14 0 0 0 0 
2 746 252 22 2 0 0 0 1 708 297 16 2 0 0 0 80 898 41 3 2 0 0 0 
2 665 311 32 7 6 1 0 6 713 273 20 4 7 1 0 89 865 48 12 5 4 1 0 
72 596 201 124 23 8 0 0 122 629 199 60 10 4 0 0 226 724 52 18 4 0 0 0 
37 641 223 48 32 28 12 3 49 723 136 43 33 27 11 2 143 699 82 38 27 24 9 2 
1 370 477 163 11 2 0 0 0 388 466 155 13 2 0 0 42 724 231 24 3 0 0 0 
0 320 515 158 30 0 1 0 0 307 474 200 38 4 1 0 4 618 325 67 9 1 0 0 
4 550 422 42 5 1 0 0 2 533 419 65 4 1 0 0 13 780 211 18 2 0 0 0 
121 630 217 55 1 0 0 0 87 610 246 77 4 0 0 0 83 762 156 23 0 0 0 0 
4 297 457 249 17 0 0 0 0 214 594 198 18 0 0 0 55 712 238 19 0 0 0 0 
0 277 425 239 60 19 4 0 1 528 393 89 12 1 0 0 174 792 48 9 1 0 0 0 
41 552 275 87 45 20 4 0 22 652 244 70 32 4 0 0 161 742 98 20 3 0 0 0 
52 354 286 260 67 5 0 0 124 360 405 129 5 1 0 0 349 595 74 5 1 0 0 0 
18 238 462 231 53 18 3 1 19 220 529 178 56 19 3 0 77 517 365 51 9 4 1 0 
0 87 307 232 155 129 66 48 1 168 308 183 162 119 58 25 41 374 245 144 109 53 41 17 
28 444 391 122 23 7 8 1 23 518 376 65 24 7 10 1 195 624 150 33 10 9 3 0 
223 603 115 47 23 8 3 2 395 417 117 54 24 12 3 2 574 357 56 18 14 3 1 1 
6 306 447 172 69 18 6 0 7 184 449 242 100 32 8 2 315 494 151 49 10 5 0 0 
3 259 315 238 140 46 20 3 1 178 315 265 171 67 23 4 208 430 226 107 38 14 1 0 
1 139 560 262 56 6 0 0 0 77 519 342 75 11 0 0 62 651 262 44 5 0 0 0 
3 345 514 117 32 6 7 0 0 143 617 198 45 13 4 4 127 649 193 38 9 4 4 0 
1 212 456 191 86 38 27 13 0 164 432 249 99 40 23 17 63 516 258 107 42 21 16 1 
6 246 403 267 75 24 3 0 1 176 404 310 100 29 4 0 131 388 335 138 28 4 0 0 
326 502 123 42 17 11 3 0 202 540 187 53 24 11 5 2 612 313 54 27 11 6 1 0 
124 567 240 60 21 8 4 0 61 562 291 72 23 11 4 0 558 366 62 25 11 2 0 0 
129 574 230 56 16 13 5 1 58 551 290 84 16 16 6 3 511 390 80 19 16 6 2 0 
191 634 131 42 16 8 2 0 105 671 170 49 16 10 3 0 630 301 57 21 12 3 0 0 
0 337 529 150 8 0 0 0 0 344 498 149 33 0 0 0 111 811 102 0 0 0 0 0 
18 396 419 150 38 3 0 0 0 349 417 187 66 5 0 0 222 686 95 18 3 0 0 0 
113 504 202 141 57 7 0 0 39 402 317 152 103 11 0 0 237 599 146 41 1 0 0 0 
44 448 336 149 43 4 0 0 2 334 407 200 66 15 0 0 190 596 181 52 5 0 0 0 
114 505 333 56 15 1 0 0 12 417 464 103 24 4 0 0 229 646 118 27 4 0 0 0 
199 642 161 21 1 0 0 0 96 693 206 28 1 0 0 0 295 662 57 10 0 0 0 0 
1 458 530 33 2 0 0 0 0 460 523 38 3 0 0 0 39 865 112 8 0 0 0 0 
4 665 290 39 12 5 7 2 14 657 296 30 12 6 8 1 132 789 61 20 10 4 6 2 
44 569 313 49 35 8 6 0 56 632 259 35 29 9 4 0 147 743 88 31 10 5 0 0 
0 467 389 111 32 21 3 1 2 478 385 102 31 22 3 1 53 699 174 57 25 13 2 1 
2 623 313 65 15 5 1 0 2 606 333 63 15 4 1 0 64 770 154 26 6 4 0 0 
15 655 252 69 18 10 3 2 14 640 268 70 17 10 3 2 114 733 135 19 9 9 3 2 
22 455 422 95 29 1 0 0 6 413 409 152 40 4 0 0 66 673 241 43 1 0 0 0 
39 561 302 112 10 0 0 0 25 457 339 169 32 2 0 0 88 691 208 35 2 0 0 0 
122 664 191 40 6 1 0 0 63 617 271 61 11 1 0 0 92 775 136 16 5 0 0 0 
114 690 212 7 1 0 0 0 89 799 133 3 0 0 0 0 62 917 44 1 0 0 0 0 
193 799 30 2 0 0 0 0 193 741 87 3 0 0 0 0 138 865 18 3 0 0 0 0 
147 775 91 9 2 0 0 0 198 697 115 11 3 0 0 0 265 706 44 8 1 0 0 0 
45 613 291 57 10 3 4 1 61 570 313 58 11 5 5 1 148 649 191 24 7 3 1 1 
99 472 249 116 55 23 7 3 79 387 325 125 67 30 9 2 187 605 146 58 18 9 1 0 
56 728 165 60 10 5 0 0 5 666 251 87 8 7 0 0 273 636 96 10 9 0 0 0 
59 618 204 110 20 11 2 0 58 549 223 148 31 13 1 1 486 441 75 11 9 1 1 0 
6 550 382 62 21 3 0 0 0 439 479 81 21 4 0 0 386 544 72 17 5 0 0 0 
28 424 329 150 69 22 2 0 14 344 367 185 81 29 4 0 376 431 139 52 23 3 0 0 
1 62 435 325 115 48 25 13 0 22 334 404 163 59 29 13 159 487 210 93 38 28 8 1 
1 73 299 293 195 94 58 11 0 43 245 322 236 113 53 12 167 370 272 130 54 30 1 0 
0 56 391 427 98 32 15 5 0 45 370 449 103 33 18 6 76 441 383 81 28 11 4 0 
6 168 447 255 100 28 18 2 0 126 408 325 115 30 18 2 59 440 352 116 37 16 4 0 
192 587 166 49 16 8 4 2 129 596 219 51 16 7 4 2 421 497 75 18 6 4 2 1 
145 663 164 35 8 5 3 1 100 676 186 43 8 7 3 1 541 388 69 14 7 4 1 0 
192 621 158 37 9 6 1 0 119 629 187 57 23 7 2 0 599 340 65 12 8 0 0 0 
369 425 153 48 22 6 0 1 215 511 185 72 28 11 1 1 687 259 50 19 8 0 1 0 
50 243 375 325 30 1 0 0 13 233 357 391 30 0 0 0 150 749 121 4 0 0 0 0 
0 51 353 321 215 64 15 5 0 28 272 405 242 58 15 4 167 533 250 53 11 10 0 0 
84 166 303 228 143 68 29 3 28 195 259 302 132 82 24 2 252 469 185 82 32 4 0 0 
56 460 305 143 56 4 0 0 3 311 437 201 66 6 0 0 165 613 202 40 4 0 0 0 
643 358 17 5 1 0 0 0 223 754 37 7 3 0 0 0 588 420 12 4 0 0 0 0 
234 512 224 45 9 0 0 0 76 561 283 86 16 2 0 0 242 614 140 25 3 0 0 0 
35 693 281 15 0 0 0 0 10 658 343 13 0 0 0 0 126 784 110 4 0 0 0 0 
88 702 157 24 7 12 7 27 40 718 182 31 5 14 8 26 103 767 89 13 8 10 12 22 
130 596 75 42 31 23 34 93 64 652 87 41 34 22 27 97 176 569 66 37 32 24 30 90 
19 497 186 65 44 36 29 148 11 493 197 67 42 36 31 147 90 505 126 58 43 32 31 139 
23 470 302 73 28 24 25 79 9 514 280 68 26 27 21 79 84 584 169 39 31 20 25 72 
15 565 336 84 17 4 2 1 4 431 412 130 36 9 1 1 157 671 142 40 7 5 1 1 
77 621 244 63 16 3 0 0 29 569 294 106 21 5 0 0 200 649 143 25 6 1 0 0 
97 863 59 5 0 0 0 0 104 832 82 6 0 0 0 0 179 797 43 5 0 0 0 0 
388 605 29 2 0 0 0 0 388 604 29 3 0 0 0 0 199 800 24 1 0 0 0 0 
618 398 8 0 0 0 0 0 530 486 8 0 0 0 0 0 259 757 8 0 0 0 0 0 
686 338 0 0 0 0 0 0 645 379 0 0 0 0 0 0 393 631 0 0 0 0 0 0 
466 526 29 3 0 0 0 0 429 571 21 3 0 0 0 0 396 609 16 3 0 0 0 0 
178 555 232 41 14 4 0 0 195 533 224 51 16 5 0 0 273 607 105 28 10 1 0 0 
11 655 302 39 14 2 1 0 0 530 406 66 16 4 2 0 193 710 97 18 5 1 0 0 
100 506 328 74 7 5 3 1 65 472 368 103 7 5 2 2 353 548 103 10 4 3 3 0 
46 381 386 127 63 17 1 3 23 436 376 131 48 6 1 3 436 418 129 32 5 3 1 0 
6 373 462 127 43 11 2 0 2 330 505 130 47 8 2 0 399 468 113 36 7 1 0 0 
16 130 498 207 122 37 11 3 9 115 508 228 123 29 10 2 166 536 209 85 17 10 1 0 
0 156 626 200 32 7 3 0 0 64 665 251 35 7 2 0 48 720 229 22 4 1 0 0 
1 166 541 205 51 31 25 4 1 109 523 272 56 32 27 4 142 539 234 57 32 16 4 0 
2 81 185 197 206 166 133 54 2 54 190 202 219 189 132 36 117 201 208 226 162 83 26 1 
0 63 333 208 222 130 54 14 0 49 334 224 239 124 46 8 34 328 268 228 119 43 4 0 
50 297 405 158 74 27 8 5 32 268 440 183 68 23 8 2 198 515 210 69 20 10 2 0 
449 426 120 24 3 0 2 0 356 506 130 26 4 0 2 0 692 254 70 6 0 2 0 0 
479 470 57 13 5 0 0 0 330 600 75 12 7 0 0 0 779 211 23 9 2 0 0 0 
980 43 1 0 0 0 0 0 902 120 2 0 0 0 0 0 1004 19 1 0 0 0 0 0 
361 290 216 113 35 7 1 1 248 390 258 111 12 3 2 0 347 618 46 10 2 1 0 0 
95 234 323 179 104 53 23 13 104 262 320 181 87 41 23 6 286 526 130 45 28 9 0 0 
37 432 354 147 33 15 6 0 54 402 384 133 32 14 5 0 323 564 104 24 8 1 0 0 
246 426 228 100 20 4 0 0 129 401 294 151 41 7 1 0 286 537 156 38 6 1 0 0 
521 480 13 8 2 0 0 0 195 774 44 7 4 0 0 0 503 502 12 6 1 0 0 0 
157 519 234 94 20 0 0 0 27 529 295 132 33 8 0 0 258 555 163 39 9 0 0 0 
231 611 148 28 5 1 0 0 119 718 146 32 8 1 0 0 297 639 73 13 2 0 0 0 
219 797 8 0 0 0 0 0 128 880 16 0 0 0 0 0 238 784 2 0 0 0 0 0 
489 535 0 0 0 0 0 0 107 915 2 0 0 0 0 0 368 656 0 0 0 0 0 0 
524 492 8 0 0 0 0 0 335 674 15 0 0 0 0 0 605 418 1 0 0 0 0 0 
124 786 100 12 2 0 0 0 127 755 126 14 2 0 0 0 359 620 41 4 0 0 0 0 
98 628 215 69 13 1 0 0 52 578 270 97 25 2 0 0 262 621 114 23 4 0 0 0 
144 564 222 79 14 1 0 0 81 529 265 116 31 2 0 0 254 608 130 31 1 0 0 0 
100 663 200 59 2 0 0 0 51 631 256 76 10 0 0 0 213 655 130 26 0 0 0 0 
427 584 13 0 0 0 0 0 293 699 32 0 0 0 0 0 299 721 4 0 0 0 0 0 
639 382 2 1 0 0 0 0 597 424 2 1 0 0 0 0 434 586 3 1 0 0 0 0 
742 279 3 0 0 0 0 0 554 463 7 0 0 0 0 0 491 529 4 0 0 0 0 0 
191 632 174 21 4 1 1 0 104 624 259 31 4 1 1 0 272 673 69 8 1 1 0 0 
248 577 170 23 4 2 0 0 222 626 136 31 7 2 0 0 418 534 60 10 2 0 0 0 
8 252 498 195 65 6 0 0 8 236 546 191 40 3 0 0 115 662 215 30 2 0 0 0 
12 188 519 266 33 4 1 1 7 213 614 162 22 4 1 1 147 745 104 22 4 1 1 0 
18 113 277 356 142 74 38 6 30 120 304 345 129 62 29 5 151 388 283 115 60 25 2 0 
2 117 515 341 40 6 3 0 0 88 544 342 42 5 3 0 176 634 186 21 4 3 0 0 
1 209 682 102 26 4 0 0 0 93 747 155 23 5 1 0 163 757 84 16 4 0 0 0 
2 374 534 94 15 3 2 0 2 294 573 130 20 3 2 0 293 608 100 18 3 2 0 0 
2 152 357 277 106 69 45 16 1 130 344 301 116 76 44 12 185 398 255 91 58 30 7 0 
0 119 190 166 200 188 132 29 0 97 195 182 213 191 120 26 139 205 215 213 152 81 19 0 
0 176 390 270 129 26 22 11 0 113 436 277 142 27 19 10 108 444 312 112 24 16 8 0 
241 567 144 23 20 11 12 6 172 613 175 23 17 10 9 5 613 342 28 17 11 8 4 1 
878 136 7 2 0 0 1 0 728 281 12 1 1 0 1 0 962 58 2 1 0 0 1 0 
875 149 0 0 0 0 0 0 765 258 1 0 0 0 0 0 977 47 0 0 0 0 0 0 
962 62 0 0 0 0 0 0 892 132 0 0 0 0 0 0 1015 9 0 0 0 0 0 0 
539 267 197 19 2 0 0 0 374 410 208 30 2 0 0 0 248 365 260 137 12 2 0 0 
480 512 24 5 3 0 0 0 603 395 19 6 1 0 0 0 425 578 15 6 0 0 0 0 
301 714 9 0 0 0 0 0 449 574 1 0 0 0 0 0 385 638 1 0 0 0 0 0 
622 402 0 0 0 0 0 0 569 455 0 0 0 0 0 0 560 464 0 0 0 0 0 0 
609 414 1 0 0 0 0 0 628 394 2 0 0 0 0 0 671 353 0 0 0 0 0 0 
689 335 0 0 0 0 0 0 714 310 0 0 0 0 0 0 697 327 0 0 0 0 0 0 
254 673 80 17 0 0 0 0 365 620 36 3 0 0 0 0 372 612 36 4 0 0 0 0 
349 529 142 4 0 0 0 0 356 615 53 0 0 0 0 0 424 563 37 0 0 0 0 0 
572 412 16 12 6 1 1 4 728 257 15 14 5 1 2 2 752 233 15 14 5 1 2 2 
441 554 15 7 3 3 0 1 743 253 14 7 3 3 0 1 688 308 14 7 3 3 0 1 
528 475 18 3 0 0 0 0 817 198 6 3 0 0 0 0 763 257 4 0 0 0 0 0 
513 413 71 23 4 0 0 0 477 414 98 28 7 0 0 0 581 392 42 9 0 0 0 0 
416 547 44 14 3 0 0 0 258 687 56 18 4 1 0 0 457 532 24 10 1 0 0 0 
644 327 50 3 0 0 0 0 526 406 86 6 0 0 0 0 629 364 29 2 0 0 0 0 
567 427 30 0 0 0 0 0 500 506 18 0 0 0 0 0 588 428 8 0 0 0 0 0 
559 415 41 9 0 0 0 0 625 354 37 8 0 0 0 0 555 446 19 4 0 0 0 0 
541 444 37 2 0 0 0 0 445 511 65 3 0 0 0 0 699 314 10 1 0 0 0 0 
139 645 152 35 23 9 11 10 131 639 180 37 15 8 9 5 393 508 73 23 7 10 10 0 
183 562 242 30 5 2 0 0 179 560 235 38 12 0 0 0 400 527 86 8 3 0 0 0 
325 441 161 62 34 1 0 0 296 457 181 64 23 3 0 0 652 288 64 19 1 0 0 0 
160 284 129 200 136 83 25 7 158 289 155 202 132 64 18 6 337 319 189 115 47 12 4 1 
12 154 238 255 149 75 92 49 22 164 254 247 137 74 101 25 148 343 235 107 70 87 30 4 
30 234 402 234 83 25 15 1 34 235 405 236 77 26 10 1 216 529 169 71 24 14 1 0 
7 403 548 66 0 0 0 0 7 332 589 93 3 0 0 0 366 625 32 1 0 0 0 0 
9 801 129 47 21 17 0 0 8 752 187 47 20 10 0 0 589 382 38 10 5 0 0 0 
19 508 219 107 56 52 40 23 6 488 253 108 60 51 38 20 473 305 90 55 51 33 17 0 
36 734 224 26 4 0 0 0 31 679 278 32 4 0 0 0 675 317 30 2 0 0 0 0 
45 686 235 43 12 2 1 0 104 666 200 45 6 2 1 0 580 381 51 10 2 0 0 0 
464 500 56 4 0 0 0 0 392 571 56 5 0 0 0 0 839 175 9 1 0 0 0 0 
970 54 0 0 0 0 0 0 976 48 0 0 0 0 0 0 1024 0 0 0 0 0 0 0 
828 184 12 0 0 0 0 0 791 211 22 0 0 0 0 0 951 73 0 0 0 0 0 0 
845 176 2 1 0 0 0 0 738 280 5 1 0 0 0 0 967 56 1 0 0 0 0 0 
19 97 840 68 0 0 0 0 25 93 874 30 2 0 0 0 3 624 258 129 10 0 0 0 
133 174 564 153 0 0 0 0 145 193 664 22 0 0 0 0 110 806 108 0 0 0 0 0 
0 381 581 62 0 0 0 0 0 412 605 7 0 0 0 0 1 955 68 0 0 0 0 0 
3 411 607 3 0 0 0 0 0 574 449 1 0 0 0 0 8 1008 8 0 0 0 0 0 
89 370 563 2 0 0 0 0 97 706 221 0 0 0 0 0 107 907 10 0 0 0 0 0 
42 282 700 0 0 0 0 0 51 611 362 0 0 0 0 0 59 962 3 0 0 0 0 0 
260 379 385 0 0 0 0 0 313 503 208 0 0 0 0 0 278 744 2 0 0 0 0 0 
408 245 371 0 0 0 0 0 461 278 285 0 0 0 0 0 402 622 0 0 0 0 0 0 
503 161 353 7 0 0 0 0 532 256 236 0 0 0 0 0 453 550 21 0 0 0 0 0 
309 325 371 19 0 0 0 0 336 347 341 0 0 0 0 0 408 541 75 0 0 0 0 0 
111 527 376 10 0 0 0 0 139 577 306 2 0 0 0 0 227 686 111 0 0 0 0 0 
143 624 252 5 0 0 0 0 205 661 149 8 1 0 0 0 276 726 21 1 0 0 0 0 
302 693 29 0 0 0 0 0 184 800 39 1 0 0 0 0 403 615 6 0 0 0 0 0 
220 688 110 4 2 0 0 0 263 727 29 5 0 0 0 0 320 688 12 4 0 0 0 0 
93 669 167 38 52 5 0 0 138 783 47 53 3 0 0 0 163 772 49 38 2 0 0 0 
53 728 176 53 14 0 0 0 185 692 123 20 4 0 0 0 212 724 76 11 1 0 0 0 
133 251 186 254 105 65 30 0 152 346 300 125 87 13 1 0 211 401 248 126 36 2 0 0 
87 370 144 152 93 107 60 11 177 365 181 108 108 64 20 1 259 350 157 126 69 50 12 1 
33 540 263 91 61 30 6 0 53 579 228 116 44 4 0 0 274 560 114 69 7 0 0 0 
43 378 510 88 5 0 0 0 67 407 493 53 4 0 0 0 492 485 42 5 0 0 0 0 
0 119 588 263 50 4 0 0 0 148 669 183 24 0 0 0 113 790 108 13 0 0 0 0 
64 467 298 139 47 9 0 0 60 507 305 114 34 4 0 0 322 589 89 21 3 0 0 0 
141 738 70 10 10 21 14 20 95 760 95 12 11 20 14 17 590 358 17 17 14 19 9 0 
6 121 367 283 119 52 54 22 22 114 416 256 105 49 52 10 296 426 160 62 57 22 1 0 
17 331 423 146 50 46 10 1 15 395 424 99 60 22 8 1 556 338 86 31 11 2 0 0 
33 557 289 74 43 17 6 5 27 654 212 74 35 12 7 3 707 217 63 24 8 5 0 0 
28 525 307 86 54 18 3 3 34 492 353 83 41 16 3 2 437 451 86 41 5 3 1 0 
121 724 172 6 1 0 0 0 116 688 210 9 1 0 0 0 566 439 18 1 0 0 0 0 
891 132 1 0 0 0 0 0 881 142 1 0 0 0 0 0 1012 11 1 0 0 0 0 0 
996 28 0 0 0 0 0 0 1006 18 0 0 0 0 0 0 1021 3 0 0 0 0 0 0 
964 60 0 0 0 0 0 0 1010 14 0 0 0 0 0 0 1024 0 0 0 0 0 0 0 
1008 15 1 0 0 0 0 0 1007 17 0 0 0 0 0 0 1018 6 0 0 0 0 0 0 
0 0 464 349 153 57 1 0 0 1 550 271 154 48 0 0 0 377 358 127 120 41 1 0 
0 0 194 662 150 18 0 0 0 0 444 461 109 10 0 0 0 357 438 182 46 1 0 0 
0 0 425 459 130 10 0 0 0 0 562 354 102 6 0 0 0 443 337 191 51 2 0 0 
0 2 708 285 29 0 0 0 0 13 738 251 22 0 0 0 0 534 400 89 1 0 0 0 
0 48 628 314 34 0 0 0 0 152 569 275 28 0 0 0 0 541 339 136 8 0 0 0 
0 0 672 295 54 3 0 0 0 10 752 229 32 1 0 0 0 550 369 95 10 0 0 0 
0 0 685 277 58 4 0 0 0 35 732 207 49 1 0 0 0 543 344 123 14 0 0 0 
0 0 610 364 47 3 0 0 0 58 676 255 34 1 0 0 0 504 391 115 14 0 0 0 
0 0 415 477 127 5 0 0 0 33 558 345 87 1 0 0 0 281 461 229 53 0 0 0 
0 1 181 689 139 14 0 0 0 2 473 456 90 3 0 0 0 25 739 198 61 1 0 0 
0 0 512 447 64 1 0 0 0 1 759 229 35 0 0 0 0 245 672 97 10 0 0 0 
0 0 844 167 12 1 0 0 0 26 885 107 5 1 0 0 0 791 213 19 1 0 0 0 
0 49 744 201 28 2 0 0 0 164 705 136 17 2 0 0 21 683 246 67 6 1 0 0 
0 45 763 197 19 0 0 0 0 292 577 143 12 0 0 0 12 712 232 66 2 0 0 0 
0 77 822 123 2 0 0 0 1 331 637 55 0 0 0 0 1 822 192 9 0 0 0 0 
0 102 833 89 0 0 0 0 8 501 515 0 0 0 0 0 11 825 188 0 0 0 0 0 
15 98 739 167 5 0 0 0 32 293 678 21 0 0 0 0 28 737 254 5 0 0 0 0 
15 65 610 305 25 4 0 0 32 182 751 50 9 0 0 0 34 550 418 19 3 0 0 0 
0 208 763 52 1 0 0 0 2 555 460 7 0 0 0 0 7 902 114 1 0 0 0 0 
0 40 509 439 36 0 0 0 0 135 739 147 3 0 0 0 66 891 65 2 0 0 0 0 
2 288 700 33 1 0 0 0 19 590 403 12 0 0 0 0 93 848 81 2 0 0 0 0 
28 167 399 370 49 11 0 0 26 292 623 66 17 0 0 0 116 634 239 35 0 0 0 0 
19 107 376 317 129 57 12 7 18 133 507 250 80 22 11 3 384 413 157 50 14 5 1 0 
104 348 484 76 12 0 0 0 169 358 437 53 7 0 0 0 554 437 33 0 0 0 0 0 
172 305 243 211 76 13 4 0 150 371 238 192 62 8 3 0 532 343 122 21 4 2 0 0 
1 216 405 229 153 19 1 0 2 245 405 225 133 14 0 0 311 508 172 33 0 0 0 0 
85 819 120 0 0 0 0 0 71 763 189 1 0 0 0 0 679 344 1 0 0 0 0 0 
451 521 52 0 0 0 0 0 466 496 62 0 0 0 0 0 800 220 4 0 0 0 0 0 
886 138 0 0 0 0 0 0 962 62 0 0 0 0 0 0 1010 14 0 0 0 0 0 0 
1016 8 0 0 0 0 0 0 1012 12 0 0 0 0 0 0 1021 3 0 0 0 0 0 0 
942 82 0 0 0 0 0 0 991 33 0 0 0 0 0 0 1009 15 0 0 0 0 0 0 
977 47 0 0 0 0 0 0 983 41 0 0 0 0 0 0 1021 3 0 0 0 0 0 0 
0 0 2 185 469 364 4 0 0 0 3 212 464 343 2 0 0 0 52 223 393 338 18 0 
0 0 4 263 466 282 9 0 0 0 8 294 451 265 6 0 0 0 92 356 338 234 4 0 
0 0 21 288 418 289 8 0 0 0 26 297 416 279 6 0 0 0 106 305 353 253 7 0 
0 0 161 535 290 38 0 0 0 0 171 536 280 37 0 0 0 21 374 444 173 12 0 0 
0 0 221 433 284 86 0 0 0 0 233 443 273 75 0 0 0 33 376 346 229 40 0 0 
0 0 242 520 205 55 2 0 0 0 327 458 188 49 2 0 0 15 548 317 115 29 0 0 
0 0 184 553 247 40 0 0 0 0 304 479 209 32 0 0 0 27 508 334 142 13 0 0 
0 0 129 557 284 52 2 0 0 0 250 520 225 28 1 0 0 17 395 443 146 21 2 0 
0 0 20 342 537 125 0 0 0 0 53 448 440 83 0 0 0 1 110 472 369 72 0 0 
0 0 2 232 585 204 1 0 0 0 3 327 554 140 0 0 0 0 21 381 499 123 0 0 
0 0 17 469 425 111 2 0 0 0 48 520 389 67 0 0 0 1 197 505 284 37 0 0 
0 0 176 595 228 24 1 0 0 0 314 528 168 13 1 0 0 40 527 359 95 3 0 0 
0 0 98 518 356 50 2 0 0 0 163 521 302 38 0 0 0 5 328 462 205 24 0 0 
0 0 40 446 460 78 0 0 0 0 73 508 384 59 0 0 0 1 165 482 334 42 0 0 
0 0 93 595 301 35 0 0 0 0 209 592 207 16 0 0 0 12 365 492 149 6 0 0 
0 0 161 782 76 5 0 0 0 0 497 484 43 0 0 0 0 18 766 210 30 0 0 0 
0 0 124 874 26 0 0 0 0 0 418 599 7 0 0 0 0 14 875 134 1 0 0 0 
0 0 64 925 35 0 0 0 0 0 333 685 6 0 0 0 0 19 891 113 1 0 0 0 
0 0 185 744 95 0 0 0 0 0 449 544 31 0 0 0 0 99 711 209 5 0 0 0 
0 4 463 467 90 0 0 0 0 164 605 246 9 0 0 0 5 702 271 46 0 0 0 0 
0 136 823 65 0 0 0 0 0 513 504 7 0 0 0 0 73 920 31 0 0 0 0 0 
0 259 710 55 0 0 0 0 0 505 516 3 0 0 0 0 186 825 13 0 0 0 0 0 
0 399 613 12 0 0 0 0 0 655 364 5 0 0 0 0 173 837 14 0 0 0 0 0 
195 618 198 12 1 0 0 0 236 711 71 6 0 0 0 0 556 443 25 0 0 0 0 0 
44 124 281 443 124 8 0 0 49 130 368 395 75 7 0 0 276 561 171 16 0 0 0 0 
3 361 625 35 0 0 0 0 3 336 655 30 0 0 0 0 458 548 18 0 0 0 0 0 
1 569 451 3 0 0 0 0 8 585 429 2 0 0 0 0 308 712 4 0 0 0 0 0 
27 756 217 24 0 0 0 0 116 783 116 9 0 0 0 0 560 447 17 0 0 0 0 0 
322 550 124 25 2 1 0 0 544 386 72 20 1 1 0 0 807 194 18 4 1 0 0 0 
614 382 28 0 0 0 0 0 845 179 0 0 0 0 0 0 968 56 0 0 0 0 0 0 
531 461 32 0 0 0 0 0 814 204 6 0 0 0 0 0 957 67 0 0 0 0 0 0 
618 394 12 0 0 0 0 0 949 75 0 0 0 0 0 0 998 26 0 0 0 0 0 0 
0 0 0 25 222 760 17 0 0 0 0 31 243 738 12 0 0 0 0 45 190 655 134 0 
0 0 0 49 223 743 9 0 0 0 0 53 242 724 5 0 0 0 1 67 224 673 59 0 
0 0 0 41 325 649 9 0 0 0 0 40 338 638 8 0 0 0 0 55 285 657 27 0 
0 0 5 95 475 444 5 0 0 0 4 99 495 424 2 0 0 0 14 123 421 452 14 0 
0 0 8 167 457 381 11 0 0 0 9 177 467 360 11 0 0 0 18 192 431 375 8 0 
0 0 27 189 417 382 9 0 0 0 35 218 416 350 5 0 0 2 62 215 384 351 10 0 
0 0 23 284 411 289 17 0 0 0 39 298 417 257 13 0 0 1 87 299 369 247 21 0 
0 0 20 191 502 308 3 0 0 0 27 219 510 265 3 0 0 0 43 242 485 248 6 0 
0 0 4 129 481 388 22 0 0 0 6 145 508 347 18 0 0 1 12 166 459 356 30 0 
0 0 1 103 371 527 22 0 0 0 9 110 394 495 16 0 0 0 18 119 366 481 40 0 
0 0 6 225 452 334 7 0 0 0 19 261 456 282 6 0 0 0 74 274 407 263 6 0 
0 0 41 323 450 206 4 0 0 0 70 348 432 173 1 0 0 7 132 347 385 152 1 0 
0 0 43 297 456 225 3 0 0 0 52 327 451 193 1 0 0 1 110 344 378 190 1 0 
0 0 9 212 529 268 6 0 0 0 13 251 537 221 2 0 0 0 32 281 499 208 4 0 
0 0 34 398 392 200 0 0 0 0 87 425 341 171 0 0 0 5 189 372 292 165 1 0 
0 0 96 583 245 100 0 0 0 0 288 461 199 76 0 0 0 10 500 282 160 72 0 0 
0 0 40 701 253 30 0 0 0 0 204 641 170 9 0 0 0 6 522 411 84 1 0 0 
0 0 11 754 223 36 0 0 0 0 135 739 134 16 0 0 0 0 579 372 70 3 0 0 
0 0 5 555 430 34 0 0 0 0 52 742 218 12 0 0 0 0 266 646 110 2 0 0 
0 0 1 574 420 29 0 0 0 0 67 729 227 1 0 0 0 11 484 475 54 0 0 0 
0 0 53 742 214 15 0 0 0 0 263 648 108 5 0 0 0 126 683 193 22 0 0 0 
0 0 141 791 91 1 0 0 0 2 433 566 23 0 0 0 0 264 709 51 0 0 0 0 
0 0 742 264 18 0 0 0 0 0 896 122 6 0 0 0 0 838 175 11 0 0 0 0 
0 28 954 41 1 0 0 0 0 113 895 16 0 0 0 0 40 976 8 0 0 0 0 0 
1 171 424 391 37 0 0 0 0 188 504 317 15 0 0 0 281 678 65 0 0 0 0 0 
0 112 802 109 1 0 0 0 0 102 802 120 0 0 0 0 310 701 13 0 0 0 0 0 
100 734 183 7 0 0 0 0 238 643 138 5 0 0 0 0 717 301 6 0 0 0 0 0 
54 769 193 8 0 0 0 0 195 768 57 4 0 0 0 0 478 541 5 0 0 0 0 0 
22 836 166 0 0 0 0 0 99 875 50 0 0 0 0 0 351 673 0 0 0 0 0 0 
597 392 35 0 0 0 0 0 647 377 0 0 0 0 0 0 788 236 0 0 0 0 0 0 
125 868 21 9 1 0 0 0 159 845 14 6 0 0 0 0 836 170 11 7 0 0 0 0 
195 822 7 0 0 0 0 0 484 540 0 0 0 0 0 0 931 93 0 0 0 0 0 0 
0 0 0 1 71 927 25 0 0 0 0 1 72 939 12 0 0 0 0 1 46 718 259 0 
0 0 0 0 42 965 17 0 0 0 0 0 48 967 9 0 0 0 0 0 23 783 218 0 
0 0 0 1 118 894 11 0 0 0 0 1 127 889 7 0 0 0 0 0 78 816 130 0 
0 0 0 14 266 739 5 0 0 0 0 17 281 724 2 0 0 0 0 8 208 766 42 0 
0 0 0 6 278 740 0 0 0 0 0 6 287 731 0 0 0 0 0 6 209 791 18 0 
0 0 0 26 246 747 5 0 0 0 0 27 265 730 2 0 0 0 0 23 176 800 25 0 
0 0 0 4 211 806 3 0 0 0 0 6 250 768 0 0 0 0 0 4 171 836 13 0 
0 0 0 9 221 792 2 0 0 0 0 13 259 752 0 0 0 0 0 6 187 812 19 0 
0 0 0 14 225 773 12 0 0 0 0 15 239 761 9 0 0 0 0 11 174 796 43 0 
0 0 0 5 180 830 9 0 0 0 0 5 199 816 4 0 0 0 0 5 147 828 44 0 
0 0 1 55 349 617 2 0 0 0 1 65 376 581 1 0 0 0 3 73 339 606 3 0 
0 0 0 74 460 487 3 0 0 0 1 89 490 442 2 0 0 0 2 89 452 475 6 0 
0 0 2 54 479 481 8 0 0 0 2 64 508 445 5 0 0 0 1 63 453 498 9 0 
0 0 0 88 481 455 0 0 0 0 1 101 530 392 0 0 0 0 1 97 500 425 1 0 
0 0 8 167 529 318 2 0 0 0 15 245 508 255 1 0 0 0 42 282 457 239 4 0 
0 0 54 371 434 161 4 0 0 0 145 401 378 100 0 0 0 14 250 386 286 87 1 0 
0 0 39 520 368 97 0 0 0 0 136 539 300 49 0 0 0 6 340 442 222 14 0 0 
0 0 22 480 402 119 1 0 0 0 94 534 333 63 0 0 0 1 312 415 258 38 0 0 
0 0 1 297 584 142 0 0 0 0 32 446 491 55 0 0 0 0 105 536 358 25 0 0 
0 0 2 348 538 134 2 0 0 0 59 432 480 53 0 0 0 6 188 482 334 14 0 0 
0 0 9 608 351 56 0 0 0 0 109 677 215 23 0 0 0 25 582 318 93 6 0 0 
0 0 13 703 277 31 0 0 0 0 178 666 169 11 0 0 0 67 662 247 48 0 0 0 
0 0 278 650 73 23 0 0 0 0 644 315 55 10 0 0 0 613 331 56 21 3 0 0 
0 0 613 312 78 21 0 0 0 13 746 203 50 12 0 0 5 731 203 67 18 0 0 0 
0 32 871 120 1 0 0 0 0 159 820 45 0 0 0 0 149 857 18 0 0 0 0 0 
0 193 537 252 41 0 0 1 2 311 543 156 11 0 1 0 206 725 85 7 0 0 1 0 
0 854 170 0 0 0 0 0 0 1007 17 0 0 0 0 0 775 249 0 0 0 0 0 0 
0 995 29 0 0 0 0 0 44 977 3 0 0 0 0 0 844 180 0 0 0 0 0 0 
68 956 0 0 0 0 0 0 197 827 0 0 0 0 0 0 956 68 0 0 0 0 0 0 
653 371 0 0 0 0 0 0 852 172 0 0 0 0 0 0 1016 8 0 0 0 0 0 0 
733 283 4 4 0 0 0 0 886 132 2 4 0 0 0 0 978 40 2 4 0 0 0 0 
661 345 18 0 0 0 0 0 802 208 14 0 0 0 0 0 857 155 12 0 0 0 0 0 
0 0 0 17 159 697 151 0 0 0 0 18 169 709 128 0 0 0 0 19 125 603 277 0 
0 0 0 12 261 703 48 0 0 0 0 15 288 689 32 0 0 0 0 13 226 704 81 0 
0 0 3 80 359 549 33 0 0 0 3 81 359 550 31 0 0 0 5 84 336 536 63 0 
0 0 8 137 334 523 22 0 0 0 11 141 326 526 20 0 0 0 21 140 300 517 46 0 
0 0 9 118 269 589 39 0 0 0 12 125 277 576 34 0 0 0 27 118 255 531 93 0 
0 0 12 81 245 658 28 0 0 0 15 86 257 646 20 0 0 0 25 79 201 633 86 0 
0 0 2 38 236 725 23 0 0 0 2 41 269 697 15 0 0 0 2 39 208 707 68 0 
0 0 3 17 142 845 17 0 0 0 3 22 168 821 10 0 0 0 5 15 109 846 49 0 
0 0 0 1 86 930 7 0 0 0 0 1 98 919 6 0 0 0 0 1 65 890 68 0 
0 0 0 3 63 949 9 0 0 0 0 3 79 938 4 0 0 0 0 2 37 923 62 0 
0 0 0 15 164 843 2 0 0 0 0 16 192 815 1 0 0 0 0 13 128 865 18 0 
0 0 0 15 209 798 2 0 0 0 0 16 235 772 1 0 0 0 0 15 168 828 13 0 
0 0 0 6 162 852 4 0 0 0 0 9 204 811 0 0 0 0 0 6 141 862 15 0 
0 0 1 34 243 745 1 0 0 0 1 42 281 699 1 0 0 0 1 42 255 715 11 0 
0 0 0 77 433 513 1 0 0 0 3 103 475 443 0 0 0 0 5 117 436 465 1 0 
0 0 1 116 538 368 1 0 0 0 7 161 598 258 0 0 0 0 17 180 590 237 0 0 
0 0 2 174 493 354 1 0 0 0 11 260 529 224 0 0 0 0 45 290 504 185 0 0 
0 0 4 195 551 274 0 0 0 0 17 288 563 156 0 0 0 0 34 374 512 104 0 0 
0 0 1 57 490 476 0 0 0 0 1 114 642 267 0 0 0 0 1 138 672 213 0 0 
0 0 0 58 474 491 1 0 0 0 0 107 574 343 0 0 0 0 6 177 590 251 0 0 
0 0 1 189 435 398 1 0 0 0 20 265 456 283 0 0 0 0 129 271 405 219 0 0 
0 0 11 270 497 246 0 0 0 0 53 367 449 155 0 0 0 45 190 389 285 115 0 0 
0 0 54 626 287 57 0 0 0 0 247 529 223 25 0 0 0 201 488 268 62 5 0 0 
0 0 209 556 236 23 0 0 0 0 511 350 158 5 0 0 0 497 291 204 32 0 0 0 
0 0 313 688 23 0 0 0 0 0 707 305 12 0 0 0 0 820 187 17 0 0 0 0 
0 0 490 529 5 0 0 0 0 2 907 114 1 0 0 0 0 934 89 1 0 0 0 0 
0 128 804 92 0 0 0 0 0 274 725 25 0 0 0 0 129 867 28 0 0 0 0 0 
0 276 719 29 0 0 0 0 0 427 593 4 0 0 0 0 262 754 8 0 0 0 0 0 
0 332 684 8 0 0 0 0 0 620 404 0 0 0 0 0 351 672 1 0 0 0 0 0 
83 494 447 0 0 0 0 0 102 790 132 0 0 0 0 0 535 489 0 0 0 0 0 0 
227 506 291 0 0 0 0 0 335 642 47 0 0 0 0 0 711 313 0 0 0 0 0 0 
235 535 254 0 0 0 0 0 344 595 85 0 0 0 0 0 605 419 0 0 0 0 0 0 
0 0 0 4 148 660 212 0 0 0 0 5 164 677 178 0 0 0 0 1 95 531 397 0 
0 0 0 9 106 809 100 0 0 0 0 7 134 813 70 0 0 0 0 12 78 636 298 0 
0 0 0 7 152 783 82 0 0 0 0 7 164 795 58 0 0 0 0 6 108 702 208 0 
0 0 0 64 274 641 45 0 0 0 0 64 287 636 37 0 0 0 1 66 241 600 116 0 
0 0 9 76 260 653 26 0 0 0 11 78 269 647 19 0 0 0 12 86 236 623 67 0 
0 0 24 127 318 529 26 0 0 0 28 135 329 515 17 0 0 0 44 144 287 489 60 0 
0 0 39 150 290 487 57 1 0 0 50 153 294 477 49 1 0 2 68 152 282 452 67 1 
0 0 31 109 296 525 63 0 0 0 34 119 305 518 48 0 0 0 40 123 277 513 71 0 
0 0 5 63 239 704 13 0 0 0 4 75 248 689 8 0 0 0 4 71 227 674 48 0 
0 0 2 31 224 746 21 0 0 0 2 42 254 720 6 0 0 0 2 35 224 727 36 0 
0 0 0 9 156 851 8 0 0 0 0 9 175 835 5 0 0 0 0 10 124 844 46 0 
0 0 0 0 87 925 12 0 0 0 0 1 101 918 4 0 0 0 0 0 56 936 32 0 
0 0 0 1 167 856 0 0 0 0 0 1 177 846 0 0 0 0 0 1 142 878 3 0 
0 0 0 6 346 672 0 0 0 0 0 11 420 593 0 0 0 0 0 15 372 637 0 0 
0 0 0 4 256 762 2 0 0 0 0 5 306 713 0 0 0 0 0 4 247 771 2 0 
0 0 0 27 391 603 3 0 0 0 0 45 461 516 2 0 0 0 0 45 438 539 2 0 
0 0 4 78 453 488 1 0 0 0 7 110 570 337 0 0 0 0 11 122 563 327 1 0 
0 0 0 50 453 520 1 0 0 0 0 89 545 390 0 0 0 0 0 95 564 365 0 0 
0 0 0 21 365 637 1 0 0 0 0 43 496 485 0 0 0 0 0 53 589 382 0 0 
0 0 0 21 352 651 0 0 0 0 0 46 523 455 0 0 0 0 0 62 515 447 0 0 
0 0 0 59 332 633 0 0 0 0 1 85 476 462 0 0 0 0 44 91 478 410 1 0 
0 0 6 269 475 274 0 0 0 0 25 339 493 167 0 0 0 6 208 334 409 67 0 0 
0 0 6 247 535 236 0 0 0 0 37 324 543 120 0 0 0 23 152 406 428 15 0 0 
0 0 54 589 331 50 0 0 0 0 223 526 260 15 0 0 0 145 481 313 85 0 0 0 
0 0 42 815 158 9 0 0 0 0 309 629 86 0 0 0 0 283 620 113 8 0 0 0 
0 0 148 803 69 4 0 0 0 0 548 440 35 1 0 0 0 519 454 50 1 0 0 0 
0 0 609 412 3 0 0 0 0 0 869 155 0 0 0 0 0 838 186 0 0 0 0 0 
0 0 715 294 15 0 0 0 0 7 867 140 10 0 0 0 1 850 162 11 0 0 0 0 
0 0 975 49 0 0 0 0 0 46 962 16 0 0 0 0 7 1002 15 0 0 0 0 0 
0 0 1024 0 0 0 0 0 0 202 822 0 0 0 0 0 68 956 0 0 0 0 0 0 
0 4 1010 10 0 0 0 0 0 290 733 1 0 0 0 0 98 921 5 0 0 0 0 0 
0 1 1023 0 0 0 0 0 0 296 728 0 0 0 0 0 47 977 0 0 0 0 0 0 
0 0 0 12 91 774 147 0 0 0 0 14 107 815 88 0 0 0 0 9 60 587 368 0 
0 0 0 0 88 884 52 0 0 0 0 0 111 890 23 0 0 0 0 0 44 765 215 0 
0 0 0 2 87 905 30 0 0 0 0 2 100 904 18 0 0 0 0 1 50 787 186 0 
0 0 0 3 116 891 14 0 0 0 0 4 127 880 13 0 0 0 0 2 72 878 72 0 
0 0 0 8 198 813 5 0 0 0 0 9 195 816 4 0 0 0 0 7 142 836 39 0 
0 0 0 5 188 826 5 0 0 0 0 6 200 813 5 0 0 0 0 3 133 869 19 0 
0 0 0 2 168 847 7 0 0 0 0 3 179 837 5 0 0 0 0 1 127 864 32 0 
0 0 0 0 54 964 6 0 0 0 0 0 63 956 5 0 0 0 0 0 34 941 49 0 
0 0 0 0 20 985 18 1 0 0 0 0 24 985 14 1 0 0 0 0 11 954 57 2 
0 0 0 8 56 960 0 0 0 0 0 8 57 959 0 0 0 0 0 8 53 961 2 0 
0 0 0 6 199 819 0 0 0 0 0 5 199 820 0 0 0 0 0 4 150 858 12 0 
0 0 0 0 122 902 0 0 0 0 0 0 141 882 1 0 0 0 0 0 80 942 2 0 
0 0 0 0 23 1000 1 0 0 0 0 0 29 994 1 0 0 0 0 0 12 1005 7 0 
0 0 0 0 60 964 0 0 0 0 0 0 66 958 0 0 0 0 0 0 64 959 1 0 
0 0 0 4 338 682 0 0 0 0 0 4 366 654 0 0 0 0 0 6 343 675 0 0 
0 0 0 39 335 650 0 0 0 0 0 45 367 612 0 0 0 0 0 49 334 641 0 0 
0 0 0 44 387 593 0 0 0 0 0 55 458 511 0 0 0 0 0 71 473 480 0 0 
0 0 0 40 434 550 0 0 0 0 0 69 538 417 0 0 0 0 0 84 518 422 0 0 
0 0 0 83 512 429 0 0 0 0 0 127 568 329 0 0 0 0 0 146 571 307 0 0 
0 0 0 41 372 611 0 0 0 0 0 57 474 493 0 0 0 0 6 100 478 440 0 0 
0 0 0 156 426 441 1 0 0 0 2 235 472 315 0 0 0 0 61 327 414 222 0 0 
0 0 0 146 423 455 0 0 0 0 7 204 462 351 0 0 0 0 89 242 466 227 0 0 
0 0 4 208 468 344 0 0 0 0 25 268 524 207 0 0 0 3 143 315 465 98 0 0 
0 0 26 520 423 55 0 0 0 0 108 577 322 17 0 0 0 50 443 423 108 0 0 0 
0 0 19 591 350 64 0 0 0 0 130 586 283 25 0 0 0 74 514 300 135 1 0 0 
0 0 81 766 162 15 0 0 0 0 347 570 101 6 0 0 0 296 550 154 24 0 0 0 
0 0 334 635 48 7 0 0 0 0 645 354 23 2 0 0 0 537 451 29 7 0 0 0 
0 0 477 499 44 4 0 0 0 0 762 234 28 0 0 0 0 635 353 34 2 0 0 0 
0 0 811 199 14 0 0 0 0 16 917 86 5 0 0 0 4 889 125 6 0 0 0 0 
0 6 959 48 11 0 0 0 0 96 896 23 9 0 0 0 31 951 31 11 0 0 0 0 
0 0 962 62 0 0 0 0 0 128 876 20 0 0 0 0 28 965 31 0 0 0 0 0 
0 0 994 30 0 0 0 0 0 167 853 4 0 0 0 0 40 972 12 0 0 0 0 0 
0 0 0 0 41 884 99 0 0 0 0 0 60 899 65 0 0 0 0 0 15 756 253 0 
0 0 0 0 84 900 38 2 0 0 0 0 101 902 19 2 0 0 0 0 44 825 151 4 
0 0 0 3 146 851 24 0 0 0 0 4 156 846 18 0 0 0 0 2 76 819 127 0 
0 0 0 6 137 860 21 0 0 0 0 8 147 851 18 0 0 0 0 6 95 834 89 0 
0 0 0 2 96 916 10 0 0 0 0 2 108 908 6 0 0 0 0 2 66 854 102 0 
0 0 0 0 143 870 11 0 0 0 0 0 169 848 7 0 0 0 0 0 101 873 50 0 
0 0 0 9 229 769 17 0 0 0 0 11 252 749 12 0 0 0 0 9 185 789 41 0 
0 0 0 12 189 811 12 0 0 0 0 13 206 795 10 0 0 0 0 12 147 843 22 0 
0 0 0 9 129 861 25 0 0 0 0 9 133 858 24 0 0 0 0 8 120 844 52 0 
0 0 0 1 31 962 30 0 0 0 0 1 36 962 25 0 0 0 0 1 18 933 72 0 
0 0 0 2 37 979 6 0 0 0 0 1 42 976 5 0 0 0 0 0 33 964 27 0 
0 0 0 0 123 899 2 0 0 0 0 1 129 892 2 0 0 0 0 0 99 922 2 1 
0 0 0 0 72 952 0 0 0 0 0 0 75 949 0 0 0 0 0 0 50 974 0 0 
0 0 0 0 86 938 0 0 0 0 0 0 95 929 0 0 0 0 0 0 70 954 0 0 
0 0 0 6 199 819 0 0 0 0 0 6 212 806 0 0 0 0 0 6 204 814 0 0 
0 0 0 20 301 703 0 0 0 0 0 21 332 671 0 0 0 0 0 30 360 634 0 0 
0 0 0 8 299 715 2 0 0 0 0 11 366 645 2 0 0 0 0 8 335 679 2 0 
0 0 0 2 213 809 0 0 0 0 0 2 282 740 0 0 0 0 0 3 292 729 0 0 
0 0 0 0 97 924 3 0 0 0 0 0 201 821 2 0 0 0 0 0 254 768 2 0 
0 0 0 0 126 898 0 0 0 0 0 0 267 757 0 0 0 0 0 0 383 641 0 0 
0 0 0 3 88 933 0 0 0 0 0 4 175 845 0 0 0 0 0 4 235 785 0 0 
0 0 0 13 158 853 0 0 0 0 0 38 267 719 0 0 0 0 5 62 371 586 0 0 
0 0 2 80 332 610 0 0 0 0 7 96 519 402 0 0 0 1 49 129 649 196 0 0 
0 0 1 163 487 373 0 0 0 0 26 184 651 163 0 0 0 1 113 225 681 4 0 0 
0 0 3 222 572 226 1 0 0 0 44 263 642 74 1 0 0 14 180 287 539 4 0 0 
0 0 12 391 483 134 4 0 0 0 101 425 471 24 3 0 0 54 316 392 257 5 0 0 
0 0 59 420 492 53 0 0 0 0 151 469 396 8 0 0 0 97 333 461 133 0 0 0 
0 0 277 378 315 54 0 0 0 1 383 383 251 6 0 0 0 300 309 315 100 0 0 0 
0 0 467 347 192 17 1 0 0 6 575 322 116 4 1 0 1 512 297 181 30 3 0 0 
0 1 745 235 42 1 0 0 0 45 810 157 12 0 0 0 11 794 179 39 1 0 0 0 
0 0 818 178 28 0 0 0 0 40 863 108 13 0 0 0 19 850 132 23 0 0 0 0 
0 1 769 201 49 4 0 0 0 59 803 141 18 3 0 0 10 821 155 35 3 0 0 0 
0 0 0 15 55 783 171 0 0 0 0 16 90 826 92 0 0 0 0 14 47 629 334 0 
0 0 0 2 67 902 53 0 0 0 0 3 100 902 19 0 0 0 0 1 42 817 164 0 
0 0 0 20 166 829 9 0 0 0 0 24 205 790 5 0 0 0 0 22 148 789 65 0 
0 0 0 32 249 737 6 0 0 0 0 33 258 730 3 0 0 0 0 28 200 760 36 0 
0 0 0 40 264 706 14 0 0 0 0 43 280 692 9 0 0 0 0 30 217 719 58 0 
0 0 0 9 146 846 23 0 0 0 0 12 165 838 9 0 0 0 0 9 116 835 64 0 
0 0 0 5 115 888 16 0 0 0 0 5 131 875 13 0 0 0 0 5 96 849 74 0 
0 0 2 35 195 761 31 0 0 0 2 42 210 755 15 0 0 0 1 40 179 747 57 0 
0 0 0 18 218 761 27 0 0 0 0 19 256 727 22 0 0 0 0 18 202 769 35 0 
0 0 0 13 167 838 6 0 0 0 0 14 190 815 5 0 0 0 0 16 161 833 14 0 
0 0 0 11 236 776 1 0 0 0 0 21 260 743 0 0 0 0 0 22 231 770 1 0 
0 0 0 1 149 872 2 0 0 0 0 1 170 851 2 0 0 0 0 2 148 870 4 0 
0 0 0 3 227 793 1 0 0 0 0 4 260 759 1 0 0 0 0 7 198 816 3 0 
0 0 0 4 223 795 2 0 0 0 0 10 252 761 1 0 0 0 0 11 210 801 2 0 
0 0 0 2 204 818 0 0 0 0 0 4 247 773 0 0 0 0 0 5 240 779 0 0 
0 0 0 4 327 693 0 0 0 0 0 4 371 649 0 0 0 0 0 6 390 628 0 0 
0 0 0 75 368 581 0 0 0 0 0 89 433 502 0 0 0 0 4 114 391 515 0 0 
0 0 0 63 374 586 1 0 0 0 0 84 449 490 1 0 0 0 3 101 481 438 1 0 
0 0 0 5 200 818 1 0 0 0 0 15 337 672 0 0 0 0 0 20 379 625 0 0 
0 0 0 25 272 723 3 1 0 0 0 44 383 593 3 1 0 0 4 89 421 507 2 1 
0 0 0 24 274 706 12 8 0 0 0 44 338 626 9 7 0 0 5 50 403 551 8 7 
0 0 0 18 287 719 0 0 0 0 0 37 459 528 0 0 0 0 0 80 584 360 0 0 
0 0 0 46 346 622 8 2 0 0 0 74 505 439 5 1 0 0 12 140 602 265 5 0 
0 0 2 262 441 319 0 0 0 0 36 302 499 187 0 0 0 4 225 276 427 92 0 0 
0 0 2 336 485 198 3 0 0 0 40 384 553 45 2 0 0 14 293 312 397 6 2 0 
0 0 2 224 471 298 23 6 0 0 12 301 538 155 12 6 0 1 149 370 446 47 8 3 
0 0 13 367 522 118 4 0 0 0 69 432 480 41 2 0 0 10 295 471 243 5 0 0 
0 0 57 479 397 87 2 2 0 0 159 522 314 26 2 1 0 61 399 416 144 1 3 0 
0 0 114 467 385 58 0 0 0 0 249 483 274 18 0 0 0 132 423 378 91 0 0 0 
0 0 343 420 224 34 2 1 0 5 520 336 152 9 2 0 0 397 350 235 39 1 2 0 
0 1 368 455 170 28 2 0 0 11 538 353 111 9 2 0 4 385 433 171 29 2 0 0 
0 0 484 413 125 1 1 0 0 11 642 315 54 2 0 0 1 507 395 119 1 1 0 0 
0 0 0 35 158 786 45 0 0 0 0 57 154 790 23 0 0 0 0 61 136 653 174 0 
0 0 0 20 135 745 124 0 0 0 0 35 154 765 70 0 0 0 1 30 125 518 350 0 
0 0 0 20 179 766 59 0 0 0 0 28 193 767 36 0 0 0 0 20 154 660 190 0 
0 0 0 9 266 726 23 0 0 0 1 10 276 717 20 0 0 0 0 10 225 700 89 0 
0 0 0 42 328 653 1 0 0 0 0 49 345 630 0 0 0 0 0 55 293 667 9 0 
0 0 0 21 351 645 7 0 0 0 0 26 371 622 5 0 0 0 0 25 307 677 15 0 
0 0 0 22 226 764 12 0 0 0 0 30 250 740 4 0 0 0 2 32 173 788 29 0 
0 0 0 5 245 718 56 0 0 0 0 6 259 715 44 0 0 0 0 6 227 660 131 0 
0 0 0 4 38 945 37 0 0 0 0 5 46 930 43 0 0 0 0 4 28 905 87 0 
0 0 0 5 50 958 11 0 0 0 0 6 55 953 10 0 0 0 0 5 51 943 25 0 
0 0 0 16 105 894 9 0 0 0 0 19 108 891 6 0 0 0 0 15 98 896 15 0 
0 0 0 34 242 748 0 0 0 0 0 44 260 720 0 0 0 0 1 56 241 714 12 0 
0 0 0 2 273 749 0 0 0 0 0 4 287 733 0 0 0 0 0 7 287 730 0 0 
0 0 0 44 339 641 0 0 0 0 0 49 362 613 0 0 0 0 0 58 350 611 5 0 
0 0 2 103 456 462 1 0 0 0 2 125 482 414 1 0 0 0 8 163 467 384 2 0 
0 0 1 113 475 432 3 0 0 0 3 140 520 360 1 0 0 0 21 184 522 297 0 0 
0 0 0 54 318 646 6 0 0 0 3 65 379 573 4 0 0 0 6 66 403 545 4 0 
0 0 0 23 375 622 4 0 0 0 0 26 445 549 4 0 0 0 0 38 497 487 2 0 
0 0 0 17 242 758 4 3 0 0 0 24 378 617 5 0 0 0 0 31 505 484 4 0 
0 0 0 5 245 772 2 0 0 0 0 13 354 656 1 0 0 0 0 25 439 559 1 0 
0 0 0 64 385 575 0 0 0 0 0 113 469 442 0 0 0 0 13 207 464 339 1 0 
0 0 0 226 478 320 0 0 0 0 6 319 480 219 0 0 0 0 166 300 408 150 0 0 
0 0 1 255 446 320 2 0 0 0 18 327 452 227 0 0 0 0 185 370 340 129 0 0 
0 0 0 226 320 478 0 0 0 0 15 273 413 323 0 0 0 3 174 191 465 191 0 0 
0 0 7 294 480 239 4 0 0 0 46 356 482 138 2 0 0 12 234 386 361 30 1 0 
0 0 6 396 460 162 0 0 0 0 51 473 431 69 0 0 0 6 307 456 252 3 0 0 
0 0 25 535 388 75 1 0 0 0 141 565 297 21 0 0 0 30 497 399 97 1 0 0 
0 0 60 436 418 110 0 0 0 0 177 480 332 35 0 0 0 66 371 405 181 1 0 0 
0 0 320 396 216 92 0 0 0 0 481 299 208 36 0 0 1 344 332 204 143 0 0 0 
0 0 473 302 166 83 0 0 0 5 597 235 151 36 0 0 1 509 262 158 94 0 0 0 
0 0 567 247 140 68 2 0 0 5 677 182 143 16 1 0 1 581 220 133 87 2 0 0 
0 0 835 100 74 15 0 0 0 28 855 71 68 2 0 0 12 837 87 66 22 0 0 0 
0 0 0 0 19 888 117 0 0 0 0 0 23 932 69 0 0 0 0 0 14 669 341 0 
0 0 0 0 3 891 130 0 0 0 0 0 3 958 63 0 0 0 0 0 1 561 462 0 
0 0 0 0 19 934 71 0 0 0 0 0 22 959 43 0 0 0 0 0 13 683 328 0 
0 0 0 2 23 987 12 0 0 0 0 5 24 986 9 0 0 0 0 0 18 857 149 0 
0 0 0 17 83 922 2 0 0 0 0 24 84 915 1 0 0 0 0 17 75 867 65 0 
0 0 0 10 81 919 14 0 0 0 0 11 81 921 11 0 0 0 0 10 75 861 78 0 
0 0 0 22 105 869 28 0 0 0 0 22 110 872 20 0 0 0 0 21 95 829 79 0 
0 0 6 63 236 695 24 0 0 0 9 68 235 690 22 0 0 0 14 65 229 666 50 0 
0 0 3 71 258 668 24 0 0 0 7 87 255 658 17 0 0 0 7 86 248 656 27 0 
0 0 0 75 268 645 36 0 0 0 3 96 290 620 15 0 0 0 5 105 262 611 41 0 
0 0 1 85 263 669 6 0 0 0 4 91 273 653 3 0 0 0 19 91 264 613 37 0 
0 0 7 43 321 642 11 0 0 0 10 51 323 629 11 0 0 0 13 67 292 632 20 0 
0 0 1 61 136 809 17 0 0 0 2 62 150 797 13 0 0 0 21 64 122 758 59 0 
0 0 0 18 183 801 22 0 0 0 0 22 186 800 16 0 0 0 0 25 151 792 56 0 
0 0 15 123 387 498 1 0 0 0 22 142 399 461 0 0 0 0 49 157 406 409 3 0 
0 0 31 232 409 352 0 0 0 0 49 239 423 313 0 0 0 2 132 243 371 276 0 0 
0 0 7 273 346 395 3 0 0 0 51 267 329 376 1 0 0 0 144 245 304 330 1 0 
0 0 18 198 320 488 0 0 0 0 41 216 306 461 0 0 0 1 120 175 281 447 0 0 
0 0 3 112 345 560 4 0 0 0 12 123 368 520 1 0 0 0 53 140 337 494 0 0 
0 0 0 38 292 689 5 0 0 0 2 58 340 624 0 0 0 0 8 86 362 568 0 0 
0 0 0 30 193 801 0 0 0 0 0 37 268 719 0 0 0 0 2 53 307 662 0 0 
0 0 1 15 158 848 2 0 0 0 1 23 231 769 0 0 0 0 7 35 246 736 0 0 
0 0 2 160 356 506 0 0 0 0 22 191 427 384 0 0 0 7 109 199 509 200 0 0 
0 0 0 266 497 261 0 0 0 0 15 350 494 165 0 0 0 0 163 420 417 24 0 0 
0 0 0 234 558 232 0 0 0 0 3 344 579 98 0 0 0 0 145 437 435 7 0 0 
0 0 0 234 581 209 0 0 0 0 15 355 592 62 0 0 0 0 153 468 403 0 0 0 
0 0 25 392 475 132 0 0 0 0 85 453 453 33 0 0 0 16 327 414 266 1 0 0 
0 0 86 495 307 136 0 0 0 0 269 411 295 49 0 0 0 71 475 312 165 1 0 0 
0 0 355 378 200 90 1 0 0 0 563 251 177 33 0 0 1 422 305 191 104 1 0 0 
0 0 790 142 63 29 0 0 0 8 863 88 48 17 0 0 9 814 116 56 29 0 0 0 
0 0 956 41 10 17 0 0 0 21 966 12 15 10 0 0 7 978 13 12 14 0 0 0 
0 0 874 83 36 31 0 0 0 131 792 50 31 20 0 0 22 896 47 28 31 0 0 0 
