0 0 0 0 0 6 1018 0 0 0 0 0 0 0 285 739 0 0 0 0 0 0 0 1024 
0 0 0 0 0 0 1024 0 0 0 0 0 0 0 0 1024 0 0 0 0 0 0 0 1024 
0 0 0 0 0 0 1024 0 0 0 0 0 0 0 0 1024 0 0 0 0 0 0 0 1024 
0 0 0 0 0 0 1024 0 0 0 0 0 0 0 0 1024 0 0 0 0 0 0 0 1024 
0 0 0 0 0 0 1024 0 0 0 0 0 0 0 0 1024 0 0 0 0 0 0 0 1024 
0 0 0 0 0 0 1024 0 0 0 0 0 0 0 174 850 0 0 0 0 0 0 0 1024 
0 0 0 0 0 88 936 0 0 0 0 0 0 0 601 423 0 0 0 0 0 0 0 1024 
0 0 0 0 0 256 768 0 0 0 0 0 0 0 984 40 0 0 0 0 0 0 0 1024 
0 0 0 0 0 603 421 0 0 0 0 0 0 0 1024 0 0 0 0 0 0 0 0 1024 
0 0 0 0 0 1024 0 0 0 0 0 0 0 0 1024 0 0 0 0 0 0 0 0 1024 
0 0 0 0 0 0 1024 0 0 0 0 0 0 0 5 1019 0 0 0 0 0 0 0 1024 
0 0 0 0 0 0 1024 0 0 0 0 0 0 0 0 1024 0 0 0 0 0 0 0 1024 
0 0 0 0 0 0 1024 0 0 0 0 0 0 0 0 1024 0 0 0 0 0 0 0 1024 
0 0 0 0 0 0 1024 0 0 0 0 0 0 0 0 1024 0 0 0 0 0 0 0 1024 
0 0 0 0 0 0 1024 0 0 0 0 0 0 0 0 1024 0 0 0 0 0 0 0 1024 
0 0 0 0 0 0 1024 0 0 0 0 0 0 0 0 1024 0 0 0 0 0 0 0 1024 
0 0 0 0 0 0 1024 0 0 0 0 0 0 0 40 984 0 0 0 0 0 0 0 1024 
0 0 0 0 0 0 1024 0 0 0 0 0 0 0 528 496 0 0 0 0 0 0 0 1024 
0 0 0 0 2 4 1018 0 0 0 0 0 0 3 1020 1 0 0 0 0 0 2 3 1019 
0 0 8 26 26 205 757 0 0 0 0 10 37 26 920 29 0 0 0 13 26 21 37 925 
0 27 117 73 50 37 720 0 0 1 87 90 69 37 83 657 0 19 107 65 46 35 35 717 
0 0 32 83 35 27 847 0 0 0 5 63 67 30 51 808 0 2 50 62 25 22 20 843 
0 6 40 65 62 35 815 1 0 0 22 60 59 49 76 758 0 1 26 62 55 40 32 808 
0 7 26 21 19 27 923 1 0 0 19 20 25 19 85 856 0 0 17 19 22 16 27 923 
0 0 0 0 0 2 1022 0 0 0 0 0 0 0 63 961 0 0 0 0 0 0 1 1023 
0 0 0 0 0 0 1024 0 0 0 0 0 0 0 360 664 0 0 0 0 0 0 0 1024 
0 0 0 0 0 0 1024 0 0 0 0 0 0 0 640 384 0 0 0 0 0 0 0 1024 
0 1 23 41 39 31 889 0 0 0 3 42 42 30 847 60 0 0 16 49 26 19 21 893 
0 0 16 26 58 124 800 0 0 0 3 25 37 87 828 44 0 0 11 24 41 75 81 792 
0 21 168 253 245 229 106 0 0 0 88 242 258 240 184 10 0 2 120 208 274 170 168 80 
5 193 477 326 23 0 0 0 0 63 340 468 149 4 0 0 28 482 473 35 6 0 0 0 
4 212 507 282 16 3 0 0 0 71 408 424 116 5 0 0 11 425 547 30 6 5 0 0 
8 492 372 126 23 3 0 0 0 216 509 235 59 5 0 0 3 382 514 112 11 2 0 0 
2 221 506 230 51 11 3 0 0 41 448 405 98 25 5 2 0 118 603 234 42 20 5 2 
0 81 328 309 155 49 102 0 0 16 285 314 225 59 89 36 0 45 367 326 123 31 30 102 
0 41 285 336 111 59 192 0 0 4 175 345 221 67 175 37 0 12 290 329 135 36 28 194 
0 32 268 406 130 46 142 0 0 9 143 375 260 66 142 29 2 166 388 219 39 35 31 144 
0 81 287 339 204 58 55 0 0 8 199 326 310 104 64 13 7 235 324 248 96 37 18 59 
2 129 322 362 136 52 21 0 0 74 183 399 270 61 37 0 26 349 410 131 52 26 14 16 
0 173 248 256 165 90 90 0 0 90 221 242 234 85 149 0 8 402 277 90 45 37 69 93 
50 510 350 104 9 1 0 0 11 283 460 218 50 2 0 0 113 724 168 18 1 0 0 0 
155 795 73 1 0 0 0 0 40 701 272 11 0 0 0 0 15 969 39 1 0 0 0 0 
151 853 18 2 0 0 0 0 10 903 108 3 0 0 0 0 1 962 59 2 0 0 0 0 
31 755 236 2 0 0 0 0 0 447 556 21 0 0 0 0 0 709 312 3 0 0 0 0 
0 361 458 194 9 2 0 0 0 153 581 195 94 1 0 0 0 215 678 122 8 1 0 0 
4 142 453 297 84 34 7 3 0 53 341 364 212 43 9 2 7 282 533 93 82 22 4 1 
56 290 334 217 108 19 0 0 34 217 306 299 136 30 2 0 103 485 291 127 18 0 0 0 
10 254 348 272 114 24 2 0 3 159 302 328 181 49 2 0 96 465 331 109 23 0 0 0 
7 257 455 297 8 0 0 0 0 112 373 461 78 0 0 0 75 694 253 2 0 0 0 0 
0 160 496 256 8 32 42 29 2 69 349 448 58 32 40 24 37 661 210 8 8 40 40 18 
0 915 109 0 0 0 0 0 0 172 852 0 0 0 0 0 0 1022 2 0 0 0 0 0 
0 987 35 2 0 0 0 0 0 674 345 5 0 0 0 0 0 1004 17 3 0 0 0 0 
0 631 310 81 2 0 0 0 0 360 469 171 24 0 0 0 0 601 246 125 48 4 0 0 
0 127 423 317 157 0 0 0 0 1 424 211 386 2 0 0 0 199 247 145 146 287 0 0 
0 11 117 258 638 0 0 0 0 0 66 150 603 205 0 0 0 10 91 94 122 702 5 0 
0 137 303 226 358 0 0 0 0 25 324 148 359 168 0 0 0 275 109 104 98 432 6 0 
0 609 383 32 0 0 0 0 0 285 672 67 0 0 0 0 2 892 125 5 0 0 0 0 
0 497 458 60 9 0 0 0 1 185 743 81 14 0 0 0 13 877 124 10 0 0 0 0 
33 751 155 61 14 8 2 0 18 539 339 80 25 17 6 0 81 780 80 35 23 19 2 4 
58 333 301 154 69 69 34 2 37 312 320 168 88 58 40 0 77 458 173 133 82 53 45 0 
0 126 378 520 0 0 0 0 0 19 295 688 22 0 0 0 0 158 181 184 501 0 0 0 
0 189 248 587 0 0 0 0 0 8 308 625 83 0 0 0 0 202 111 157 553 1 0 0 
0 0 52 972 0 0 0 0 0 0 2 571 451 0 0 0 0 0 0 56 917 51 0 0 
0 0 0 1024 0 0 0 0 0 0 0 366 658 0 0 0 0 0 0 0 661 363 0 0 
0 0 0 1024 0 0 0 0 0 0 0 368 656 0 0 0 0 0 0 0 611 413 0 0 
0 0 4 1020 0 0 0 0 0 0 0 356 668 0 0 0 0 0 0 4 665 355 0 0 
0 199 422 403 0 0 0 0 0 13 333 624 54 0 0 0 0 228 140 228 424 4 0 0 
0 392 452 180 0 0 0 0 0 109 490 423 2 0 0 0 1 452 177 179 215 0 0 0 
0 858 157 9 0 0 0 0 0 499 466 59 0 0 0 0 14 873 85 44 8 0 0 0 
0 970 53 0 0 0 0 0 0 733 282 8 0 0 0 0 48 946 29 0 0 0 0 0 
0 0 416 608 0 0 0 0 0 0 0 1024 0 0 0 0 0 0 0 0 1024 0 0 0 
0 0 64 960 0 0 0 0 0 0 0 1024 0 0 0 0 0 0 0 0 1024 0 0 0 
0 0 64 960 0 0 0 0 0 0 0 1024 0 0 0 0 0 0 0 0 1024 0 0 0 
0 0 0 1024 0 0 0 0 0 0 0 1024 0 0 0 0 0 0 0 0 1024 0 0 0 
0 0 96 928 0 0 0 0 0 0 0 1024 0 0 0 0 0 0 0 0 1024 0 0 0 
0 0 256 768 0 0 0 0 0 0 0 1024 0 0 0 0 0 0 0 0 1024 0 0 0 
0 0 448 576 0 0 0 0 0 0 0 1024 0 0 0 0 0 0 0 0 1024 0 0 0 
0 0 640 384 0 0 0 0 0 0 288 736 0 0 0 0 0 0 96 448 480 0 0 0 
0 64 896 64 0 0 0 0 0 0 512 512 0 0 0 0 0 32 416 480 96 0 0 0 
0 768 256 0 0 0 0 0 0 0 853 170 0 0 0 0 0 768 170 85 0 0 0 0 
