0 0 0 0 122 902 0 0 0 0 0 0 0 43 981 0 0 0 0 0 0 0 0 1024 
0 0 0 0 2 1022 0 0 0 0 0 0 0 0 1024 0 0 0 0 0 0 0 0 1024 
0 0 0 0 0 1024 0 0 0 0 0 0 0 0 1024 0 0 0 0 0 0 0 0 1024 
0 0 0 0 0 1024 0 0 0 0 0 0 0 0 1024 0 0 0 0 0 0 0 0 1024 
0 0 0 0 0 1024 0 0 0 0 0 0 0 0 1024 0 0 0 0 0 0 0 0 1024 
0 0 0 0 0 1024 0 0 0 0 0 0 0 0 1024 0 0 0 0 0 0 0 0 1024 
0 0 0 0 0 1024 0 0 0 0 0 0 0 0 1024 0 0 0 0 0 0 0 0 1024 
0 0 0 0 0 993 31 0 0 0 0 0 0 0 1024 0 0 0 0 0 0 0 0 1024 
0 0 0 0 0 933 91 0 0 0 0 0 0 0 1020 4 0 0 0 0 0 0 0 1024 
0 0 0 0 0 677 347 0 0 0 0 0 0 0 1007 17 0 0 0 0 0 0 0 1024 
0 0 0 0 0 628 396 0 0 0 0 0 0 0 903 121 0 0 0 0 0 0 0 1024 
0 0 0 0 0 550 474 0 0 0 0 0 0 0 808 216 0 0 0 0 0 0 0 1024 
0 0 0 0 0 539 485 0 0 0 0 0 0 0 740 284 0 0 0 0 0 0 0 1024 
0 11 100 46 27 736 104 0 0 0 25 91 43 26 763 76 2 39 39 34 43 20 27 820 
0 68 72 27 46 640 171 0 0 2 80 62 28 55 691 106 11 66 46 25 19 17 50 790 
0 10 16 103 203 515 177 0 0 0 6 38 124 228 511 117 0 2 10 20 87 99 173 633 
0 170 390 246 97 99 22 0 0 12 270 408 150 93 76 15 96 321 167 146 90 69 59 76 
8 409 342 85 77 77 26 0 0 93 526 188 71 77 62 7 230 293 174 92 54 58 56 67 
17 280 378 168 91 78 12 0 0 86 400 269 127 73 65 4 190 254 170 120 70 85 65 70 
19 460 359 87 57 39 3 0 1 111 566 202 61 52 29 2 254 412 150 61 44 45 37 21 
31 604 277 68 26 18 0 0 2 294 542 115 38 23 10 0 270 425 171 56 39 34 22 7 
63 733 212 13 3 0 0 0 0 431 536 49 8 0 0 0 603 318 77 16 6 4 0 0 
4 375 362 134 92 55 2 0 0 51 507 231 112 85 38 0 77 270 227 152 100 81 65 52 
3 324 285 165 126 120 1 0 0 53 381 221 140 109 120 0 43 183 190 160 127 99 75 147 
74 730 168 30 15 7 0 0 0 398 491 91 25 13 6 0 506 308 98 43 34 17 9 9 
55 539 326 62 27 15 0 0 1 268 495 182 50 25 3 0 382 324 153 79 43 19 21 3 
179 659 149 19 13 5 0 0 3 550 392 52 15 10 2 0 487 370 87 48 10 14 5 3 
143 771 101 5 2 2 0 0 1 493 516 8 4 1 1 0 803 196 14 5 1 3 1 1 
41 794 151 25 13 0 0 0 0 419 508 69 22 6 0 0 302 428 174 76 28 11 5 0 
150 435 205 126 90 18 0 0 41 345 298 144 109 76 11 0 125 209 245 161 98 91 73 22 
287 649 64 17 6 1 0 0 57 694 236 23 10 4 0 0 478 420 73 27 16 9 1 0 
300 584 110 21 7 2 0 0 55 672 229 53 7 7 1 0 536 278 73 76 43 11 6 1 
290 544 130 40 18 2 0 0 14 628 278 50 38 16 0 0 290 382 194 74 36 38 10 0 
0 0 0 0 0 1024 0 0 0 0 0 0 0 0 1024 0 0 0 0 0 0 0 0 1024 
0 0 0 0 0 1024 0 0 0 0 0 0 0 0 1024 0 0 0 0 0 0 0 0 1024 
0 0 0 0 0 1024 0 0 0 0 0 0 0 0 1024 0 0 0 0 0 0 0 0 1024 
0 0 0 0 0 1024 0 0 0 0 0 0 0 0 1024 0 0 0 0 0 0 0 0 1024 
0 0 0 0 0 847 177 0 0 0 0 0 0 0 1015 9 0 0 0 0 0 0 0 1024 
0 0 0 0 0 620 404 0 0 0 0 0 0 0 1005 19 0 0 0 0 0 0 0 1024 
0 0 0 0 0 431 593 0 0 0 0 0 0 0 674 350 0 0 0 0 0 0 0 1024 
0 0 0 0 0 30 994 0 0 0 0 0 0 0 440 584 0 0 0 0 0 0 0 1024 
0 0 0 0 0 38 986 0 0 0 0 0 0 0 186 838 0 0 0 0 0 0 0 1024 
0 0 0 0 0 0 1024 0 0 0 0 0 0 0 24 1000 0 0 0 0 0 0 0 1024 
0 0 0 0 0 0 1024 0 0 0 0 0 0 0 2 1022 0 0 0 0 0 0 0 1024 
0 0 0 0 0 0 1024 0 0 0 0 0 0 0 0 1024 0 0 0 0 0 0 0 1024 
0 10 12 16 8 52 926 0 0 0 11 11 14 9 73 906 0 0 12 12 9 7 16 968 
1 167 349 152 105 101 149 0 0 14 237 314 123 96 106 134 87 249 149 78 95 79 69 218 
12 378 412 134 58 24 6 0 0 117 477 266 107 40 15 2 130 328 300 124 79 36 19 8 
40 428 317 60 44 79 55 1 1 85 543 171 48 47 79 50 241 366 131 66 39 33 34 114 
31 194 383 287 88 37 4 0 0 75 285 428 149 64 21 2 305 327 145 107 75 33 22 10 
53 555 334 49 18 14 1 0 0 193 531 231 38 14 14 3 663 238 56 21 16 11 9 10 
47 616 262 55 21 19 4 0 0 199 617 132 37 19 16 4 607 260 60 32 20 19 11 15 
337 567 92 26 2 0 0 0 10 694 260 47 13 0 0 0 846 143 19 7 5 4 0 0 
97 484 223 74 62 57 27 0 3 244 474 109 64 65 47 18 282 293 125 90 64 52 60 58 
8 792 167 34 16 4 3 0 0 242 693 52 22 10 4 1 481 383 82 31 21 11 11 4 
201 667 104 26 20 6 0 0 3 555 384 39 28 10 5 0 530 324 83 36 16 23 6 6 
105 596 217 63 30 11 2 0 11 327 478 136 50 13 8 1 298 359 189 79 57 25 10 7 
33 659 222 50 36 21 3 0 0 176 612 145 40 32 19 0 521 233 107 49 40 31 24 19 
37 831 141 6 6 1 2 0 0 343 628 43 5 2 2 1 720 265 21 7 5 3 2 1 
42 715 231 25 8 3 0 0 2 270 665 64 15 6 2 0 470 413 89 24 17 7 2 2 
120 619 181 56 28 18 2 0 6 403 476 68 36 27 8 0 402 286 163 79 31 27 16 20 
87 683 191 50 12 1 0 0 2 305 575 108 28 6 0 0 511 288 119 49 41 15 1 0 
37 356 204 105 112 209 1 0 0 153 349 119 98 96 208 1 122 191 132 104 78 84 82 231 
92 268 209 166 139 145 5 0 5 209 216 187 149 120 136 2 9 59 180 144 161 151 126 194 
38 290 239 157 188 112 0 0 4 155 230 197 157 164 117 0 15 56 120 180 168 143 137 205 
192 506 186 88 46 6 0 0 8 496 266 136 76 36 6 0 86 302 206 174 112 86 40 18 
0 0 0 0 0 960 64 0 0 0 0 0 0 0 1024 0 0 0 0 0 0 0 0 1024 
0 0 0 0 0 841 183 0 0 0 0 0 0 0 1024 0 0 0 0 0 0 0 0 1024 
0 0 0 0 0 527 497 0 0 0 0 0 0 0 961 63 0 0 0 0 0 0 0 1024 
0 0 0 0 0 114 910 0 0 0 0 0 0 0 553 471 0 0 0 0 0 0 0 1024 
0 0 0 0 0 22 1002 0 0 0 0 0 0 0 267 757 0 0 0 0 0 0 0 1024 
0 0 0 0 0 0 1024 0 0 0 0 0 0 0 36 988 0 0 0 0 0 0 0 1024 
0 0 0 0 0 0 1024 0 0 0 0 0 0 0 0 1024 0 0 0 0 0 0 0 1024 
0 0 0 0 0 0 1024 0 0 0 0 0 0 0 0 1024 0 0 0 0 0 0 0 1024 
0 0 0 0 0 0 1024 0 0 0 0 0 0 0 0 1024 0 0 0 0 0 0 0 1024 
0 0 0 0 0 0 1024 0 0 0 0 0 0 0 0 1024 0 0 0 0 0 0 0 1024 
0 0 0 0 0 0 1024 0 0 0 0 0 0 0 0 1024 0 0 0 0 0 0 0 1024 
0 0 0 0 0 0 1024 0 0 0 0 0 0 0 0 1024 0 0 0 0 0 0 0 1024 
0 12 31 12 12 13 943 1 0 0 14 30 11 13 19 937 0 7 19 16 10 12 8 952 
2 168 211 134 91 96 321 1 0 25 224 180 109 91 105 290 4 109 163 121 86 85 79 377 
15 375 206 124 90 81 130 3 0 118 378 141 102 96 77 112 54 280 161 96 92 78 88 175 
8 459 477 48 16 8 8 0 0 69 594 311 26 11 8 5 555 344 69 21 12 6 10 7 
50 615 307 49 3 0 0 0 0 174 669 171 9 1 0 0 741 242 34 7 0 0 0 0 
169 704 131 10 7 2 1 0 16 470 471 49 11 4 2 1 781 177 43 12 6 4 1 0 
41 685 250 46 0 2 0 0 1 371 446 185 19 1 1 0 735 271 11 4 1 2 0 0 
210 477 268 39 15 10 5 0 21 407 384 171 21 12 7 1 696 231 38 18 13 9 12 7 
171 479 300 58 10 5 1 0 5 331 474 172 31 10 1 0 466 368 114 50 18 6 2 0 
159 653 142 45 17 7 0 1 17 591 295 72 33 9 6 1 366 411 123 62 34 16 10 2 
316 572 79 23 12 15 7 0 36 645 260 31 22 17 12 1 503 337 94 38 13 17 9 13 
523 419 61 17 4 0 0 0 52 801 132 30 9 0 0 0 610 287 81 31 12 1 2 0 
354 633 20 7 4 5 1 0 19 817 166 8 5 4 4 1 809 167 26 6 4 5 3 4 
158 752 97 13 4 0 0 0 6 599 387 23 7 2 0 0 743 212 42 14 10 1 2 0 
163 600 141 61 39 20 0 0 1 517 314 91 56 34 11 0 433 267 118 60 62 40 31 13 
469 402 103 35 9 6 0 0 41 676 229 50 17 9 2 0 500 294 129 50 24 19 4 4 
437 517 70 0 0 0 0 0 25 598 392 9 0 0 0 0 939 79 6 0 0 0 0 0 
197 596 105 53 48 25 0 0 8 498 338 69 45 41 24 1 400 335 94 48 42 36 40 29 
272 586 104 38 17 6 1 0 21 663 244 53 26 13 4 0 317 407 149 78 44 18 9 2 
134 582 159 84 55 10 0 0 13 484 324 84 65 45 9 0 184 314 206 140 81 36 37 26 
244 504 164 66 34 12 0 0 8 624 222 92 42 34 2 0 100 454 238 120 48 22 22 20 
0 0 0 0 0 201 823 0 0 0 0 0 0 0 702 322 0 0 0 0 0 0 0 1024 
0 0 0 0 0 19 1005 0 0 0 0 0 0 0 297 727 0 0 0 0 0 0 0 1024 
0 0 0 0 0 0 1024 0 0 0 0 0 0 0 33 991 0 0 0 0 0 0 0 1024 
0 0 0 0 0 0 1024 0 0 0 0 0 0 0 0 1024 0 0 0 0 0 0 0 1024 
0 0 0 0 0 0 1024 0 0 0 0 0 0 0 0 1024 0 0 0 0 0 0 0 1024 
0 0 0 0 0 0 1024 0 0 0 0 0 0 0 0 1024 0 0 0 0 0 0 0 1024 
0 0 0 0 0 0 1024 0 0 0 0 0 0 0 0 1024 0 0 0 0 0 0 0 1024 
0 0 0 0 0 0 1024 0 0 0 0 0 0 0 0 1024 0 0 0 0 0 0 0 1024 
0 0 0 0 0 0 1024 0 0 0 0 0 0 0 0 1024 0 0 0 0 0 0 0 1024 
0 0 0 0 0 0 1023 1 0 0 0 0 0 0 0 1024 0 0 0 0 0 0 0 1024 
0 0 0 0 0 0 526 498 0 0 0 0 0 0 0 1024 0 0 0 0 0 0 0 1024 
0 0 0 0 0 0 169 855 0 0 0 0 0 0 0 1024 0 0 0 0 0 0 0 1024 
0 0 0 0 0 0 326 698 0 0 0 0 0 0 0 1024 0 0 0 0 0 0 0 1024 
0 8 25 13 7 20 491 460 0 0 12 25 11 11 19 946 0 0 7 22 17 6 17 955 
1 120 282 106 96 94 306 19 0 14 167 246 103 94 106 294 19 180 130 90 82 79 80 364 
9 326 345 146 77 58 60 3 0 77 402 258 118 70 50 49 69 295 217 131 104 75 49 84 
23 679 255 47 16 4 0 0 0 244 625 120 21 12 2 0 532 373 74 21 12 10 2 0 
184 608 109 54 39 24 6 0 18 576 257 69 49 34 18 3 540 228 94 47 45 30 28 12 
167 656 117 40 26 14 4 0 7 467 414 70 29 28 9 0 602 193 98 55 37 20 13 6 
374 574 55 15 4 2 0 0 8 761 209 35 9 1 1 0 803 178 23 9 9 1 1 0 
280 553 144 31 8 6 2 0 2 574 337 81 17 7 5 1 794 153 27 17 12 9 8 4 
179 714 117 12 2 0 0 0 3 533 431 48 7 2 0 0 864 139 16 3 2 0 0 0 
136 487 238 74 37 40 12 0 9 353 384 150 53 29 37 9 256 378 144 79 61 40 25 41 
480 405 73 29 26 6 4 1 90 647 192 36 37 14 4 4 556 215 115 49 31 31 18 9 
245 649 129 1 0 0 0 0 15 547 439 23 0 0 0 0 864 150 8 2 0 0 0 0 
211 633 138 22 10 8 2 0 15 559 386 36 14 10 2 2 523 389 56 25 9 13 7 2 
260 478 219 29 22 9 6 1 19 490 357 104 22 20 9 3 436 334 125 55 31 14 17 12 
156 562 256 33 10 4 3 0 26 338 490 134 23 7 6 0 635 254 59 28 28 12 4 4 
116 663 189 32 19 5 0 0 3 286 579 116 17 21 2 0 655 237 53 44 13 18 4 0 
88 664 216 29 11 12 4 0 2 344 546 91 20 11 9 1 549 308 80 43 16 15 5 8 
460 473 46 27 11 6 1 0 34 834 95 28 21 6 6 0 604 274 76 28 20 10 8 4 
305 625 84 7 3 0 0 0 6 695 289 28 5 1 0 0 665 236 102 16 4 1 0 0 
124 680 162 34 22 2 0 0 0 614 298 68 20 24 0 0 466 334 108 60 24 20 12 0 
0 0 0 0 4 89 931 0 0 0 0 0 0 25 168 831 0 0 0 0 0 0 34 990 
0 0 0 0 0 0 1024 0 0 0 0 0 0 0 0 1024 0 0 0 0 0 0 0 1024 
0 0 0 0 0 0 1024 0 0 0 0 0 0 0 0 1024 0 0 0 0 0 0 0 1024 
0 0 0 0 0 0 1024 0 0 0 0 0 0 0 0 1024 0 0 0 0 0 0 0 1024 
0 0 0 0 0 0 1024 0 0 0 0 0 0 0 0 1024 0 0 0 0 0 0 0 1024 
0 0 0 0 0 0 1024 0 0 0 0 0 0 0 0 1024 0 0 0 0 0 0 0 1024 
0 0 0 0 0 0 1024 0 0 0 0 0 0 0 0 1024 0 0 0 0 0 0 0 1024 
0 0 0 0 0 0 1024 0 0 0 0 0 0 0 0 1024 0 0 0 0 0 0 0 1024 
0 0 0 0 0 0 917 107 0 0 0 0 0 0 0 1024 0 0 0 0 0 0 0 1024 
0 0 0 0 0 0 788 236 0 0 0 0 0 0 0 1024 0 0 0 0 0 0 0 1024 
0 0 0 0 0 0 406 618 0 0 0 0 0 0 0 1024 0 0 0 0 0 0 0 1024 
0 0 0 0 0 0 249 775 0 0 0 0 0 0 0 1024 0 0 0 0 0 0 0 1024 
0 0 0 0 0 0 7 1017 0 0 0 0 0 0 0 1024 0 0 0 0 0 0 0 1024 
0 0 1 7 8 8 40 960 0 0 0 2 7 8 11 996 0 0 0 0 5 8 7 1004 
0 34 58 74 64 82 187 525 0 6 42 65 75 64 95 677 0 4 49 51 61 59 84 716 
3 156 234 117 81 77 176 180 0 35 206 198 100 68 96 321 29 124 158 113 82 79 68 371 
60 503 204 68 69 41 55 24 4 210 477 114 63 50 47 59 218 354 160 60 53 52 45 82 
35 767 184 30 4 3 1 0 2 250 683 70 13 3 3 0 585 349 55 28 3 1 3 0 
89 750 134 26 14 8 3 0 0 502 438 49 15 13 7 0 591 285 90 26 9 13 9 1 
184 605 99 38 29 24 33 12 9 595 250 55 29 28 19 39 521 282 73 33 19 23 26 47 
78 516 161 82 63 48 57 19 2 429 264 100 74 49 48 58 131 333 204 90 58 67 45 96 
502 386 70 33 9 16 8 0 22 746 173 38 16 11 14 4 609 239 95 29 16 13 9 14 
116 356 147 130 78 86 99 12 10 267 245 132 122 77 78 93 74 181 202 121 113 106 73 154 
134 435 150 104 74 68 54 5 17 322 302 114 92 67 70 40 174 238 176 115 97 66 57 101 
303 363 114 70 64 43 65 2 48 486 195 81 60 67 46 41 306 201 149 110 58 59 54 87 
408 507 57 31 13 6 2 0 51 781 112 43 25 6 6 0 633 229 70 42 29 11 6 4 
111 588 294 16 11 1 3 0 8 246 644 106 13 4 1 2 569 368 56 14 11 3 1 2 
148 773 88 12 2 1 0 0 2 416 562 39 4 1 0 0 820 149 38 13 3 1 0 0 
158 677 120 34 15 13 7 0 2 426 475 69 26 9 17 0 481 355 93 37 15 17 10 16 
190 477 151 109 58 36 3 0 17 407 318 116 89 51 26 0 148 294 215 125 103 64 50 25 
20 242 226 139 170 182 45 0 1 112 251 172 142 168 154 24 4 69 123 180 153 138 180 177 
303 382 132 78 84 38 7 0 48 510 201 91 74 69 28 3 168 305 208 113 78 64 62 26 
44 586 202 98 74 20 0 0 4 216 534 120 74 64 12 0 162 280 260 120 68 76 52 6 
0 0 0 0 0 56 968 0 0 0 0 0 0 13 81 930 0 0 0 0 0 0 25 999 
0 0 0 0 0 29 993 2 0 0 0 0 0 17 27 980 0 0 0 0 0 0 24 1000 
0 0 0 0 0 0 1024 0 0 0 0 0 0 0 0 1024 0 0 0 0 0 0 0 1024 
0 0 0 0 0 0 1024 0 0 0 0 0 0 0 0 1024 0 0 0 0 0 0 0 1024 
0 0 0 0 0 0 999 25 0 0 0 0 0 0 0 1024 0 0 0 0 0 0 0 1024 
0 0 0 0 0 0 976 48 0 0 0 0 0 0 0 1024 0 0 0 0 0 0 0 1024 
0 0 0 0 0 0 706 318 0 0 0 0 0 0 0 1024 0 0 0 0 0 0 0 1024 
0 0 0 0 0 0 365 659 0 0 0 0 0 0 0 1024 0 0 0 0 0 0 0 1024 
0 0 0 0 0 0 192 832 0 0 0 0 0 0 0 1024 0 0 0 0 0 0 0 1024 
0 0 0 0 0 0 95 929 0 0 0 0 0 0 0 1024 0 0 0 0 0 0 0 1024 
0 0 0 0 0 129 610 285 0 0 0 0 0 27 470 527 0 0 0 0 0 0 39 985 
0 0 0 0 0 18 314 692 0 0 0 0 0 0 114 910 0 0 0 0 0 0 8 1016 
0 0 0 0 0 0 0 1024 0 0 0 0 0 0 0 1024 0 0 0 0 0 0 0 1024 
0 0 0 0 0 0 0 1024 0 0 0 0 0 0 0 1024 0 0 0 0 0 0 0 1024 
0 0 0 0 0 0 4 1020 0 0 0 0 0 0 0 1024 0 0 0 0 0 0 0 1024 
1 20 53 49 72 111 225 493 0 4 29 51 54 85 114 687 0 12 24 38 49 56 107 738 
2 267 337 184 98 64 50 22 0 97 391 257 121 62 41 55 70 295 268 144 94 51 40 62 
33 507 227 80 63 48 44 22 1 245 463 100 72 63 41 39 167 349 205 83 67 63 38 52 
144 529 199 54 44 31 17 6 11 354 411 122 57 31 24 14 490 252 96 52 39 44 27 24 
216 670 126 6 4 0 2 0 12 453 482 68 5 2 0 2 860 139 13 5 4 1 2 0 
211 613 114 36 24 13 11 2 6 465 430 55 32 13 19 4 681 186 61 27 23 21 13 12 
79 402 200 70 51 49 85 88 3 205 372 137 49 56 49 153 300 224 119 65 51 44 46 175 
30 186 149 122 108 110 188 131 0 89 176 137 110 114 121 277 31 60 119 122 120 106 100 366 
86 562 175 89 44 42 20 6 0 327 409 125 70 41 33 19 163 386 179 109 81 38 38 30 
86 594 197 39 35 24 28 21 3 346 433 120 29 29 24 40 432 314 110 41 24 28 22 53 
178 666 137 20 16 7 0 0 7 457 470 62 16 10 2 0 725 190 44 27 15 13 10 0 
313 580 117 9 4 1 0 0 48 632 293 42 5 3 1 0 628 325 45 17 6 2 1 0 
339 538 104 30 10 2 1 0 16 582 343 57 20 4 2 0 625 261 90 25 19 3 1 0 
424 455 82 33 18 11 1 0 12 670 246 42 31 17 5 1 533 296 95 41 25 19 14 1 
372 546 65 26 12 3 0 0 50 771 141 38 15 6 3 0 368 480 114 28 23 8 3 0 
252 386 154 95 65 57 15 0 34 433 242 106 86 63 48 12 94 351 193 130 79 68 62 47 
66 281 216 187 142 115 17 0 5 222 229 188 161 125 92 2 8 134 224 168 155 146 107 82 
60 528 216 114 72 34 0 0 2 302 388 170 76 72 14 0 50 232 278 212 118 88 36 10 
0 0 0 0 6 25 898 95 0 0 0 0 2 12 80 930 0 0 0 0 0 8 31 985 
0 0 0 0 54 60 632 278 0 0 0 0 23 70 63 868 0 0 0 0 1 57 58 908 
0 0 0 0 0 0 485 539 0 0 0 0 0 0 0 1024 0 0 0 0 0 0 0 1024 
0 0 0 0 0 0 429 595 0 0 0 0 0 0 0 1024 0 0 0 0 0 0 0 1024 
0 0 0 0 0 0 341 683 0 0 0 0 0 0 0 1024 0 0 0 0 0 0 0 1024 
0 0 0 0 3 2 79 940 0 0 0 0 1 2 5 1016 0 0 0 0 0 3 2 1019 
0 0 0 0 0 0 46 978 0 0 0 0 0 0 0 1024 0 0 0 0 0 0 0 1024 
0 0 0 0 0 0 0 1024 0 0 0 0 0 0 0 1024 0 0 0 0 0 0 0 1024 
0 0 0 0 0 0 0 1024 0 0 0 0 0 0 0 1024 0 0 0 0 0 0 0 1024 
0 0 0 0 1 28 619 376 0 0 0 0 0 13 152 859 0 0 0 0 0 1 19 1004 
0 0 0 7 31 307 614 65 0 0 0 7 21 175 538 283 0 0 0 0 13 32 246 733 
0 0 0 0 0 49 477 498 0 0 0 0 0 12 216 796 0 0 0 0 0 0 27 997 
0 0 0 0 0 4 116 904 0 0 0 0 0 0 50 974 0 0 0 0 0 0 10 1014 
0 0 0 0 0 0 6 1018 0 0 0 0 0 0 2 1022 0 0 0 0 0 0 0 1024 
0 5 76 85 64 75 93 626 0 1 8 90 101 59 81 684 2 28 63 61 48 57 75 690 
0 98 335 185 107 97 97 105 0 11 167 333 150 108 94 161 36 194 199 151 107 93 71 173 
2 133 197 188 126 118 127 133 0 78 230 174 129 121 106 186 7 119 166 168 119 114 108 223 
54 295 191 126 106 104 99 49 0 167 286 165 109 120 94 83 246 137 103 105 112 96 97 128 
78 748 139 24 12 11 9 3 2 523 403 55 11 17 7 6 522 353 82 28 10 15 6 8 
594 392 27 9 1 1 0 0 41 868 94 19 0 1 1 0 887 110 18 7 0 1 1 0 
82 479 202 102 49 49 53 8 13 381 290 140 66 47 38 49 260 307 179 103 48 34 34 59 
39 228 148 121 113 115 161 99 0 146 191 131 109 108 124 215 34 99 182 130 95 112 110 262 
6 29 60 56 73 85 138 577 0 15 43 48 67 77 87 687 0 1 22 56 53 69 86 737 
24 158 140 158 139 130 166 109 0 62 158 149 151 143 123 238 1 41 125 134 150 137 140 296 
209 573 200 18 20 2 2 0 10 592 302 88 19 11 1 1 554 319 80 37 14 11 5 4 
317 604 80 10 8 5 0 0 41 665 263 36 12 4 3 0 777 179 36 14 7 7 4 0 
329 494 95 39 31 25 11 0 12 679 188 59 29 30 21 6 423 330 109 56 41 23 25 17 
188 679 73 40 24 8 9 3 11 658 241 51 32 15 12 4 332 439 124 55 28 24 10 12 
180 544 169 65 42 21 3 0 7 432 377 108 52 33 15 0 250 354 214 101 45 37 16 7 
211 380 156 82 87 77 31 0 28 409 231 108 77 93 55 23 82 275 233 118 87 83 79 67 
351 394 130 65 35 30 18 1 31 611 159 107 47 31 30 8 319 298 143 97 72 37 23 35 
142 603 169 52 33 22 3 0 8 589 265 86 39 26 10 1 184 443 209 86 41 29 25 7 
54 434 200 128 98 94 16 0 0 256 326 150 114 90 82 6 20 256 218 204 98 98 82 48 
0 0 0 0 8 33 354 629 0 0 0 0 5 22 79 918 0 0 0 0 0 14 38 972 
0 0 0 16 107 108 406 387 0 0 0 15 95 97 159 658 0 0 0 3 57 98 124 742 
0 0 0 0 1 7 53 963 0 0 0 0 1 3 32 988 0 0 0 0 1 1 16 1006 
0 0 0 0 0 1 8 1015 0 0 0 0 0 0 4 1020 0 0 0 0 0 0 1 1023 
0 0 0 0 0 39 198 787 0 0 0 0 0 18 70 936 0 0 0 0 0 0 28 996 
0 0 0 0 63 115 258 588 0 0 0 0 54 95 164 711 0 0 0 0 25 88 104 807 
0 2 24 39 45 47 124 743 0 0 19 43 40 48 109 765 0 0 4 38 46 46 85 805 
0 0 25 25 4 7 6 957 0 0 15 32 6 4 7 960 0 0 5 34 12 4 7 962 
0 0 0 0 0 0 2 1022 0 0 0 0 0 0 0 1024 0 0 0 0 0 0 0 1024 
0 0 0 0 4 27 478 515 0 0 0 0 1 9 175 839 0 0 0 0 0 1 21 1002 
0 0 0 40 97 208 491 188 0 0 0 43 87 153 397 344 0 0 0 9 64 97 225 629 
0 0 0 6 36 219 625 138 0 0 0 3 22 151 546 302 0 0 0 0 9 55 290 670 
0 0 0 0 8 77 423 516 0 0 0 0 4 50 354 616 0 0 0 0 1 14 158 851 
0 0 0 0 0 3 84 937 0 0 0 0 0 3 53 968 0 0 0 0 0 0 10 1014 
0 26 72 45 31 54 52 744 0 2 38 73 42 39 58 772 1 30 58 40 33 29 61 772 
2 313 266 218 146 22 15 42 0 65 400 263 198 34 14 50 82 315 189 131 209 35 14 49 
10 126 127 370 289 29 26 47 0 91 169 343 322 15 26 58 22 141 155 243 358 18 23 64 
3 415 411 106 43 21 19 6 0 120 577 207 59 26 23 12 306 408 143 75 35 18 24 15 
57 682 215 41 16 6 6 1 2 371 526 74 32 8 7 4 697 233 46 19 11 8 6 4 
153 657 176 37 1 0 0 0 0 574 314 123 13 0 0 0 835 139 38 12 0 0 0 0 
35 489 261 96 45 17 23 58 0 277 371 194 67 31 21 63 407 291 129 70 36 16 19 56 
1 56 213 353 120 69 101 111 0 12 181 358 154 67 81 171 3 89 144 280 188 56 66 198 
0 1 0 71 22 13 43 874 0 0 1 55 38 6 21 903 0 0 0 26 64 8 11 915 
33 123 81 81 97 108 183 318 2 102 86 81 92 96 129 436 18 63 68 77 71 97 119 511 
232 614 95 40 19 12 11 1 28 596 291 57 24 12 12 4 418 385 107 53 25 14 12 10 
108 641 137 63 37 27 9 2 8 533 295 98 38 30 17 5 245 430 152 84 51 23 24 15 
78 717 141 34 19 20 15 0 1 372 512 70 25 22 16 6 426 388 91 53 18 18 15 15 
107 596 92 65 53 42 63 6 0 516 227 74 61 51 48 47 353 301 80 67 59 42 43 79 
51 323 143 128 113 103 143 20 3 200 240 120 130 107 113 111 44 141 176 122 117 116 111 197 
333 464 117 60 29 15 6 0 56 553 264 80 37 23 10 1 324 352 154 94 41 37 13 9 
421 366 73 57 52 36 19 0 55 639 134 51 58 44 29 14 377 297 118 66 48 51 38 29 
66 331 142 121 125 110 122 7 4 282 187 113 119 123 109 87 34 183 174 109 116 112 131 165 
44 570 174 90 40 74 32 0 2 368 356 90 70 64 60 14 134 328 198 120 76 58 64 46 
0 28 94 43 45 60 190 564 0 1 100 49 40 58 75 701 0 7 99 38 29 56 57 738 
0 48 241 209 155 95 106 170 0 45 260 228 127 92 84 188 0 72 270 206 105 82 76 213 
0 1 16 49 52 80 192 634 0 3 30 39 48 73 123 708 0 5 30 34 43 60 84 768 
0 0 0 9 34 90 365 526 0 0 0 11 42 57 252 662 0 0 0 10 39 44 112 819 
0 0 2 38 128 321 429 106 0 0 0 39 107 251 415 212 0 0 13 27 79 164 302 439 
0 0 0 0 51 125 140 708 0 0 0 0 47 124 163 690 0 0 0 0 14 115 139 756 
0 0 0 0 0 0 6 1018 0 0 0 0 0 0 7 1017 0 0 0 0 0 0 3 1021 
0 2 88 103 15 13 69 734 0 0 42 147 15 14 68 738 0 0 10 134 54 17 44 765 
0 0 66 116 15 14 22 791 0 0 27 153 12 15 21 796 0 0 0 141 49 12 21 801 
0 0 0 0 8 40 265 711 0 0 0 0 4 17 145 858 0 0 0 0 1 12 53 958 
0 3 20 113 122 173 380 213 0 3 21 111 116 144 308 321 0 3 20 78 102 109 208 504 
0 0 1 19 96 271 490 147 0 0 1 19 79 239 494 192 0 0 1 1 40 153 390 439 
0 0 0 2 28 126 432 436 0 0 0 2 22 106 365 529 0 0 0 0 12 56 229 727 
0 0 0 0 1 23 254 746 0 0 0 0 1 21 173 829 0 0 0 0 1 3 64 956 
0 0 0 0 16 57 16 935 0 0 0 0 8 50 25 941 0 0 0 0 4 27 49 944 
0 0 4 272 622 118 7 1 0 0 3 181 705 126 8 1 0 3 4 34 807 149 26 1 
0 120 397 323 183 1 0 0 0 1 239 475 301 8 0 0 213 297 125 191 191 7 0 0 
10 399 518 90 7 0 0 0 0 74 544 371 32 3 0 0 545 405 60 14 0 0 0 0 
3 380 540 87 13 1 0 0 0 66 528 371 49 10 0 0 715 250 49 10 0 0 0 0 
61 525 356 75 7 0 0 0 0 183 530 255 54 2 0 0 899 122 3 0 0 0 0 0 
18 350 342 66 78 36 43 91 0 90 502 157 92 46 33 104 283 333 126 48 68 33 37 96 
0 55 334 476 117 22 9 11 0 10 297 501 165 29 11 11 30 136 214 355 247 22 9 11 
0 0 77 720 130 50 12 35 0 0 71 651 197 54 9 42 0 0 73 272 570 56 8 45 
242 276 183 142 60 35 56 30 58 379 214 157 81 31 36 68 200 238 205 102 125 37 35 82 
99 354 161 117 90 60 64 79 14 350 216 119 96 60 57 112 67 265 227 97 114 63 60 131 
32 514 236 77 49 49 38 29 3 302 402 120 59 44 45 49 160 407 172 91 48 42 45 59 
72 320 216 149 80 73 81 33 0 210 297 171 111 80 69 86 119 233 168 152 96 80 70 106 
89 475 81 62 76 88 124 29 1 465 140 68 61 82 92 115 268 238 66 64 61 73 88 166 
14 89 101 101 148 230 275 66 1 57 83 96 120 167 259 241 0 4 72 89 99 130 206 424 
48 187 149 149 155 157 167 12 5 143 180 135 131 143 188 99 3 74 138 148 132 136 149 244 
279 350 165 85 51 50 41 3 50 483 212 98 66 46 50 19 167 282 212 135 81 44 52 51 
8 90 102 111 96 140 416 61 1 49 90 98 110 107 206 363 0 24 74 87 102 92 130 515 
2 12 28 74 118 148 596 46 0 2 22 54 98 104 268 476 0 0 8 22 64 114 144 672 
0 56 146 112 104 93 322 191 0 18 152 96 113 108 142 395 0 31 117 81 108 90 108 489 
0 44 314 285 168 113 60 40 0 23 324 281 171 110 60 55 0 23 314 278 168 97 67 77 
0 2 114 295 219 91 159 144 0 4 126 379 115 90 118 192 0 8 218 289 99 71 98 241 
0 0 27 110 102 110 294 381 0 0 37 87 102 89 205 504 0 1 46 71 90 73 136 607 
0 0 81 188 138 506 69 42 0 0 0 209 127 230 407 51 0 15 132 49 97 142 518 71 
0 0 0 66 16 360 481 101 0 0 0 64 18 48 770 124 0 0 0 44 34 27 706 213 
0 0 0 0 0 369 613 42 0 0 0 0 0 0 968 56 0 0 0 0 0 0 720 304 
0 0 0 2 106 284 526 106 0 0 0 1 105 9 785 124 0 0 0 0 101 13 557 353 
0 23 95 99 40 315 234 218 0 11 81 119 36 55 500 222 0 9 57 114 58 47 437 302 
0 38 241 214 68 20 31 412 0 37 231 205 87 18 19 427 0 45 190 137 171 32 15 434 
0 8 50 246 234 81 109 296 0 11 49 198 279 77 68 342 0 4 59 133 333 68 47 380 
0 1 0 201 321 112 129 260 0 1 0 187 328 116 99 293 0 0 4 145 332 143 54 346 
0 0 5 110 352 117 94 346 0 0 2 114 343 117 91 357 0 0 4 80 336 120 94 390 
0 0 0 87 354 51 90 442 0 0 0 67 364 58 84 451 0 0 0 6 396 85 85 452 
0 0 15 110 202 118 236 343 0 0 8 104 208 117 213 374 0 0 9 76 214 121 187 417 
4 181 262 229 79 78 93 98 2 83 339 233 93 66 98 110 2 154 289 210 86 65 81 137 
43 361 449 167 4 0 0 0 9 161 461 345 48 0 0 0 419 355 189 56 5 0 0 0 
64 539 216 132 47 17 7 2 1 393 365 179 45 31 5 5 327 334 205 96 43 12 5 2 
17 617 296 68 26 0 0 0 0 258 641 91 32 2 0 0 240 290 408 62 23 1 0 0 
21 351 418 190 9 10 17 8 4 266 505 196 17 8 14 14 249 316 326 85 12 8 11 17 
3 669 234 62 14 22 10 10 0 334 548 69 28 19 13 13 173 422 311 58 16 19 12 13 
0 380 487 157 0 0 0 0 0 301 440 283 0 0 0 0 0 349 511 163 1 0 0 0 
1 480 334 151 16 23 10 9 0 308 421 218 29 24 13 11 0 335 432 182 27 23 14 11 
2 326 328 288 80 0 0 0 0 235 335 300 144 10 0 0 1 254 292 326 133 18 0 0 
1 171 310 70 62 73 82 255 1 117 318 89 74 68 81 276 3 161 285 64 74 55 93 289 
0 96 365 103 35 62 75 288 0 31 370 149 32 61 52 329 1 148 261 140 29 41 59 345 
3 86 391 78 81 92 113 180 0 17 313 186 80 96 106 226 5 253 168 97 64 84 91 262 
0 460 234 43 40 50 85 112 0 313 313 91 44 44 60 159 0 441 217 47 36 38 56 189 
2 95 190 74 64 83 159 357 0 7 199 115 67 79 91 466 14 152 72 68 65 52 85 516 
66 391 217 117 79 62 80 12 6 158 433 145 90 61 73 58 161 361 97 78 83 75 63 106 
460 366 87 52 21 24 13 1 74 672 139 60 35 23 16 5 507 215 121 78 44 24 18 17 
170 329 281 103 55 58 28 0 11 341 368 130 64 53 48 9 328 311 109 82 57 45 54 38 
2 400 454 78 38 36 16 0 0 44 744 116 46 36 30 8 236 536 98 42 46 20 32 14 
0 200 211 110 103 89 153 158 0 141 248 128 97 94 111 205 9 249 156 84 88 90 87 261 
0 4 114 216 215 193 137 145 0 6 140 187 202 184 116 189 0 15 127 189 168 163 138 224 
0 3 461 371 180 9 0 0 0 15 560 396 51 2 0 0 0 284 503 211 24 2 0 0 
0 10 263 320 122 148 97 64 0 33 333 263 90 99 143 63 1 96 406 140 66 72 143 100 
0 0 57 215 54 579 110 9 0 0 2 235 65 99 613 10 0 10 141 124 46 47 645 11 
0 0 0 262 93 286 299 84 0 0 0 288 67 96 485 88 0 0 0 223 107 71 444 179 
0 0 0 0 0 256 745 23 0 0 0 0 0 0 1000 24 0 0 0 0 0 0 747 277 
0 1 1 43 302 212 345 120 0 0 1 81 245 91 469 137 0 0 1 28 294 72 395 234 
0 24 152 90 33 243 420 62 0 3 63 179 31 68 595 85 0 0 42 163 70 52 481 216 
0 335 369 105 24 19 15 157 0 274 362 173 28 17 12 158 0 144 402 246 34 17 19 162 
0 5 40 102 88 80 110 599 0 4 34 106 91 78 106 605 0 1 58 96 77 71 83 638 
0 12 30 51 61 75 129 666 0 9 34 48 50 83 117 683 0 5 39 40 44 73 97 726 
0 50 79 78 18 29 54 716 0 19 76 94 37 26 41 731 0 39 77 87 19 23 32 747 
0 0 4 18 52 97 64 789 0 0 0 14 53 98 56 803 0 0 0 17 69 78 56 804 
0 5 56 73 93 198 258 341 0 4 49 71 85 154 288 373 0 5 47 70 74 143 258 427 
5 14 98 99 193 225 236 154 2 15 44 142 185 214 246 176 2 24 43 151 157 206 235 206 
22 62 188 165 191 191 116 89 12 43 116 215 213 196 131 98 24 131 145 177 190 159 105 93 
3 61 144 133 166 181 154 182 0 28 133 178 157 169 168 191 23 80 106 127 154 169 159 206 
0 4 109 119 233 252 161 146 0 1 91 128 206 250 187 161 0 3 84 117 205 255 194 166 
0 40 280 382 151 47 49 75 0 57 321 370 111 38 42 85 0 112 310 334 100 36 34 98 
0 28 267 174 155 138 122 140 0 8 141 306 174 131 134 130 0 1 122 278 210 129 128 156 
0 27 125 195 215 276 119 67 0 39 117 158 220 254 168 68 0 42 107 150 214 258 176 77 
0 15 107 181 190 233 183 115 0 20 100 192 171 217 204 120 0 33 73 166 203 177 209 163 
0 56 162 144 224 242 151 45 0 43 139 148 190 274 181 49 0 113 57 138 174 277 178 87 
6 318 231 175 55 61 141 37 2 150 390 208 38 68 142 26 45 321 290 92 39 50 142 45 
16 548 224 218 18 0 0 0 0 318 453 247 6 0 0 0 146 517 185 160 16 0 0 0 
22 801 201 0 0 0 0 0 1 256 720 47 0 0 0 0 297 727 0 0 0 0 0 0 
22 320 682 0 0 0 0 0 0 106 881 37 0 0 0 0 110 484 430 0 0 0 0 0 
25 874 113 4 2 5 1 0 0 361 650 5 2 1 4 1 319 688 6 3 2 5 1 0 
5 776 199 8 3 16 16 1 0 202 706 80 3 11 21 1 387 563 28 10 3 14 15 4 
32 832 117 26 17 0 0 0 0 493 497 33 1 0 0 0 389 603 31 1 0 0 0 0 
52 514 353 90 15 0 0 0 1 414 538 64 7 0 0 0 343 587 82 12 0 0 0 0 
42 648 306 6 22 0 0 0 0 404 588 10 22 0 0 0 516 454 30 8 16 0 0 0 
0 32 315 421 161 72 2 21 0 45 261 535 100 60 3 20 10 240 387 183 113 68 1 22 
0 14 228 440 210 111 17 4 3 57 273 498 77 100 6 10 2 254 318 220 109 100 13 8 
0 9 110 331 327 186 59 2 2 62 214 399 207 117 23 0 9 101 349 313 124 92 36 0 
0 5 81 336 285 153 127 37 0 12 175 401 190 119 106 21 0 41 254 264 207 115 98 45 
0 0 100 257 211 217 206 33 0 8 50 365 180 156 243 22 0 81 232 130 130 144 252 55 
0 0 40 196 135 214 285 154 0 6 52 248 142 175 276 125 0 65 194 101 119 152 241 152 
0 0 30 232 89 94 310 269 0 0 4 263 118 68 342 229 0 72 193 60 60 69 262 308 
0 1 55 239 70 136 219 304 0 0 7 284 107 119 263 244 0 115 178 47 101 100 219 264 
0 5 124 356 54 118 212 155 0 5 49 397 103 127 180 163 1 189 208 67 143 101 121 194 
4 117 307 450 52 47 27 20 1 89 210 516 111 51 21 25 12 373 377 124 52 40 17 29 
80 231 184 447 74 5 3 0 37 251 171 372 184 5 2 2 132 449 400 29 4 5 2 3 
84 160 80 421 146 52 54 27 41 211 57 358 229 44 44 40 73 412 324 53 32 38 32 60 
0 39 188 472 124 66 62 73 0 28 150 441 203 72 57 73 3 262 444 96 46 50 56 67 
0 7 80 506 141 187 51 52 0 2 36 376 309 197 46 58 2 311 312 83 68 155 35 58 
0 34 85 440 216 102 77 70 0 15 79 292 382 103 83 70 11 243 399 79 86 85 59 62 
0 8 188 565 153 64 42 4 0 19 158 476 271 58 38 4 13 496 295 77 47 66 26 4 
0 9 164 647 126 49 29 0 0 15 172 572 192 55 18 0 7 571 282 67 42 43 12 0 
0 0 113 603 92 129 78 9 0 1 47 699 93 114 70 0 1 535 191 86 41 129 41 0 
0 1 344 387 105 130 54 3 0 1 200 557 103 116 47 0 1 516 228 81 70 114 14 0 
0 17 182 305 470 50 0 0 1 21 201 463 322 16 0 0 2 147 194 430 243 8 0 0 
0 56 602 99 190 58 4 15 0 72 530 162 211 30 8 11 4 602 139 61 171 28 5 14 
9 102 763 63 16 54 17 0 5 96 741 97 13 53 19 0 26 738 145 32 37 41 5 0 
92 294 498 18 27 58 35 2 32 225 635 37 8 59 27 1 67 750 97 17 12 63 18 0 
58 305 578 76 7 0 0 0 65 158 740 61 0 0 0 0 72 809 138 5 0 0 0 0 
11 176 549 215 65 8 0 0 16 149 631 211 11 6 0 0 24 581 273 140 6 0 0 0 
0 209 344 293 155 21 2 0 0 212 352 325 112 19 4 0 45 462 185 258 64 10 0 0 
3 447 407 71 11 48 37 0 0 418 416 94 10 49 37 0 36 784 96 12 24 44 28 0 
0 181 807 14 12 7 3 0 0 101 876 24 12 8 3 0 13 571 413 6 14 6 1 0 
0 459 444 104 9 7 1 0 0 523 389 96 8 7 1 0 1 840 160 9 7 7 0 0 
0 438 465 96 21 3 1 0 0 283 593 121 23 3 1 0 19 868 102 31 1 3 0 0 
0 360 474 139 51 0 0 0 0 292 583 111 38 0 0 0 42 814 125 43 0 0 0 0 
0 258 634 117 15 0 0 0 0 138 766 106 14 0 0 0 44 856 106 18 0 0 0 0 
0 204 668 138 14 0 0 0 0 24 858 128 14 0 0 0 120 812 68 24 0 0 0 0 
0 23 525 347 120 9 0 0 0 6 384 540 86 8 0 0 23 579 286 123 13 0 0 0 
0 0 498 350 173 3 0 0 0 0 337 549 134 4 0 0 0 586 284 150 4 0 0 0 
0 6 399 336 275 8 0 0 0 3 358 513 150 0 0 0 4 473 310 234 3 0 0 0 
0 1 246 431 185 61 47 53 0 8 303 433 152 44 58 26 7 321 387 162 49 30 58 10 
0 21 498 355 135 12 1 2 0 3 173 689 149 7 1 2 11 573 288 128 19 2 1 2 
0 7 392 332 219 49 25 0 0 46 165 623 147 42 1 0 14 490 291 166 59 4 0 0 
0 0 238 483 251 32 18 2 0 0 25 737 218 27 15 2 0 322 430 220 34 17 1 0 
0 0 146 517 322 28 7 4 0 0 6 754 225 26 11 2 0 224 506 259 25 5 5 0 
0 3 73 555 282 69 37 5 0 5 35 632 251 66 29 6 0 153 472 286 75 32 6 0 
0 0 317 558 149 0 0 0 0 6 57 769 192 0 0 0 33 481 334 174 2 0 0 0 
0 3 134 639 245 3 0 0 0 1 73 688 260 2 0 0 9 314 417 244 40 0 0 0 
0 4 78 693 229 20 0 0 0 6 90 689 238 1 0 0 7 272 505 220 20 0 0 0 
0 1 39 662 302 20 0 0 0 5 91 642 286 0 0 0 5 307 521 182 9 0 0 0 
0 8 50 655 297 14 0 0 0 20 89 605 308 2 0 0 0 127 596 275 24 2 0 0 
0 45 45 536 294 54 37 13 6 50 60 558 276 33 30 11 28 162 454 265 65 34 15 1 
2 58 91 552 275 46 0 0 10 77 76 509 346 6 0 0 14 202 478 275 54 1 0 0 
0 5 44 605 340 30 0 0 0 10 96 594 324 0 0 0 0 134 549 336 5 0 0 0 
0 0 44 534 399 47 0 0 0 7 102 571 344 0 0 0 0 68 555 391 10 0 0 0 
0 26 206 454 312 26 0 0 0 61 280 464 216 3 0 0 0 279 426 310 7 2 0 0 
0 8 90 495 381 50 0 0 0 24 208 497 293 2 0 0 0 81 499 411 33 0 0 0 
1 65 221 413 251 73 0 0 3 95 334 345 235 12 0 0 4 212 462 295 50 1 0 0 
0 6 386 453 179 0 0 0 0 23 516 409 76 0 0 0 0 361 399 263 1 0 0 0 
0 1 404 398 221 0 0 0 0 74 460 428 62 0 0 0 0 326 387 311 0 0 0 0 
0 65 308 385 218 18 24 6 0 153 372 309 144 21 21 4 0 337 407 230 12 19 14 5 
0 22 392 314 290 6 0 0 0 134 356 413 121 0 0 0 0 409 322 285 8 0 0 0 
0 23 363 358 280 0 0 0 0 96 391 336 201 0 0 0 0 357 362 305 0 0 0 0 
0 61 287 561 101 13 1 0 0 71 318 533 96 6 0 0 39 306 463 195 18 3 0 0 
0 160 386 396 72 10 0 0 0 35 563 373 47 6 0 0 180 389 366 81 8 0 0 0 
0 31 340 596 49 8 0 0 0 94 499 421 4 6 0 0 0 282 693 41 8 0 0 0 
0 76 581 360 7 0 0 0 0 39 668 316 1 0 0 0 85 484 448 7 0 0 0 0 
0 8 560 425 22 9 0 0 0 78 612 311 15 8 0 0 2 460 523 26 9 4 0 0 
0 112 703 197 12 0 0 0 0 79 727 206 12 0 0 0 55 768 184 17 0 0 0 0 
0 118 536 290 58 22 0 0 0 74 690 220 32 8 0 0 92 638 240 40 14 0 0 0 
0 159 683 149 33 0 0 0 4 146 298 563 13 0 0 0 38 652 283 50 1 0 0 0 
0 37 411 341 227 8 0 0 0 19 441 421 142 1 0 0 41 421 317 236 9 0 0 0 
0 114 350 294 219 47 0 0 0 106 477 285 150 6 0 0 57 403 340 205 19 0 0 0 
0 107 480 215 141 31 41 9 0 85 566 247 68 30 28 0 46 517 279 111 26 22 23 0 
0 156 430 185 88 97 64 4 0 70 555 163 111 86 36 3 72 414 248 97 88 65 40 0 
0 31 347 313 147 129 57 0 0 58 449 269 153 86 9 0 24 360 350 157 84 49 0 0 
0 52 525 281 70 46 43 7 0 159 590 143 57 50 24 1 5 389 430 99 43 46 12 0 
1 75 373 272 126 47 63 67 5 135 451 216 64 49 79 25 29 248 405 152 53 58 71 8 
5 200 346 199 214 34 21 5 16 279 379 239 79 19 11 2 39 365 358 204 31 19 7 1 
47 248 286 236 192 9 6 0 60 307 380 239 27 9 2 0 75 335 469 118 16 9 2 0 
57 225 306 246 165 25 0 0 46 222 421 263 68 4 0 0 129 448 350 89 8 0 0 0 
8 107 305 284 182 133 3 2 24 168 334 264 198 32 2 2 54 341 350 218 56 2 2 1 
4 98 320 380 123 97 2 0 7 149 386 309 143 30 0 0 72 439 334 126 52 1 0 0 
22 196 328 137 238 91 12 0 33 269 300 206 173 39 4 0 55 377 246 242 91 10 3 0 
39 244 286 154 202 62 26 11 57 315 245 233 113 40 19 2 114 362 269 170 68 29 12 0 
26 254 530 124 67 23 0 0 33 345 466 131 49 0 0 0 99 489 348 66 22 0 0 0 
53 162 316 362 87 44 0 0 42 222 425 267 68 0 0 0 72 363 447 117 25 0 0 0 
46 145 375 306 89 50 12 1 46 221 449 209 77 13 8 1 67 388 394 105 55 9 6 0 
60 108 448 303 79 26 0 0 64 176 563 156 65 0 0 0 77 370 455 100 22 0 0 0 
55 100 446 314 92 12 4 1 77 166 530 211 30 6 4 0 102 401 375 128 13 2 3 0 
35 128 452 310 91 8 0 0 37 188 572 204 22 1 0 0 71 434 422 92 5 0 0 0 
0 138 453 291 128 14 0 0 2 157 471 328 63 3 0 0 88 524 281 121 10 0 0 0 
0 44 444 411 93 28 4 0 0 74 354 461 113 22 0 0 112 429 383 64 31 5 0 0 
0 12 334 381 170 47 25 55 0 31 323 368 185 43 46 28 110 511 268 42 23 44 25 1 
0 3 385 443 171 22 0 0 0 45 603 294 76 6 0 0 117 646 229 20 12 0 0 0 
0 34 568 319 100 2 1 0 0 37 609 350 26 2 0 0 133 605 284 1 1 0 0 0 
0 26 603 379 16 0 0 0 0 19 380 541 84 0 0 0 155 709 160 0 0 0 0 0 
0 226 603 177 12 6 0 0 0 24 582 354 60 4 0 0 328 589 97 9 1 0 0 0 
0 53 443 382 115 31 0 0 0 15 384 489 125 11 0 0 80 607 271 62 4 0 0 0 
3 351 535 102 15 14 4 0 0 29 800 165 17 12 1 0 383 552 61 15 13 0 0 0 
24 216 698 85 1 0 0 0 0 87 681 253 3 0 0 0 208 684 129 3 0 0 0 0 
0 405 600 19 0 0 0 0 0 79 862 83 0 0 0 0 422 587 15 0 0 0 0 0 
10 154 556 232 60 12 0 0 0 74 708 188 48 6 0 0 244 528 190 44 18 0 0 0 
0 113 881 30 0 0 0 0 0 50 444 529 1 0 0 0 19 822 183 0 0 0 0 0 
0 41 744 229 10 0 0 0 0 19 647 350 8 0 0 0 11 553 450 10 0 0 0 0 
0 6 386 385 130 117 0 0 0 12 430 411 162 9 0 0 16 306 490 211 1 0 0 0 
0 217 406 306 78 16 1 0 0 47 547 361 61 8 0 0 89 542 318 62 12 1 0 0 
0 48 188 345 244 158 41 0 0 26 243 408 224 115 8 0 70 179 352 224 162 37 0 0 
0 75 254 427 156 52 53 7 0 7 345 445 143 47 37 0 92 269 431 134 44 54 0 0 
0 42 200 460 175 99 39 9 0 22 247 416 217 82 27 13 30 240 439 157 97 42 19 0 
0 13 287 346 140 87 87 64 0 1 360 268 187 87 104 17 5 157 473 109 102 92 81 5 
0 3 227 516 167 86 25 0 0 12 268 475 192 62 15 0 6 116 578 200 93 29 2 0 
13 38 355 525 68 21 4 0 11 54 431 437 70 13 8 0 42 137 679 138 21 7 0 0 
7 35 413 414 88 63 4 0 4 28 372 440 121 52 7 0 28 417 393 99 53 34 0 0 
0 5 349 474 167 27 1 1 0 7 177 647 176 15 1 1 1 348 459 197 14 4 1 0 
0 1 259 519 182 32 19 12 0 3 329 539 99 29 16 9 0 203 526 191 56 27 19 2 
0 4 288 541 115 49 12 15 0 6 286 592 88 32 15 5 0 122 638 181 47 19 16 1 
0 15 281 468 130 73 36 21 0 28 326 445 113 67 38 7 3 175 561 135 71 59 18 2 
0 17 561 358 78 10 0 0 0 14 539 389 73 9 0 0 0 331 589 81 20 3 0 0 
0 18 368 358 280 0 0 0 0 7 453 364 200 0 0 0 0 118 657 244 5 0 0 0 
0 3 247 376 365 33 0 0 0 2 249 535 229 9 0 0 2 113 592 228 86 3 0 0 
0 26 391 381 225 1 0 0 0 35 480 381 128 0 0 0 0 270 537 149 68 0 0 0 
0 23 319 552 128 2 0 0 0 30 413 550 30 1 0 0 0 240 650 124 10 0 0 0 
0 39 251 573 84 73 4 0 0 37 463 401 54 68 1 0 17 113 635 157 51 50 1 0 
0 14 314 555 141 0 0 0 0 8 392 491 133 0 0 0 3 136 668 164 53 0 0 0 
0 0 326 444 204 35 14 1 0 1 344 476 169 25 9 0 0 113 575 240 76 17 3 0 
0 5 404 219 252 84 44 16 0 17 418 258 220 71 35 5 1 341 249 316 63 35 19 0 
0 5 465 313 85 100 54 2 0 11 544 231 107 78 51 2 4 379 354 112 86 36 35 18 
0 0 329 424 98 54 119 0 0 17 331 394 95 38 146 3 0 257 347 159 74 24 63 100 
0 6 329 312 78 146 153 0 0 11 316 310 73 101 213 0 0 144 419 74 65 57 115 150 
0 200 294 380 99 31 20 0 0 0 596 324 56 17 31 0 230 257 368 82 35 17 8 27 
1 7 247 421 201 126 19 2 0 62 373 319 148 74 48 0 9 261 347 168 112 62 42 23 
0 108 461 312 99 32 12 0 0 30 567 302 82 31 12 0 135 381 323 112 46 12 15 0 
2 22 314 357 176 120 33 0 0 35 351 345 167 95 31 0 18 256 320 158 122 99 49 2 
0 241 380 224 90 73 16 0 1 25 596 220 86 72 24 0 168 310 258 112 73 65 38 0 
2 218 444 238 72 48 2 0 0 108 590 190 84 44 8 0 116 454 262 96 58 34 4 0 
0 204 372 210 133 104 1 0 0 17 541 222 122 110 12 0 156 337 161 140 98 82 50 0 
0 102 458 393 41 21 8 1 0 105 525 323 44 18 9 0 13 360 486 112 28 17 8 0 
0 0 73 534 315 98 4 0 0 6 236 594 89 78 21 0 0 105 354 382 77 47 57 2 
0 159 306 230 198 124 7 0 0 84 445 235 146 101 13 0 68 375 211 171 108 71 20 0 
0 94 175 344 276 106 29 0 0 41 334 370 187 90 2 0 110 148 294 257 167 48 0 0 
0 130 145 234 346 139 30 0 0 33 324 309 239 107 12 0 80 206 198 285 183 71 1 0 
0 0 6 176 286 409 140 7 0 0 32 198 208 503 82 1 0 7 161 137 189 466 64 0 
0 0 4 51 285 513 169 2 0 0 5 66 314 496 143 0 0 0 22 135 307 446 114 0 
0 0 110 130 361 339 75 9 0 0 110 181 327 359 45 2 0 11 171 224 330 264 24 0 
0 5 447 393 80 55 39 5 0 22 513 327 88 54 18 2 0 203 601 105 63 37 12 3 
0 4 116 255 200 210 231 8 0 0 51 195 287 187 267 37 2 67 149 175 139 145 199 148 
0 39 215 325 168 106 164 7 0 2 130 338 261 103 149 41 28 133 281 211 100 84 100 87 
0 1 55 126 185 209 387 61 0 1 65 160 197 175 365 61 0 20 80 213 139 136 266 170 
0 0 0 135 164 250 410 65 0 0 0 152 176 212 417 67 0 0 1 160 158 188 234 283 
0 0 0 141 320 425 137 1 0 0 4 201 295 374 145 5 0 0 60 221 282 275 139 47 
0 1 59 162 332 336 124 10 0 2 60 161 387 332 82 0 0 6 113 180 408 284 33 0 
0 0 237 295 399 93 0 0 0 3 245 296 404 76 0 0 0 31 385 263 320 25 0 0 
0 0 70 244 433 256 21 0 0 0 82 247 483 195 17 0 0 2 199 234 497 86 6 0 
0 0 254 226 477 63 4 0 0 0 263 240 467 49 5 0 0 50 283 288 382 21 0 0 
0 1 189 621 147 57 9 0 0 3 226 609 120 59 7 0 0 89 527 266 96 44 2 0 
0 0 378 344 174 105 23 0 0 1 393 339 162 113 16 0 0 202 409 171 141 98 3 0 
0 1 224 445 308 46 0 0 0 1 219 456 305 43 0 0 0 51 385 338 235 15 0 0 
0 5 310 272 253 134 47 3 0 11 344 281 237 133 17 1 0 116 333 274 224 71 6 0 
0 2 345 295 278 72 23 9 0 6 355 312 268 60 22 1 0 118 387 270 202 29 18 0 
0 2 169 200 90 234 321 8 0 2 181 178 96 228 316 23 1 21 220 130 110 173 157 212 
0 0 81 197 91 263 389 3 0 0 58 214 99 106 532 15 0 5 138 181 61 56 96 487 
0 4 114 51 107 323 425 0 0 3 30 109 95 108 666 13 0 11 104 98 47 65 221 478 
0 276 253 163 86 143 103 0 0 6 518 173 74 71 181 1 248 199 161 98 60 41 80 137 
0 18 212 373 254 124 43 0 0 61 270 403 185 74 31 0 25 173 381 249 115 45 35 1 
1 163 468 210 91 74 17 0 0 36 456 321 96 81 34 0 105 374 262 120 64 56 42 1 
0 159 170 125 220 286 64 0 0 25 290 129 190 185 205 0 69 135 132 111 125 163 212 77 
1 156 239 213 220 175 20 0 0 84 343 201 176 181 39 0 60 146 214 188 149 162 101 4 
2 338 220 232 152 68 12 0 0 170 346 228 174 76 30 0 38 368 180 176 146 76 40 0 
0 396 155 199 108 165 1 0 0 64 468 224 85 168 15 0 245 278 156 111 59 59 107 9 
0 309 291 136 84 199 5 0 6 356 186 160 83 197 36 0 67 366 169 88 71 62 197 4 
0 25 145 168 285 368 33 0 0 27 153 185 226 314 119 0 8 131 80 141 157 185 278 44 
0 117 166 351 234 116 40 0 0 85 293 372 138 113 23 0 21 219 359 204 124 81 16 0 
0 116 109 338 410 51 0 0 0 87 245 389 276 27 0 0 104 116 347 271 176 10 0 0 
0 179 227 344 242 26 6 0 1 158 353 365 129 14 4 0 34 362 282 270 66 8 2 0 
0 0 21 92 614 256 41 0 0 7 36 118 555 290 18 0 0 10 75 138 482 300 19 0 
0 0 60 140 241 372 211 0 0 5 60 168 264 447 80 0 0 42 88 160 304 365 65 0 
0 1 62 107 317 420 117 0 0 18 70 121 317 436 62 0 0 37 75 148 326 398 40 0 
0 1 266 247 133 299 78 0 0 11 275 225 177 305 31 0 0 161 251 159 188 190 74 1 
0 0 159 314 202 322 27 0 0 0 64 331 215 346 68 0 0 46 221 220 123 146 251 17 
0 10 367 328 223 69 22 5 0 0 109 527 265 98 22 3 15 280 273 167 157 105 26 1 
0 0 31 276 331 320 58 8 0 4 52 218 447 258 42 3 0 8 147 341 256 191 74 7 
0 0 5 148 282 343 204 42 0 0 1 157 248 350 220 48 0 0 3 163 187 259 297 115 
0 0 8 99 323 264 310 20 0 0 8 99 319 223 372 3 0 0 15 146 307 226 129 201 
0 0 87 548 203 116 70 0 0 0 119 554 168 78 104 1 0 41 313 375 110 69 60 56 
0 0 408 591 9 5 11 0 0 0 436 565 12 7 4 0 0 250 672 83 8 11 0 0 
0 1 510 418 72 22 1 0 0 4 559 374 64 22 1 0 0 345 522 98 46 13 0 0 
0 3 471 443 77 26 4 0 0 1 498 419 76 26 4 0 0 227 582 165 24 26 0 0 
0 4 574 421 22 3 0 0 0 0 566 428 27 3 0 0 9 382 579 43 10 1 0 0 
0 8 600 252 95 65 4 0 0 13 563 283 101 63 1 0 12 473 325 96 84 34 0 0 
0 0 562 300 59 95 8 0 0 1 533 333 56 95 6 0 0 284 536 63 54 87 0 0 
0 1 310 381 73 230 29 0 0 3 344 347 82 168 80 0 0 127 458 144 89 45 134 27 
0 12 199 218 151 298 122 24 0 18 250 175 155 279 139 8 0 136 201 134 116 127 266 44 
0 5 176 215 165 242 216 5 0 13 220 189 176 203 210 13 0 82 205 170 152 182 181 52 
0 7 244 222 92 362 97 0 0 43 227 211 122 162 259 0 4 78 284 130 109 86 148 185 
0 2 205 63 71 651 32 0 0 0 51 181 76 121 595 0 0 53 133 51 49 65 367 306 
0 424 146 256 79 113 6 0 0 5 510 254 112 77 66 0 387 95 200 91 75 64 92 20 
0 32 238 264 288 103 90 9 0 58 245 367 170 134 49 1 35 220 309 162 152 118 27 1 
4 178 565 164 77 28 8 0 0 102 594 228 58 37 5 0 169 608 144 41 32 27 3 0 
0 160 391 188 111 163 11 0 0 30 497 225 78 98 96 0 64 372 237 110 41 59 98 43 
3 162 335 242 184 96 2 0 2 135 381 269 146 77 14 0 56 254 278 206 137 52 39 2 
16 260 348 256 130 14 0 0 12 228 498 172 102 12 0 0 174 438 176 154 72 10 0 0 
6 523 107 144 118 124 2 0 0 350 302 129 103 139 1 0 468 148 114 72 61 87 67 7 
0 336 274 168 188 55 3 0 15 389 192 189 130 103 6 0 94 334 176 161 125 77 55 2 
2 108 321 264 244 84 1 0 3 146 336 316 156 66 1 0 30 330 318 152 105 64 25 0 
0 152 251 341 151 121 8 0 0 152 433 269 91 79 0 0 135 281 338 133 106 30 1 0 
0 169 141 170 470 72 2 0 0 127 276 450 127 44 0 0 128 173 337 309 53 24 0 0 
0 177 249 281 279 30 8 0 0 153 378 356 115 20 2 0 48 372 273 260 60 9 2 0 
0 1 80 117 284 469 73 0 0 44 107 123 310 439 1 0 8 58 123 158 285 386 6 0 
0 1 63 153 363 379 65 0 0 10 89 193 379 340 13 0 0 55 103 183 372 303 8 0 
0 6 62 93 545 303 15 0 0 31 80 117 573 223 0 0 1 39 89 141 564 143 47 0 
0 0 123 163 302 432 4 0 0 0 107 145 141 600 31 0 0 59 174 72 70 96 548 5 
0 7 257 250 309 201 0 0 0 0 112 365 230 317 0 0 0 166 272 86 103 224 173 0 
0 0 139 281 483 103 15 3 0 0 50 260 543 150 17 4 0 107 182 111 243 342 35 4 
0 1 20 169 451 258 102 23 0 6 79 257 412 217 53 0 0 12 108 254 324 291 35 0 
0 1 44 225 320 270 150 14 0 6 48 143 347 337 139 4 0 6 121 169 209 327 188 4 
0 2 68 98 127 653 73 3 0 1 27 135 108 444 307 2 0 0 80 89 89 89 549 128 
0 0 288 412 25 299 0 0 0 0 302 394 19 241 68 0 0 158 313 223 17 19 272 22 
0 0 322 616 43 32 11 0 0 1 399 544 40 33 7 0 0 249 584 125 38 28 0 0 
0 0 656 368 0 0 0 0 0 0 706 318 0 0 0 0 0 406 615 3 0 0 0 0 
0 0 376 594 32 10 11 1 0 0 421 553 28 11 10 1 0 199 717 69 20 12 7 0 
0 2 819 152 38 12 1 0 0 2 852 91 71 8 0 0 4 754 209 52 5 0 0 0 
0 5 704 130 99 81 5 0 0 6 534 298 93 91 2 0 60 577 181 65 95 46 0 0 
0 0 334 238 205 230 14 3 0 0 266 316 156 279 7 0 0 139 355 131 127 153 119 0 
0 2 287 202 104 355 72 2 0 15 312 180 102 366 49 0 0 178 254 104 94 94 299 1 
0 9 204 271 252 220 68 0 0 18 223 249 250 252 32 0 4 128 255 172 180 189 91 5 
0 4 242 215 222 193 138 10 0 59 282 159 244 205 72 3 5 225 253 191 145 150 54 1 
0 9 492 234 189 80 20 0 0 215 415 183 147 50 14 0 92 414 180 170 106 46 16 0 
0 6 350 203 145 195 106 19 0 4 344 268 109 178 120 1 3 249 253 141 124 128 95 31 
0 334 414 169 65 32 10 0 0 101 651 202 41 22 7 0 308 435 184 58 26 11 2 0 
3 266 277 160 114 119 78 7 1 123 424 182 129 125 40 0 214 307 130 152 129 84 8 0 
0 97 441 261 117 76 29 3 1 142 502 209 103 57 10 0 140 409 259 116 80 17 3 0 
1 196 613 178 17 19 0 0 1 166 741 83 19 14 0 0 164 712 114 14 20 0 0 0 
15 408 469 95 31 6 0 0 3 360 532 96 28 5 0 0 257 547 141 54 20 5 0 0 
0 170 624 190 38 2 0 0 0 344 580 78 22 0 0 0 152 674 150 36 12 0 0 0 
94 739 59 46 81 5 0 0 0 759 139 68 53 5 0 0 780 102 22 53 62 5 0 0 
0 423 347 144 94 16 0 0 13 507 310 117 66 11 0 0 184 428 217 91 65 33 6 0 
4 391 200 170 224 35 0 0 29 289 263 150 197 96 0 0 190 260 142 112 124 162 34 0 
0 122 425 281 167 29 0 0 0 109 542 252 38 83 0 0 253 317 224 125 17 40 48 0 
0 239 86 160 437 102 0 0 0 194 211 425 151 43 0 0 170 163 371 137 124 54 5 0 
0 213 228 317 144 121 1 0 0 195 482 158 166 23 0 0 152 392 224 133 122 1 0 0 
0 27 198 213 217 366 3 0 0 140 247 94 145 398 0 0 21 250 153 79 76 427 18 0 
0 62 108 100 475 266 13 0 0 62 119 171 284 386 2 0 6 106 99 159 277 234 143 0 
0 9 91 183 337 404 0 0 0 58 152 153 224 437 0 0 0 74 164 125 178 203 280 0 
0 5 124 213 336 345 1 0 0 0 55 256 140 569 4 0 0 24 220 80 143 151 406 0 
0 40 428 254 232 70 0 0 0 5 208 482 259 70 0 0 32 337 292 107 179 77 0 0 
0 14 85 271 614 32 8 0 0 0 74 237 596 109 8 0 0 45 104 129 378 354 14 0 
0 0 16 82 370 451 95 10 0 0 32 96 312 538 46 0 0 0 21 95 202 476 226 4 
0 3 27 112 255 501 115 11 0 13 29 154 277 479 72 0 0 8 23 134 250 303 300 6 
0 0 222 117 124 559 2 0 0 0 35 267 110 527 85 0 0 92 134 99 71 122 484 22 
0 3 37 43 112 828 1 0 0 0 21 43 49 853 58 0 0 0 29 34 39 54 864 4 
0 0 57 138 499 330 0 0 0 0 63 115 135 687 24 0 0 36 56 76 77 137 641 1 
0 0 716 224 64 16 4 0 0 0 672 270 58 24 0 0 1 579 252 103 64 25 0 0 
0 0 665 310 33 16 0 0 0 1 675 305 36 7 0 0 7 597 375 36 9 0 0 0 
0 8 831 139 31 13 2 0 0 3 833 122 58 7 1 0 10 795 166 47 5 1 0 0 
0 3 571 237 126 79 8 0 0 11 589 271 89 61 3 0 42 520 276 111 54 21 0 0 
0 45 235 179 305 260 0 0 0 22 150 240 141 471 0 0 58 108 121 140 117 104 375 1 
0 16 21 7 610 370 0 0 0 25 12 7 102 878 0 0 3 30 4 14 88 159 726 0 
0 0 84 265 510 157 8 0 0 7 95 237 431 254 0 0 1 40 60 191 310 233 189 0 
0 1 287 352 180 132 72 0 0 38 372 289 223 100 2 0 16 368 313 184 112 30 1 0 
0 103 461 189 121 74 53 23 0 262 409 150 99 63 41 0 221 406 170 97 60 58 12 0 
0 35 418 359 132 65 15 0 0 139 453 276 95 58 3 0 30 365 339 174 61 48 7 0 
0 263 426 144 59 70 62 0 0 172 536 152 62 100 2 0 206 487 146 63 89 33 0 0 
3 464 452 76 13 11 5 0 1 380 506 111 13 13 0 0 510 343 122 32 12 5 0 0 
3 411 379 132 52 36 11 0 1 450 408 99 39 27 0 0 410 404 115 63 28 4 0 0 
10 375 452 86 49 44 8 0 28 238 606 62 54 36 0 0 358 481 82 47 47 9 0 0 
187 520 196 50 30 33 8 0 57 684 184 42 28 28 1 0 656 249 44 26 33 16 0 0 
42 480 398 94 10 0 0 0 18 556 420 30 0 0 0 0 576 394 52 2 0 0 0 0 
246 590 80 38 50 20 0 0 47 800 82 38 50 7 0 0 808 108 37 52 19 0 0 0 
23 557 313 82 33 16 0 0 1 526 360 94 34 9 0 0 355 462 127 49 31 0 0 0 
4 474 257 174 105 10 0 0 33 444 290 132 120 5 0 0 271 351 160 113 92 37 0 0 
0 216 434 191 167 16 0 0 0 176 549 219 80 0 0 0 265 453 208 91 7 0 0 0 
0 204 96 286 377 61 0 0 0 197 276 146 364 41 0 0 129 189 225 72 153 238 18 0 
0 117 236 324 189 156 2 0 0 202 322 295 167 38 0 0 101 266 299 197 154 7 0 0 
0 77 309 286 331 21 0 0 1 229 326 128 253 87 0 0 54 364 171 76 83 231 45 0 
0 158 100 162 427 150 27 0 0 157 131 230 266 240 0 0 26 169 105 214 205 232 73 0 
0 122 166 238 361 136 1 0 2 185 195 268 285 89 0 0 37 161 175 244 234 149 24 0 
0 23 343 184 304 144 25 1 0 11 219 327 279 165 23 0 2 219 194 165 212 168 64 0 
0 96 357 335 220 10 5 1 0 47 284 435 244 8 5 1 47 320 272 204 164 15 2 0 
0 78 42 355 508 41 0 0 0 0 100 242 584 98 0 0 0 83 38 34 644 213 12 0 
0 0 1 121 268 586 48 0 0 0 61 84 224 616 39 0 0 5 71 105 172 349 310 12 
0 0 3 94 461 420 41 5 0 0 24 126 267 571 36 0 0 1 28 177 149 299 363 7 
0 5 118 146 599 153 3 0 0 1 57 148 174 639 5 0 0 52 47 87 105 239 492 2 
0 8 429 267 221 97 2 0 0 2 312 364 102 242 2 0 1 199 327 152 78 58 209 0 
0 7 158 253 511 92 3 0 0 8 123 255 332 305 1 0 0 14 97 212 233 297 171 0 
0 1 482 331 146 31 29 4 0 1 527 288 135 45 27 1 0 308 314 192 95 79 36 0 
0 2 715 232 48 20 7 0 0 0 704 238 68 7 7 0 0 660 291 54 7 8 4 0 
0 14 796 161 50 2 1 0 0 6 810 184 22 1 1 0 6 774 182 59 2 1 0 0 
0 2 360 406 122 45 71 18 0 32 486 299 90 58 56 3 23 334 333 167 82 63 22 0 
0 74 229 289 331 97 4 0 0 9 298 295 212 210 0 0 43 195 202 212 161 111 100 0 
2 218 190 109 367 137 1 0 21 153 192 133 249 276 0 0 82 252 81 84 115 298 112 0 
1 28 197 437 312 48 1 0 4 15 158 412 373 62 0 0 12 26 214 243 296 212 21 0 
0 5 371 355 157 102 33 1 0 53 488 291 132 57 3 0 14 408 347 150 96 8 1 0 
1 226 322 218 96 70 80 11 9 320 344 164 67 95 21 4 279 382 150 67 84 57 5 0 
0 36 308 330 183 121 46 0 3 172 409 231 106 102 1 0 62 389 293 140 96 44 0 0 
21 294 375 195 71 46 21 1 35 347 346 194 59 38 5 0 283 467 153 54 53 13 1 0 
7 612 370 34 1 0 0 0 5 670 331 17 1 0 0 0 745 263 15 1 0 0 0 0 
41 855 113 12 3 0 0 0 5 688 317 12 2 0 0 0 804 207 12 1 0 0 0 0 
4 620 301 75 24 0 0 0 61 332 564 65 2 0 0 0 539 401 67 17 0 0 0 0 
27 335 273 216 129 40 4 0 48 434 278 167 76 19 2 0 397 285 192 100 44 6 0 0 
196 544 164 66 42 12 0 0 52 744 144 44 40 0 0 0 728 188 50 48 10 0 0 0 
271 435 153 96 69 0 0 0 148 586 139 147 4 0 0 0 654 173 94 103 0 0 0 0 
141 322 223 194 95 49 0 0 37 477 221 173 96 20 0 0 379 197 171 173 102 2 0 0 
7 547 232 223 15 0 0 0 54 476 222 176 96 0 0 0 359 221 166 121 125 32 0 0 
0 334 393 232 61 4 0 0 0 253 577 180 14 0 0 0 305 496 193 30 0 0 0 0 
2 258 207 322 224 11 0 0 0 289 232 144 359 0 0 0 141 276 126 97 172 212 0 0 
0 75 378 300 153 98 19 1 0 163 443 262 92 60 4 0 75 389 286 169 82 23 0 0 
7 250 311 280 176 0 0 0 14 251 440 170 147 2 0 0 165 379 214 100 90 76 0 0 
4 154 231 291 261 54 29 0 19 207 264 249 203 74 8 0 23 234 239 194 136 178 20 0 
2 64 177 353 396 32 0 0 2 135 256 299 314 18 0 0 27 147 312 209 188 140 1 0 
0 180 238 333 137 46 54 36 0 70 312 294 214 50 62 22 14 264 235 177 147 125 62 0 
0 38 260 556 150 19 1 0 0 49 127 475 349 23 1 0 5 265 196 108 225 225 0 0 
0 81 89 615 188 43 8 0 0 19 125 172 668 36 4 0 2 94 52 40 236 590 10 0 
0 43 150 274 449 100 6 2 3 75 165 186 546 44 4 1 19 54 148 184 291 297 30 1 
0 0 4 174 683 148 15 0 0 0 9 83 851 68 13 0 0 0 16 101 120 737 49 1 
0 3 120 264 510 88 38 1 0 0 41 252 602 82 45 2 0 12 122 157 218 431 71 13 
2 69 539 251 108 25 25 5 4 104 438 276 155 28 16 3 36 430 277 122 94 56 7 2 
0 5 534 249 90 41 62 43 0 10 449 324 99 45 80 17 0 285 298 163 112 62 91 13 
0 0 612 317 55 24 16 0 0 4 613 317 53 28 9 0 0 345 327 231 81 22 15 3 
0 36 883 81 19 5 0 0 0 30 732 243 18 1 0 0 23 804 167 26 4 0 0 0 
0 64 686 170 64 36 4 0 4 147 701 119 44 9 0 0 63 731 155 56 19 0 0 0 
0 58 470 196 97 95 96 12 0 123 487 170 94 108 42 0 25 432 237 146 91 86 7 0 
0 35 315 334 238 79 21 2 1 135 401 325 126 34 2 0 67 329 333 219 62 13 1 0 
0 137 401 262 182 38 4 0 0 21 445 278 241 38 1 0 114 297 200 166 124 123 0 0 
1 189 256 190 236 73 39 40 29 248 238 197 200 57 33 22 192 202 143 177 148 111 34 17 
0 31 393 250 171 146 21 12 0 94 500 188 190 35 14 3 20 379 282 237 80 14 11 1 
7 447 386 152 27 4 1 0 28 494 373 117 10 2 0 0 490 401 118 13 2 0 0 0 
3 92 405 287 85 133 19 0 3 158 508 171 118 65 1 0 181 485 158 102 92 6 0 0 
8 129 283 339 182 58 25 0 15 206 373 294 90 36 10 0 171 346 313 125 48 21 0 0 
48 722 240 14 0 0 0 0 12 618 386 8 0 0 0 0 801 211 12 0 0 0 0 0 
114 718 121 46 23 2 0 0 19 577 346 80 2 0 0 0 795 180 43 6 0 0 0 0 
210 542 161 92 19 0 0 0 276 303 381 64 0 0 0 0 693 242 84 5 0 0 0 0 
72 479 258 174 41 0 0 0 77 564 267 110 6 0 0 0 546 282 166 30 0 0 0 0 
78 732 154 60 0 0 0 0 58 790 146 30 0 0 0 0 778 190 56 0 0 0 0 0 
78 631 278 37 0 0 0 0 120 594 306 4 0 0 0 0 633 320 71 0 0 0 0 0 
293 356 203 84 88 0 0 0 88 637 165 67 67 0 0 0 549 232 117 98 28 0 0 0 
28 403 281 308 4 0 0 0 54 405 209 335 21 0 0 0 310 163 129 104 281 37 0 0 
2 676 257 87 2 0 0 0 15 516 483 10 0 0 0 0 591 386 47 0 0 0 0 0 
18 384 180 286 143 12 1 0 34 433 241 245 66 5 0 0 340 242 244 137 44 17 0 0 
29 354 276 319 38 3 5 0 35 458 324 181 20 5 1 0 364 397 189 66 3 5 0 0 
32 367 408 200 17 0 0 0 36 290 468 215 15 0 0 0 277 450 176 57 55 9 0 0 
2 253 248 359 98 39 25 0 14 334 262 232 134 48 0 0 108 298 229 82 209 91 7 0 
17 154 180 497 168 8 0 0 20 211 239 311 243 0 0 0 63 177 261 229 176 118 0 0 
0 176 137 338 283 22 50 18 0 67 268 215 377 33 51 13 49 224 192 100 266 132 60 1 
0 44 304 447 183 46 0 0 0 8 185 364 430 37 0 0 34 319 124 108 158 281 0 0 
0 92 51 542 243 94 2 0 0 29 99 179 669 47 1 0 7 100 27 87 286 512 5 0 
1 68 261 444 191 33 26 0 13 112 260 235 361 35 8 0 38 144 198 153 270 207 14 0 
62 112 55 735 60 0 0 0 75 95 38 183 633 0 0 0 123 44 24 50 174 609 0 0 
0 13 112 415 317 84 70 13 1 33 150 235 481 65 59 0 3 57 114 139 308 328 59 16 
0 88 382 413 79 25 33 4 2 76 308 408 176 26 28 0 7 143 229 254 256 123 12 0 
0 131 750 121 22 0 0 0 0 67 637 272 42 6 0 0 8 648 239 112 17 0 0 0 
1 269 622 62 30 36 4 0 0 282 641 47 41 13 0 0 84 789 87 34 30 0 0 0 
1 452 510 41 20 0 0 0 0 474 477 57 16 0 0 0 193 767 44 20 0 0 0 0 
17 273 482 187 52 7 6 0 4 225 449 280 60 6 0 0 238 555 202 21 8 0 0 0 
10 319 337 137 106 97 16 2 3 362 322 154 123 58 2 0 282 396 151 114 70 11 0 0 
5 188 332 244 112 93 48 2 15 334 306 185 105 72 7 0 102 391 274 132 93 31 1 0 
0 276 346 189 145 51 17 0 1 166 484 204 121 41 7 0 216 391 193 149 58 17 0 0 
5 322 305 198 102 76 16 0 28 477 268 137 80 34 0 0 285 388 185 94 66 6 0 0 
9 253 272 120 111 102 116 41 50 292 264 121 111 74 105 7 248 301 159 100 55 67 91 3 
35 536 236 93 75 30 18 1 4 656 192 94 57 17 4 0 484 347 84 79 13 17 0 0 
6 268 298 162 129 128 32 1 16 450 224 137 143 53 1 0 328 321 136 136 97 6 0 0 
42 192 244 247 136 93 70 0 53 253 325 212 97 82 2 0 230 336 246 104 79 29 0 0 
126 578 229 67 18 6 0 0 85 560 298 61 20 0 0 0 730 215 57 18 4 0 0 0 
73 784 94 40 16 17 0 0 14 590 352 36 26 6 0 0 809 137 45 17 16 0 0 0 
301 388 216 117 2 0 0 0 346 303 311 64 0 0 0 0 682 252 88 2 0 0 0 0 
175 402 297 88 46 16 0 0 212 410 293 54 46 9 0 0 523 352 82 50 17 0 0 0 
118 636 182 48 38 2 0 0 28 798 120 52 26 0 0 0 720 200 50 44 10 0 0 0 
112 744 127 41 0 0 0 0 143 678 182 21 0 0 0 0 787 162 72 3 0 0 0 0 
205 612 64 64 78 1 0 0 103 695 101 102 23 0 0 0 735 130 65 94 0 0 0 0 
255 368 359 42 0 0 0 0 245 367 318 94 0 0 0 0 468 82 189 188 97 0 0 0 
9 667 314 34 0 0 0 0 29 677 307 11 0 0 0 0 524 434 52 14 0 0 0 0 
57 284 182 295 183 23 0 0 90 316 311 214 93 0 0 0 319 296 198 191 20 0 0 0 
192 476 200 126 18 12 0 0 180 523 245 60 12 4 0 0 568 286 99 64 7 0 0 0 
31 393 467 132 1 0 0 0 40 365 375 244 0 0 0 0 311 559 137 13 4 0 0 0 
46 275 261 314 89 39 0 0 94 362 235 240 75 18 0 0 249 301 189 130 138 17 0 0 
52 261 234 374 97 6 0 0 57 288 237 383 58 1 0 0 130 231 206 286 171 0 0 0 
0 288 335 223 92 29 57 0 0 164 402 296 86 31 45 0 111 486 156 122 79 43 27 0 
0 170 482 239 74 59 0 0 0 13 439 447 93 32 0 0 95 446 149 115 180 39 0 0 
0 145 120 302 252 191 14 0 0 68 177 426 252 101 0 0 31 130 70 262 432 98 1 0 
0 118 433 390 33 37 13 0 13 110 457 367 33 39 5 0 51 185 297 275 163 42 11 0 
12 199 594 88 20 35 65 11 21 180 348 353 28 61 33 0 64 111 206 198 358 65 21 1 
123 216 465 113 36 24 45 2 124 249 463 94 33 49 11 1 203 269 301 157 30 48 14 2 
1 599 311 106 7 0 0 0 11 386 467 152 8 0 0 0 15 269 509 109 112 10 0 0 
5 651 268 68 13 13 6 0 1 491 405 95 13 17 2 0 57 713 218 10 13 13 0 0 
10 492 308 42 63 93 16 0 5 459 340 89 90 30 11 0 84 690 91 88 45 25 1 0 
14 690 188 44 25 29 34 0 5 644 259 35 28 26 27 0 205 661 69 29 28 31 1 0 
44 394 373 173 29 10 1 0 11 289 452 188 83 1 0 0 342 583 69 29 0 1 0 0 
5 353 502 117 44 3 0 0 11 544 352 98 17 2 0 0 284 599 105 33 3 0 0 0 
49 308 320 133 63 72 79 0 37 407 289 117 68 106 0 0 223 455 132 84 118 12 0 0 
1 409 402 149 48 10 5 0 0 211 647 131 24 7 4 0 359 436 170 42 8 8 1 0 
1 270 428 203 108 14 0 0 0 390 398 163 73 0 0 0 237 490 197 93 7 0 0 0 
6 466 331 88 67 63 1 2 9 549 298 74 86 5 3 0 314 490 112 80 25 1 2 0 
64 267 253 146 100 94 95 5 65 349 228 124 105 116 37 0 283 291 147 107 83 93 20 0 
291 411 139 83 70 26 4 0 381 391 121 74 48 9 0 0 664 188 83 65 23 1 0 0 
79 215 371 273 74 12 0 0 95 317 496 93 17 6 0 0 325 540 129 12 13 5 0 0 
168 759 70 18 4 3 2 0 48 811 138 17 5 5 0 0 883 102 27 5 3 4 0 0 
111 792 62 47 7 5 0 0 54 564 347 51 6 2 0 0 847 118 47 9 3 0 0 0 
339 452 195 31 7 0 0 0 260 502 238 17 7 0 0 0 701 280 35 7 1 0 0 0 
272 492 231 21 8 0 0 0 277 603 133 9 2 0 0 0 694 310 14 6 0 0 0 0 
74 374 462 104 10 0 0 0 54 608 300 58 4 0 0 0 410 482 122 10 0 0 0 0 
264 622 99 39 0 0 0 0 205 733 82 4 0 0 0 0 791 182 51 0 0 0 0 0 
94 903 20 7 0 0 0 0 22 908 90 4 0 0 0 0 883 108 26 7 0 0 0 0 
504 277 243 0 0 0 0 0 385 286 352 1 0 0 0 0 590 35 113 260 26 0 0 0 
8 734 189 73 19 1 0 0 140 597 212 59 15 1 0 0 650 277 51 35 11 0 0 0 
84 414 273 236 17 0 0 0 177 427 346 74 0 0 0 0 399 409 200 16 0 0 0 0 
183 372 216 122 106 25 0 0 225 400 211 141 47 0 0 0 468 317 172 66 1 0 0 0 
84 326 501 80 24 9 0 0 139 363 352 156 14 0 0 0 360 564 67 28 5 0 0 0 
76 256 303 226 74 77 12 0 133 309 311 146 99 24 2 0 225 275 286 131 89 17 1 0 
38 275 377 181 111 38 4 0 90 260 413 178 70 12 1 0 129 253 289 293 51 8 1 0 
1 289 308 189 81 92 58 6 0 266 335 212 82 87 36 6 165 332 208 136 84 87 11 1 
6 303 537 74 69 35 0 0 0 159 644 125 90 6 0 0 136 428 236 143 72 9 0 0 
7 272 308 86 164 181 6 0 13 173 407 177 182 72 0 0 97 237 160 310 199 21 0 0 
2 228 546 131 64 48 3 2 16 183 572 151 66 34 2 0 63 247 437 176 78 23 0 0 
34 405 308 51 49 51 116 10 19 384 363 53 46 86 73 0 66 336 352 71 50 80 68 1 
73 423 405 104 13 6 0 0 67 448 443 46 19 1 0 0 139 480 329 61 14 1 0 0 
343 421 161 52 45 2 0 0 211 517 168 70 53 5 0 0 433 372 168 42 9 0 0 0 
116 473 227 107 74 27 0 0 53 512 215 173 65 6 0 0 230 542 158 76 18 0 0 0 
121 397 237 66 151 50 2 0 47 366 307 169 118 16 1 0 233 526 130 111 22 2 0 0 
72 546 246 36 55 52 17 0 32 456 398 46 59 29 4 0 164 696 76 46 35 7 0 0 
15 251 484 171 47 34 22 0 2 241 525 171 48 36 1 0 238 589 105 50 35 7 0 0 
0 429 528 49 12 5 1 0 11 575 378 44 15 1 0 0 314 628 63 11 7 1 0 0 
2 208 295 286 130 64 36 3 15 243 463 154 90 39 20 0 108 481 240 101 66 27 1 0 
20 384 431 123 39 27 0 0 16 297 570 108 30 3 0 0 340 500 124 44 16 0 0 0 
19 379 269 160 113 83 1 0 24 428 302 145 92 33 0 0 288 398 159 103 75 1 0 0 
34 458 232 137 108 42 12 1 24 557 223 107 90 19 4 0 422 338 119 112 26 7 0 0 
61 276 254 159 131 120 23 0 42 381 249 174 113 54 11 0 312 302 183 126 77 23 1 0 
149 459 198 106 74 32 6 0 152 523 169 109 63 6 2 0 572 235 115 87 11 4 0 0 
37 365 434 82 49 34 23 0 76 521 291 74 29 30 3 0 474 403 75 30 36 6 0 0 
156 610 91 44 51 72 0 0 41 658 173 42 60 50 0 0 686 155 60 41 79 3 0 0 
279 666 39 31 6 3 0 0 145 732 108 31 4 4 0 0 921 62 25 11 4 1 0 0 
519 365 72 26 42 0 0 0 368 451 137 20 48 0 0 0 827 128 21 47 1 0 0 0 
487 371 132 21 10 3 0 0 467 410 116 22 9 0 0 0 810 170 30 11 3 0 0 0 
22 582 238 82 86 14 0 0 28 638 194 94 66 4 0 0 448 330 124 82 40 0 0 0 
280 744 0 0 0 0 0 0 352 672 0 0 0 0 0 0 1000 24 0 0 0 0 0 0 
24 1000 0 0 0 0 0 0 96 928 0 0 0 0 0 0 872 136 16 0 0 0 0 0 
392 536 96 0 0 0 0 0 256 504 264 0 0 0 0 0 664 112 248 0 0 0 0 0 
104 600 96 120 80 24 0 0 152 536 144 104 88 0 0 0 680 112 40 112 80 0 0 0 
80 504 200 224 16 0 0 0 288 440 264 32 0 0 0 0 584 304 136 0 0 0 0 0 
224 464 176 80 80 0 0 0 208 648 64 80 24 0 0 0 416 560 48 0 0 0 0 0 
0 208 576 72 96 72 0 0 56 304 464 136 64 0 0 0 160 640 48 144 32 0 0 0 
32 192 240 152 192 200 16 0 72 312 144 224 224 48 0 0 176 256 160 272 136 24 0 0 
24 232 288 288 160 32 0 0 40 400 224 312 48 0 0 0 48 360 288 304 24 0 0 0 
16 160 248 208 232 96 56 8 0 208 272 320 80 88 48 8 112 368 152 192 80 96 24 0 
0 608 408 8 0 0 0 0 24 392 600 8 0 0 0 0 224 488 280 32 0 0 0 0 
0 408 280 56 120 160 0 0 56 248 424 120 176 0 0 0 176 320 232 168 128 0 0 0 
0 128 448 176 80 80 88 24 0 80 496 192 104 96 56 0 16 184 400 184 112 72 56 0 
0 408 408 56 24 32 96 0 0 520 272 88 24 56 64 0 16 448 360 48 40 48 64 0 
24 712 280 8 0 0 0 0 48 736 232 8 0 0 0 0 192 616 208 8 0 0 0 0 
216 464 144 40 96 64 0 0 120 552 144 88 112 8 0 0 496 280 80 104 64 0 0 0 
264 440 152 64 104 0 0 0 312 400 144 88 80 0 0 0 672 176 48 96 32 0 0 0 
48 664 88 32 96 64 32 0 80 504 248 64 96 32 0 0 344 456 64 96 48 16 0 0 
152 640 144 40 16 32 0 0 184 680 96 24 40 0 0 0 440 456 80 16 32 0 0 0 
152 408 272 64 88 24 16 0 88 496 272 88 56 16 8 0 536 304 64 88 16 16 0 0 
8 624 376 16 0 0 0 0 24 656 344 0 0 0 0 0 448 544 32 0 0 0 0 0 
0 184 352 176 112 160 40 0 48 360 272 72 192 80 0 0 184 448 72 160 128 32 0 0 
0 184 336 112 184 136 72 0 0 240 280 208 176 104 16 0 144 360 152 168 168 32 0 0 
24 616 248 64 48 24 0 0 40 688 168 88 40 0 0 0 416 480 64 40 24 0 0 0 
8 296 216 280 104 56 64 0 32 456 296 104 72 56 8 0 152 512 176 72 56 56 0 0 
56 376 312 152 64 40 24 0 24 568 240 104 56 24 8 0 480 280 136 96 24 8 0 0 
16 432 248 104 104 80 40 0 40 440 256 192 24 72 0 0 304 376 136 136 24 48 0 0 
0 296 576 112 40 0 0 0 0 520 408 96 0 0 0 0 416 504 104 0 0 0 0 0 
64 704 144 48 48 16 0 0 56 656 248 8 56 0 0 0 688 216 56 40 24 0 0 0 
336 680 8 0 0 0 0 0 208 768 48 0 0 0 0 0 1008 16 0 0 0 0 0 0 
192 392 264 64 88 24 0 0 184 456 216 96 48 24 0 0 600 248 80 64 16 16 0 0 
416 272 288 48 0 0 0 0 432 360 200 32 0 0 0 0 688 280 48 8 0 0 0 0 
48 720 0 112 96 48 0 0 32 736 32 176 48 0 0 0 672 96 112 128 16 0 0 0 
