232 167 238 189 117 63 15 3 139 227 259 228 114 50 6 1 116 417 298 137 46 8 1 1 
329 170 141 122 72 57 65 68 238 291 154 132 84 90 34 1 121 430 211 115 118 28 1 0 
506 77 70 53 55 94 162 7 377 210 82 58 112 168 15 2 68 514 127 189 98 17 8 3 
222 79 66 100 111 232 179 35 197 146 113 153 267 124 22 2 98 320 286 230 69 19 2 0 
175 159 236 223 121 66 36 8 70 207 278 254 139 65 11 0 103 381 316 167 49 7 1 0 
77 105 162 182 219 164 98 17 40 129 197 257 228 142 30 1 90 233 323 230 125 21 2 0 
234 210 213 213 110 39 2 3 157 243 247 230 111 31 4 1 162 361 284 152 51 12 2 0 
156 161 254 233 142 57 20 1 43 195 265 306 156 53 5 1 69 330 381 193 43 7 1 0 
699 193 77 41 12 2 0 0 191 577 146 78 30 2 0 0 57 677 217 59 13 1 0 0 
775 163 50 20 10 5 1 0 231 573 138 45 23 7 5 2 47 670 219 50 23 9 3 3 
290 230 175 165 104 41 17 2 140 314 191 188 127 45 18 1 146 411 285 124 37 18 2 1 
103 145 152 217 249 129 25 4 58 156 172 239 265 112 20 2 128 325 351 161 47 10 2 0 
102 141 179 229 240 101 27 5 36 152 190 242 267 111 21 5 130 283 340 208 50 11 1 1 
41 75 134 223 293 209 46 3 17 79 152 241 332 178 23 2 54 234 362 295 70 9 0 0 
28 85 142 275 299 166 28 1 10 63 147 271 344 168 20 1 44 185 389 303 90 13 0 0 
25 41 88 196 352 286 35 1 6 45 102 229 418 212 12 0 28 166 368 383 77 2 0 0 
38 84 119 199 268 219 90 7 21 91 147 216 307 205 34 3 64 187 331 281 140 18 2 1 
55 68 115 187 282 231 70 16 17 78 113 183 362 199 61 11 34 140 303 347 130 47 14 9 
3 17 61 167 373 337 63 3 2 13 58 183 452 285 30 1 8 90 362 432 123 8 1 0 
19 60 75 175 323 288 72 8 5 53 94 186 359 275 44 3 25 106 312 423 125 23 7 0 
269 69 66 69 93 195 234 29 208 132 93 106 196 250 38 1 45 333 149 269 197 30 1 0 
146 116 138 138 150 150 117 69 123 161 165 193 182 147 53 0 78 284 231 226 153 52 0 0 
991 30 1 2 0 0 0 0 775 232 14 3 0 0 0 0 30 975 16 2 1 0 0 0 
746 95 78 48 23 14 19 1 581 233 96 54 34 20 6 0 73 794 89 38 26 4 0 0 
22 47 77 123 173 189 358 35 21 62 101 167 244 392 37 0 42 137 226 362 240 15 2 0 
307 227 146 121 105 53 59 6 210 287 177 146 114 80 10 0 152 442 195 151 78 6 0 0 
115 113 213 232 126 111 88 26 74 168 219 243 184 105 31 0 103 301 290 197 115 17 1 0 
98 136 215 205 176 111 66 17 60 168 228 236 215 91 24 2 106 271 294 239 83 27 3 1 
355 175 150 150 86 68 37 3 126 356 170 173 124 64 10 1 81 425 256 151 88 19 4 0 
590 155 97 101 57 21 3 0 197 465 140 118 74 28 2 0 83 593 229 85 30 4 0 0 
111 130 127 204 194 146 79 33 64 161 137 225 225 151 57 4 128 281 294 182 106 29 4 0 
143 142 146 208 249 119 17 0 76 162 153 205 281 126 21 0 134 287 351 187 56 9 0 0 
112 151 175 231 240 101 14 0 45 167 190 235 268 105 13 1 109 300 327 235 42 11 0 0 
85 142 147 207 277 135 30 1 29 156 173 215 281 146 23 1 84 242 358 255 71 14 0 0 
26 81 176 268 311 142 20 0 8 61 137 299 360 141 18 0 63 227 399 279 50 6 0 0 
5 17 60 165 377 331 67 2 4 22 56 209 445 262 25 1 32 96 425 371 95 4 1 0 
0 8 49 175 377 330 81 4 1 15 58 203 459 256 32 0 20 115 381 392 112 4 0 0 
23 46 93 250 313 200 74 25 12 43 85 237 379 210 50 8 54 125 376 317 109 35 8 0 
15 68 137 249 269 192 80 14 6 62 149 252 319 185 47 4 28 155 353 333 124 27 4 0 
10 70 93 148 284 284 111 21 6 42 112 177 352 258 65 8 19 122 300 339 190 43 7 0 
793 99 53 27 29 20 3 0 494 376 84 33 30 7 0 0 126 735 103 37 22 1 0 0 
405 108 79 51 65 69 114 133 303 238 89 76 79 142 97 0 97 429 128 110 178 82 0 0 
1024 0 0 0 0 0 0 0 797 227 0 0 0 0 0 0 64 960 0 0 0 0 0 0 
618 113 74 64 41 54 54 6 415 299 97 74 78 56 5 0 118 649 132 108 15 2 0 0 
221 141 93 84 83 141 250 11 181 192 116 97 132 291 15 0 114 296 136 188 262 28 0 0 
639 80 54 51 62 74 63 1 316 392 65 82 75 83 11 0 143 611 113 95 53 9 0 0 
39 60 136 263 241 183 89 13 18 77 180 310 256 158 23 2 67 276 352 230 90 7 2 0 
69 125 168 269 199 117 70 7 44 138 182 307 228 110 15 0 59 308 337 220 87 13 0 0 
372 208 178 123 78 46 15 4 175 351 199 171 86 32 9 1 131 473 241 110 47 18 4 0 
564 171 95 76 70 43 5 0 251 431 120 102 77 40 3 0 67 657 191 74 26 7 2 0 
182 134 102 197 234 147 22 6 92 179 129 214 257 136 13 4 159 360 321 148 29 6 1 0 
59 108 156 254 269 137 32 9 40 98 138 270 304 132 38 4 135 302 353 169 49 14 2 0 
53 107 118 246 282 184 32 2 23 107 140 230 327 168 27 2 108 295 371 204 41 5 0 0 
13 77 122 174 341 241 50 6 14 63 136 200 361 210 37 3 104 267 405 195 47 6 0 0 
18 56 100 195 395 223 35 2 7 53 88 213 436 205 21 1 73 196 438 274 41 2 0 0 
109 100 96 207 278 185 46 3 37 136 117 241 307 158 26 2 102 244 374 235 58 10 1 0 
11 28 89 176 342 288 84 6 4 28 100 223 381 241 47 0 39 164 379 339 97 6 0 0 
2 28 85 241 381 233 53 1 2 18 64 249 436 227 27 1 41 187 431 303 56 6 0 0 
9 27 93 213 351 233 81 17 8 33 104 238 365 225 45 6 30 184 376 319 83 26 6 0 
80 130 115 192 272 170 48 14 42 144 124 217 289 163 33 8 62 216 344 240 116 38 2 2 
576 134 84 101 91 35 3 0 373 358 116 105 64 8 0 0 128 663 181 46 6 0 0 0 
632 173 89 78 28 16 8 0 367 455 122 56 21 3 0 0 72 615 239 83 15 0 0 0 
1023 1 0 0 0 0 0 0 906 118 0 0 0 0 0 0 11 1012 1 0 0 0 0 0 
478 47 23 19 51 152 237 17 313 209 41 47 182 223 9 0 44 543 149 233 54 1 0 0 
225 88 66 100 188 192 128 37 147 167 83 165 259 172 30 1 132 412 229 171 65 15 0 0 
272 127 94 98 101 125 181 26 163 244 115 132 162 187 21 0 126 369 217 246 61 5 0 0 
91 67 74 128 182 198 263 21 70 110 107 162 251 290 34 0 96 248 301 287 88 4 0 0 
128 137 128 146 168 163 128 26 45 195 162 184 212 185 41 0 62 281 301 202 146 32 0 0 
58 102 96 115 166 201 256 30 51 125 113 151 275 267 42 0 76 260 299 291 84 12 2 0 
39 78 123 242 349 149 37 7 25 83 113 260 361 163 18 1 97 343 402 145 32 5 0 0 
17 74 136 231 337 157 58 14 18 68 138 227 355 174 41 3 128 250 390 185 52 19 0 0 
44 69 144 243 327 161 32 4 31 79 136 227 361 164 26 0 122 346 369 144 38 5 0 0 
40 70 105 206 304 208 70 21 41 78 126 215 335 190 38 1 130 270 381 190 40 13 0 0 
32 57 80 160 316 315 61 3 23 74 86 173 387 241 38 2 99 268 407 193 52 5 0 0 
91 105 106 156 286 219 58 3 28 147 115 192 299 205 37 1 93 281 375 223 47 4 1 0 
17 33 76 165 339 292 96 6 13 39 87 184 421 240 38 2 71 191 428 272 58 4 0 0 
136 115 119 154 205 217 69 9 53 181 148 171 259 171 39 2 116 298 304 226 65 15 0 0 
52 92 109 210 304 193 55 9 27 93 111 227 360 167 34 5 90 242 385 228 68 9 2 0 
20 42 84 222 395 217 42 2 14 39 90 226 437 188 29 1 55 205 466 236 56 6 0 0 
142 103 102 202 206 153 67 46 62 170 124 174 239 168 58 25 43 302 295 197 101 48 32 3 
966 58 0 0 0 0 0 0 758 255 11 0 0 0 0 0 29 974 21 0 0 0 0 0 
447 200 86 80 91 63 54 3 278 361 148 115 76 46 0 0 45 474 257 161 83 4 0 0 
949 33 18 8 6 7 3 0 780 204 18 7 9 5 1 0 93 889 22 6 13 1 0 0 
92 81 73 109 218 255 166 30 62 114 105 206 317 206 14 0 126 327 307 212 51 1 0 0 
1 20 38 73 207 336 318 31 8 36 63 164 398 332 23 0 87 240 339 310 44 4 0 0 
87 173 146 140 167 161 141 9 102 219 156 176 196 157 18 0 176 319 255 189 82 3 0 0 
133 184 133 101 101 121 204 47 94 264 152 127 131 213 43 0 126 315 185 258 126 14 0 0 
13 62 82 105 145 182 346 89 7 69 115 111 232 376 114 0 32 203 246 271 251 21 0 0 
0 14 50 108 334 346 150 22 3 26 59 181 472 238 44 1 46 259 450 217 49 3 0 0 
201 157 126 134 133 144 101 28 128 260 150 156 152 143 31 4 146 369 223 172 91 18 5 0 
37 57 103 185 312 233 78 19 16 92 109 227 353 191 33 3 114 279 418 166 38 7 2 0 
33 69 93 145 322 257 96 9 28 79 101 183 364 231 34 4 127 317 345 195 37 3 0 0 
9 55 102 179 287 256 100 36 9 63 128 217 375 183 46 3 109 327 367 150 64 7 0 0 
54 103 90 148 256 266 91 16 31 113 135 184 297 232 29 3 96 289 399 192 33 13 2 0 
19 41 67 114 273 348 149 13 12 55 89 169 362 292 43 2 69 237 443 229 39 7 0 0 
35 34 35 88 262 392 169 9 14 55 55 119 415 326 38 2 73 238 476 213 20 4 0 0 
104 62 65 88 152 322 221 10 54 111 79 117 293 333 37 0 83 238 412 260 29 2 0 0 
97 123 134 148 271 196 48 7 67 136 147 166 314 170 20 4 124 304 343 188 51 12 2 0 
31 48 53 126 327 299 126 14 23 52 74 177 410 230 58 0 60 165 418 261 103 17 0 0 
14 32 51 154 464 249 49 7 5 35 55 177 491 231 25 1 43 158 501 264 49 5 0 0 
958 59 7 0 0 0 0 0 673 334 17 0 0 0 0 0 23 979 22 0 0 0 0 0 
292 87 59 87 114 140 179 66 216 181 104 148 170 169 36 0 99 282 115 241 236 51 0 0 
874 79 28 18 15 7 3 0 674 272 41 18 13 3 3 0 89 849 61 17 5 3 0 0 
319 114 43 63 122 149 180 34 248 204 86 155 182 139 10 0 118 384 214 238 64 6 0 0 
71 66 66 78 164 273 252 54 61 103 90 134 297 296 42 1 125 257 267 259 101 12 3 0 
195 214 197 156 132 84 42 4 147 306 251 167 103 44 6 0 123 457 280 130 29 5 0 0 
13 135 138 129 151 179 223 56 23 190 171 174 198 227 41 0 58 283 273 286 110 14 0 0 
3 50 71 115 102 164 361 158 7 81 109 131 167 373 156 0 29 159 195 245 358 38 0 0 
227 234 135 86 75 123 113 31 110 364 171 83 133 132 31 0 55 438 278 158 88 7 0 0 
143 85 83 91 101 163 231 127 96 156 100 122 167 274 106 3 114 207 212 245 202 42 2 0 
413 134 113 69 72 78 107 38 237 328 133 76 92 123 35 0 115 496 180 161 57 15 0 0 
56 70 138 178 208 223 123 28 30 126 200 213 237 173 44 1 68 271 358 211 111 4 1 0 
47 63 105 213 246 220 121 9 41 144 221 269 218 122 9 0 60 286 375 241 60 2 0 0 
193 148 165 183 173 98 58 6 148 293 216 187 104 57 19 0 109 399 292 146 65 13 0 0 
172 203 200 115 99 100 104 31 85 288 240 121 120 128 42 0 79 344 301 155 127 18 0 0 
99 138 169 160 193 167 86 12 30 178 209 216 213 143 34 1 89 295 362 191 74 13 0 0 
35 83 101 139 185 244 188 49 38 93 134 171 245 266 75 2 88 177 286 282 158 30 3 0 
7 31 56 63 242 370 223 32 7 46 55 115 373 345 77 6 41 162 419 282 96 21 3 0 
2 24 49 115 242 353 215 24 8 34 79 142 385 330 45 1 29 133 328 348 172 12 2 0 
2 37 69 120 291 290 174 38 5 34 87 145 385 316 48 1 24 160 400 272 148 12 5 0 
694 168 64 33 29 15 12 9 483 398 58 43 16 15 10 1 170 710 77 38 18 10 1 0 
249 63 32 107 169 163 188 53 189 125 96 223 202 168 21 0 77 234 127 340 213 33 0 0 
496 261 158 75 23 11 0 0 278 464 200 60 20 2 0 0 155 666 168 29 6 0 0 0 
476 127 118 152 80 66 5 0 374 319 207 95 29 0 0 0 79 654 251 40 0 0 0 0 
341 143 103 166 149 90 30 2 225 281 169 223 89 31 6 0 152 537 226 61 38 9 1 0 
464 158 104 101 114 56 23 4 204 410 149 155 69 32 5 0 126 604 230 57 7 0 0 0 
3 18 71 93 190 338 257 54 10 69 102 219 352 230 42 0 63 280 401 239 39 2 0 0 
0 2 14 83 204 288 311 122 0 12 101 229 299 292 91 0 25 197 354 267 158 23 0 0 
189 238 129 115 77 67 75 134 111 354 162 113 77 67 116 24 85 437 191 117 78 95 21 0 
188 115 74 54 49 53 147 344 87 221 87 71 55 143 242 118 63 271 117 96 211 143 122 1 
539 195 99 73 46 46 26 0 213 496 138 94 49 27 7 0 100 622 193 67 38 4 0 0 
60 84 76 118 144 140 185 217 53 118 137 166 161 198 188 3 58 192 214 237 230 93 0 0 
111 84 89 127 117 162 180 154 92 143 163 150 177 159 112 28 102 253 272 166 126 85 20 0 
728 84 57 53 57 33 10 2 339 468 89 71 46 11 0 0 87 727 108 79 20 3 0 0 
676 125 75 41 37 42 25 3 376 417 89 36 43 53 10 0 112 682 100 51 63 16 0 0 
616 121 53 34 35 42 92 31 362 365 72 46 32 81 66 0 79 627 117 56 91 54 0 0 
396 99 38 31 59 142 181 78 221 263 63 53 141 182 100 1 39 438 145 177 165 60 0 0 
52 43 42 53 119 284 325 106 34 74 49 77 237 395 155 3 30 167 286 230 205 103 3 0 
39 116 87 68 98 124 314 178 17 138 114 93 129 324 209 0 32 182 179 210 293 128 0 0 
12 93 140 160 222 220 128 46 5 88 189 236 272 171 60 0 19 203 395 222 136 46 0 0 
792 86 40 39 37 27 3 0 516 366 60 47 34 1 0 0 73 817 71 55 8 0 0 0 
323 32 35 45 126 171 183 109 273 99 49 159 204 157 83 0 48 324 84 274 203 91 0 0 
698 185 69 49 20 3 0 0 428 474 98 22 2 0 0 0 115 801 98 10 0 0 0 0 
822 149 38 11 4 0 0 0 472 526 23 3 0 0 0 0 68 916 40 0 0 0 0 0 
357 269 183 133 55 17 10 0 189 487 229 89 25 5 0 0 96 670 219 36 3 0 0 0 
23 75 105 185 231 234 163 8 18 130 212 349 271 41 3 0 57 396 464 97 10 0 0 0 
0 1 8 43 127 385 413 47 1 10 57 202 546 197 11 0 36 173 593 206 16 0 0 0 
0 0 5 28 153 480 339 19 0 7 45 293 531 145 3 0 20 239 593 164 8 0 0 0 
26 138 110 132 160 144 79 235 27 153 167 225 157 50 190 55 48 290 312 100 38 177 59 0 
33 167 119 85 85 70 54 411 55 210 117 108 75 39 136 284 85 223 148 94 54 120 294 6 
2 12 19 42 234 444 229 42 6 28 105 366 382 122 15 0 10 215 564 196 34 5 0 0 
0 0 5 28 52 57 100 782 0 5 47 70 29 156 704 13 3 50 80 106 462 321 2 0 
166 89 70 52 93 195 247 112 121 137 88 152 254 170 86 16 104 258 307 190 102 58 5 0 
602 79 33 46 46 67 128 23 338 341 40 48 79 146 30 2 54 642 137 132 52 6 1 0 
786 37 36 35 40 53 37 0 414 393 41 42 50 78 6 0 15 815 110 81 3 0 0 0 
876 77 19 11 14 19 8 0 462 458 44 22 15 21 2 0 36 883 76 28 1 0 0 0 
333 111 61 62 77 81 182 117 173 269 97 81 90 198 108 8 45 354 155 177 171 94 28 0 
524 139 74 44 60 63 101 19 284 371 84 44 75 108 55 3 83 562 115 82 95 72 14 1 
533 151 52 55 50 70 74 39 192 456 96 71 68 90 51 0 71 588 138 109 97 17 4 0 
0 21 40 103 217 270 230 139 1 30 128 240 275 212 122 12 7 94 339 281 202 80 17 0 
160 109 96 78 73 116 349 43 69 197 115 94 183 362 4 0 63 275 313 301 70 2 0 0 
37 48 71 106 80 98 502 82 24 69 104 134 222 455 16 0 39 81 381 311 204 8 0 0 
189 59 99 93 79 84 368 53 81 161 140 99 161 380 2 0 46 273 510 192 3 0 0 0 
32 42 23 50 57 143 615 62 15 72 57 43 94 723 20 0 22 106 531 360 5 0 0 0 
1 40 44 69 31 97 691 51 8 77 73 46 66 734 20 0 7 108 505 403 1 0 0 0 
0 0 0 0 0 28 903 93 0 0 0 41 217 744 22 0 0 34 619 370 1 0 0 0 
0 0 0 0 0 27 865 132 0 0 0 34 259 590 84 57 0 5 500 389 33 43 53 1 
0 0 0 2 11 62 757 192 0 0 1 50 319 492 79 83 1 19 455 392 46 39 72 0 
0 0 3 7 5 67 622 320 0 0 6 31 180 603 184 20 2 24 247 553 104 93 1 0 
0 1 12 21 24 59 451 456 0 5 21 47 50 503 273 125 2 23 70 462 221 113 94 39 
0 3 7 15 20 22 377 580 0 6 11 29 21 552 291 114 7 24 33 510 261 75 91 23 
0 0 0 8 18 29 374 595 0 2 8 23 60 464 425 42 2 8 58 351 367 215 23 0 
1 13 23 12 37 119 337 482 12 16 24 60 214 275 286 137 17 29 198 250 156 200 166 8 
0 0 1 3 12 66 557 385 0 1 5 16 116 558 282 46 1 10 197 354 240 174 48 0 
0 0 4 7 16 51 413 533 0 1 9 14 54 425 296 225 2 8 56 325 255 148 184 46 
0 3 8 19 21 70 345 558 0 0 7 26 61 373 322 235 0 9 95 302 207 161 200 50 
14 23 27 57 64 90 315 434 4 36 72 64 127 431 269 21 7 87 145 316 371 69 29 0 
0 0 0 9 102 111 381 421 0 7 90 92 71 475 286 3 0 34 152 367 383 88 0 0 
0 3 28 74 114 147 286 372 9 56 91 118 158 346 244 2 21 87 174 292 344 102 4 0 
0 2 6 8 52 104 279 569 2 8 23 80 161 272 372 102 8 15 90 304 252 253 97 1 
0 0 0 12 58 268 559 127 0 0 0 22 120 733 106 43 0 5 350 498 47 56 67 1 
0 0 0 1 54 202 533 234 0 0 0 1 122 656 172 73 0 3 386 362 119 110 44 0 
0 0 0 0 2 76 569 377 0 0 0 0 78 554 318 74 0 2 150 480 101 261 30 0 
0 0 0 0 0 0 577 447 0 0 0 0 16 587 293 128 0 0 57 501 216 144 100 6 
0 0 0 3 7 3 557 454 0 0 4 7 18 569 340 86 0 2 36 405 348 145 88 0 
0 0 0 0 0 20 536 468 0 0 0 0 38 559 273 154 0 0 28 343 345 154 133 21 
0 0 0 0 4 83 364 573 0 0 0 26 119 396 423 60 0 1 58 320 323 288 34 0 
6 43 33 33 66 101 271 471 23 51 59 89 138 244 331 89 30 94 144 136 270 273 77 0 
0 8 30 104 146 112 237 387 12 53 115 137 126 202 356 23 30 105 151 186 240 278 34 0 
2 13 21 60 82 79 215 552 9 34 75 91 85 212 460 58 16 71 112 105 317 352 51 0 
159 68 38 61 56 115 225 302 123 130 69 95 133 130 252 92 62 202 115 214 84 264 83 0 
6 43 53 72 80 131 194 445 35 73 99 146 86 159 349 77 39 128 193 96 189 339 40 0 
5 30 29 35 45 62 145 673 23 41 47 57 57 91 495 213 19 70 81 51 78 425 297 3 
0 3 38 64 70 135 221 493 3 50 78 112 178 132 363 108 23 69 187 169 150 338 87 1 
18 32 30 29 89 227 310 289 23 50 74 173 298 164 210 32 39 92 269 298 159 141 26 0 
0 0 5 33 58 208 272 448 1 16 42 128 239 241 309 48 9 47 197 249 247 216 58 1 
24 47 102 132 106 161 354 98 6 87 175 176 357 129 74 20 11 84 284 469 76 63 37 0 
319 88 83 63 82 102 269 18 16 405 156 121 198 128 0 0 1 398 289 313 23 0 0 0 
447 130 75 83 71 73 126 19 76 520 142 102 124 59 1 0 7 620 215 158 24 0 0 0 
20 153 286 194 121 74 115 57 7 203 416 189 87 110 10 0 3 312 506 160 39 1 0 0 
15 53 99 71 141 283 226 136 18 145 82 150 315 213 91 10 3 144 137 269 402 52 17 0 
2 13 76 147 86 78 262 360 9 99 161 73 93 309 279 1 7 133 161 123 411 186 3 0 
0 0 34 110 68 49 365 398 1 53 107 63 154 346 296 4 2 67 139 230 362 221 3 0 
0 10 46 44 46 105 367 406 10 49 52 67 198 401 247 0 19 66 77 298 378 185 1 0 
0 2 51 62 51 164 347 347 5 64 63 69 258 300 264 1 17 83 96 313 316 195 4 0 
0 0 24 72 55 184 385 304 0 63 72 72 290 342 179 6 4 94 127 360 288 147 4 0 
0 1 9 55 118 266 378 197 2 38 91 172 319 312 90 0 7 93 256 432 203 33 0 0 
16 69 24 59 164 264 271 157 52 65 129 264 255 173 83 3 34 160 372 277 141 38 2 0 
0 13 27 150 187 205 327 115 16 39 195 219 280 254 21 0 28 113 307 404 151 19 2 0 
0 2 8 82 93 167 437 235 3 19 114 135 307 398 48 0 5 69 277 475 186 12 0 0 
0 0 0 8 51 142 578 245 0 3 27 84 388 400 102 20 2 40 219 471 219 50 23 0 
0 0 3 25 95 234 509 158 0 11 72 206 462 264 9 0 6 83 434 455 46 0 0 0 
0 2 16 33 108 241 363 261 5 23 82 199 262 309 138 6 20 79 248 323 271 79 4 0 
0 14 41 106 142 277 297 147 5 64 157 260 267 223 48 0 7 160 388 324 139 6 0 0 
81 144 157 94 141 178 126 103 52 263 177 228 120 107 76 1 45 316 311 153 139 54 6 0 
106 197 189 167 156 79 78 52 28 284 247 195 129 96 45 0 12 210 359 222 161 59 1 0 
325 350 218 95 25 4 4 3 13 401 441 139 22 5 3 0 0 117 585 268 48 5 1 0 
339 584 96 5 0 0 0 0 6 784 227 7 0 0 0 0 0 665 345 14 0 0 0 0 
252 693 78 1 0 0 0 0 4 782 236 2 0 0 0 0 1 695 326 2 0 0 0 0 
72 564 362 24 0 0 0 0 2 440 559 21 0 0 0 0 2 403 586 32 0 0 0 0 
28 49 99 256 229 200 130 33 29 80 275 335 179 111 15 0 39 75 371 405 111 19 4 0 
37 22 37 88 79 220 451 90 39 52 90 130 415 271 27 0 57 87 183 506 183 8 0 0 
193 64 33 23 20 126 364 201 165 117 27 36 239 365 75 0 132 173 81 405 221 12 0 0 
146 100 97 51 55 110 285 180 134 187 67 61 244 233 96 2 124 233 110 355 155 45 2 0 
267 149 91 67 62 120 145 123 171 288 95 83 168 115 93 11 176 333 111 194 114 81 15 0 
196 180 127 96 78 103 119 125 153 292 124 90 107 141 113 4 219 303 117 112 169 98 6 0 
0 35 158 244 214 147 137 89 24 124 294 223 152 142 57 8 95 295 286 173 119 56 0 0 
0 7 80 212 266 206 165 88 5 66 275 303 186 121 65 3 49 280 370 163 118 42 2 0 
29 142 144 149 163 154 158 85 91 192 177 189 176 156 43 0 161 221 216 256 158 11 1 0 
2 12 54 112 145 211 296 192 12 60 130 176 247 284 114 1 65 128 203 332 242 54 0 0 
22 119 253 228 192 116 71 23 77 253 275 224 124 54 15 2 145 300 284 197 71 23 4 0 
2 35 96 288 282 201 108 12 21 138 321 323 187 34 0 0 68 277 393 238 48 0 0 0 
14 92 147 177 264 207 110 13 32 190 241 312 201 46 2 0 102 255 369 249 48 1 0 0 
221 341 188 148 79 40 7 0 74 593 219 103 29 6 0 0 54 641 239 75 14 1 0 0 
355 319 190 87 48 19 6 0 117 594 201 74 28 10 0 0 78 639 209 68 27 3 0 0 
422 338 166 75 19 4 0 0 55 625 235 95 13 1 0 0 41 573 286 107 16 1 0 0 
417 357 209 41 0 0 0 0 25 576 375 47 1 0 0 0 4 411 531 75 3 0 0 0 
280 668 76 0 0 0 0 0 6 660 353 5 0 0 0 0 8 637 364 15 0 0 0 0 
65 761 198 0 0 0 0 0 2 417 576 28 1 0 0 0 4 444 505 63 8 0 0 0 
85 715 216 6 0 0 0 0 0 200 756 65 1 0 0 0 0 110 771 135 6 0 0 0 
881 85 31 17 6 2 2 0 758 215 30 14 4 2 1 0 82 881 38 16 4 3 0 0 
363 76 123 195 166 97 4 0 343 161 251 206 59 4 0 0 56 442 297 210 18 1 0 0 
1016 8 0 0 0 0 0 0 856 168 0 0 0 0 0 0 73 951 0 0 0 0 0 0 
628 297 84 15 0 0 0 0 516 428 71 9 0 0 0 0 116 756 130 22 0 0 0 0 
627 278 90 21 5 3 0 0 412 456 130 17 7 2 0 0 165 699 133 19 6 2 0 0 
500 320 98 70 19 13 4 0 373 447 102 66 22 13 1 0 220 603 103 71 20 7 0 0 
88 275 326 201 90 33 11 0 144 361 336 124 48 11 0 0 181 422 289 108 21 3 0 0 
21 193 346 284 116 41 19 4 83 306 387 169 55 20 3 1 136 364 371 106 35 11 1 0 
175 356 214 130 86 38 21 4 166 457 213 122 43 22 1 0 148 493 244 103 33 3 0 0 
42 179 217 253 162 122 48 1 91 242 301 205 133 51 0 1 114 307 295 214 85 8 1 0 
362 390 160 85 19 6 2 0 149 596 181 84 8 6 0 0 93 602 232 83 10 4 0 0 
103 461 314 117 29 0 0 0 59 577 307 74 7 0 0 0 73 599 287 63 2 0 0 0 
224 461 262 64 12 1 0 0 73 624 275 46 6 0 0 0 60 635 285 42 2 0 0 0 
673 338 13 0 0 0 0 0 56 933 34 1 0 0 0 0 10 890 122 2 0 0 0 0 
567 365 72 18 2 0 0 0 99 797 107 19 2 0 0 0 30 814 163 13 4 0 0 0 
586 373 57 8 0 0 0 0 29 802 171 22 0 0 0 0 12 652 317 40 3 0 0 0 
433 459 126 6 0 0 0 0 19 622 342 41 0 0 0 0 2 396 529 84 13 0 0 0 
407 551 63 3 0 0 0 0 5 380 526 103 10 0 0 0 0 170 542 256 48 8 0 0 
233 688 103 0 0 0 0 0 3 353 540 128 0 0 0 0 0 145 612 213 54 0 0 0 
158 654 195 15 0 0 0 0 0 207 581 208 26 0 0 0 0 121 505 289 98 8 0 0 
846 145 24 7 0 0 0 0 583 373 60 7 0 0 0 0 35 849 120 17 0 0 0 0 
160 213 206 270 163 10 0 0 117 284 416 199 7 0 0 0 42 277 494 209 0 0 0 0 
750 206 24 35 7 0 0 0 533 369 74 39 7 0 0 0 128 704 131 46 14 0 0 0 
433 298 241 49 0 0 0 0 284 458 256 24 0 0 0 0 88 554 291 88 0 0 0 0 
305 462 209 46 0 0 0 0 135 540 245 99 3 0 0 0 124 487 291 110 10 0 0 0 
323 391 206 81 21 0 0 0 170 522 184 117 28 0 0 0 103 529 220 99 71 0 0 0 
71 348 341 213 49 0 0 0 99 362 327 192 42 0 0 0 81 387 330 170 53 0 0 0 
85 398 316 110 106 7 0 0 60 430 330 74 120 7 0 0 71 412 334 67 88 49 0 0 
280 469 145 14 71 14 28 0 67 576 209 56 0 74 35 3 42 533 248 78 7 67 28 17 
160 277 280 96 56 39 53 60 128 327 284 88 67 17 21 88 92 327 284 135 56 17 17 92 
504 312 92 0 0 0 24 88 99 618 142 49 0 0 0 113 10 597 234 67 0 0 0 113 
288 376 135 110 0 0 0 113 32 593 145 120 17 0 0 113 14 515 241 96 42 0 0 113 
145 408 199 67 46 42 0 113 49 458 248 49 53 49 0 113 42 423 288 56 46 53 0 113 
334 440 21 0 39 53 21 113 7 704 78 7 0 71 42 113 7 561 213 14 0 64 35 128 
256 430 92 14 3 0 28 199 32 608 135 17 3 0 3 224 17 501 256 21 0 0 0 227 
352 369 67 7 0 0 0 227 7 572 202 14 0 0 0 227 0 309 419 67 0 0 0 227 
209 416 167 3 0 0 0 227 21 355 384 35 0 0 0 227 0 152 561 78 3 0 0 227 
152 494 149 0 0 0 0 227 0 234 536 24 0 0 0 227 0 92 611 92 0 0 0 227 
96 416 206 78 0 0 0 227 0 209 437 145 3 0 0 227 0 88 501 184 21 0 0 227 
40 309 295 145 4 0 0 227 0 122 395 218 59 0 0 227 0 59 323 314 95 4 0 227 
