0 0 0 0 0 0 0 1024 0 0 0 0 0 0 0 1024 0 0 0 0 0 0 0 1024 
0 0 0 0 0 0 0 1024 0 0 0 0 0 0 0 1024 0 0 0 0 0 0 0 1024 
0 0 0 0 0 0 0 1024 0 0 0 0 0 0 0 1024 0 0 0 0 0 0 0 1024 
0 0 0 0 0 0 0 1024 0 0 0 0 0 0 0 1024 0 0 0 0 0 0 0 1024 
0 0 0 0 0 0 40 984 0 0 0 0 0 0 24 1000 0 0 0 0 0 0 0 1024 
0 0 0 0 0 0 2 1022 0 0 0 0 0 0 4 1020 0 0 0 0 0 0 0 1024 
0 0 0 0 0 0 0 1024 0 0 0 0 0 0 0 1024 0 0 0 0 0 0 0 1024 
0 0 0 0 0 0 0 1024 0 0 0 0 0 0 0 1024 0 0 0 0 0 0 0 1024 
0 0 0 0 0 0 0 1024 0 0 0 0 0 0 0 1024 0 0 0 0 0 0 0 1024 
0 0 0 0 0 0 0 1024 0 0 0 0 0 0 0 1024 0 0 0 0 0 0 0 1024 
0 0 0 0 0 0 0 1024 0 0 0 0 0 0 0 1024 0 0 0 0 0 0 0 1024 
0 0 0 0 0 0 0 1024 0 0 0 0 0 0 0 1024 0 0 0 0 0 0 0 1024 
0 0 0 0 0 0 0 1024 0 0 0 0 0 0 0 1024 0 0 0 0 0 0 0 1024 
0 0 0 0 0 0 0 1024 0 0 0 0 0 0 0 1024 0 0 0 0 0 0 0 1024 
0 0 0 0 0 0 0 1024 0 0 0 0 0 0 0 1024 0 0 0 0 0 0 0 1024 
0 0 0 0 0 0 0 1024 0 0 0 0 0 0 0 1024 0 0 0 0 0 0 0 1024 
0 0 0 0 0 0 0 1024 0 0 0 0 0 0 0 1024 0 0 0 0 0 0 0 1024 
0 0 0 0 0 0 0 1024 0 0 0 0 0 0 0 1024 0 0 0 0 0 0 0 1024 
0 0 0 0 0 0 0 1024 0 0 0 0 0 0 0 1024 0 0 0 0 0 0 0 1024 
0 0 0 0 0 0 0 1024 0 0 0 0 0 0 0 1024 0 0 0 0 0 0 0 1024 
0 0 0 0 0 0 0 1024 0 0 0 0 0 0 0 1024 0 0 0 0 0 0 0 1024 
0 0 0 0 0 0 0 1024 0 0 0 0 0 0 0 1024 0 0 0 0 0 0 0 1024 
0 0 0 0 0 0 0 1024 0 0 0 0 0 0 0 1024 0 0 0 0 0 0 0 1024 
0 0 0 0 0 0 0 1024 0 0 0 0 0 0 115 909 0 0 0 0 0 0 0 1024 
0 0 0 0 0 0 125 899 0 0 0 0 0 0 509 515 0 0 0 0 0 0 0 1024 
0 0 0 0 0 0 940 84 0 0 0 0 0 0 1017 7 0 0 0 0 0 0 0 1024 
0 0 0 0 0 0 531 493 0 0 0 0 0 0 674 350 0 0 0 0 0 0 0 1024 
0 0 0 0 0 0 411 613 0 0 0 0 0 0 636 388 0 0 0 0 0 0 5 1019 
0 0 0 0 0 0 752 272 0 0 0 0 0 0 1010 14 0 0 0 0 0 0 4 1020 
0 0 0 0 0 0 1018 6 0 0 0 0 0 0 1024 0 0 0 0 0 0 0 405 619 
0 0 0 0 0 0 1024 0 0 0 0 0 0 0 1024 0 0 0 0 0 0 0 894 130 
0 0 0 0 0 0 1024 0 0 0 0 0 0 0 1024 0 0 0 0 0 0 0 1005 19 
0 0 0 0 0 0 1024 0 0 0 0 0 0 0 1024 0 0 0 0 0 0 0 1013 11 
0 0 0 0 0 11 999 14 0 0 0 0 0 0 1024 0 0 0 0 0 0 0 967 57 
0 0 0 0 0 0 822 202 0 0 0 0 0 0 1022 2 0 0 0 0 0 0 804 220 
0 0 0 0 0 0 597 427 0 0 0 0 0 0 995 29 0 0 0 0 0 0 604 420 
0 0 0 0 0 0 191 833 0 0 0 0 0 0 1005 19 0 0 0 0 0 0 424 600 
0 0 0 0 0 0 886 138 0 0 0 0 0 0 1024 0 0 0 0 0 0 0 954 70 
0 0 0 0 0 0 1017 7 0 0 0 0 0 0 1024 0 0 0 0 0 0 0 1024 0 
0 0 0 0 0 0 1017 7 0 0 0 0 0 0 1024 0 0 0 0 0 0 0 1022 2 
0 0 0 0 0 0 452 572 0 0 0 0 0 0 539 485 0 0 0 0 0 0 196 828 
0 0 0 0 0 0 512 512 0 0 0 0 0 0 559 465 0 0 0 0 0 0 45 979 
0 0 0 0 0 0 122 902 0 0 0 0 0 0 136 888 0 0 0 0 0 0 4 1020 
0 0 0 0 0 0 2 1022 0 0 0 0 0 0 12 1012 0 0 0 0 0 0 1 1023 
0 0 0 0 0 0 717 307 0 0 0 0 0 0 710 314 0 0 0 0 0 0 0 1024 
0 0 0 0 0 0 600 424 0 0 0 0 0 0 576 448 0 0 0 0 0 0 0 1024 
0 0 0 0 0 0 0 1024 0 0 0 0 0 0 0 1024 0 0 0 0 0 0 0 1024 
0 0 0 0 0 0 0 1024 0 0 0 0 0 0 0 1024 0 0 0 0 0 0 0 1024 
0 0 0 0 0 0 0 1024 0 0 0 0 0 0 0 1024 0 0 0 0 0 0 0 1024 
0 0 0 0 0 0 0 1024 0 0 0 0 0 0 0 1024 0 0 0 0 0 0 0 1024 
0 0 0 0 0 0 0 1024 0 0 0 0 0 0 0 1024 0 0 0 0 0 0 0 1024 
0 0 0 0 0 0 0 1024 0 0 0 0 0 0 0 1024 0 0 0 0 0 0 0 1024 
0 0 0 0 0 0 0 1024 0 0 0 0 0 0 0 1024 0 0 0 0 0 0 0 1024 
0 0 0 0 0 0 0 1024 0 0 0 0 0 0 0 1024 0 0 0 0 0 0 0 1024 
0 0 0 0 0 0 0 1024 0 0 0 0 0 0 0 1024 0 0 0 0 0 0 0 1024 
0 0 0 0 0 0 0 1024 0 0 0 0 0 0 0 1024 0 0 0 0 0 0 0 1024 
0 0 0 0 0 0 0 1024 0 0 0 0 0 0 0 1024 0 0 0 0 0 0 0 1024 
0 0 0 0 0 0 0 1024 0 0 0 0 0 0 0 1024 0 0 0 0 0 0 0 1024 
0 0 0 0 0 0 0 1024 0 0 0 0 0 0 0 1024 0 0 0 0 0 0 0 1024 
0 0 0 0 0 0 0 1024 0 0 0 0 0 0 0 1024 0 0 0 0 0 0 0 1024 
0 0 0 0 0 0 0 1024 0 0 0 0 0 0 0 1024 0 0 0 0 0 0 0 1024 
0 0 0 0 0 0 0 1024 0 0 0 0 0 0 0 1024 0 0 0 0 0 0 0 1024 
0 0 0 0 0 0 0 1024 0 0 0 0 0 0 0 1024 0 0 0 0 0 0 0 1024 
0 0 0 0 0 0 0 1024 0 0 0 0 0 0 0 1024 0 0 0 0 0 0 0 1024 
0 0 0 0 0 0 0 1024 0 0 0 0 0 0 28 996 0 0 0 0 0 0 0 1024 
0 0 0 0 0 0 329 695 0 0 0 0 0 0 433 591 0 0 0 0 0 0 0 1024 
0 0 0 0 0 0 305 719 0 0 0 0 0 0 507 517 0 0 0 0 0 0 0 1024 
0 0 0 0 0 0 603 421 0 0 0 0 0 0 750 274 0 0 0 0 0 0 0 1024 
0 0 0 0 0 0 516 508 0 0 0 0 0 0 989 35 0 0 0 0 0 0 101 923 
0 0 0 0 0 0 666 358 0 0 0 0 0 0 977 47 0 0 0 0 0 0 151 873 
0 0 0 0 0 0 905 119 0 0 0 0 0 0 1024 0 0 0 0 0 0 0 531 493 
0 0 0 0 0 0 1024 0 0 0 0 0 0 0 1024 0 0 0 0 0 0 0 973 51 
0 0 0 0 0 0 750 274 0 0 0 0 0 0 1005 19 0 0 0 0 0 0 791 233 
0 0 0 0 0 0 519 505 0 0 0 0 0 0 984 40 0 0 0 0 0 0 689 335 
0 0 0 0 0 0 17 1007 0 0 0 0 0 0 885 139 0 0 0 0 0 0 268 756 
0 0 0 0 0 0 48 976 0 0 0 0 0 0 759 265 0 0 0 0 0 0 349 675 
0 0 0 0 0 0 45 979 0 0 0 0 0 0 669 355 0 0 0 0 0 0 510 514 
0 0 0 0 0 0 765 259 0 0 0 0 0 0 1024 0 0 0 0 0 0 0 961 63 
0 0 0 0 0 4 1020 0 0 0 0 0 0 0 1024 0 0 0 0 0 0 0 1024 0 
0 0 0 0 0 1 1023 0 0 0 0 0 0 22 1002 0 0 0 0 0 0 0 1024 0 
0 0 0 0 0 0 934 90 0 0 0 0 0 0 957 67 0 0 0 0 0 0 930 94 
0 0 0 0 0 0 1010 14 0 0 0 0 0 0 1017 7 0 0 0 0 0 0 852 172 
0 0 0 0 0 0 940 84 0 0 0 0 0 0 959 65 0 0 0 0 0 0 497 527 
0 0 0 0 0 0 344 680 0 0 0 0 0 0 383 641 0 0 0 0 0 0 162 862 
0 0 0 0 0 0 581 443 0 0 0 0 0 0 679 345 0 0 0 0 0 0 191 833 
0 0 0 0 0 0 838 186 0 0 0 0 0 0 927 97 0 0 0 0 0 0 35 989 
0 0 0 0 0 0 372 652 0 0 0 0 0 0 463 561 0 0 0 0 0 0 6 1018 
0 0 0 0 0 0 0 1024 0 0 0 0 0 0 0 1024 0 0 0 0 0 0 0 1024 
0 0 0 0 0 0 0 1024 0 0 0 0 0 0 0 1024 0 0 0 0 0 0 0 1024 
0 0 0 0 0 0 0 1024 0 0 0 0 0 0 0 1024 0 0 0 0 0 0 0 1024 
0 0 0 0 0 0 0 1024 0 0 0 0 0 0 0 1024 0 0 0 0 0 0 0 1024 
0 0 0 0 0 0 0 1024 0 0 0 0 0 0 0 1024 0 0 0 0 0 0 0 1024 
0 0 0 0 0 0 0 1024 0 0 0 0 0 0 0 1024 0 0 0 0 0 0 0 1024 
0 0 0 0 0 0 0 1024 0 0 0 0 0 0 0 1024 0 0 0 0 0 0 0 1024 
0 0 0 0 0 0 0 1024 0 0 0 0 0 0 0 1024 0 0 0 0 0 0 0 1024 
0 0 0 0 0 0 0 1024 0 0 0 0 0 0 0 1024 0 0 0 0 0 0 0 1024 
0 0 0 0 0 0 0 1024 0 0 0 0 0 0 0 1024 0 0 0 0 0 0 0 1024 
0 0 0 0 0 0 0 1024 0 0 0 0 0 0 0 1024 0 0 0 0 0 0 0 1024 
0 0 0 0 0 0 0 1024 0 0 0 0 0 0 0 1024 0 0 0 0 0 0 0 1024 
0 0 0 0 0 0 0 1024 0 0 0 0 0 0 0 1024 0 0 0 0 0 0 0 1024 
0 0 0 0 0 0 0 1024 0 0 0 0 0 0 0 1024 0 0 0 0 0 0 0 1024 
0 0 0 0 0 0 0 1024 0 0 0 0 0 0 0 1024 0 0 0 0 0 0 0 1024 
0 0 0 0 0 0 0 1024 0 0 0 0 0 0 0 1024 0 0 0 0 0 0 0 1024 
0 0 0 0 0 0 0 1024 0 0 0 0 0 0 0 1024 0 0 0 0 0 0 0 1024 
0 0 0 0 0 0 0 1024 0 0 0 0 0 0 0 1024 0 0 0 0 0 0 0 1024 
0 0 0 0 0 0 0 1024 0 0 0 0 0 0 0 1024 0 0 0 0 0 0 0 1024 
0 0 0 0 0 0 0 1024 0 0 0 0 0 0 0 1024 0 0 0 0 0 0 0 1024 
0 0 0 0 0 0 0 1024 0 0 0 0 0 0 0 1024 0 0 0 0 0 0 0 1024 
0 0 0 0 0 0 0 1024 0 0 0 0 0 0 155 869 0 0 0 0 0 0 1 1023 
0 0 0 0 0 0 122 902 0 0 0 0 0 0 556 468 0 0 0 0 0 0 76 948 
0 0 0 0 0 0 189 835 0 0 0 0 0 0 496 528 0 0 0 0 0 0 202 822 
0 0 0 0 0 0 254 770 0 0 0 0 0 0 770 254 0 0 0 0 0 0 363 661 
0 0 0 0 0 0 108 916 0 0 0 0 0 0 414 610 0 0 0 0 0 0 191 833 
0 0 0 0 0 0 0 1024 0 0 0 0 0 0 143 881 0 0 0 0 0 0 32 992 
0 0 0 0 0 0 0 1024 0 0 0 0 0 0 114 910 0 0 0 0 0 0 29 995 
0 0 0 0 0 0 0 1024 0 0 0 0 0 0 58 966 0 0 0 0 0 0 444 580 
0 0 0 0 0 0 0 1024 0 0 0 0 0 0 787 237 0 0 0 0 0 0 415 609 
0 0 0 0 0 0 130 894 0 0 0 0 0 0 1024 0 0 0 0 0 0 0 969 55 
0 0 0 0 0 0 200 824 0 0 0 0 0 0 1024 0 0 0 0 0 0 0 1024 0 
0 0 0 0 0 0 246 778 0 0 0 0 0 0 1024 0 0 0 0 0 0 0 1024 0 
0 0 0 0 0 28 996 0 0 0 0 0 0 0 1024 0 0 0 0 0 0 0 1023 1 
0 0 0 0 0 81 943 0 0 0 0 0 0 0 1024 0 0 0 0 0 0 0 1024 0 
0 0 0 0 0 0 1024 0 0 0 0 0 0 0 1024 0 0 0 0 0 0 0 985 39 
0 0 0 0 0 0 794 230 0 0 0 0 0 0 972 52 0 0 0 0 0 0 399 625 
0 0 0 0 0 0 875 149 0 0 0 0 0 0 929 95 0 0 0 0 0 0 558 466 
0 0 0 0 0 0 593 431 0 0 0 0 0 0 656 368 0 0 0 0 0 0 268 756 
0 0 0 0 0 0 35 989 0 0 0 0 0 0 69 955 0 0 0 0 0 0 1 1023 
0 0 0 0 0 0 0 1024 0 0 0 0 0 0 30 994 0 0 0 0 0 0 0 1024 
0 0 0 0 0 0 0 1024 0 0 0 0 0 0 2 1022 0 0 0 0 0 0 6 1018 
0 0 0 0 0 0 0 1024 0 0 0 0 0 0 0 1024 0 0 0 0 0 0 0 1024 
0 0 0 0 0 0 0 1024 0 0 0 0 0 0 0 1024 0 0 0 0 0 0 0 1024 
0 0 0 0 0 0 0 1024 0 0 0 0 0 0 0 1024 0 0 0 0 0 0 0 1024 
0 0 0 0 0 0 0 1024 0 0 0 0 0 0 0 1024 0 0 0 0 0 0 0 1024 
0 0 0 0 0 0 0 1024 0 0 0 0 0 0 0 1024 0 0 0 0 0 0 0 1024 
0 0 0 0 0 0 0 1024 0 0 0 0 0 0 0 1024 0 0 0 0 0 0 0 1024 
0 0 0 0 0 0 0 1024 0 0 0 0 0 0 0 1024 0 0 0 0 0 0 0 1024 
0 0 0 0 0 0 0 1024 0 0 0 0 0 0 0 1024 0 0 0 0 0 0 0 1024 
0 0 0 0 0 0 0 1024 0 0 0 0 0 0 0 1024 0 0 0 0 0 0 0 1024 
0 0 0 0 0 0 0 1024 0 0 0 0 0 0 0 1024 0 0 0 0 0 0 0 1024 
0 0 0 0 0 0 0 1024 0 0 0 0 0 0 0 1024 0 0 0 0 0 0 0 1024 
0 0 0 0 0 0 0 1024 0 0 0 0 0 0 0 1024 0 0 0 0 0 0 0 1024 
0 0 0 0 0 0 0 1024 0 0 0 0 0 0 0 1024 0 0 0 0 0 0 0 1024 
0 0 0 0 0 0 0 1024 0 0 0 0 0 0 0 1024 0 0 0 0 0 0 0 1024 
0 0 0 0 0 0 0 1024 0 0 0 0 0 0 0 1024 0 0 0 0 0 0 0 1024 
0 0 0 0 0 0 0 1024 0 0 0 0 0 0 0 1024 0 0 0 0 0 0 0 1024 
0 0 0 0 0 0 0 1024 0 0 0 0 0 0 17 1007 0 0 0 0 0 0 0 1024 
0 0 0 0 0 0 0 1024 0 0 0 0 0 0 114 910 0 0 0 0 0 0 3 1021 
0 0 0 0 0 0 0 1024 0 0 0 0 0 0 56 968 0 0 0 0 0 0 4 1020 
0 0 0 0 0 0 0 1024 0 0 0 0 0 0 0 1024 0 0 0 0 0 0 0 1024 
0 0 0 0 0 0 0 1024 0 0 0 0 0 0 0 1024 0 0 0 0 0 0 0 1024 
0 0 0 0 0 0 0 1024 0 0 0 0 0 0 50 974 0 0 0 0 0 0 50 974 
0 0 0 0 0 0 63 961 0 0 0 0 0 0 240 784 0 0 0 0 0 0 223 801 
0 0 0 0 0 0 253 771 0 0 0 0 0 0 607 417 0 0 0 0 0 0 526 498 
0 0 0 0 0 0 521 503 0 0 0 0 0 0 813 211 0 0 0 0 0 0 781 243 
0 0 0 0 0 0 156 868 0 0 0 0 0 0 622 402 0 0 0 0 0 0 754 270 
0 0 0 0 0 0 7 1017 0 0 0 0 0 0 738 286 0 0 0 0 0 0 913 111 
0 0 0 0 0 0 19 1005 0 0 0 0 0 0 1020 4 0 0 0 0 0 0 1024 0 
0 0 0 0 0 0 0 1024 0 0 0 0 0 0 1024 0 0 0 0 0 0 0 1023 1 
0 0 0 0 0 0 615 409 0 0 0 0 0 0 1024 0 0 0 0 0 0 0 1024 0 
0 0 0 0 0 0 1024 0 0 0 0 0 0 0 1024 0 0 0 0 0 0 0 1024 0 
0 2 27 24 26 41 904 0 0 4 26 24 27 45 898 0 0 1 13 27 21 34 927 1 
0 0 0 0 0 0 1024 0 0 0 0 0 0 0 1024 0 0 0 0 0 0 0 1024 0 
0 0 0 0 0 0 1024 0 0 0 0 0 0 0 1024 0 0 0 0 0 0 0 1015 9 
0 0 0 0 0 0 704 320 0 0 0 0 0 0 1023 1 0 0 0 0 0 0 819 205 
0 0 0 0 0 0 1004 20 0 0 0 0 0 0 1024 0 0 0 0 0 0 0 952 72 
0 0 0 0 0 0 1024 0 0 0 0 0 0 0 1024 0 0 0 0 0 0 0 978 46 
0 0 0 0 0 0 765 259 0 0 0 0 0 0 874 150 0 0 0 0 0 0 504 520 
0 0 0 0 0 0 287 737 0 0 0 0 0 0 499 525 0 0 0 0 0 0 97 927 
0 0 0 0 0 0 0 1024 0 0 0 0 0 0 70 954 0 0 0 0 0 0 6 1018 
0 0 0 0 0 0 0 1024 0 0 0 0 0 0 2 1022 0 0 0 0 0 0 2 1022 
0 0 0 0 0 0 0 1024 0 0 0 0 0 0 73 951 0 0 0 0 0 0 0 1024 
0 0 0 0 0 0 31 993 0 0 0 0 0 0 96 928 0 0 0 0 0 0 0 1024 
0 0 0 0 0 0 8 1016 0 0 0 0 0 0 33 991 0 0 0 0 0 0 0 1024 
0 0 0 0 0 0 0 1024 0 0 0 0 0 0 0 1024 0 0 0 0 0 0 0 1024 
0 0 0 0 0 0 0 1024 0 0 0 0 0 0 0 1024 0 0 0 0 0 0 0 1024 
0 0 0 0 0 0 0 1024 0 0 0 0 0 0 0 1024 0 0 0 0 0 0 0 1024 
0 0 0 0 0 0 0 1024 0 0 0 0 0 0 0 1024 0 0 0 0 0 0 0 1024 
0 0 0 0 0 0 0 1024 0 0 0 0 0 0 0 1024 0 0 0 0 0 0 0 1024 
0 0 0 0 0 0 0 1024 0 0 0 0 0 0 0 1024 0 0 0 0 0 0 0 1024 
0 0 0 0 0 0 0 1024 0 0 0 0 0 0 0 1024 0 0 0 0 0 0 0 1024 
0 0 0 0 0 0 0 1024 0 0 0 0 0 0 0 1024 0 0 0 0 0 0 0 1024 
0 0 0 0 0 0 0 1024 0 0 0 0 0 0 0 1024 0 0 0 0 0 0 0 1024 
0 0 0 0 0 0 0 1024 0 0 0 0 0 0 135 889 0 0 0 0 0 0 0 1024 
0 0 0 0 0 0 165 859 0 0 0 0 0 0 380 644 0 0 0 0 0 0 1 1023 
0 0 0 0 0 0 162 862 0 0 0 0 0 0 372 652 0 0 0 0 0 0 18 1006 
0 0 0 0 0 0 0 1024 0 0 0 0 0 0 370 654 0 0 0 0 0 0 13 1011 
0 0 0 0 0 0 0 1024 0 0 0 0 0 0 104 920 0 0 0 0 0 0 13 1011 
0 0 0 0 0 0 0 1024 0 0 0 0 0 0 13 1011 0 0 0 0 0 0 0 1024 
0 0 0 0 0 0 0 1024 0 0 0 0 0 0 176 848 0 0 0 0 0 0 63 961 
0 0 0 0 0 0 0 1024 0 0 0 0 0 0 191 833 0 0 0 0 0 0 164 860 
0 0 0 0 0 0 26 998 0 0 0 0 0 0 641 383 0 0 0 0 0 0 601 423 
0 0 0 0 0 0 613 411 0 0 0 0 0 0 1021 3 0 0 0 0 0 0 1007 17 
0 0 0 0 0 0 732 292 0 0 0 0 0 0 1024 0 0 0 0 0 0 0 1019 5 
0 0 0 0 0 0 781 243 0 0 0 0 0 0 1023 1 0 0 0 0 0 0 1005 19 
0 0 0 0 0 0 856 168 0 0 0 0 0 0 1024 0 0 0 0 0 0 0 1020 4 
0 0 0 0 0 0 655 369 0 0 0 0 0 0 1024 0 0 0 0 0 0 0 1024 0 
0 0 0 0 0 0 668 356 0 0 0 0 0 0 1024 0 0 0 0 0 0 0 1024 0 
0 0 0 0 0 0 773 251 0 0 0 0 0 0 1024 0 0 0 0 0 0 0 1024 0 
0 0 0 0 0 0 860 164 0 0 0 0 0 0 1024 0 0 0 0 0 0 0 1024 0 
0 0 0 0 0 0 940 84 0 0 0 0 0 0 1024 0 0 0 0 0 0 0 1024 0 
0 0 0 0 0 367 657 0 0 0 0 0 0 45 979 0 0 0 0 0 0 0 1024 0 
0 0 0 0 0 147 877 0 0 0 0 0 0 0 1024 0 0 0 0 0 0 0 1024 0 
0 0 0 0 0 78 946 0 0 0 0 0 0 0 1024 0 0 0 0 0 0 0 1024 0 
0 0 0 0 0 31 993 0 0 0 0 0 0 0 1024 0 0 0 0 0 0 0 1024 0 
0 0 0 0 0 0 1024 0 0 0 0 0 0 0 1024 0 0 0 0 0 0 0 1024 0 
0 0 0 0 0 0 1024 0 0 0 0 0 0 0 1024 0 0 0 0 0 0 0 1024 0 
0 1 1 7 13 28 974 0 0 0 2 4 13 26 979 0 0 1 1 6 12 21 935 48 
23 227 73 41 48 94 403 115 10 216 86 37 55 73 479 68 16 222 80 40 49 84 397 136 
0 56 64 31 29 25 52 767 1 71 53 32 29 28 217 593 1 52 70 30 28 29 103 711 
0 0 0 0 0 0 208 816 0 0 0 0 0 0 357 667 0 0 0 0 0 0 224 800 
0 0 0 0 0 0 659 365 0 0 0 0 0 0 851 173 0 0 0 0 0 0 256 768 
0 0 0 0 0 0 890 134 0 0 0 0 0 0 975 49 0 0 0 0 0 0 35 989 
0 0 0 0 0 0 106 918 0 0 0 0 0 0 657 367 0 0 0 0 0 0 3 1021 
0 0 0 0 0 0 0 1024 0 0 0 0 0 0 32 992 0 0 0 0 0 0 0 1024 
0 0 0 0 0 0 0 1024 0 0 0 0 0 0 1 1023 0 0 0 0 0 0 3 1021 
0 0 0 0 0 0 0 1024 0 0 0 0 0 0 0 1024 0 0 0 0 0 0 0 1024 
0 0 0 0 0 0 0 1024 0 0 0 0 0 0 0 1024 0 0 0 0 0 0 0 1024 
0 0 0 0 0 0 0 1024 0 0 0 0 0 0 0 1024 0 0 0 0 0 0 0 1024 
0 0 0 0 0 0 0 1024 0 0 0 0 0 0 0 1024 0 0 0 0 0 0 0 1024 
0 0 0 0 0 0 0 1024 0 0 0 0 0 0 0 1024 0 0 0 0 0 0 0 1024 
0 0 0 0 0 0 0 1024 0 0 0 0 0 0 0 1024 0 0 0 0 0 0 0 1024 
0 0 0 0 0 0 0 1024 0 0 0 0 0 0 0 1024 0 0 0 0 0 0 0 1024 
0 0 0 0 0 0 0 1024 0 0 0 0 0 0 0 1024 0 0 0 0 0 0 0 1024 
0 0 0 0 0 0 0 1024 0 0 0 0 0 0 0 1024 0 0 0 0 0 0 0 1024 
0 0 0 0 0 0 3 1021 0 0 0 0 0 0 160 864 0 0 0 0 0 0 119 905 
0 0 0 0 0 0 181 843 0 0 0 0 0 0 758 266 0 0 0 0 0 0 444 580 
0 0 0 0 0 0 21 1003 0 0 0 0 0 0 698 326 0 0 0 0 0 0 398 626 
0 0 0 0 0 0 0 1024 0 0 0 0 0 0 341 683 0 0 0 0 0 0 190 834 
0 0 0 0 0 0 0 1024 0 0 0 0 0 0 650 374 0 0 0 0 0 0 386 638 
0 0 0 0 0 0 3 1021 0 0 0 0 0 0 966 58 0 0 0 0 0 0 712 312 
0 0 0 0 0 0 68 956 0 0 0 0 0 0 838 186 0 0 0 0 0 0 887 137 
0 0 0 0 0 0 7 1017 0 0 0 0 0 0 952 72 0 0 0 0 0 0 1020 4 
0 0 0 0 0 0 346 678 0 0 0 0 0 0 1024 0 0 0 0 0 0 0 1024 0 
0 0 0 0 0 0 1024 0 0 0 0 0 0 0 1024 0 0 0 0 0 0 0 1024 0 
0 0 0 0 0 2 1022 0 0 0 0 0 0 1 1023 0 0 0 0 0 0 0 1024 0 
0 0 0 0 0 6 1018 0 0 0 0 0 0 51 973 0 0 0 0 0 0 0 1024 0 
0 0 0 0 0 64 960 0 0 0 0 0 0 302 722 0 0 0 0 0 0 0 1024 0 
0 0 0 0 0 139 885 0 0 0 0 0 0 338 686 0 0 0 0 0 0 0 1024 0 
0 0 0 0 0 391 633 0 0 0 0 0 0 604 420 0 0 0 0 0 0 0 1024 0 
0 0 0 0 0 631 393 0 0 0 0 0 0 857 167 0 0 0 0 0 0 0 1024 0 
0 0 1 5 10 1005 3 0 0 0 1 5 9 843 166 0 0 0 0 0 5 14 1003 2 
0 0 0 0 0 1022 2 0 0 0 0 0 0 492 532 0 0 0 0 0 0 0 1024 0 
0 0 0 0 0 994 30 0 0 0 0 0 0 207 817 0 0 0 0 0 0 0 1024 0 
0 0 0 0 0 662 362 0 0 0 0 0 0 0 1024 0 0 0 0 0 0 0 1024 0 
0 0 0 0 0 307 717 0 0 0 0 0 0 0 1024 0 0 0 0 0 0 0 1024 0 
0 0 0 0 0 121 903 0 0 0 0 0 0 0 1024 0 0 0 0 0 0 0 1024 0 
9 46 92 55 50 106 666 0 2 30 96 63 51 60 721 1 1 35 89 61 50 55 728 5 
35 567 183 84 76 61 18 0 26 554 194 92 72 63 22 1 7 515 235 88 80 65 32 2 
6 252 198 84 60 62 323 39 8 237 209 88 69 59 344 10 3 186 229 92 68 60 307 79 
0 1 6 9 8 16 984 0 0 2 6 8 9 15 984 0 0 0 3 7 7 11 962 34 
0 0 0 0 0 0 1024 0 0 0 0 0 0 0 1024 0 0 0 0 0 0 0 865 159 
0 0 0 0 0 0 965 59 0 0 0 0 0 0 1024 0 0 0 0 0 0 0 884 140 
0 0 0 0 0 0 710 314 0 0 0 0 0 0 905 119 0 0 0 0 0 0 560 464 
0 0 0 0 0 0 678 346 0 0 0 0 0 0 920 104 0 0 0 0 0 0 274 750 
0 0 0 0 0 0 174 850 0 0 0 0 0 0 544 480 0 0 0 0 0 0 88 936 
0 0 0 0 0 0 0 1024 0 0 0 0 0 0 7 1017 0 0 0 0 0 0 0 1024 
0 0 0 0 0 0 0 1024 0 0 0 0 0 0 0 1024 0 0 0 0 0 0 0 1024 
0 0 0 0 0 0 0 1024 0 0 0 0 0 0 46 978 0 0 0 0 0 0 47 977 
0 0 0 0 0 0 88 936 0 0 0 0 0 0 368 656 0 0 0 0 0 0 254 770 
0 0 0 0 0 0 50 974 0 0 0 0 0 0 497 527 0 0 0 0 0 0 314 710 
0 0 0 0 0 0 0 1024 0 0 0 0 0 0 213 811 0 0 0 0 0 0 182 842 
0 0 0 0 0 0 0 1024 0 0 0 0 0 0 201 823 0 0 0 0 0 0 102 922 
0 0 0 0 0 0 5 1019 0 0 0 0 0 0 349 675 0 0 0 0 0 0 307 717 
0 0 0 0 0 0 0 1024 0 0 0 0 0 0 416 608 0 0 0 0 0 0 300 724 
0 0 0 0 0 0 274 750 0 0 0 0 0 0 955 69 0 0 0 0 0 0 730 294 
0 0 0 0 0 0 9 1015 0 0 0 0 0 0 1022 2 0 0 0 0 0 0 740 284 
0 0 0 0 0 0 128 896 0 0 0 0 0 0 1022 2 0 0 0 0 0 0 985 39 
0 0 0 0 0 0 233 791 0 0 0 0 0 0 1024 0 0 0 0 0 0 0 1024 0 
0 0 0 0 0 0 345 679 0 0 0 0 0 0 1024 0 0 0 0 0 0 0 1024 0 
0 0 0 0 0 0 757 267 0 0 0 0 0 0 1024 0 0 0 0 0 0 0 1023 1 
0 0 0 0 0 0 949 75 0 0 0 0 0 0 1024 0 0 0 0 0 0 0 1024 0 
0 0 0 0 0 0 898 126 0 0 0 0 0 0 1024 0 0 0 0 0 0 0 1024 0 
0 0 0 0 0 0 953 71 0 0 0 0 0 0 1024 0 0 0 0 0 0 0 1024 0 
0 0 0 0 0 0 1024 0 0 0 0 0 0 51 973 0 0 0 0 0 0 0 1024 0 
0 0 0 0 0 362 662 0 0 0 0 0 0 622 402 0 0 0 0 0 0 0 1024 0 
0 0 0 0 0 740 284 0 0 0 0 0 0 863 161 0 0 0 0 0 0 0 1024 0 
0 0 0 0 0 845 179 0 0 0 0 0 0 971 53 0 0 0 0 0 0 0 1024 0 
0 0 0 0 0 988 36 0 0 0 0 0 0 1024 0 0 0 0 0 0 0 0 1024 0 
0 0 0 0 0 1024 0 0 0 0 0 0 0 1024 0 0 0 0 0 0 0 23 1001 0 
0 0 0 0 0 1024 0 0 0 0 0 0 0 1024 0 0 0 0 0 0 0 185 839 0 
0 0 0 0 0 1024 0 0 0 0 0 0 0 1024 0 0 0 0 0 0 0 0 1024 0 
0 0 0 0 0 1024 0 0 0 0 0 0 0 1023 1 0 0 0 0 0 0 0 1024 0 
0 0 0 0 0 1024 0 0 0 0 0 0 0 951 73 0 0 0 0 0 0 0 1024 0 
0 0 0 0 0 1024 0 0 0 0 0 0 0 816 208 0 0 0 0 0 0 0 1024 0 
0 0 0 0 0 982 42 0 0 0 0 0 0 200 824 0 0 0 0 0 0 0 1024 0 
0 0 0 0 0 647 377 0 0 0 0 0 0 60 964 0 0 0 0 0 0 0 1024 0 
10 412 107 72 59 234 130 0 8 362 145 74 60 141 233 1 6 371 126 76 59 101 281 4 
47 814 122 24 10 2 4 1 42 803 138 25 8 3 4 1 13 783 182 27 10 3 5 1 
39 551 160 71 49 48 104 2 34 558 159 69 48 52 102 2 15 462 252 67 56 41 112 19 
0 16 10 4 9 3 981 1 2 16 9 7 5 6 979 0 0 5 18 4 7 6 970 14 
0 0 0 0 0 0 1024 0 0 0 0 0 0 0 1024 0 0 0 0 0 0 0 1024 0 
0 0 0 0 0 0 961 63 0 0 0 0 0 0 1024 0 0 0 0 0 0 0 1011 13 
0 0 0 0 0 0 455 569 0 0 0 0 0 0 1024 0 0 0 0 0 0 0 1006 18 
0 0 0 0 0 0 5 1019 0 0 0 0 0 0 987 37 0 0 0 0 0 0 780 244 
0 0 0 0 0 0 132 892 0 0 0 0 0 0 777 247 0 0 0 0 0 0 729 295 
0 0 0 0 0 0 71 953 0 0 0 0 0 0 789 235 0 0 0 0 0 0 732 292 
0 0 0 0 0 0 0 1024 0 0 0 0 0 0 599 425 0 0 0 0 0 0 516 508 
0 0 0 0 0 0 0 1024 0 0 0 0 0 0 884 140 0 0 0 0 0 0 768 256 
0 0 0 0 0 0 106 918 0 0 0 0 0 0 1019 5 0 0 0 0 0 0 888 136 
0 0 0 0 0 0 0 1024 0 0 0 0 0 0 1012 12 0 0 0 0 0 0 822 202 
0 0 0 0 0 0 17 1007 0 0 0 0 0 0 981 43 0 0 0 0 0 0 801 223 
0 41 68 42 36 34 111 692 1 29 79 46 39 34 792 4 1 21 84 44 44 33 747 50 
0 6 12 18 16 12 166 794 0 6 14 18 16 18 951 1 0 5 12 20 14 15 945 13 
0 0 0 0 0 0 256 768 0 0 0 0 0 0 1024 0 0 0 0 0 0 0 1024 0 
0 0 0 0 0 3 478 543 0 0 0 0 0 9 1015 0 0 0 0 0 0 3 1020 1 
0 20 65 25 25 38 680 171 0 21 65 25 29 39 845 0 0 9 73 28 30 39 844 1 
0 0 0 0 0 0 761 263 0 0 0 0 0 0 1024 0 0 0 0 0 0 0 1024 0 
0 0 0 0 0 0 975 49 0 0 0 0 0 0 1024 0 0 0 0 0 0 0 1024 0 
0 0 0 0 0 0 1024 0 0 0 0 0 0 0 1024 0 0 0 0 0 0 0 1024 0 
0 0 0 0 0 0 1024 0 0 0 0 0 0 0 1024 0 0 0 0 0 0 0 1024 0 
0 0 0 0 0 0 1024 0 0 0 0 0 0 0 1024 0 0 0 0 0 0 0 1024 0 
0 0 0 0 0 38 986 0 0 0 0 0 0 256 768 0 0 0 0 0 0 0 1024 0 
0 0 0 0 0 345 679 0 0 0 0 0 0 606 418 0 0 0 0 0 0 0 1024 0 
0 0 0 0 0 687 337 0 0 0 0 0 0 915 109 0 0 0 0 0 0 0 1024 0 
0 0 0 0 0 951 73 0 0 0 0 0 0 1024 0 0 0 0 0 0 0 0 1024 0 
0 0 0 0 0 1024 0 0 0 0 0 0 0 1024 0 0 0 0 0 0 0 0 1024 0 
0 0 0 0 0 1024 0 0 0 0 0 0 0 1024 0 0 0 0 0 0 0 34 990 0 
0 0 0 0 0 1024 0 0 0 0 0 0 0 1024 0 0 0 0 0 0 0 294 730 0 
0 0 0 0 0 1024 0 0 0 0 0 0 0 1024 0 0 0 0 0 0 0 741 283 0 
0 0 0 0 0 1024 0 0 0 0 0 0 0 1024 0 0 0 0 0 0 0 941 83 0 
0 0 0 0 0 760 264 0 0 0 0 0 0 1021 3 0 0 0 0 0 0 114 910 0 
0 0 0 0 0 200 824 0 0 0 0 0 0 863 161 0 0 0 0 0 0 0 1024 0 
0 0 0 0 0 139 885 0 0 0 0 0 0 502 522 0 0 0 0 0 0 6 1018 0 
0 0 0 0 0 131 893 0 0 0 0 0 0 283 741 0 0 0 0 0 0 0 1024 0 
0 0 0 0 0 74 950 0 0 0 0 0 0 94 930 0 0 0 0 0 0 0 1024 0 
0 0 0 0 0 239 785 0 0 0 0 0 0 41 983 0 0 0 0 0 0 0 1024 0 
8 96 57 39 61 214 549 0 1 93 54 47 60 174 595 0 7 78 52 51 54 74 705 3 
84 331 85 73 69 160 214 8 97 327 88 75 64 158 215 0 36 317 123 69 65 100 287 27 
32 280 149 68 63 94 337 1 31 300 134 64 66 91 338 0 10 263 154 87 53 73 368 16 
0 0 7 8 8 11 990 0 0 2 8 8 7 17 982 0 0 0 6 6 8 7 989 8 
0 0 0 0 0 0 1024 0 0 0 0 0 0 0 1024 0 0 0 0 0 0 0 1024 0 
0 0 0 0 0 0 941 83 0 0 0 0 0 0 1024 0 0 0 0 0 0 0 1024 0 
0 0 0 0 0 0 930 94 0 0 0 0 0 0 1024 0 0 0 0 0 0 0 1024 0 
0 0 0 0 0 0 662 362 0 0 0 0 0 0 1024 0 0 0 0 0 0 0 1024 0 
1 5 6 5 7 16 678 306 1 6 7 4 6 22 977 1 1 5 7 4 7 16 982 2 
7 33 42 26 33 41 540 302 6 33 41 27 35 43 837 2 8 36 40 24 34 41 840 1 
0 0 0 0 0 0 638 386 0 0 0 0 0 0 1024 0 0 0 0 0 0 0 1024 0 
8 104 47 44 46 76 361 338 8 99 50 45 49 80 682 11 8 82 66 42 47 74 693 12 
0 22 58 40 36 60 341 467 0 16 63 42 33 60 810 0 0 18 57 44 34 57 814 0 
0 0 0 2 5 12 811 194 0 0 0 2 5 13 1003 1 0 0 0 2 4 7 1009 2 
0 4 34 23 28 43 810 82 0 2 36 24 32 46 881 3 0 0 28 23 36 40 893 4 
1 277 352 171 95 64 61 3 0 261 370 176 91 63 59 4 0 209 371 197 106 71 65 5 
1 215 415 82 78 88 133 12 2 201 422 89 77 90 132 11 0 155 438 108 79 96 137 11 
2 23 42 19 11 23 902 2 2 17 46 21 11 24 901 2 1 16 45 23 11 18 906 4 
0 54 134 82 84 93 577 0 1 63 131 82 79 96 572 0 0 23 127 108 77 90 599 0 
2 371 344 136 78 51 40 2 2 351 360 137 82 49 41 2 1 202 471 158 89 60 38 5 
0 3 43 33 36 71 837 1 0 3 39 34 40 70 837 1 0 1 33 38 39 58 852 3 
0 35 62 28 18 49 832 0 0 25 71 29 20 64 815 0 0 14 76 33 16 36 849 0 
0 71 72 54 42 135 650 0 0 46 91 53 47 170 617 0 0 24 108 54 48 90 700 0 
0 0 0 0 0 192 832 0 0 0 0 0 0 340 684 0 0 0 0 0 0 10 1014 0 
0 0 2 12 10 460 540 0 0 0 2 11 10 700 301 0 0 0 0 8 12 24 980 0 
0 186 136 64 63 445 130 0 0 155 162 62 59 502 84 0 0 67 238 66 56 128 469 0 
0 5 21 32 23 937 6 0 0 4 19 33 24 939 5 0 0 3 12 35 21 73 880 0 
0 63 70 39 46 803 3 0 0 49 81 40 39 809 6 0 0 29 84 49 44 152 666 0 
0 0 0 4 10 1010 0 0 0 0 0 4 9 1011 0 0 0 0 0 3 8 188 825 0 
0 0 0 0 0 1024 0 0 0 0 0 0 0 1024 0 0 0 0 0 0 0 359 665 0 
0 0 0 0 0 1024 0 0 0 0 0 0 0 1024 0 0 0 0 0 0 0 597 427 0 
0 0 0 0 0 1024 0 0 0 0 0 0 0 1024 0 0 0 0 0 0 0 957 67 0 
0 0 0 0 0 1024 0 0 0 0 0 0 0 1024 0 0 0 0 0 0 0 1023 1 0 
0 0 0 0 0 1024 0 0 0 0 0 0 0 1024 0 0 0 0 0 0 0 1024 0 0 
0 38 60 75 72 769 10 0 0 31 65 77 83 768 0 0 0 37 52 74 77 647 137 0 
2 133 63 45 37 681 63 0 1 97 89 50 39 741 7 0 12 134 67 38 39 494 240 0 
0 64 53 23 17 688 179 0 0 48 68 23 19 850 16 0 2 69 46 22 15 188 682 0 
0 0 0 0 0 415 609 0 0 0 0 0 0 960 64 0 0 0 0 0 0 56 968 0 
0 0 0 0 0 299 725 0 0 0 0 0 0 786 238 0 0 0 0 0 0 3 1021 0 
0 0 0 0 0 128 896 0 0 0 0 0 0 767 257 0 0 0 0 0 0 3 1021 0 
0 0 0 0 0 88 936 0 0 0 0 0 0 754 270 0 0 0 0 0 0 0 1024 0 
5 77 53 23 30 332 500 4 5 77 55 24 24 310 529 0 5 43 82 22 25 115 705 27 
0 0 1 1 1 245 776 0 0 0 1 1 1 313 708 0 0 0 1 1 1 4 1017 0 
0 0 0 0 0 46 978 0 0 0 0 0 0 46 978 0 0 0 0 0 0 0 1024 0 
0 0 0 0 0 6 1018 0 0 0 0 0 0 6 1018 0 0 0 0 0 0 0 1024 0 
0 0 1 2 3 29 989 0 0 0 1 2 3 34 984 0 0 0 0 3 1 18 1002 0 
3 116 51 37 44 89 683 1 2 96 65 39 43 94 684 1 2 104 56 37 43 59 720 3 
0 3 10 18 17 42 934 0 0 3 10 18 18 43 932 0 0 3 12 15 12 37 945 0 
3 52 143 146 167 201 312 0 2 41 145 147 166 196 327 0 0 36 130 144 170 183 358 3 
6 458 251 84 59 77 88 1 6 436 269 86 63 79 84 1 3 432 267 87 64 73 96 2 
0 112 183 135 134 156 301 3 0 102 193 134 135 147 310 3 0 90 183 135 128 133 350 5 
10 516 272 77 57 46 42 4 9 493 292 80 55 48 43 4 6 466 307 89 57 44 50 5 
1 559 284 60 50 36 32 2 1 522 314 67 48 38 32 2 1 535 295 69 45 40 34 5 
5 120 189 94 80 174 362 0 3 109 194 96 81 162 379 0 1 73 206 103 82 139 419 1 
0 65 154 120 77 89 516 3 0 60 159 119 78 96 510 2 0 34 155 126 80 77 540 12 
0 801 213 7 2 1 0 0 0 819 195 8 1 1 0 0 0 740 268 12 2 2 0 0 
5 712 284 13 7 3 0 0 5 684 312 13 7 3 0 0 3 554 443 14 6 4 0 0 
14 348 197 79 71 99 214 2 12 324 218 80 78 94 216 2 4 236 287 84 77 88 240 8 
2 131 202 143 118 206 221 1 1 153 178 149 120 208 214 1 1 80 208 154 132 160 288 1 
4 401 301 110 87 100 21 0 5 401 301 110 88 98 21 0 0 337 341 104 101 101 39 1 
2 72 144 105 116 244 339 2 2 71 143 107 115 242 342 2 1 46 123 118 123 139 464 10 
0 447 289 93 51 89 55 0 0 369 365 95 50 91 53 1 0 349 353 111 53 69 87 2 
3 601 285 62 40 28 5 0 4 599 285 61 40 29 6 0 2 498 365 78 42 33 6 0 
1 396 145 88 94 279 21 0 0 372 151 93 92 289 27 0 0 335 184 90 90 203 122 0 
0 29 127 70 101 664 33 0 0 34 125 73 95 672 25 0 0 5 114 94 80 231 500 0 
1 364 340 76 72 167 4 0 0 370 336 83 70 161 4 0 0 199 478 93 53 146 55 0 
1 159 240 172 159 284 9 0 0 180 227 173 162 272 10 0 0 104 249 166 170 285 50 0 
0 522 209 105 101 86 1 0 0 516 215 100 105 86 2 0 0 349 357 102 92 114 10 0 
1 158 112 73 99 580 1 0 0 140 130 73 98 581 2 0 0 83 163 80 89 536 73 0 
0 306 185 87 85 358 3 0 0 284 203 86 81 367 3 0 0 230 235 97 82 369 11 0 
0 0 0 0 6 1018 0 0 0 0 0 0 5 1019 0 0 0 0 0 0 2 1022 0 0 
0 26 54 41 66 837 0 0 0 21 56 41 57 849 0 0 0 5 49 48 40 882 0 0 
0 9 26 32 83 874 0 0 0 3 24 30 79 888 0 0 0 3 24 30 49 918 0 0 
0 0 0 0 265 759 0 0 0 0 0 0 41 983 0 0 0 0 0 0 0 1024 0 0 
65 256 173 87 129 313 1 0 37 272 179 105 126 302 3 0 82 230 168 84 127 327 6 0 
513 415 36 13 10 33 4 0 413 488 58 15 11 33 6 0 537 406 27 9 10 33 2 0 
364 449 71 54 32 43 11 0 269 528 82 58 32 47 8 0 366 430 80 56 32 35 25 0 
1 9 13 17 12 889 83 0 1 11 12 16 14 963 7 0 0 6 12 15 18 758 215 0 
16 86 37 21 24 669 171 0 1 88 46 18 29 831 11 0 22 88 29 22 24 334 505 0 
5 64 41 38 29 524 323 0 2 64 36 43 30 823 26 0 5 66 40 36 29 257 591 0 
1 19 7 2 3 801 191 0 1 15 10 3 3 943 49 0 1 20 6 2 4 238 753 0 
148 442 151 42 39 104 96 2 114 485 139 46 35 115 87 3 110 458 170 44 35 83 113 11 
103 265 79 43 63 269 201 1 73 294 81 43 61 360 111 1 63 295 80 44 58 116 362 6 
69 228 52 45 51 287 292 0 52 244 53 45 54 369 207 0 27 261 52 48 49 111 476 0 
0 3 2 6 12 489 512 0 0 4 1 7 11 600 401 0 0 3 2 6 8 42 963 0 
12 244 154 80 73 159 302 0 3 213 185 78 71 160 314 0 10 219 171 77 69 93 384 1 
94 738 95 45 26 22 4 0 34 786 104 43 26 24 7 0 62 756 104 45 26 25 6 0 
15 287 119 45 64 198 295 1 12 282 122 48 62 180 316 2 13 282 116 50 49 117 396 1 
15 461 232 73 57 101 85 0 21 424 260 75 53 100 91 0 11 433 253 75 55 88 109 0 
12 753 153 45 38 23 0 0 12 735 173 47 34 23 0 0 8 736 168 47 32 31 2 0 
14 548 223 107 59 60 13 0 15 548 221 107 60 64 9 0 6 539 224 114 62 45 34 0 
36 616 127 41 38 137 29 0 38 613 128 41 35 125 44 0 13 596 165 40 35 70 104 1 
30 957 35 2 0 0 0 0 31 958 34 1 0 0 0 0 34 954 34 2 0 0 0 0 
46 584 145 66 49 57 77 0 39 575 160 67 48 57 78 0 25 547 188 75 44 36 109 0 
21 161 128 80 74 322 238 0 18 167 126 79 77 307 250 0 10 139 134 85 80 126 449 1 
8 436 176 80 63 210 51 0 10 444 171 78 59 205 57 0 2 370 221 86 67 109 168 1 
26 397 157 83 70 224 65 2 27 403 147 89 67 235 55 1 7 325 217 83 76 146 168 2 
65 480 142 101 86 113 35 2 44 495 151 97 84 113 37 3 21 471 168 111 79 104 65 5 
22 400 198 140 105 146 13 0 13 382 216 136 111 145 21 0 6 345 244 132 128 104 65 0 
22 515 121 69 58 210 29 0 18 490 142 72 64 212 26 0 5 473 157 85 50 125 128 1 
78 557 182 57 49 80 21 0 52 589 177 56 47 81 22 0 50 577 176 60 47 55 59 0 
41 787 119 32 25 17 3 0 58 787 101 34 25 15 4 0 17 812 110 31 32 14 8 0 
38 709 128 46 47 49 7 0 32 721 123 44 48 45 11 0 16 709 134 58 42 54 11 0 
72 668 144 59 49 25 7 0 43 684 154 60 50 26 7 0 15 653 203 59 59 28 7 0 
4 461 79 56 49 373 2 0 1 449 86 57 53 374 4 0 1 419 104 58 53 350 39 0 
16 318 62 36 41 537 14 0 4 315 70 39 40 543 13 0 5 288 87 41 38 452 113 0 
20 395 43 52 65 442 7 0 13 401 46 49 62 447 6 0 3 369 74 49 47 426 56 0 
29 350 70 40 72 457 6 0 22 346 78 39 70 463 6 0 15 327 94 40 47 449 52 0 
35 726 113 70 43 37 0 0 6 759 110 69 44 36 0 0 4 692 156 73 48 48 3 0 
9 816 124 41 23 11 0 0 9 799 137 41 26 12 0 0 2 792 149 41 25 15 0 0 
0 268 140 115 149 352 0 0 0 249 156 118 143 358 0 0 0 228 159 106 120 411 0 0 
0 643 242 89 38 12 0 0 0 591 287 92 37 17 0 0 0 466 392 109 37 20 0 0 
1 193 292 123 366 49 0 0 1 136 324 131 268 164 0 0 1 90 352 134 172 275 0 0 
0 3 12 42 912 55 0 0 0 3 14 45 795 167 0 0 0 0 7 27 60 930 0 0 
329 483 142 48 21 1 0 0 290 502 152 54 20 6 0 0 325 502 133 41 21 2 0 0 
876 136 11 1 0 0 0 0 844 169 11 0 0 0 0 0 890 125 9 0 0 0 0 0 
832 186 6 0 0 0 0 0 733 284 7 0 0 0 0 0 810 204 9 1 0 0 0 0 
244 221 154 105 80 216 4 0 194 254 149 113 85 227 2 0 215 235 155 111 82 187 39 0 
725 258 33 7 1 0 0 0 615 358 35 13 3 0 0 0 734 252 30 7 1 0 0 0 
679 312 19 4 4 4 2 0 521 465 23 4 5 5 1 0 651 341 16 6 3 3 4 0 
459 302 37 18 26 147 35 0 376 384 38 20 25 152 29 0 470 287 37 21 24 123 62 0 
511 423 50 22 8 8 2 0 487 448 49 23 7 8 2 0 492 434 58 21 8 8 3 0 
311 459 86 64 42 42 19 1 255 501 101 62 41 43 20 1 268 490 89 67 45 33 29 3 
542 449 27 6 0 0 0 0 421 563 33 6 1 0 0 0 480 506 31 6 1 0 0 0 
235 356 114 73 39 152 55 0 197 383 123 71 46 162 42 0 238 350 112 69 46 91 117 1 
138 755 114 15 1 1 0 0 142 728 133 19 0 1 1 0 167 727 111 17 0 2 0 0 
402 588 34 0 0 0 0 0 378 606 40 0 0 0 0 0 430 560 34 0 0 0 0 0 
178 739 83 23 1 0 0 0 159 753 87 22 3 0 0 0 207 713 79 23 2 0 0 0 
105 335 150 109 76 163 86 0 111 343 145 102 73 173 77 0 86 345 154 106 72 146 115 0 
94 79 76 52 69 548 105 1 85 90 68 61 71 558 90 1 41 122 71 56 59 396 274 5 
53 139 116 101 94 441 80 0 38 153 121 97 97 435 83 0 30 145 122 98 91 298 239 1 
99 434 93 69 43 273 13 0 70 457 97 70 44 265 21 0 77 447 98 69 41 145 147 0 
379 596 43 5 1 0 0 0 234 738 45 6 1 0 0 0 298 674 46 5 1 0 0 0 
149 767 45 25 11 17 9 1 80 830 49 26 12 17 9 1 107 801 49 23 15 18 10 1 
242 719 53 8 2 0 0 0 199 760 55 8 2 0 0 0 199 757 57 8 3 0 0 0 
129 678 52 33 25 86 21 0 78 731 52 30 24 85 24 0 74 725 55 35 27 48 59 1 
35 728 48 38 24 130 21 0 24 727 58 37 26 132 20 0 18 711 73 36 29 73 84 0 
180 657 83 55 27 17 5 0 136 695 88 53 29 18 5 0 158 664 89 59 30 15 9 0 
171 782 37 19 12 3 0 0 107 835 46 20 13 3 0 0 145 793 50 21 11 3 1 0 
175 803 36 9 1 0 0 0 160 816 37 10 1 0 0 0 151 820 41 10 2 0 0 0 
352 639 16 4 5 4 4 0 315 676 15 5 5 4 4 0 311 676 14 10 5 4 4 0 
258 475 63 43 42 139 4 0 182 547 61 47 38 143 6 0 215 499 72 46 38 138 16 0 
352 627 21 10 10 4 0 0 240 736 22 11 11 4 0 0 286 684 29 10 11 4 0 0 
462 531 11 6 11 3 0 0 377 614 13 6 11 3 0 0 340 652 12 6 11 3 0 0 
261 763 0 0 0 0 0 0 157 867 0 0 0 0 0 0 181 843 0 0 0 0 0 0 
239 759 13 8 4 1 0 0 190 807 15 7 4 1 0 0 86 907 18 8 4 1 0 0 
229 795 0 0 0 0 0 0 157 867 0 0 0 0 0 0 154 870 0 0 0 0 0 0 
472 552 0 0 0 0 0 0 428 596 0 0 0 0 0 0 289 735 0 0 0 0 0 0 
481 543 0 0 0 0 0 0 332 692 0 0 0 0 0 0 357 667 0 0 0 0 0 0 
155 768 60 19 20 2 0 0 97 822 62 19 18 6 0 0 104 803 72 17 24 4 0 0 
118 831 60 12 3 0 0 0 68 879 61 13 3 0 0 0 94 845 67 15 3 0 0 0 
37 933 33 14 4 3 0 0 16 954 33 14 4 3 0 0 6 944 49 18 4 3 0 0 
31 798 52 38 104 1 0 0 13 802 60 36 110 3 0 0 4 824 48 37 64 47 0 0 
10 758 63 34 156 3 0 0 6 761 64 34 158 1 0 0 0 740 75 37 56 116 0 0 
298 265 105 78 160 117 1 0 248 302 98 85 138 152 1 0 304 255 109 73 108 167 8 0 
1006 14 4 0 0 0 0 0 1003 17 4 0 0 0 0 0 1009 13 2 0 0 0 0 0 
946 61 12 4 1 0 0 0 923 82 13 5 1 0 0 0 942 65 12 4 1 0 0 0 
737 233 37 14 3 0 0 0 709 260 36 16 3 0 0 0 731 238 37 15 3 0 0 0 
940 62 16 5 1 0 0 0 929 69 19 5 2 0 0 0 937 65 16 5 1 0 0 0 
780 155 39 22 14 11 3 0 755 180 39 21 14 12 3 0 758 171 43 23 11 14 4 0 
943 62 9 4 1 3 2 0 929 74 10 5 1 3 2 0 942 61 10 5 1 3 2 0 
848 152 15 5 3 0 1 0 814 186 15 5 3 0 1 0 828 172 15 5 3 0 1 0 
926 82 8 4 3 0 1 0 915 93 8 4 3 0 1 0 922 86 8 4 3 0 1 0 
904 87 17 8 4 2 2 0 867 122 18 8 5 2 2 0 884 106 17 8 5 2 2 0 
883 141 0 0 0 0 0 0 791 233 0 0 0 0 0 0 881 143 0 0 0 0 0 0 
849 175 0 0 0 0 0 0 776 248 0 0 0 0 0 0 849 175 0 0 0 0 0 0 
992 31 1 0 0 0 0 0 992 31 1 0 0 0 0 0 992 31 1 0 0 0 0 0 
764 231 18 10 1 0 0 0 752 243 18 10 1 0 0 0 762 233 18 10 1 0 0 0 
657 288 52 11 8 3 5 0 634 310 52 12 8 3 5 0 647 298 52 11 8 3 5 0 
301 451 65 40 35 77 54 1 241 504 69 39 33 85 53 0 227 510 75 43 30 78 60 1 
298 553 63 24 25 35 23 3 219 624 69 25 25 34 25 3 229 607 73 27 24 31 30 3 
443 482 75 10 7 6 1 0 426 503 69 12 6 7 1 0 455 467 77 11 6 7 1 0 
457 238 311 18 0 0 0 0 474 261 286 3 0 0 0 0 500 264 257 3 0 0 0 0 
181 316 339 40 27 120 1 0 191 384 284 20 26 117 2 0 201 382 269 25 26 103 18 0 
39 262 635 76 6 4 2 0 87 397 508 23 4 5 0 0 115 408 476 15 4 6 0 0 
18 252 691 63 0 0 0 0 39 355 605 25 0 0 0 0 44 368 596 16 0 0 0 0 
119 357 515 33 0 0 0 0 144 522 344 14 0 0 0 0 182 507 326 9 0 0 0 0 
166 354 446 58 0 0 0 0 178 486 354 6 0 0 0 0 226 522 276 0 0 0 0 0 
632 209 162 21 0 0 0 0 598 303 112 11 0 0 0 0 626 294 99 5 0 0 0 0 
892 128 4 0 0 0 0 0 810 209 5 0 0 0 0 0 857 163 4 0 0 0 0 0 
1009 15 0 0 0 0 0 0 1004 20 0 0 0 0 0 0 1006 18 0 0 0 0 0 0 
944 80 0 0 0 0 0 0 871 153 0 0 0 0 0 0 912 112 0 0 0 0 0 0 
863 161 0 0 0 0 0 0 790 234 0 0 0 0 0 0 834 190 0 0 0 0 0 0 
930 94 0 0 0 0 0 0 908 116 0 0 0 0 0 0 921 103 0 0 0 0 0 0 
930 94 0 0 0 0 0 0 872 152 0 0 0 0 0 0 840 184 0 0 0 0 0 0 
657 331 24 10 2 0 0 0 665 324 24 9 2 0 0 0 623 360 28 11 2 0 0 0 
615 398 8 3 0 0 0 0 580 433 8 3 0 0 0 0 490 523 8 3 0 0 0 0 
954 70 0 0 0 0 0 0 913 111 0 0 0 0 0 0 923 101 0 0 0 0 0 0 
953 71 0 0 0 0 0 0 869 155 0 0 0 0 0 0 921 103 0 0 0 0 0 0 
829 195 0 0 0 0 0 0 737 287 0 0 0 0 0 0 676 348 0 0 0 0 0 0 
766 258 0 0 0 0 0 0 651 373 0 0 0 0 0 0 675 349 0 0 0 0 0 0 
440 584 0 0 0 0 0 0 395 629 0 0 0 0 0 0 201 823 0 0 0 0 0 0 
752 272 0 0 0 0 0 0 650 374 0 0 0 0 0 0 408 616 0 0 0 0 0 0 
630 394 0 0 0 0 0 0 532 492 0 0 0 0 0 0 306 718 0 0 0 0 0 0 
1023 1 0 0 0 0 0 0 1021 3 0 0 0 0 0 0 1021 3 0 0 0 0 0 0 
1024 0 0 0 0 0 0 0 1024 0 0 0 0 0 0 0 1024 0 0 0 0 0 0 0 
956 58 10 0 0 0 0 0 938 75 11 0 0 0 0 0 942 66 16 0 0 0 0 0 
857 132 33 2 0 0 0 0 814 162 46 2 0 0 0 0 818 155 48 3 0 0 0 0 
1024 0 0 0 0 0 0 0 1024 0 0 0 0 0 0 0 1024 0 0 0 0 0 0 0 
978 46 0 0 0 0 0 0 978 46 0 0 0 0 0 0 978 46 0 0 0 0 0 0 
791 195 37 1 0 0 0 0 757 224 42 1 0 0 0 0 772 211 40 1 0 0 0 0 
1002 20 2 0 0 0 0 0 1002 20 2 0 0 0 0 0 1002 20 2 0 0 0 0 0 
989 34 1 0 0 0 0 0 989 34 1 0 0 0 0 0 989 34 1 0 0 0 0 0 
1013 11 0 0 0 0 0 0 1013 11 0 0 0 0 0 0 1013 11 0 0 0 0 0 0 
1024 0 0 0 0 0 0 0 1024 0 0 0 0 0 0 0 1024 0 0 0 0 0 0 0 
1023 1 0 0 0 0 0 0 1023 1 0 0 0 0 0 0 1023 1 0 0 0 0 0 0 
990 34 0 0 0 0 0 0 990 34 0 0 0 0 0 0 990 34 0 0 0 0 0 0 
527 302 181 14 0 0 0 0 537 282 146 59 0 0 0 0 570 258 154 42 0 0 0 0 
743 245 35 1 0 0 0 0 719 266 36 3 0 0 0 0 768 225 31 0 0 0 0 0 
330 592 88 14 0 0 0 0 325 589 91 19 0 0 0 0 370 550 87 17 0 0 0 0 
590 428 6 0 0 0 0 0 583 434 7 0 0 0 0 0 619 399 6 0 0 0 0 0 
277 505 237 5 0 0 0 0 325 489 208 2 0 0 0 0 314 396 303 11 0 0 0 0 
423 381 205 15 0 0 0 0 484 398 142 0 0 0 0 0 516 371 137 0 0 0 0 0 
553 197 226 40 8 0 0 0 555 262 175 32 0 0 0 0 555 242 177 50 0 0 0 0 
0 212 809 3 0 0 0 0 20 558 446 0 0 0 0 0 22 648 354 0 0 0 0 0 
13 185 822 4 0 0 0 0 33 620 371 0 0 0 0 0 45 721 258 0 0 0 0 0 
0 77 944 3 0 0 0 0 0 785 239 0 0 0 0 0 0 864 160 0 0 0 0 0 
339 648 37 0 0 0 0 0 436 580 8 0 0 0 0 0 463 554 7 0 0 0 0 0 
621 282 108 12 1 0 0 0 699 230 85 10 0 0 0 0 717 229 69 9 0 0 0 0 
509 464 35 15 1 0 0 0 486 485 36 16 1 0 0 0 529 446 38 10 1 0 0 0 
542 462 18 2 0 0 0 0 570 434 18 2 0 0 0 0 578 426 18 2 0 0 0 0 
749 272 3 0 0 0 0 0 749 272 3 0 0 0 0 0 749 272 3 0 0 0 0 0 
973 51 0 0 0 0 0 0 973 51 0 0 0 0 0 0 973 51 0 0 0 0 0 0 
906 118 0 0 0 0 0 0 906 118 0 0 0 0 0 0 906 118 0 0 0 0 0 0 
585 439 0 0 0 0 0 0 543 481 0 0 0 0 0 0 578 446 0 0 0 0 0 0 
470 554 0 0 0 0 0 0 456 568 0 0 0 0 0 0 469 555 0 0 0 0 0 0 
768 256 0 0 0 0 0 0 727 296 1 0 0 0 0 0 756 268 0 0 0 0 0 0 
768 256 0 0 0 0 0 0 764 260 0 0 0 0 0 0 763 261 0 0 0 0 0 0 
852 172 0 0 0 0 0 0 811 213 0 0 0 0 0 0 821 203 0 0 0 0 0 0 
402 622 0 0 0 0 0 0 371 653 0 0 0 0 0 0 391 633 0 0 0 0 0 0 
406 617 1 0 0 0 0 0 407 616 1 0 0 0 0 0 263 759 2 0 0 0 0 0 
268 756 0 0 0 0 0 0 272 752 0 0 0 0 0 0 155 869 0 0 0 0 0 0 
455 569 0 0 0 0 0 0 462 562 0 0 0 0 0 0 220 804 0 0 0 0 0 0 
515 509 0 0 0 0 0 0 427 597 0 0 0 0 0 0 199 825 0 0 0 0 0 0 
702 318 4 0 0 0 0 0 673 343 8 0 0 0 0 0 724 299 1 0 0 0 0 0 
728 290 6 0 0 0 0 0 710 306 8 0 0 0 0 0 744 276 4 0 0 0 0 0 
678 328 18 0 0 0 0 0 649 352 23 0 0 0 0 0 684 332 8 0 0 0 0 0 
646 351 27 0 0 0 0 0 621 374 29 0 0 0 0 0 669 336 19 0 0 0 0 0 
646 370 8 0 0 0 0 0 636 378 10 0 0 0 0 0 652 368 4 0 0 0 0 0 
633 366 23 2 0 0 0 0 619 363 40 2 0 0 0 0 630 371 21 2 0 0 0 0 
615 381 25 2 1 0 0 0 606 387 28 2 1 0 0 0 625 374 22 2 1 0 0 0 
705 318 1 0 0 0 0 0 682 331 11 0 0 0 0 0 701 323 0 0 0 0 0 0 
690 326 8 0 0 0 0 0 672 333 19 0 0 0 0 0 700 320 4 0 0 0 0 0 
660 340 24 0 0 0 0 0 643 347 34 0 0 0 0 0 678 329 17 0 0 0 0 0 
668 354 2 0 0 0 0 0 638 375 11 0 0 0 0 0 669 354 1 0 0 0 0 0 
630 365 29 0 0 0 0 0 618 362 44 0 0 0 0 0 648 348 28 0 0 0 0 0 
576 382 66 0 0 0 0 0 545 405 74 0 0 0 0 0 599 400 25 0 0 0 0 0 
201 490 147 57 77 52 0 0 176 484 178 53 79 54 0 0 223 498 115 55 70 63 0 0 
222 607 152 22 20 1 0 0 212 598 170 23 20 1 0 0 244 596 139 21 22 2 0 0 
334 413 182 74 21 0 0 0 340 385 200 79 20 0 0 0 347 438 142 70 27 0 0 0 
838 175 11 0 0 0 0 0 841 172 11 0 0 0 0 0 852 162 10 0 0 0 0 0 
784 189 51 0 0 0 0 0 845 131 48 0 0 0 0 0 853 124 47 0 0 0 0 0 
760 217 47 0 0 0 0 0 779 201 44 0 0 0 0 0 794 178 52 0 0 0 0 0 
946 72 6 0 0 0 0 0 954 68 2 0 0 0 0 0 971 52 1 0 0 0 0 0 
700 195 128 1 0 0 0 0 723 270 31 0 0 0 0 0 740 271 13 0 0 0 0 0 
764 162 98 0 0 0 0 0 792 193 39 0 0 0 0 0 808 190 26 0 0 0 0 0 
826 94 72 32 0 0 0 0 830 147 15 32 0 0 0 0 834 153 14 23 0 0 0 0 
894 105 18 7 0 0 0 0 914 96 12 2 0 0 0 0 920 95 9 0 0 0 0 0 
838 155 27 4 0 0 0 0 834 155 31 4 0 0 0 0 838 154 28 4 0 0 0 0 
681 341 2 0 0 0 0 0 666 356 2 0 0 0 0 0 674 348 2 0 0 0 0 0 
730 283 7 4 0 0 0 0 676 337 7 4 0 0 0 0 691 322 7 4 0 0 0 0 
837 186 1 0 0 0 0 0 773 250 1 0 0 0 0 0 811 212 1 0 0 0 0 0 
696 327 1 0 0 0 0 0 565 458 1 0 0 0 0 0 648 375 1 0 0 0 0 0 
766 254 4 0 0 0 0 0 664 356 4 0 0 0 0 0 715 305 4 0 0 0 0 0 
783 241 0 0 0 0 0 0 676 348 0 0 0 0 0 0 772 252 0 0 0 0 0 0 
295 612 95 17 5 0 0 0 223 668 102 26 5 0 0 0 189 705 102 23 5 0 0 0 
492 528 4 0 0 0 0 0 321 699 4 0 0 0 0 0 376 644 4 0 0 0 0 0 
936 88 0 0 0 0 0 0 788 236 0 0 0 0 0 0 864 160 0 0 0 0 0 0 
880 144 0 0 0 0 0 0 803 221 0 0 0 0 0 0 838 186 0 0 0 0 0 0 
899 125 0 0 0 0 0 0 753 271 0 0 0 0 0 0 832 192 0 0 0 0 0 0 
855 167 2 0 0 0 0 0 684 336 4 0 0 0 0 0 721 299 4 0 0 0 0 0 
665 359 0 0 0 0 0 0 488 536 0 0 0 0 0 0 286 738 0 0 0 0 0 0 
670 338 16 0 0 0 0 0 417 584 23 0 0 0 0 0 404 597 23 0 0 0 0 0 
434 580 10 0 0 0 0 0 223 784 17 0 0 0 0 0 297 708 19 0 0 0 0 0 
672 290 46 14 2 0 0 0 650 302 55 14 3 0 0 0 672 290 45 14 3 0 0 0 
838 153 11 22 0 0 0 0 806 185 9 24 0 0 0 0 850 141 11 22 0 0 0 0 
657 238 56 33 40 0 0 0 640 250 58 35 41 0 0 0 639 256 54 28 47 0 0 0 
475 263 68 57 135 26 0 0 441 282 77 61 130 33 0 0 456 272 73 58 129 36 0 0 
592 233 64 24 73 38 0 0 575 245 69 22 62 51 0 0 586 238 64 24 60 52 0 0 
498 237 69 102 96 22 0 0 469 251 72 101 77 54 0 0 485 237 65 95 74 68 0 0 
198 295 198 169 113 47 4 0 188 291 202 177 108 54 4 0 195 286 180 175 120 61 7 0 
421 301 151 115 33 3 0 0 383 330 156 118 34 3 0 0 421 296 152 120 33 2 0 0 
293 287 122 142 145 35 0 0 290 289 126 145 146 28 0 0 313 278 108 158 137 29 1 0 
323 212 105 90 112 109 71 2 296 240 109 91 129 106 53 0 314 237 88 94 145 103 43 0 
195 265 86 73 155 182 68 0 190 268 98 70 180 166 52 0 210 251 89 70 187 183 34 0 
117 269 142 88 207 148 53 0 107 267 152 87 222 134 55 0 128 281 118 86 230 135 46 0 
205 201 98 85 236 153 46 0 199 192 118 81 222 168 44 0 229 189 89 89 217 167 44 0 
51 144 155 119 278 209 64 4 58 128 174 128 263 209 63 1 47 179 127 133 253 225 57 3 
23 185 133 144 379 118 42 0 36 185 144 142 371 112 34 0 24 198 141 145 372 111 33 0 
14 112 194 259 325 79 41 0 14 109 202 260 351 52 36 0 16 121 190 264 351 49 33 0 
532 162 100 99 83 34 13 1 522 164 105 107 91 22 13 0 526 161 106 105 88 25 13 0 
901 109 14 0 0 0 0 0 894 115 14 1 0 0 0 0 897 113 13 1 0 0 0 0 
961 61 2 0 0 0 0 0 946 75 3 0 0 0 0 0 952 69 3 0 0 0 0 0 
1024 0 0 0 0 0 0 0 1024 0 0 0 0 0 0 0 1024 0 0 0 0 0 0 0 
965 59 0 0 0 0 0 0 965 59 0 0 0 0 0 0 976 48 0 0 0 0 0 0 
967 57 0 0 0 0 0 0 967 57 0 0 0 0 0 0 973 51 0 0 0 0 0 0 
839 185 0 0 0 0 0 0 839 185 0 0 0 0 0 0 850 174 0 0 0 0 0 0 
833 191 0 0 0 0 0 0 846 178 0 0 0 0 0 0 893 131 0 0 0 0 0 0 
903 121 0 0 0 0 0 0 906 118 0 0 0 0 0 0 932 92 0 0 0 0 0 0 
766 257 1 0 0 0 0 0 670 351 3 0 0 0 0 0 732 290 2 0 0 0 0 0 
699 325 0 0 0 0 0 0 614 410 0 0 0 0 0 0 649 375 0 0 0 0 0 0 
530 362 91 31 10 0 0 0 364 512 104 31 11 2 0 0 430 444 107 30 11 2 0 0 
503 508 13 0 0 0 0 0 245 763 16 0 0 0 0 0 360 649 15 0 0 0 0 0 
612 407 5 0 0 0 0 0 389 628 7 0 0 0 0 0 541 476 7 0 0 0 0 0 
422 602 0 0 0 0 0 0 256 768 0 0 0 0 0 0 347 677 0 0 0 0 0 0 
131 876 17 0 0 0 0 0 30 968 26 0 0 0 0 0 26 973 25 0 0 0 0 0 
143 861 20 0 0 0 0 0 16 978 30 0 0 0 0 0 54 937 33 0 0 0 0 0 
510 460 50 4 0 0 0 0 354 609 55 6 0 0 0 0 283 675 60 6 0 0 0 0 
741 277 6 0 0 0 0 0 591 426 7 0 0 0 0 0 532 483 9 0 0 0 0 0 
151 761 109 3 0 0 0 0 89 808 122 5 0 0 0 0 117 772 126 9 0 0 0 0 
74 735 161 54 0 0 0 0 13 785 160 66 0 0 0 0 23 769 157 75 0 0 0 0 
28 961 35 0 0 0 0 0 21 966 37 0 0 0 0 0 4 958 62 0 0 0 0 0 
10 488 253 232 41 0 0 0 10 475 223 236 80 0 0 0 10 458 234 199 123 0 0 0 
0 79 133 526 286 0 0 0 0 70 130 417 407 0 0 0 0 54 105 276 589 0 0 0 
5 56 139 510 314 0 0 0 5 53 133 475 358 0 0 0 3 47 128 369 477 0 0 0 
126 100 106 319 364 9 0 0 103 110 103 302 394 12 0 0 91 111 113 285 412 12 0 0 
113 94 91 359 325 42 0 0 97 103 92 338 350 44 0 0 98 103 83 312 378 50 0 0 
3 64 86 160 685 26 0 0 2 64 79 163 689 27 0 0 0 53 72 148 690 61 0 0 
19 51 92 157 653 52 0 0 10 51 88 156 655 64 0 0 6 44 80 157 642 95 0 0 
12 36 70 132 706 68 0 0 10 34 74 123 707 76 0 0 5 33 71 114 691 108 2 0 
0 18 37 205 685 79 0 0 0 17 37 194 696 80 0 0 0 13 35 172 700 102 2 0 
45 79 136 218 497 47 2 0 36 88 133 205 510 50 2 0 35 84 132 202 520 49 2 0 
41 85 83 182 519 97 17 0 39 87 87 190 526 86 9 0 30 83 97 187 533 86 8 0 
89 106 78 88 416 223 24 0 73 119 81 91 444 199 17 0 69 123 78 92 418 231 13 0 
119 99 112 121 273 298 2 0 116 95 118 115 307 272 1 0 94 98 117 120 292 298 5 0 
195 267 113 86 178 172 13 0 175 281 116 95 187 160 10 0 203 249 117 94 193 159 9 0 
476 238 81 56 92 66 15 0 426 290 79 61 93 62 13 0 477 237 84 57 91 69 9 0 
296 329 149 133 71 43 3 0 290 342 155 128 64 43 2 0 325 311 155 129 67 37 0 0 
155 435 216 140 64 13 1 0 137 446 230 138 61 11 1 0 132 453 223 146 57 12 1 0 
238 263 198 146 141 37 1 0 223 271 202 145 141 41 1 0 211 274 195 150 135 57 2 0 
629 275 68 24 22 5 1 0 617 281 72 27 18 8 1 0 636 264 71 21 26 5 1 0 
573 382 44 22 3 0 0 0 571 367 58 24 4 0 0 0 595 349 52 24 4 0 0 0 
738 286 0 0 0 0 0 0 732 291 1 0 0 0 0 0 779 245 0 0 0 0 0 0 
814 210 0 0 0 0 0 0 789 235 0 0 0 0 0 0 789 235 0 0 0 0 0 0 
92 932 0 0 0 0 0 0 134 890 0 0 0 0 0 0 226 798 0 0 0 0 0 0 
93 931 0 0 0 0 0 0 109 915 0 0 0 0 0 0 141 883 0 0 0 0 0 0 
24 988 12 0 0 0 0 0 25 992 7 0 0 0 0 0 25 994 5 0 0 0 0 0 
245 779 0 0 0 0 0 0 268 755 1 0 0 0 0 0 397 627 0 0 0 0 0 0 
241 589 169 19 6 0 0 0 227 592 181 20 4 0 0 0 256 575 170 19 4 0 0 0 
31 756 171 57 9 0 0 0 20 753 181 61 9 0 0 0 26 753 175 61 9 0 0 0 
33 790 141 43 17 0 0 0 9 786 163 48 18 0 0 0 20 786 157 43 18 0 0 0 
0 663 212 122 27 0 0 0 0 644 223 125 32 0 0 0 3 630 219 131 41 0 0 0 
1 663 292 68 0 0 0 0 1 661 296 66 0 0 0 0 1 660 290 73 0 0 0 0 
13 801 196 14 0 0 0 0 9 798 202 15 0 0 0 0 3 778 226 17 0 0 0 0 
0 363 242 259 160 0 0 0 0 338 256 277 153 0 0 0 0 329 245 254 196 0 0 0 
1 171 271 294 287 0 0 0 0 168 263 298 295 0 0 0 0 142 259 269 353 1 0 0 
0 133 314 431 146 0 0 0 0 110 330 474 110 0 0 0 0 77 301 420 226 0 0 0 
4 173 282 379 186 0 0 0 3 165 286 371 199 0 0 0 1 111 301 318 293 0 0 0 
6 488 269 235 26 0 0 0 1 468 284 242 29 0 0 0 1 432 260 268 63 0 0 0 
26 788 180 27 3 0 0 0 8 785 186 42 3 0 0 0 8 772 193 48 3 0 0 0 
2 37 109 412 464 0 0 0 1 32 102 351 538 0 0 0 1 29 87 254 653 0 0 0 
1 292 248 347 136 0 0 0 0 275 250 322 177 0 0 0 0 233 224 310 257 0 0 0 
2 170 189 430 233 0 0 0 0 132 201 340 351 0 0 0 0 116 199 283 426 0 0 0 
0 0 0 370 654 0 0 0 0 0 0 111 913 0 0 0 0 0 0 0 1024 0 0 0 
1 43 189 393 350 47 1 0 1 34 184 379 369 56 1 0 0 26 161 328 423 85 1 0 
193 97 127 224 342 41 0 0 169 113 111 224 334 73 0 0 163 117 104 207 342 91 0 0 
236 86 93 156 394 59 0 0 209 106 86 143 370 110 0 0 209 94 85 135 356 145 0 0 
167 87 136 153 401 80 0 0 159 90 129 156 395 95 0 0 139 88 128 144 365 160 0 0 
204 133 105 156 346 80 0 0 185 135 106 154 322 122 0 0 166 143 109 141 302 163 0 0 
289 150 125 160 230 68 2 0 243 184 115 160 206 114 2 0 217 198 111 154 196 146 2 0 
255 152 130 130 249 108 0 0 240 152 125 131 237 139 0 0 194 185 121 123 228 172 1 0 
316 220 109 134 181 64 0 0 258 252 117 129 173 95 0 0 248 258 117 118 164 117 2 0 
317 241 95 87 242 42 0 0 267 279 100 85 239 54 0 0 273 269 87 89 195 111 0 0 
384 218 63 39 268 52 0 0 317 276 68 39 243 81 0 0 341 254 66 35 174 154 0 0 
293 108 68 72 318 165 0 0 273 126 65 71 324 165 0 0 254 142 64 66 246 250 2 0 
119 189 137 194 279 106 0 0 104 183 145 194 302 96 0 0 117 179 137 209 275 107 0 0 
295 208 98 124 245 50 4 0 254 240 89 129 269 39 4 0 302 201 86 131 260 41 3 0 
117 394 104 126 184 98 1 0 94 405 116 127 210 72 0 0 129 388 107 134 196 70 0 0 
55 391 259 177 129 13 0 0 40 391 282 172 126 13 0 0 49 387 273 182 120 13 0 0 
72 718 134 90 10 0 0 0 44 731 152 85 12 0 0 0 97 700 131 83 13 0 0 0 
45 526 233 149 61 10 0 0 44 514 237 148 71 10 0 0 45 524 219 141 82 13 0 0 
395 459 52 39 74 5 0 0 371 481 53 40 71 8 0 0 391 461 52 40 71 9 0 0 
378 616 30 0 0 0 0 0 364 656 4 0 0 0 0 0 465 558 1 0 0 0 0 0 
384 597 21 13 4 5 0 0 370 614 19 13 4 4 0 0 432 554 18 12 4 4 0 0 
6 986 19 4 7 2 0 0 20 981 10 6 5 2 0 0 32 969 11 5 5 2 0 0 
5 1018 1 0 0 0 0 0 5 1019 0 0 0 0 0 0 18 1006 0 0 0 0 0 0 
18 998 8 0 0 0 0 0 26 992 6 0 0 0 0 0 63 955 6 0 0 0 0 0 
68 594 243 97 19 3 0 0 68 595 246 92 20 3 0 0 97 571 237 94 21 4 0 0 
12 293 362 257 84 16 0 0 12 298 352 261 87 14 0 0 9 271 343 284 99 18 0 0 
3 275 295 258 180 13 0 0 2 272 296 258 183 13 0 0 1 242 293 278 194 16 0 0 
0 146 176 433 264 5 0 0 0 122 204 446 248 4 0 0 0 121 183 426 288 6 0 0 
0 533 244 149 86 12 0 0 0 538 247 147 80 12 0 0 0 495 277 150 88 14 0 0 
0 760 223 22 19 0 0 0 0 746 235 23 20 0 0 0 0 721 257 27 19 0 0 0 
0 433 282 201 108 0 0 0 0 417 289 205 113 0 0 0 0 378 307 212 127 0 0 0 
0 2 71 359 592 0 0 0 0 2 73 360 589 0 0 0 0 1 47 317 659 0 0 0 
0 203 389 289 143 0 0 0 0 151 431 296 146 0 0 0 0 49 478 304 192 1 0 0 
0 32 310 459 223 0 0 0 0 19 296 453 256 0 0 0 0 3 252 439 330 0 0 0 
0 251 323 360 89 1 0 0 0 195 352 350 126 1 0 0 0 82 406 361 173 2 0 0 
0 61 82 590 291 0 0 0 0 54 77 564 329 0 0 0 0 28 73 511 412 0 0 0 
0 250 138 333 303 0 0 0 0 231 142 328 323 0 0 0 0 200 157 296 371 0 0 0 
0 0 4 72 948 0 0 0 0 0 2 63 959 0 0 0 0 0 2 42 980 0 0 0 
0 0 1 262 761 0 0 0 0 0 0 112 912 0 0 0 0 0 0 19 1005 0 0 0 
0 0 7 791 226 0 0 0 0 0 5 280 739 0 0 0 0 0 0 35 989 0 0 0 
0 0 0 993 31 0 0 0 0 0 0 780 244 0 0 0 0 0 0 0 1024 0 0 0 
110 185 253 236 240 0 0 0 85 194 248 217 277 3 0 0 71 172 236 229 311 5 0 0 
542 174 55 96 145 12 0 0 464 232 60 66 165 37 0 0 504 199 56 72 146 47 0 0 
631 87 40 61 200 5 0 0 596 116 43 48 208 13 0 0 605 105 42 48 203 21 0 0 
221 95 66 78 552 12 0 0 200 115 61 74 561 13 0 0 190 121 61 74 549 29 0 0 
180 110 60 67 599 8 0 0 138 145 64 60 605 12 0 0 138 145 60 65 585 31 0 0 
210 62 48 101 582 21 0 0 192 76 46 73 601 36 0 0 190 76 46 65 599 48 0 0 
289 185 73 81 356 40 0 0 251 213 77 76 351 56 0 0 242 212 83 75 335 77 0 0 
138 86 66 143 566 25 0 0 125 92 66 127 572 42 0 0 129 81 58 112 558 86 0 0 
35 65 56 97 723 48 0 0 31 61 58 94 715 65 0 0 18 65 59 92 669 121 0 0 
76 106 39 77 718 8 0 0 57 118 40 69 725 15 0 0 53 115 44 64 696 52 0 0 
4 32 23 42 910 13 0 0 4 23 25 38 912 22 0 0 4 27 20 41 815 117 0 0 
41 243 106 111 482 41 0 0 28 243 114 91 499 49 0 0 28 239 117 95 489 56 0 0 
100 259 191 115 222 137 0 0 88 264 198 119 221 134 0 0 110 249 192 121 237 115 0 0 
38 64 42 66 166 648 0 0 40 71 42 79 434 358 0 0 40 69 41 78 311 485 0 0 
7 22 109 281 232 365 8 0 7 23 132 299 337 226 0 0 11 23 140 305 339 206 0 0 
100 559 154 125 78 7 1 0 37 615 156 135 74 6 1 0 110 559 156 127 67 4 1 0 
5 199 220 174 180 236 10 0 6 220 253 164 234 146 1 0 12 231 254 164 226 136 1 0 
43 406 241 177 92 50 15 0 49 427 254 160 86 41 7 0 82 431 239 152 76 44 0 0 
91 473 173 219 54 14 0 0 82 495 192 197 44 14 0 0 112 483 204 174 40 11 0 0 
14 207 123 161 205 299 15 0 20 214 152 172 295 171 0 0 27 213 159 166 324 135 0 0 
1 43 69 134 222 525 30 0 5 59 80 170 327 379 4 0 5 58 77 184 392 308 0 0 
0 649 170 110 87 8 0 0 11 664 172 107 67 3 0 0 10 666 167 110 69 2 0 0 
2 896 94 22 6 4 0 0 1 882 106 25 6 4 0 0 5 896 89 24 6 4 0 0 
1 169 189 218 188 259 0 0 1 180 194 226 315 108 0 0 1 167 209 226 326 95 0 0 
0 1 133 261 262 367 0 0 0 3 156 272 543 50 0 0 0 3 139 282 542 58 0 0 
0 524 401 65 34 0 0 0 0 529 400 66 29 0 0 0 0 458 465 73 28 0 0 0 
0 14 164 205 385 256 0 0 0 5 177 233 605 4 0 0 0 2 180 228 609 5 0 0 
0 18 104 116 566 220 0 0 0 16 105 125 778 0 0 0 0 9 103 124 767 21 0 0 
0 131 212 119 559 3 0 0 0 119 225 129 550 1 0 0 0 59 260 136 568 1 0 0 
0 30 103 105 786 0 0 0 0 35 102 104 783 0 0 0 0 7 105 108 789 15 0 0 
0 0 8 47 969 0 0 0 0 0 8 57 959 0 0 0 0 0 7 34 982 1 0 0 
0 46 219 226 533 0 0 0 0 28 224 224 548 0 0 0 0 8 208 215 593 0 0 0 
0 1 67 194 762 0 0 0 0 0 66 201 757 0 0 0 0 0 50 173 801 0 0 0 
0 23 58 194 749 0 0 0 0 20 52 190 762 0 0 0 0 10 45 148 821 0 0 0 
0 13 18 107 886 0 0 0 0 13 19 102 890 0 0 0 0 3 20 63 938 0 0 0 
0 3 9 85 927 0 0 0 0 2 9 77 936 0 0 0 0 2 6 44 972 0 0 0 
0 0 3 133 888 0 0 0 0 0 3 67 954 0 0 0 0 0 2 7 1015 0 0 0 
0 5 35 433 551 0 0 0 0 5 35 433 551 0 0 0 0 2 27 58 937 0 0 0 
1 2 7 903 111 0 0 0 1 2 7 883 131 0 0 0 0 3 7 5 1009 0 0 0 
0 0 0 1024 0 0 0 0 0 0 0 1018 6 0 0 0 0 0 0 0 1024 0 0 0 
37 93 141 369 384 0 0 0 31 93 138 242 520 0 0 0 24 93 130 189 588 0 0 0 
272 153 76 117 406 0 0 0 220 192 82 64 466 0 0 0 251 166 79 49 478 1 0 0 
295 98 46 205 380 0 0 0 258 125 44 73 523 1 0 0 278 108 41 52 544 1 0 0 
186 24 18 69 727 0 0 0 169 41 14 30 770 0 0 0 151 57 16 23 776 1 0 0 
2 3 4 13 1001 1 0 0 2 3 3 5 1010 1 0 0 2 3 4 4 1011 0 0 0 
57 39 35 137 738 18 0 0 54 38 37 69 809 17 0 0 49 43 32 67 797 36 0 0 
46 48 94 122 706 8 0 0 41 49 84 99 742 9 0 0 38 49 73 96 750 18 0 0 
68 93 84 166 609 4 0 0 61 93 83 142 638 7 0 0 38 92 95 101 669 29 0 0 
14 49 48 156 756 1 0 0 13 46 46 139 779 1 0 0 10 33 58 100 807 16 0 0 
13 11 14 40 942 4 0 0 12 11 12 35 945 9 0 0 9 10 14 26 943 22 0 0 
0 0 0 0 1024 0 0 0 0 0 0 0 1024 0 0 0 0 0 0 0 1024 0 0 0 
0 0 0 0 1024 0 0 0 0 0 0 0 1024 0 0 0 0 0 0 0 1014 10 0 0 
12 8 4 15 890 95 0 0 15 6 3 27 938 35 0 0 14 6 4 24 921 55 0 0 
1 3 3 6 555 456 0 0 1 4 2 7 965 45 0 0 2 3 2 7 918 92 0 0 
0 0 9 44 270 701 0 0 0 1 23 41 767 192 0 0 0 2 25 39 804 154 0 0 
22 87 92 112 131 573 7 0 32 89 97 117 296 390 3 0 36 90 100 116 408 272 2 0 
0 0 3 13 52 953 3 0 0 0 9 21 185 809 0 0 0 0 9 26 452 537 0 0 
3 59 43 46 73 761 39 0 5 64 53 57 125 720 0 0 8 65 53 60 502 336 0 0 
3 41 58 154 172 593 3 0 7 42 67 160 297 451 0 0 7 43 69 160 453 292 0 0 
1 9 6 7 68 933 0 0 1 10 5 6 451 551 0 0 1 10 6 7 583 417 0 0 
0 0 0 5 81 938 0 0 0 0 0 10 394 620 0 0 0 0 0 9 510 505 0 0 
0 151 278 131 116 346 2 0 1 178 274 151 273 147 0 0 1 186 279 146 356 56 0 0 
2 338 165 151 115 253 0 0 3 331 183 159 201 147 0 0 7 333 188 154 285 57 0 0 
0 12 26 43 62 881 0 0 0 13 31 42 705 233 0 0 0 12 30 46 830 106 0 0 
0 0 4 56 368 596 0 0 0 0 9 69 893 53 0 0 0 0 9 66 900 49 0 0 
0 219 244 111 280 170 0 0 0 209 270 111 425 9 0 0 0 202 273 112 426 11 0 0 
0 0 57 97 206 664 0 0 0 1 67 110 842 4 0 0 0 0 59 114 846 5 0 0 
0 0 6 27 542 449 0 0 0 2 8 35 977 2 0 0 0 1 8 32 969 14 0 0 
0 0 9 21 697 297 0 0 0 0 9 30 984 1 0 0 0 0 9 24 989 2 0 0 
0 0 0 1 804 219 0 0 0 0 0 2 1022 0 0 0 0 0 0 1 1023 0 0 0 
0 0 0 4 971 49 0 0 0 0 0 4 1020 0 0 0 0 0 0 4 1020 0 0 0 
0 0 0 0 993 31 0 0 0 0 0 0 1024 0 0 0 0 0 0 0 1024 0 0 0 
0 0 0 0 1016 8 0 0 0 0 0 0 1024 0 0 0 0 0 0 0 1024 0 0 0 
0 0 0 0 1024 0 0 0 0 0 0 0 1024 0 0 0 0 0 0 0 1024 0 0 0 
0 0 0 18 1006 0 0 0 0 0 0 26 998 0 0 0 0 0 0 0 1024 0 0 0 
0 0 0 80 944 0 0 0 0 0 0 180 844 0 0 0 0 0 0 0 1024 0 0 0 
0 0 0 296 728 0 0 0 0 0 0 452 572 0 0 0 0 0 0 0 1024 0 0 0 
0 0 0 585 439 0 0 0 0 0 0 724 300 0 0 0 0 0 0 12 1012 0 0 0 
0 0 0 834 190 0 0 0 0 0 0 916 108 0 0 0 0 0 0 65 959 0 0 0 
0 0 0 1021 3 0 0 0 0 0 0 1014 10 0 0 0 0 0 0 626 398 0 0 0 
235 185 95 321 188 0 0 0 215 195 90 242 282 0 0 0 217 182 92 110 422 1 0 0 
59 51 34 288 592 0 0 0 53 54 34 97 786 0 0 0 55 53 31 58 827 0 0 0 
4 8 13 622 377 0 0 0 4 8 12 270 730 0 0 0 3 7 12 23 979 0 0 0 
0 0 6 835 183 0 0 0 0 0 4 331 689 0 0 0 0 0 4 18 1002 0 0 0 
0 0 0 611 413 0 0 0 0 0 0 30 994 0 0 0 0 0 0 0 1024 0 0 0 
0 0 2 131 891 0 0 0 0 0 2 7 1015 0 0 0 0 0 1 5 1018 0 0 0 
102 108 118 204 490 2 0 0 82 115 108 160 548 11 0 0 70 125 116 148 543 22 0 0 
396 217 121 112 171 7 0 0 327 279 114 106 176 22 0 0 358 235 124 96 187 24 0 0 
312 220 120 111 253 8 0 0 274 248 114 104 268 16 0 0 281 234 108 102 281 18 0 0 
73 158 47 61 655 30 0 0 85 147 48 57 668 19 0 0 70 160 45 49 666 34 0 0 
0 0 0 0 1024 0 0 0 0 0 0 0 1024 0 0 0 0 0 0 0 1024 0 0 0 
1 2 4 11 1006 0 0 0 1 2 4 10 1006 1 0 0 1 1 4 11 1005 2 0 0 
0 0 0 0 1014 10 0 0 0 0 0 0 1024 0 0 0 0 0 0 0 1024 0 0 0 
0 0 0 0 890 134 0 0 0 0 0 0 1013 11 0 0 0 0 0 0 1011 13 0 0 
0 0 0 0 708 316 0 0 0 0 0 0 986 38 0 0 0 0 0 0 986 38 0 0 
0 0 0 0 206 818 0 0 0 0 0 0 852 172 0 0 0 0 0 0 951 73 0 0 
0 0 0 0 0 1024 0 0 0 0 0 0 166 858 0 0 0 0 0 0 924 100 0 0 
0 0 0 0 7 1015 2 0 0 0 0 0 134 890 0 0 0 0 0 4 753 267 0 0 
0 0 0 0 0 1024 0 0 0 0 0 0 102 922 0 0 0 0 0 0 577 447 0 0 
0 2 2 3 9 1008 0 0 0 2 2 5 173 842 0 0 0 2 2 5 471 544 0 0 
0 0 0 0 21 1003 0 0 0 0 0 0 311 713 0 0 0 0 0 0 631 393 0 0 
0 0 0 1 21 1002 0 0 0 0 0 3 643 378 0 0 0 0 0 7 890 127 0 0 
0 0 7 30 30 957 0 0 0 0 10 33 787 194 0 0 0 0 13 34 936 41 0 0 
0 0 0 0 0 1024 0 0 0 0 0 0 990 34 0 0 0 0 0 0 1002 22 0 0 
0 0 0 0 29 995 0 0 0 0 0 0 1015 9 0 0 0 0 0 0 1023 1 0 0 
0 0 0 4 768 252 0 0 0 0 1 5 1018 0 0 0 0 0 1 4 1019 0 0 0 
0 0 0 0 710 314 0 0 0 0 0 0 1024 0 0 0 0 0 0 0 1024 0 0 0 
0 0 0 0 142 882 0 0 0 0 0 0 1024 0 0 0 0 0 0 0 1024 0 0 0 
0 0 0 0 24 1000 0 0 0 0 0 0 1024 0 0 0 0 0 0 0 1024 0 0 0 
0 0 0 0 341 683 0 0 0 0 0 0 1024 0 0 0 0 0 0 0 1024 0 0 0 
0 0 0 0 73 951 0 0 0 0 0 0 1024 0 0 0 0 0 0 0 1024 0 0 0 
0 0 0 0 211 813 0 0 0 0 0 0 1024 0 0 0 0 0 0 0 1024 0 0 0 
0 0 0 0 801 223 0 0 0 0 0 0 1024 0 0 0 0 0 0 0 1024 0 0 0 
0 0 0 0 1024 0 0 0 0 0 0 22 1002 0 0 0 0 0 0 0 1024 0 0 0 
0 0 0 52 972 0 0 0 0 0 0 40 984 0 0 0 0 0 0 2 1022 0 0 0 
0 0 0 87 937 0 0 0 0 0 0 110 914 0 0 0 0 0 0 9 1015 0 0 0 
0 0 0 296 728 0 0 0 0 0 0 499 525 0 0 0 0 0 0 8 1016 0 0 0 
0 0 0 246 778 0 0 0 0 0 0 479 545 0 0 0 0 0 0 85 939 0 0 0 
0 0 0 281 743 0 0 0 0 0 0 425 599 0 0 0 0 0 0 137 887 0 0 0 
0 0 0 580 444 0 0 0 0 0 0 886 138 0 0 0 0 0 0 651 373 0 0 0 
0 2 11 607 404 0 0 0 0 2 11 522 489 0 0 0 0 1 7 143 873 0 0 0 
0 0 0 575 449 0 0 0 0 0 0 458 566 0 0 0 0 0 0 69 955 0 0 0 
33 48 81 774 88 0 0 0 28 43 80 665 208 0 0 0 22 44 66 207 685 0 0 0 
1 2 9 893 119 0 0 0 1 2 5 592 424 0 0 0 0 2 5 26 991 0 0 0 
18 28 32 429 517 0 0 0 13 31 27 176 777 0 0 0 11 31 26 80 876 0 0 0 
0 0 3 470 551 0 0 0 0 0 2 102 920 0 0 0 0 0 2 11 1011 0 0 0 
73 78 115 365 393 0 0 0 49 88 107 208 572 0 0 0 68 66 113 173 604 0 0 0 
522 381 71 45 5 0 0 0 395 497 75 47 10 0 0 0 522 383 67 46 6 0 0 0 
557 310 91 41 21 4 0 0 547 321 89 42 22 3 0 0 593 286 80 43 20 2 0 0 
58 132 91 73 487 182 1 0 66 131 86 85 630 26 0 0 63 127 92 79 632 31 0 0 
0 0 0 0 950 74 0 0 0 0 0 0 1020 4 0 0 0 0 0 0 1024 0 0 0 
0 0 0 0 1020 4 0 0 0 0 0 0 1024 0 0 0 0 0 0 0 1024 0 0 0 
0 0 0 0 930 94 0 0 0 0 0 0 1024 0 0 0 0 0 0 0 1024 0 0 0 
0 0 0 0 444 580 0 0 0 0 0 0 1017 7 0 0 0 0 0 0 1018 6 0 0 
0 0 0 0 38 986 0 0 0 0 0 0 822 202 0 0 0 0 0 0 1013 11 0 0 
0 0 0 0 7 1017 0 0 0 0 0 0 629 395 0 0 0 0 0 0 991 33 0 0 
0 0 0 0 0 1024 0 0 0 0 0 0 642 382 0 0 0 0 0 0 1022 2 0 0 
0 0 0 0 0 1024 0 0 0 0 0 0 327 697 0 0 0 0 0 0 895 129 0 0 
0 0 0 0 63 961 0 0 0 0 0 0 558 466 0 0 0 0 0 0 891 133 0 0 
0 0 0 0 7 1017 0 0 0 0 0 0 689 335 0 0 0 0 0 0 922 102 0 0 
0 0 0 0 0 1024 0 0 0 0 0 0 767 257 0 0 0 0 0 0 1010 14 0 0 
0 0 0 0 120 904 0 0 0 0 0 0 1001 23 0 0 0 0 0 0 1016 8 0 0 
0 0 0 0 202 822 0 0 0 0 0 0 1024 0 0 0 0 0 0 0 1024 0 0 0 
0 0 0 0 310 714 0 0 0 0 0 0 1024 0 0 0 0 0 0 0 1024 0 0 0 
0 0 0 0 545 479 0 0 0 0 0 0 1024 0 0 0 0 0 0 0 1024 0 0 0 
0 0 0 0 1020 4 0 0 0 0 0 0 1024 0 0 0 0 0 0 0 1024 0 0 0 
0 0 0 0 1024 0 0 0 0 0 0 0 1024 0 0 0 0 0 0 0 1024 0 0 0 
0 0 0 0 858 166 0 0 0 0 0 3 1021 0 0 0 0 0 0 3 1021 0 0 0 
0 0 0 0 562 462 0 0 0 0 0 1 1023 0 0 0 0 0 0 1 1023 0 0 0 
0 0 0 0 869 155 0 0 0 0 0 0 1024 0 0 0 0 0 0 0 1024 0 0 0 
0 1 10 12 582 419 0 0 0 6 9 20 989 0 0 0 0 5 8 21 990 0 0 0 
0 0 0 7 802 215 0 0 0 0 3 15 1006 0 0 0 0 0 3 14 1007 0 0 0 
0 8 75 97 838 6 0 0 0 14 85 178 747 0 0 0 0 8 80 143 793 0 0 0 
0 2 40 165 817 0 0 0 0 3 48 353 620 0 0 0 0 2 40 173 809 0 0 0 
0 0 0 48 958 18 0 0 0 0 0 228 796 0 0 0 0 0 0 28 996 0 0 0 
0 0 0 7 1017 0 0 0 0 0 0 68 956 0 0 0 0 0 0 21 1003 0 0 0 
0 0 0 0 1024 0 0 0 0 0 0 82 942 0 0 0 0 0 0 42 982 0 0 0 
0 0 0 4 1020 0 0 0 0 0 0 221 803 0 0 0 0 0 0 155 869 0 0 0 
0 0 0 138 886 0 0 0 0 0 0 582 442 0 0 0 0 0 0 445 579 0 0 0 
0 0 0 729 295 0 0 0 0 0 0 991 33 0 0 0 0 0 0 903 121 0 0 0 
13 117 78 718 98 0 0 0 11 115 82 671 145 0 0 0 20 97 79 408 420 0 0 0 
1 4 10 561 448 0 0 0 1 4 9 536 474 0 0 0 1 1 11 245 766 0 0 0 
5 34 59 817 109 0 0 0 4 30 49 772 169 0 0 0 4 31 45 488 456 0 0 0 
1 1 11 626 385 0 0 0 1 1 11 568 443 0 0 0 0 2 9 146 867 0 0 0 
0 0 0 144 880 0 0 0 0 0 0 118 906 0 0 0 0 0 0 21 1003 0 0 0 
0 0 0 431 593 0 0 0 0 0 0 300 724 0 0 0 0 0 0 45 979 0 0 0 
3 31 39 408 543 0 0 0 5 29 35 197 758 0 0 0 2 32 33 126 831 0 0 0 
140 441 117 171 155 0 0 0 101 459 128 142 194 0 0 0 164 422 115 151 172 0 0 0 
424 249 100 70 114 67 0 0 397 273 107 80 164 3 0 0 449 238 101 69 164 3 0 0 
7 35 17 15 411 539 0 0 8 36 16 15 926 23 0 0 7 36 18 15 938 10 0 0 
0 0 0 0 836 188 0 0 0 0 0 0 1020 4 0 0 0 0 0 0 1024 0 0 0 
0 0 0 4 923 97 0 0 0 0 0 4 1020 0 0 0 0 0 0 4 1020 0 0 0 
0 0 0 0 858 166 0 0 0 0 0 0 1024 0 0 0 0 0 0 0 1024 0 0 0 
0 1 4 8 226 785 0 0 0 2 6 9 997 10 0 0 0 2 7 9 998 8 0 0 
0 0 0 0 78 946 0 0 0 0 0 0 812 212 0 0 0 0 0 0 1022 2 0 0 
0 0 0 0 0 1024 0 0 0 0 0 0 518 506 0 0 0 0 0 0 1020 4 0 0 
0 0 0 0 0 1024 0 0 0 0 0 0 987 37 0 0 0 0 0 0 1024 0 0 0 
0 0 0 0 0 1024 0 0 0 0 0 0 912 112 0 0 0 0 0 0 1024 0 0 0 
0 0 0 0 0 1024 0 0 0 0 0 0 948 76 0 0 0 0 0 0 1023 1 0 0 
0 0 0 0 316 708 0 0 0 0 0 0 1024 0 0 0 0 0 0 0 1024 0 0 0 
0 0 0 0 716 308 0 0 0 0 0 0 1024 0 0 0 0 0 0 0 1024 0 0 0 
0 0 0 0 974 50 0 0 0 0 0 0 1024 0 0 0 0 0 0 0 1024 0 0 0 
0 0 0 0 971 53 0 0 0 0 0 0 1024 0 0 0 0 0 0 0 1024 0 0 0 
0 0 0 0 963 61 0 0 0 0 0 0 1024 0 0 0 0 0 0 0 1024 0 0 0 
0 0 0 0 1022 2 0 0 0 0 0 0 1024 0 0 0 0 0 0 0 1024 0 0 0 
0 0 0 0 1024 0 0 0 0 0 0 0 1024 0 0 0 0 0 0 0 1024 0 0 0 
0 0 0 0 1024 0 0 0 0 0 0 0 1024 0 0 0 0 0 0 0 1024 0 0 0 
0 0 0 0 1016 8 0 0 0 0 0 0 1024 0 0 0 0 0 0 0 1024 0 0 0 
0 0 0 0 1024 0 0 0 0 0 0 0 1024 0 0 0 0 0 0 0 1024 0 0 0 
0 0 0 0 1014 10 0 0 0 0 0 0 1024 0 0 0 0 0 0 0 1024 0 0 0 
0 0 0 0 1004 20 0 0 0 0 0 9 1015 0 0 0 0 0 0 18 1006 0 0 0 
0 0 0 2 999 23 0 0 0 0 0 74 950 0 0 0 0 0 0 40 984 0 0 0 
0 0 0 0 1024 0 0 0 0 0 0 64 960 0 0 0 0 0 0 61 963 0 0 0 
0 0 0 4 1020 0 0 0 0 0 0 116 908 0 0 0 0 0 0 173 851 0 0 0 
0 0 0 18 988 18 0 0 0 0 0 271 753 0 0 0 0 0 0 247 777 0 0 0 
0 0 0 0 1024 0 0 0 0 0 0 0 1024 0 0 0 0 0 0 216 808 0 0 0 
0 0 0 0 1024 0 0 0 0 0 0 318 706 0 0 0 0 0 0 398 626 0 0 0 
0 0 0 0 1024 0 0 0 0 0 0 762 262 0 0 0 0 0 0 669 355 0 0 0 
0 0 0 130 894 0 0 0 0 0 0 1019 5 0 0 0 0 0 0 982 42 0 0 0 
0 0 0 704 320 0 0 0 0 0 0 1024 0 0 0 0 0 0 0 1024 0 0 0 0 
53 157 134 662 18 0 0 0 55 155 138 663 13 0 0 0 70 130 107 619 98 0 0 0 
0 0 0 1024 0 0 0 0 0 0 0 1024 0 0 0 0 0 0 0 985 39 0 0 0 
0 0 3 1021 0 0 0 0 0 0 3 1021 0 0 0 0 0 0 0 983 41 0 0 0 
0 0 0 891 133 0 0 0 0 0 0 854 170 0 0 0 0 0 0 766 258 0 0 0 
0 0 0 588 436 0 0 0 0 0 0 555 469 0 0 0 0 0 0 377 647 0 0 0 
0 0 0 844 180 0 0 0 0 0 0 792 232 0 0 0 0 0 0 383 641 0 0 0 
24 40 27 374 559 0 0 0 22 42 28 412 520 0 0 0 24 37 27 362 574 0 0 0 
15 36 52 210 582 129 0 0 14 35 51 214 709 1 0 0 20 36 53 161 753 1 0 0 
164 102 68 99 173 418 0 0 152 119 67 102 565 19 0 0 179 102 64 151 522 6 0 0 
0 0 0 0 207 817 0 0 0 0 0 0 1019 5 0 0 0 0 0 0 1024 0 0 0 
0 0 0 4 244 776 0 0 0 0 2 6 992 24 0 0 0 0 2 7 1015 0 0 0 
0 0 0 0 484 540 0 0 0 0 0 0 1024 0 0 0 0 0 0 0 1024 0 0 0 
0 0 0 0 664 360 0 0 0 0 0 0 1024 0 0 0 0 0 0 0 1024 0 0 0 
0 0 0 0 300 724 0 0 0 0 0 0 1024 0 0 0 0 0 0 0 1024 0 0 0 
0 0 0 0 238 786 0 0 0 0 0 0 1003 21 0 0 0 0 0 0 1024 0 0 0 
0 0 0 0 0 1024 0 0 0 0 0 0 1017 7 0 0 0 0 0 0 1024 0 0 0 
0 0 0 0 9 1015 0 0 0 0 0 0 1024 0 0 0 0 0 0 0 1024 0 0 0 
0 0 0 0 129 895 0 0 0 0 0 0 1024 0 0 0 0 0 0 0 1024 0 0 0 
0 0 0 0 415 609 0 0 0 0 0 0 1024 0 0 0 0 0 0 0 1024 0 0 0 
0 0 0 0 874 150 0 0 0 0 0 0 1024 0 0 0 0 0 0 0 1024 0 0 0 
0 0 0 0 1023 1 0 0 0 0 0 0 1024 0 0 0 0 0 0 0 1024 0 0 0 
0 0 0 0 1024 0 0 0 0 0 0 0 1024 0 0 0 0 0 0 0 1024 0 0 0 
0 0 0 0 1024 0 0 0 0 0 0 0 1024 0 0 0 0 0 0 0 1024 0 0 0 
0 0 0 0 1024 0 0 0 0 0 0 0 1024 0 0 0 0 0 0 0 1024 0 0 0 
0 0 0 0 1024 0 0 0 0 0 0 0 1024 0 0 0 0 0 0 0 1024 0 0 0 
0 0 0 0 1024 0 0 0 0 0 0 12 1012 0 0 0 0 0 0 8 1016 0 0 0 
0 0 0 0 1024 0 0 0 0 0 0 38 986 0 0 0 0 0 0 1 1023 0 0 0 
0 0 0 0 1024 0 0 0 0 0 0 14 1010 0 0 0 0 0 0 14 1010 0 0 0 
0 0 0 35 989 0 0 0 0 0 0 209 815 0 0 0 0 0 0 118 906 0 0 0 
0 0 0 430 594 0 0 0 0 0 0 654 370 0 0 0 0 0 0 543 481 0 0 0 
0 0 0 575 449 0 0 0 0 0 0 642 382 0 0 0 0 0 0 640 384 0 0 0 
0 0 0 680 344 0 0 0 0 0 0 891 133 0 0 0 0 0 0 780 244 0 0 0 
0 0 0 562 462 0 0 0 0 0 0 824 200 0 0 0 0 0 0 822 202 0 0 0 
0 0 0 340 684 0 0 0 0 0 0 594 430 0 0 0 0 0 0 560 464 0 0 0 
0 0 0 259 765 0 0 0 0 0 0 572 452 0 0 0 0 0 0 786 238 0 0 0 
0 0 0 233 791 0 0 0 0 0 0 753 271 0 0 0 0 0 0 913 111 0 0 0 
0 0 0 303 721 0 0 0 0 0 0 935 89 0 0 0 0 0 0 987 37 0 0 0 
0 0 0 732 292 0 0 0 0 0 0 1023 1 0 0 0 0 0 0 1024 0 0 0 0 
0 0 0 792 232 0 0 0 0 0 0 1024 0 0 0 0 0 0 0 1024 0 0 0 0 
0 0 6 933 85 0 0 0 0 0 0 1024 0 0 0 0 0 0 0 1024 0 0 0 0 
75 292 282 342 33 0 0 0 63 299 276 348 38 0 0 0 59 279 291 362 33 0 0 0 
0 0 0 953 71 0 0 0 0 0 0 961 63 0 0 0 0 0 0 987 37 0 0 0 
0 0 0 1009 15 0 0 0 0 0 0 1008 16 0 0 0 0 0 0 1011 13 0 0 0 
0 0 0 749 275 0 0 0 0 0 0 769 255 0 0 0 0 0 0 797 227 0 0 0 
0 0 0 759 265 0 0 0 0 0 0 758 266 0 0 0 0 0 0 794 230 0 0 0 
0 0 1 882 141 0 0 0 0 0 1 930 93 0 0 0 0 0 1 921 102 0 0 0 
0 0 0 773 247 4 0 0 0 0 0 796 228 0 0 0 0 0 0 753 271 0 0 0 
0 0 0 26 557 441 0 0 0 0 0 53 971 0 0 0 0 0 0 90 934 0 0 0 
0 0 0 0 11 1013 0 0 0 0 0 0 1007 17 0 0 0 0 0 3 1021 0 0 0 
0 0 0 0 54 970 0 0 0 0 0 0 975 49 0 0 0 0 0 4 1020 0 0 0 
0 0 0 0 54 970 0 0 0 0 0 0 1024 0 0 0 0 0 0 0 1024 0 0 0 
0 0 0 0 222 802 0 0 0 0 0 0 1024 0 0 0 0 0 0 0 1024 0 0 0 
0 0 0 0 446 578 0 0 0 0 0 0 1024 0 0 0 0 0 0 0 1024 0 0 0 
0 0 0 0 716 308 0 0 0 0 0 0 1024 0 0 0 0 0 0 0 1024 0 0 0 
0 0 0 0 515 509 0 0 0 0 0 0 1024 0 0 0 0 0 0 0 1024 0 0 0 
0 0 0 0 161 863 0 0 0 0 0 0 1024 0 0 0 0 0 0 0 1024 0 0 0 
0 0 0 0 137 887 0 0 0 0 0 0 1024 0 0 0 0 0 0 0 1024 0 0 0 
0 0 0 0 357 667 0 0 0 0 0 0 1024 0 0 0 0 0 0 0 1024 0 0 0 
0 0 0 0 807 217 0 0 0 0 0 0 1024 0 0 0 0 0 0 0 1024 0 0 0 
0 0 0 0 1016 8 0 0 0 0 0 0 1024 0 0 0 0 0 0 0 1024 0 0 0 
0 0 0 0 1024 0 0 0 0 0 0 0 1024 0 0 0 0 0 0 0 1024 0 0 0 
0 0 0 0 1024 0 0 0 0 0 0 0 1024 0 0 0 0 0 0 0 1024 0 0 0 
0 0 0 0 1024 0 0 0 0 0 0 0 1024 0 0 0 0 0 0 0 1024 0 0 0 
0 0 0 33 991 0 0 0 0 0 0 43 981 0 0 0 0 0 0 58 966 0 0 0 
0 0 0 67 957 0 0 0 0 0 0 164 860 0 0 0 0 0 0 140 884 0 0 0 
0 0 0 380 644 0 0 0 0 0 0 420 604 0 0 0 0 0 0 394 630 0 0 0 
0 1 10 584 429 0 0 0 0 2 11 744 267 0 0 0 0 1 9 718 296 0 0 0 
0 0 0 802 222 0 0 0 0 0 0 945 79 0 0 0 0 0 0 958 66 0 0 0 
0 0 0 932 92 0 0 0 0 0 0 989 35 0 0 0 0 0 0 960 64 0 0 0 
0 0 0 998 26 0 0 0 0 0 0 1024 0 0 0 0 0 0 0 1003 21 0 0 0 
0 0 0 1024 0 0 0 0 0 0 0 1024 0 0 0 0 0 0 0 1024 0 0 0 0 
0 0 0 1024 0 0 0 0 0 0 0 1024 0 0 0 0 0 0 0 1024 0 0 0 0 
0 0 98 926 0 0 0 0 0 0 4 1020 0 0 0 0 0 0 0 1024 0 0 0 0 
0 0 273 751 0 0 0 0 0 0 141 883 0 0 0 0 0 0 0 1024 0 0 0 0 
0 0 99 873 52 0 0 0 0 0 142 882 0 0 0 0 0 0 0 1024 0 0 0 0 
0 0 60 963 1 0 0 0 0 0 30 994 0 0 0 0 0 0 0 1024 0 0 0 0 
0 0 0 815 209 0 0 0 0 0 0 1024 0 0 0 0 0 0 0 1024 0 0 0 0 
0 0 15 1003 6 0 0 0 0 0 8 1016 0 0 0 0 0 0 0 1024 0 0 0 0 
0 0 58 966 0 0 0 0 0 0 26 998 0 0 0 0 0 0 0 1024 0 0 0 0 
0 0 4 1020 0 0 0 0 0 0 0 1024 0 0 0 0 0 0 0 1024 0 0 0 0 
7 109 234 277 397 0 0 0 8 134 238 569 75 0 0 0 9 129 247 616 23 0 0 0 
0 0 0 738 286 0 0 0 0 0 0 902 122 0 0 0 0 0 0 1018 6 0 0 0 
0 0 0 707 317 0 0 0 0 0 0 732 292 0 0 0 0 0 0 913 111 0 0 0 
0 0 0 56 968 0 0 0 0 0 0 116 908 0 0 0 0 0 0 492 532 0 0 0 
0 0 0 472 552 0 0 0 0 0 0 686 338 0 0 0 0 0 0 839 185 0 0 0 
0 0 0 1022 2 0 0 0 0 0 0 1020 4 0 0 0 0 0 0 1016 8 0 0 0 
0 0 0 594 430 0 0 0 0 0 0 622 402 0 0 0 0 0 0 703 321 0 0 0 
0 0 0 1 940 83 0 0 0 0 0 6 1018 0 0 0 0 0 0 52 972 0 0 0 
0 0 0 0 698 326 0 0 0 0 0 0 1024 0 0 0 0 0 0 6 1018 0 0 0 
0 0 0 0 788 236 0 0 0 0 0 0 1024 0 0 0 0 0 0 2 1022 0 0 0 
0 0 0 0 949 75 0 0 0 0 0 0 1024 0 0 0 0 0 0 0 1024 0 0 0 
0 0 0 0 1023 1 0 0 0 0 0 0 1024 0 0 0 0 0 0 0 1024 0 0 0 
0 0 0 0 907 117 0 0 0 0 0 0 1024 0 0 0 0 0 0 0 1024 0 0 0 
0 0 0 0 943 81 0 0 0 0 0 0 1024 0 0 0 0 0 0 0 1024 0 0 0 
0 0 0 0 883 141 0 0 0 0 0 0 1024 0 0 0 0 0 0 0 1024 0 0 0 
0 0 0 0 714 310 0 0 0 0 0 0 1024 0 0 0 0 0 0 0 1024 0 0 0 
0 0 0 0 928 96 0 0 0 0 0 0 1024 0 0 0 0 0 0 0 1024 0 0 0 
0 0 0 0 879 145 0 0 0 0 0 0 1024 0 0 0 0 0 0 0 1024 0 0 0 
0 0 0 0 1018 6 0 0 0 0 0 0 1024 0 0 0 0 0 0 0 1024 0 0 0 
0 0 0 0 1024 0 0 0 0 0 0 0 1024 0 0 0 0 0 0 0 1024 0 0 0 
0 0 0 0 1024 0 0 0 0 0 0 0 1024 0 0 0 0 0 0 0 1024 0 0 0 
0 0 0 0 1024 0 0 0 0 0 0 0 1024 0 0 0 0 0 0 0 1024 0 0 0 
0 0 0 0 1024 0 0 0 0 0 0 0 1024 0 0 0 0 0 0 1 1023 0 0 0 
0 0 0 545 479 0 0 0 0 0 0 618 406 0 0 0 0 0 0 672 352 0 0 0 
0 0 0 966 58 0 0 0 0 0 0 1014 10 0 0 0 0 0 0 990 34 0 0 0 
0 0 0 1024 0 0 0 0 0 0 0 1024 0 0 0 0 0 0 0 1024 0 0 0 0 
0 18 21 985 0 0 0 0 0 17 22 985 0 0 0 0 0 16 20 986 2 0 0 0 
0 0 0 1024 0 0 0 0 0 0 0 1024 0 0 0 0 0 0 0 1024 0 0 0 0 
0 0 1 1023 0 0 0 0 0 0 1 1023 0 0 0 0 0 0 0 1024 0 0 0 0 
0 0 378 646 0 0 0 0 0 0 187 837 0 0 0 0 0 0 0 1024 0 0 0 0 
0 0 676 348 0 0 0 0 0 0 492 532 0 0 0 0 0 0 0 1024 0 0 0 0 
0 0 810 214 0 0 0 0 0 0 742 282 0 0 0 0 0 0 24 1000 0 0 0 0 
0 0 976 48 0 0 0 0 0 0 856 168 0 0 0 0 0 0 195 829 0 0 0 0 
0 0 861 163 0 0 0 0 0 0 761 263 0 0 0 0 0 0 338 686 0 0 0 0 
0 0 567 457 0 0 0 0 0 0 588 436 0 0 0 0 0 0 339 685 0 0 0 0 
0 0 602 422 0 0 0 0 0 0 529 495 0 0 0 0 0 0 121 903 0 0 0 0 
0 0 37 987 0 0 0 0 0 0 49 975 0 0 0 0 0 0 11 1013 0 0 0 0 
0 0 24 1000 0 0 0 0 0 0 14 1010 0 0 0 0 0 0 13 1011 0 0 0 0 
0 0 174 850 0 0 0 0 0 0 170 854 0 0 0 0 0 0 24 1000 0 0 0 0 
0 0 277 747 0 0 0 0 0 0 324 700 0 0 0 0 0 0 15 1009 0 0 0 0 
1 7 14 836 166 0 0 0 1 8 15 989 11 0 0 0 1 8 19 988 8 0 0 0 
0 0 0 976 48 0 0 0 0 0 0 1019 5 0 0 0 0 0 0 1024 0 0 0 0 
0 0 0 438 586 0 0 0 0 0 0 712 312 0 0 0 0 0 0 961 63 0 0 0 
0 0 0 405 619 0 0 0 0 0 0 589 435 0 0 0 0 0 0 1010 14 0 0 0 
0 0 0 846 178 0 0 0 0 0 0 936 88 0 0 0 0 0 0 1007 17 0 0 0 
0 0 0 994 30 0 0 0 0 0 0 1002 22 0 0 0 0 0 0 1001 23 0 0 0 
0 0 0 295 729 0 0 0 0 0 0 452 572 0 0 0 0 0 0 649 375 0 0 0 
0 0 0 0 1024 0 0 0 0 0 0 3 1021 0 0 0 0 0 0 81 943 0 0 0 
0 0 0 0 1024 0 0 0 0 0 0 0 1024 0 0 0 0 0 0 8 1016 0 0 0 
0 0 0 0 1024 0 0 0 0 0 0 0 1024 0 0 0 0 0 0 0 1024 0 0 0 
0 0 0 0 1024 0 0 0 0 0 0 0 1024 0 0 0 0 0 0 0 1024 0 0 0 
0 0 0 0 1024 0 0 0 0 0 0 0 1024 0 0 0 0 0 0 0 1024 0 0 0 
0 0 0 0 1024 0 0 0 0 0 0 0 1024 0 0 0 0 0 0 0 1024 0 0 0 
0 0 0 0 1024 0 0 0 0 0 0 0 1024 0 0 0 0 0 0 0 1024 0 0 0 
0 0 0 0 1024 0 0 0 0 0 0 0 1024 0 0 0 0 0 0 0 1024 0 0 0 
0 0 0 0 1024 0 0 0 0 0 0 0 1024 0 0 0 0 0 0 0 1024 0 0 0 
0 0 0 0 1024 0 0 0 0 0 0 0 1024 0 0 0 0 0 0 0 1024 0 0 0 
0 0 0 0 1024 0 0 0 0 0 0 0 1024 0 0 0 0 0 0 0 1024 0 0 0 
0 0 0 0 1024 0 0 0 0 0 0 0 1024 0 0 0 0 0 0 0 1024 0 0 0 
0 0 0 0 1024 0 0 0 0 0 0 0 1024 0 0 0 0 0 0 0 1024 0 0 0 
0 0 0 0 1024 0 0 0 0 0 0 0 1024 0 0 0 0 0 0 0 1024 0 0 0 
0 0 0 0 1024 0 0 0 0 0 0 0 1024 0 0 0 0 0 0 3 1021 0 0 0 
0 0 0 0 1024 0 0 0 0 0 0 1 1023 0 0 0 0 0 0 10 1014 0 0 0 
0 0 0 80 944 0 0 0 0 0 0 224 800 0 0 0 0 0 0 348 676 0 0 0 
0 0 0 902 122 0 0 0 0 0 0 959 65 0 0 0 0 0 0 1002 22 0 0 0 
0 0 111 913 0 0 0 0 0 0 3 1021 0 0 0 0 0 0 0 1024 0 0 0 0 
0 0 639 385 0 0 0 0 0 0 261 763 0 0 0 0 0 0 0 1024 0 0 0 0 
0 0 676 348 0 0 0 0 0 0 524 500 0 0 0 0 0 0 0 1024 0 0 0 0 
0 0 880 144 0 0 0 0 0 0 784 240 0 0 0 0 0 0 5 1019 0 0 0 0 
0 0 1024 0 0 0 0 0 0 0 1017 7 0 0 0 0 0 0 135 889 0 0 0 0 
0 0 1024 0 0 0 0 0 0 0 1020 4 0 0 0 0 0 0 453 571 0 0 0 0 
0 0 1024 0 0 0 0 0 0 0 1024 0 0 0 0 0 0 0 618 406 0 0 0 0 
0 0 1024 0 0 0 0 0 0 0 1024 0 0 0 0 0 0 0 818 206 0 0 0 0 
0 0 1024 0 0 0 0 0 0 0 1024 0 0 0 0 0 0 0 982 42 0 0 0 0 
0 0 1024 0 0 0 0 0 0 0 1024 0 0 0 0 0 0 0 994 30 0 0 0 0 
0 0 1002 22 0 0 0 0 0 0 999 25 0 0 0 0 0 0 858 166 0 0 0 0 
0 0 323 701 0 0 0 0 0 0 330 694 0 0 0 0 0 0 191 833 0 0 0 0 
0 0 13 1011 0 0 0 0 0 0 42 982 0 0 0 0 0 0 25 999 0 0 0 0 
0 0 93 931 0 0 0 0 0 0 187 837 0 0 0 0 0 0 83 941 0 0 0 0 
0 0 907 117 0 0 0 0 0 0 941 83 0 0 0 0 0 0 702 322 0 0 0 0 
0 0 0 1024 0 0 0 0 0 0 0 1024 0 0 0 0 0 0 0 1024 0 0 0 0 
0 0 0 1024 0 0 0 0 0 0 0 1024 0 0 0 0 0 0 0 1024 0 0 0 0 
0 0 0 941 83 0 0 0 0 0 0 1023 1 0 0 0 0 0 0 1024 0 0 0 0 
0 0 0 1018 6 0 0 0 0 0 0 1019 5 0 0 0 0 0 0 1021 3 0 0 0 
0 0 0 1018 6 0 0 0 0 0 0 1018 6 0 0 0 0 0 0 1022 2 0 0 0 
0 0 0 915 109 0 0 0 0 0 0 917 107 0 0 0 0 0 0 1009 15 0 0 0 
0 0 0 373 651 0 0 0 0 0 0 497 527 0 0 0 0 0 0 866 158 0 0 0 
0 0 0 170 854 0 0 0 0 0 0 208 816 0 0 0 0 0 0 527 497 0 0 0 
0 0 0 6 1018 0 0 0 0 0 0 37 987 0 0 0 0 0 0 397 627 0 0 0 
0 0 0 13 1011 0 0 0 0 0 0 31 993 0 0 0 0 0 0 180 844 0 0 0 
0 0 0 6 1018 0 0 0 0 0 0 28 996 0 0 0 0 0 0 151 873 0 0 0 
0 0 0 0 1024 0 0 0 0 0 0 9 1015 0 0 0 0 0 0 132 892 0 0 0 
0 0 0 0 1024 0 0 0 0 0 0 15 1009 0 0 0 0 0 0 106 918 0 0 0 
0 0 0 0 1024 0 0 0 0 0 0 25 999 0 0 0 0 0 0 77 947 0 0 0 
0 0 0 0 1024 0 0 0 0 0 0 46 978 0 0 0 0 0 0 138 886 0 0 0 
0 0 0 0 1024 0 0 0 0 0 0 36 988 0 0 0 0 0 0 117 907 0 0 0 
0 0 0 0 1024 0 0 0 0 0 0 4 1020 0 0 0 0 0 0 59 965 0 0 0 
0 0 0 0 1024 0 0 0 0 0 0 39 985 0 0 0 0 0 0 113 911 0 0 0 
0 0 0 0 1024 0 0 0 0 0 0 39 985 0 0 0 0 0 0 63 961 0 0 0 
0 0 0 0 1024 0 0 0 0 0 0 72 952 0 0 0 0 0 0 167 857 0 0 0 
0 0 0 34 990 0 0 0 0 0 0 212 812 0 0 0 0 0 0 467 557 0 0 0 
0 0 0 48 976 0 0 0 0 0 0 316 708 0 0 0 0 0 0 508 516 0 0 0 
0 0 0 102 922 0 0 0 0 0 0 519 505 0 0 0 0 0 0 654 370 0 0 0 
0 0 0 162 862 0 0 0 0 0 0 778 246 0 0 0 0 0 0 964 60 0 0 0 
0 0 5 952 67 0 0 0 0 0 0 1000 24 0 0 0 0 0 0 1019 5 0 0 0 
0 0 428 596 0 0 0 0 0 0 174 850 0 0 0 0 0 0 0 1024 0 0 0 0 
0 0 959 65 0 0 0 0 0 0 902 122 0 0 0 0 0 0 0 1024 0 0 0 0 
0 0 1024 0 0 0 0 0 0 0 1005 19 0 0 0 0 0 0 147 877 0 0 0 0 
0 0 1024 0 0 0 0 0 0 0 1024 0 0 0 0 0 0 0 567 457 0 0 0 0 
0 0 1024 0 0 0 0 0 0 0 1024 0 0 0 0 0 0 0 847 177 0 0 0 0 
0 0 1024 0 0 0 0 0 0 0 1024 0 0 0 0 0 0 0 1020 4 0 0 0 0 
0 0 1024 0 0 0 0 0 0 0 1024 0 0 0 0 0 0 0 1024 0 0 0 0 0 
0 0 1024 0 0 0 0 0 0 0 1024 0 0 0 0 0 0 0 1024 0 0 0 0 0 
0 4 1020 0 0 0 0 0 0 0 1024 0 0 0 0 0 0 0 1024 0 0 0 0 0 
0 4 1020 0 0 0 0 0 0 0 1024 0 0 0 0 0 0 0 1024 0 0 0 0 0 
0 0 1024 0 0 0 0 0 0 0 1024 0 0 0 0 0 0 0 1024 0 0 0 0 0 
0 4 913 107 0 0 0 0 0 0 947 77 0 0 0 0 0 0 908 116 0 0 0 0 
0 0 745 279 0 0 0 0 0 0 781 243 0 0 0 0 0 0 725 299 0 0 0 0 
0 1 795 228 0 0 0 0 0 0 913 111 0 0 0 0 0 0 794 230 0 0 0 0 
0 0 1024 0 0 0 0 0 0 0 1024 0 0 0 0 0 0 0 1020 4 0 0 0 0 
0 0 0 1024 0 0 0 0 0 0 0 1024 0 0 0 0 0 0 0 1024 0 0 0 0 
0 0 0 1024 0 0 0 0 0 0 0 1024 0 0 0 0 0 0 0 1024 0 0 0 0 
0 0 0 1024 0 0 0 0 0 0 0 1024 0 0 0 0 0 0 0 1024 0 0 0 0 
0 0 0 1024 0 0 0 0 0 0 0 1024 0 0 0 0 0 0 0 1024 0 0 0 0 
0 0 0 1024 0 0 0 0 0 0 0 1024 0 0 0 0 0 0 0 1024 0 0 0 0 
0 0 0 1024 0 0 0 0 0 0 0 1024 0 0 0 0 0 0 0 1024 0 0 0 0 
0 0 0 993 31 0 0 0 0 0 0 1016 8 0 0 0 0 0 0 1024 0 0 0 0 
0 0 0 1000 24 0 0 0 0 0 0 997 27 0 0 0 0 0 0 1020 4 0 0 0 
0 0 0 767 257 0 0 0 0 0 0 843 181 0 0 0 0 0 0 975 49 0 0 0 
0 0 0 692 332 0 0 0 0 0 0 738 286 0 0 0 0 0 0 930 94 0 0 0 
0 0 0 681 343 0 0 0 0 0 0 777 247 0 0 0 0 0 0 944 80 0 0 0 
0 0 0 675 349 0 0 0 0 0 0 737 287 0 0 0 0 0 0 960 64 0 0 0 
0 0 0 729 295 0 0 0 0 0 0 873 151 0 0 0 0 0 0 989 35 0 0 0 
0 0 0 625 399 0 0 0 0 0 0 872 152 0 0 0 0 0 0 776 248 0 0 0 
0 0 0 448 576 0 0 0 0 0 0 794 230 0 0 0 0 0 0 984 40 0 0 0 
0 0 0 514 510 0 0 0 0 0 0 762 262 0 0 0 0 0 0 987 37 0 0 0 
0 0 0 426 598 0 0 0 0 0 0 613 411 0 0 0 0 0 0 887 137 0 0 0 
0 0 0 382 642 0 0 0 0 0 0 694 330 0 0 0 0 0 0 806 218 0 0 0 
0 0 0 478 546 0 0 0 0 0 0 775 249 0 0 0 0 0 0 945 79 0 0 0 
0 0 0 657 367 0 0 0 0 0 0 912 112 0 0 0 0 0 0 987 37 0 0 0 
0 0 0 585 439 0 0 0 0 0 0 1014 10 0 0 0 0 0 0 1018 6 0 0 0 
0 0 0 701 323 0 0 0 0 0 0 1015 9 0 0 0 0 0 0 1023 1 0 0 0 
0 0 0 971 53 0 0 0 0 0 0 1005 19 0 0 0 0 0 0 1024 0 0 0 0 
0 0 0 920 104 0 0 0 0 0 0 1019 5 0 0 0 0 0 0 1022 2 0 0 0 
0 0 0 1024 0 0 0 0 0 0 0 1024 0 0 0 0 0 0 0 1024 0 0 0 0 
0 0 19 1005 0 0 0 0 0 0 13 1011 0 0 0 0 0 0 3 1021 0 0 0 0 
0 0 532 492 0 0 0 0 0 0 470 554 0 0 0 0 0 0 109 915 0 0 0 0 
0 0 1023 1 0 0 0 0 0 0 1022 2 0 0 0 0 0 0 658 366 0 0 0 0 
0 0 1024 0 0 0 0 0 0 0 1024 0 0 0 0 0 0 0 1022 2 0 0 0 0 
0 0 1024 0 0 0 0 0 0 0 1024 0 0 0 0 0 0 0 1024 0 0 0 0 0 
0 0 1024 0 0 0 0 0 0 0 1024 0 0 0 0 0 0 0 1024 0 0 0 0 0 
0 0 1024 0 0 0 0 0 0 0 1024 0 0 0 0 0 0 0 1024 0 0 0 0 0 
0 0 1024 0 0 0 0 0 0 0 1024 0 0 0 0 0 0 0 1024 0 0 0 0 0 
0 3 1021 0 0 0 0 0 0 0 1024 0 0 0 0 0 0 0 1024 0 0 0 0 0 
0 0 1024 0 0 0 0 0 0 0 1024 0 0 0 0 0 0 0 1024 0 0 0 0 0 
0 87 937 0 0 0 0 0 0 0 1024 0 0 0 0 0 0 0 1024 0 0 0 0 0 
0 370 654 0 0 0 0 0 0 159 865 0 0 0 0 0 0 0 1024 0 0 0 0 0 
0 722 302 0 0 0 0 0 0 241 783 0 0 0 0 0 0 0 1022 2 0 0 0 0 
0 643 381 0 0 0 0 0 0 245 779 0 0 0 0 0 0 0 1024 0 0 0 0 0 
0 433 591 0 0 0 0 0 0 112 912 0 0 0 0 0 0 0 1024 0 0 0 0 0 
0 0 0 1024 0 0 0 0 0 0 0 1024 0 0 0 0 0 0 0 1024 0 0 0 0 
0 0 0 1024 0 0 0 0 0 0 0 1024 0 0 0 0 0 0 0 1024 0 0 0 0 
0 0 0 1024 0 0 0 0 0 0 0 1024 0 0 0 0 0 0 0 1024 0 0 0 0 
0 0 0 1024 0 0 0 0 0 0 0 1024 0 0 0 0 0 0 0 1024 0 0 0 0 
0 0 0 1024 0 0 0 0 0 0 0 1024 0 0 0 0 0 0 0 1024 0 0 0 0 
0 0 0 1024 0 0 0 0 0 0 0 1024 0 0 0 0 0 0 0 1024 0 0 0 0 
0 0 0 1024 0 0 0 0 0 0 0 1024 0 0 0 0 0 0 0 1024 0 0 0 0 
0 0 0 1024 0 0 0 0 0 0 0 1024 0 0 0 0 0 0 0 1024 0 0 0 0 
0 0 0 1024 0 0 0 0 0 0 0 1024 0 0 0 0 0 0 0 1024 0 0 0 0 
0 0 0 1024 0 0 0 0 0 0 0 1024 0 0 0 0 0 0 0 1024 0 0 0 0 
0 0 0 1024 0 0 0 0 0 0 0 1024 0 0 0 0 0 0 0 1024 0 0 0 0 
0 0 0 1024 0 0 0 0 0 0 0 1024 0 0 0 0 0 0 0 1024 0 0 0 0 
0 0 0 1023 1 0 0 0 0 0 0 1024 0 0 0 0 0 0 0 1024 0 0 0 0 
0 0 0 1024 0 0 0 0 0 0 0 1024 0 0 0 0 0 0 0 1024 0 0 0 0 
0 0 0 1005 19 0 0 0 0 0 0 1024 0 0 0 0 0 0 0 1024 0 0 0 0 
0 0 0 1024 0 0 0 0 0 0 0 1024 0 0 0 0 0 0 0 1024 0 0 0 0 
0 0 0 1022 2 0 0 0 0 0 0 1024 0 0 0 0 0 0 0 1024 0 0 0 0 
0 0 0 1024 0 0 0 0 0 0 0 1024 0 0 0 0 0 0 0 1024 0 0 0 0 
0 0 0 1024 0 0 0 0 0 0 0 1024 0 0 0 0 0 0 0 1024 0 0 0 0 
0 0 0 1024 0 0 0 0 0 0 0 1024 0 0 0 0 0 0 0 1024 0 0 0 0 
0 0 0 1024 0 0 0 0 0 0 0 1024 0 0 0 0 0 0 0 1024 0 0 0 0 
0 0 0 1024 0 0 0 0 0 0 0 1024 0 0 0 0 0 0 0 1024 0 0 0 0 
0 0 0 1024 0 0 0 0 0 0 0 1024 0 0 0 0 0 0 0 1024 0 0 0 0 
0 0 0 1024 0 0 0 0 0 0 0 1024 0 0 0 0 0 0 0 1024 0 0 0 0 
0 0 0 1024 0 0 0 0 0 0 0 1024 0 0 0 0 0 0 0 1024 0 0 0 0 
0 0 0 1024 0 0 0 0 0 0 0 1024 0 0 0 0 0 0 0 1024 0 0 0 0 
0 0 113 911 0 0 0 0 0 0 91 933 0 0 0 0 0 0 3 1021 0 0 0 0 
0 0 435 589 0 0 0 0 0 0 309 715 0 0 0 0 0 0 143 881 0 0 0 0 
0 0 603 421 0 0 0 0 0 0 543 481 0 0 0 0 0 0 423 601 0 0 0 0 
0 0 1021 3 0 0 0 0 0 0 1008 16 0 0 0 0 0 0 970 54 0 0 0 0 
0 0 1024 0 0 0 0 0 0 0 1024 0 0 0 0 0 0 0 1009 15 0 0 0 0 
0 11 1013 0 0 0 0 0 0 0 1024 0 0 0 0 0 0 0 1018 6 0 0 0 0 
0 51 973 0 0 0 0 0 0 0 1024 0 0 0 0 0 0 0 1024 0 0 0 0 0 
0 181 843 0 0 0 0 0 0 50 974 0 0 0 0 0 0 0 1023 1 0 0 0 0 
0 572 452 0 0 0 0 0 0 155 869 0 0 0 0 0 0 0 1024 0 0 0 0 0 
0 941 83 0 0 0 0 0 0 607 417 0 0 0 0 0 0 0 1024 0 0 0 0 0 
0 931 93 0 0 0 0 0 0 786 238 0 0 0 0 0 0 27 997 0 0 0 0 0 
0 992 32 0 0 0 0 0 0 940 84 0 0 0 0 0 0 187 837 0 0 0 0 0 
18 1004 2 0 0 0 0 0 29 967 28 0 0 0 0 0 14 188 822 0 0 0 0 0 
17 957 50 0 0 0 0 0 5 877 142 0 0 0 0 0 18 376 630 0 0 0 0 0 
