0 0 0 0 0 741 283 0 0 0 0 0 0 0 1024 0 0 0 0 0 0 0 462 562 
0 0 0 0 0 402 622 0 0 0 0 0 0 0 1024 0 0 0 0 0 0 0 143 881 
0 0 0 0 0 339 685 0 0 0 0 0 0 0 1024 0 0 0 0 0 0 0 125 899 
0 0 0 0 0 728 296 0 0 0 0 0 0 0 1024 0 0 0 0 0 0 0 150 874 
0 0 0 0 0 674 350 0 0 0 0 0 0 0 1024 0 0 0 0 0 0 0 341 683 
0 0 0 0 0 781 243 0 0 0 0 0 0 3 1021 0 0 0 0 0 0 0 577 447 
0 0 0 0 0 710 314 0 0 0 0 0 0 47 977 0 0 0 0 0 0 0 959 65 
0 0 0 0 0 651 373 0 0 0 0 0 0 0 1024 0 0 0 0 0 0 0 655 369 
0 0 0 0 0 346 678 0 0 0 0 0 0 0 1024 0 0 0 0 0 0 0 212 812 
0 0 0 0 0 5 1003 15 0 0 0 0 0 0 1008 15 0 0 0 0 0 0 111 912 
19 217 273 99 50 220 146 0 1 127 288 147 72 83 306 0 0 139 290 129 69 48 347 2 
2 167 273 83 40 298 161 0 0 90 250 160 50 56 418 0 1 116 260 121 46 32 423 25 
12 145 168 79 54 215 351 0 0 107 165 102 62 72 516 0 17 156 126 72 55 58 490 50 
6 69 91 54 36 392 376 0 1 50 85 68 37 51 732 0 9 67 72 59 32 37 719 29 
3 41 72 66 37 581 224 0 0 23 63 79 36 78 745 0 2 33 64 69 33 49 769 5 
0 4 6 16 13 650 335 0 0 0 8 11 11 135 859 0 0 3 7 12 9 24 968 1 
0 4 51 32 21 810 106 0 0 0 40 34 22 186 742 0 0 4 46 27 18 23 906 0 
0 0 18 27 25 675 279 0 0 0 7 29 26 85 877 0 0 0 19 19 21 22 943 0 
0 0 4 2 7 809 202 0 0 0 2 3 5 75 939 0 0 0 2 3 5 6 1008 0 
0 0 0 0 0 965 58 0 0 0 0 0 0 382 641 0 0 0 0 0 0 0 1017 6 
13 389 245 111 131 135 0 0 0 212 379 138 103 192 0 0 4 252 295 148 94 218 13 0 
33 275 212 147 114 243 0 0 2 195 244 197 113 273 0 0 32 187 214 167 113 159 152 0 
143 366 232 91 64 128 0 0 78 380 257 97 74 133 5 0 178 381 189 58 54 71 93 0 
96 355 263 114 86 110 0 0 50 323 305 126 94 120 6 0 151 365 204 93 77 74 60 0 
41 425 286 106 86 80 0 0 18 315 379 116 87 107 2 0 118 431 202 88 70 81 34 0 
61 290 384 159 89 41 0 0 21 178 460 217 96 46 6 0 114 453 226 123 62 31 15 0 
11 194 463 251 78 27 0 0 0 138 392 367 95 32 0 0 29 389 372 151 53 20 10 0 
2 148 377 289 110 98 0 0 0 75 313 394 113 100 29 0 4 258 424 123 78 60 77 0 
0 87 349 228 191 169 0 0 0 29 248 348 118 241 40 0 1 168 394 82 86 168 125 0 
0 114 323 203 235 146 0 0 0 32 271 299 111 304 5 0 0 75 399 138 70 229 111 0 
7 448 339 230 0 0 0 0 1 272 381 340 30 0 0 0 66 503 108 303 44 0 0 0 
3 311 365 341 4 0 0 0 0 170 383 391 80 0 0 0 69 382 139 321 113 0 0 0 
26 363 380 241 14 0 0 0 14 153 511 277 69 0 0 0 177 335 212 212 88 0 0 0 
25 183 306 476 34 0 0 0 10 64 319 518 112 1 0 0 131 242 92 411 148 0 0 0 
0 85 261 480 198 0 0 0 0 8 246 348 422 0 0 0 18 194 102 220 489 1 0 0 
0 58 200 266 500 0 0 0 0 2 165 235 622 0 0 0 5 125 158 116 510 110 0 0 
0 12 97 318 589 8 0 0 2 17 53 235 699 18 0 0 3 10 75 187 575 174 0 0 
24 77 35 79 787 20 2 0 28 70 37 59 652 176 2 0 29 65 41 51 358 479 1 0 
0 0 0 0 1009 15 0 0 0 0 0 0 309 715 0 0 0 0 0 0 39 985 0 0 
0 0 0 0 1018 5 0 0 0 0 0 0 377 646 0 0 0 0 0 0 11 1012 0 0 
0 49 726 249 0 0 0 0 0 2 373 623 26 0 0 0 0 3 372 582 67 0 0 0 
0 14 304 706 0 0 0 0 0 1 106 739 178 0 0 0 0 1 101 588 334 0 0 0 
0 24 161 801 38 0 0 0 0 1 83 570 370 0 0 0 0 12 91 435 486 0 0 0 
0 0 15 910 99 0 0 0 0 0 4 237 783 0 0 0 0 0 4 150 870 0 0 0 
0 0 0 845 179 0 0 0 0 0 0 174 850 0 0 0 0 0 0 58 958 8 0 0 
3 3 7 526 485 0 0 0 3 1 4 32 984 0 0 0 0 3 4 14 974 29 0 0 
249 181 202 270 121 1 0 0 191 204 168 189 272 0 0 0 194 193 149 174 312 2 0 0 
34 79 81 382 448 0 0 0 17 86 48 158 715 0 0 0 26 80 39 113 716 50 0 0 
0 0 0 174 850 0 0 0 0 0 0 0 1024 0 0 0 0 0 0 0 781 243 0 0 
0 0 0 151 872 0 0 0 0 0 0 3 1020 0 0 0 0 0 0 0 798 225 0 0 
0 0 277 747 0 0 0 0 0 0 2 981 41 0 0 0 0 0 0 546 478 0 0 0 
0 0 0 1020 4 0 0 0 0 0 0 357 667 0 0 0 0 0 0 23 1001 0 0 0 
0 0 7 975 42 0 0 0 0 0 0 284 740 0 0 0 0 0 0 76 948 0 0 0 
0 0 0 990 34 0 0 0 0 0 0 407 617 0 0 0 0 0 0 39 985 0 0 0 
0 0 0 1024 0 0 0 0 0 0 0 337 687 0 0 0 0 0 0 29 995 0 0 0 
0 0 0 1024 0 0 0 0 0 0 0 540 484 0 0 0 0 0 0 228 796 0 0 0 
0 0 0 1018 6 0 0 0 0 0 0 876 148 0 0 0 0 0 0 464 560 0 0 0 
0 0 31 986 7 0 0 0 0 0 0 794 230 0 0 0 0 0 0 428 596 0 0 0 
0 0 144 852 28 0 0 0 0 0 3 679 342 0 0 0 0 0 1 445 578 0 0 0 
0 0 74 939 10 0 0 0 0 0 0 693 330 0 0 0 0 0 0 326 697 0 0 0 
0 21 527 476 0 0 0 0 0 2 62 960 0 0 0 0 0 2 38 936 48 0 0 0 
0 29 395 600 0 0 0 0 0 0 123 885 16 0 0 0 0 0 74 720 230 0 0 0 
0 0 126 898 0 0 0 0 0 0 2 1012 10 0 0 0 0 0 0 876 148 0 0 0 
0 0 64 960 0 0 0 0 0 0 0 1007 17 0 0 0 0 0 0 790 234 0 0 0 
0 0 145 879 0 0 0 0 0 0 0 1024 0 0 0 0 0 0 0 950 74 0 0 0 
0 0 114 910 0 0 0 0 0 0 0 1024 0 0 0 0 0 0 0 1006 18 0 0 0 
0 0 418 606 0 0 0 0 0 0 18 1006 0 0 0 0 0 0 9 1014 1 0 0 0 
0 0 695 329 0 0 0 0 0 0 50 974 0 0 0 0 0 0 12 1012 0 0 0 0 
0 4 917 103 0 0 0 0 0 0 154 870 0 0 0 0 0 0 89 929 6 0 0 0 
0 0 884 139 0 0 0 0 0 0 84 939 0 0 0 0 0 0 16 1007 0 0 0 0 
16 266 709 32 0 0 0 0 0 101 341 581 0 0 0 0 0 85 282 656 0 0 0 0 
0 213 752 58 0 0 0 0 0 0 480 544 0 0 0 0 0 0 181 842 0 0 0 0 
0 0 640 384 0 0 0 0 0 0 0 1024 0 0 0 0 0 0 0 1024 0 0 0 0 
0 0 922 101 0 0 0 0 0 0 0 1024 0 0 0 0 0 0 0 1024 0 0 0 0 
0 0 890 133 0 0 0 0 0 0 5 1018 0 0 0 0 0 0 0 1024 0 0 0 0 
0 0 938 85 0 0 0 0 0 0 58 965 0 0 0 0 0 0 37 986 0 0 0 0 
0 0 1018 5 0 0 0 0 0 0 192 832 0 0 0 0 0 0 101 922 0 0 0 0 
0 5 1018 0 0 0 0 0 0 0 298 725 0 0 0 0 0 0 128 896 0 0 0 0 
0 80 944 0 0 0 0 0 0 0 677 346 0 0 0 0 0 0 442 581 0 0 0 0 
0 8 1015 0 0 0 0 0 0 0 323 700 0 0 0 0 0 0 107 916 0 0 0 0 
