0 0 0 0 0 366 658 0 0 0 0 0 0 674 350 0 0 0 0 0 0 0 1016 8 
0 0 0 0 0 937 87 0 0 0 0 0 0 1024 0 0 0 0 0 0 0 0 1024 0 
0 0 0 0 0 1024 0 0 0 0 0 0 0 1024 0 0 0 0 0 0 0 0 1024 0 
0 0 0 0 0 1024 0 0 0 0 0 0 0 1024 0 0 0 0 0 0 0 0 1024 0 
0 0 0 0 0 1024 0 0 0 0 0 0 0 1024 0 0 0 0 0 0 0 0 1024 0 
0 0 0 0 0 1024 0 0 0 0 0 0 0 1024 0 0 0 0 0 0 0 0 1024 0 
0 0 0 0 0 1024 0 0 0 0 0 0 0 1024 0 0 0 0 0 0 0 0 1024 0 
0 0 0 0 0 1024 0 0 0 0 0 0 0 1024 0 0 0 0 0 0 0 0 1024 0 
0 0 0 0 0 1024 0 0 0 0 0 0 0 1024 0 0 0 0 0 0 0 0 1024 0 
0 0 0 0 0 1024 0 0 0 0 0 0 0 1024 0 0 0 0 0 0 0 0 1024 0 
0 0 0 0 0 1024 0 0 0 0 0 0 0 1024 0 0 0 0 0 0 0 0 1024 0 
0 0 0 0 0 1024 0 0 0 0 0 0 0 1024 0 0 0 0 0 0 0 0 1024 0 
0 0 0 0 0 1024 0 0 0 0 0 0 0 1024 0 0 0 0 0 0 0 0 1024 0 
0 0 0 0 269 755 0 0 0 0 0 0 0 1024 0 0 0 0 0 0 0 0 1024 0 
0 0 0 0 945 79 0 0 0 0 0 0 169 855 0 0 0 0 0 0 0 0 1024 0 
0 0 0 0 827 197 0 0 0 0 0 0 491 533 0 0 0 0 0 0 0 0 1024 0 
0 0 0 0 690 334 0 0 0 0 0 0 441 583 0 0 0 0 0 0 0 0 1024 0 
0 0 0 0 687 337 0 0 0 0 0 0 493 531 0 0 0 0 0 0 0 125 899 0 
0 0 0 0 829 195 0 0 0 0 0 0 696 328 0 0 0 0 0 0 0 505 519 0 
0 0 0 0 983 41 0 0 0 0 0 0 873 151 0 0 0 0 0 0 0 725 299 0 
0 0 0 0 1024 0 0 0 0 0 0 0 1020 4 0 0 0 0 0 0 0 990 34 0 
0 0 0 0 1024 0 0 0 0 0 0 0 1024 0 0 0 0 0 0 0 0 984 40 0 
0 0 0 0 728 296 0 0 0 0 0 0 440 584 0 0 0 0 0 0 0 11 1013 0 
0 0 0 0 0 1024 0 0 0 0 0 0 0 1024 0 0 0 0 0 0 0 0 1024 0 
0 0 0 0 0 1013 11 0 0 0 0 0 0 969 55 0 0 0 0 0 0 0 917 107 
0 0 0 0 0 1024 0 0 0 0 0 0 0 1009 15 0 0 0 0 0 0 0 986 38 
0 0 0 0 0 1010 14 0 0 0 0 0 0 1000 24 0 0 0 0 0 0 0 1018 6 
0 0 0 0 0 237 787 0 0 0 0 0 0 188 836 0 0 0 0 0 0 0 319 705 
0 0 0 0 0 321 703 0 0 0 0 0 0 314 710 0 0 0 0 0 0 0 365 659 
0 0 0 0 0 927 97 0 0 0 0 0 0 883 141 0 0 0 0 0 0 0 928 96 
0 0 0 0 120 721 183 0 0 0 0 0 7 808 209 0 0 0 0 0 0 0 841 183 
0 0 0 0 216 716 92 0 0 0 0 0 44 888 92 0 0 0 0 0 0 0 816 208 
0 0 0 0 0 0 1024 0 0 0 0 0 0 7 1017 0 0 0 0 0 0 0 407 617 
0 0 0 0 0 128 896 0 0 0 0 0 0 433 591 0 0 0 0 0 0 0 1018 6 
0 0 0 0 0 1004 20 0 0 0 0 0 0 1004 20 0 0 0 0 0 0 0 1024 0 
0 0 0 0 0 1024 0 0 0 0 0 0 0 1024 0 0 0 0 0 0 0 0 1024 0 
0 0 0 0 0 1024 0 0 0 0 0 0 0 1024 0 0 0 0 0 0 0 0 1024 0 
0 0 0 0 0 1024 0 0 0 0 0 0 0 1024 0 0 0 0 0 0 0 0 1024 0 
0 0 0 0 0 994 30 0 0 0 0 0 0 1005 19 0 0 0 0 0 0 0 1020 4 
0 0 0 0 0 620 404 0 0 0 0 0 0 660 364 0 0 0 0 0 0 0 716 308 
0 0 0 0 0 468 556 0 0 0 0 0 0 508 516 0 0 0 0 0 0 0 584 440 
0 0 0 0 0 331 693 0 0 0 0 0 0 386 638 0 0 0 0 0 0 0 496 528 
0 0 0 0 0 291 733 0 0 0 0 0 0 337 687 0 0 0 0 0 0 0 433 591 
0 0 0 0 0 573 451 0 0 0 0 0 0 662 362 0 0 0 0 0 0 0 775 249 
0 0 0 0 0 1019 5 0 0 0 0 0 0 1023 1 0 0 0 0 0 0 0 1024 0 
0 0 0 0 0 1024 0 0 0 0 0 0 0 1024 0 0 0 0 0 0 0 0 1024 0 
0 0 0 0 219 805 0 0 0 0 0 0 52 972 0 0 0 0 0 0 0 0 1024 0 
0 0 0 0 474 550 0 0 0 0 0 0 261 763 0 0 0 0 0 0 0 0 1024 0 
0 0 0 0 919 105 0 0 0 0 0 0 697 327 0 0 0 0 0 0 0 0 1024 0 
0 0 0 0 1024 0 0 0 0 0 0 0 1024 0 0 0 0 0 0 0 0 620 404 0 
0 0 0 0 1024 0 0 0 0 0 0 0 1024 0 0 0 0 0 0 0 0 1024 0 0 
0 0 0 0 1024 0 0 0 0 0 0 0 1024 0 0 0 0 0 0 0 0 1024 0 0 
0 0 0 0 1024 0 0 0 0 0 0 0 1024 0 0 0 0 0 0 0 0 981 43 0 
0 0 0 0 916 108 0 0 0 0 0 0 808 216 0 0 0 0 0 0 0 479 545 0 
0 0 0 0 143 881 0 0 0 0 0 0 42 982 0 0 0 0 0 0 0 0 1024 0 
0 0 0 0 278 746 0 0 0 0 0 0 24 1000 0 0 0 0 0 0 0 0 1024 0 
0 0 0 0 749 275 0 0 0 0 0 0 569 455 0 0 0 0 0 0 0 0 1024 0 
0 0 0 0 816 208 0 0 0 0 0 0 510 514 0 0 0 0 0 0 0 0 1024 0 
0 0 0 0 173 851 0 0 0 0 0 0 14 1010 0 0 0 0 0 0 0 0 1024 0 
0 0 0 0 0 1024 0 0 0 0 0 0 0 1024 0 0 0 0 0 0 0 0 1024 0 
0 0 0 0 0 1024 0 0 0 0 0 0 0 1024 0 0 0 0 0 0 0 0 1024 0 
0 0 0 0 0 1024 0 0 0 0 0 0 0 1024 0 0 0 0 0 0 0 0 1024 0 
0 0 0 0 307 717 0 0 0 0 0 0 178 846 0 0 0 0 0 0 0 0 1024 0 
0 0 0 0 404 620 0 0 0 0 0 0 256 768 0 0 0 0 0 0 0 0 1024 0 
0 0 0 0 0 0 1024 0 0 0 0 0 0 0 1024 0 0 0 0 0 0 0 170 854 
0 0 0 0 0 15 1009 0 0 0 0 0 0 32 992 0 0 0 0 0 0 0 948 76 
0 0 0 0 0 860 164 0 0 0 0 0 0 860 164 0 0 0 0 0 0 0 1024 0 
0 0 0 0 0 1024 0 0 0 0 0 0 0 1024 0 0 0 0 0 0 0 0 1024 0 
0 0 0 0 0 1024 0 0 0 0 0 0 0 1024 0 0 0 0 0 0 0 0 1024 0 
0 0 0 0 0 688 336 0 0 0 0 0 0 722 302 0 0 0 0 0 0 0 886 138 
0 0 0 0 0 78 946 0 0 0 0 0 0 115 909 0 0 0 0 0 0 0 245 779 
0 0 0 0 0 0 1024 0 0 0 0 0 0 0 1024 0 0 0 0 0 0 0 0 1024 
0 0 0 0 0 0 1024 0 0 0 0 0 0 0 1024 0 0 0 0 0 0 0 4 1020 
0 0 0 0 0 0 1024 0 0 0 0 0 0 0 1024 0 0 0 0 0 0 0 147 877 
0 0 0 0 0 47 977 0 0 0 0 0 0 47 977 0 0 0 0 0 0 0 348 676 
0 0 0 0 0 221 803 0 0 0 0 0 0 221 803 0 0 0 0 0 0 0 641 383 
0 0 0 0 0 961 63 0 0 0 0 0 0 961 63 0 0 0 0 0 0 0 1024 0 
0 0 0 0 0 1024 0 0 0 0 0 0 0 1024 0 0 0 0 0 0 0 0 1024 0 
0 0 0 0 0 1024 0 0 0 0 0 0 0 1024 0 0 0 0 0 0 0 0 1024 0 
0 0 0 0 0 1024 0 0 0 0 0 0 0 1024 0 0 0 0 0 0 0 0 1024 0 
0 0 0 0 27 997 0 0 0 0 0 0 0 1024 0 0 0 0 0 0 0 0 1024 0 
0 0 0 0 275 749 0 0 0 0 0 0 192 832 0 0 0 0 0 0 0 1 1023 0 
0 0 0 0 827 197 0 0 0 0 0 0 718 306 0 0 0 0 0 0 0 457 567 0 
0 0 0 0 799 225 0 0 0 0 0 0 727 297 0 0 0 0 0 0 0 499 525 0 
0 0 0 0 286 738 0 0 0 0 0 0 204 820 0 0 0 0 0 0 0 72 952 0 
0 0 0 0 16 976 32 0 0 0 0 0 3 982 39 0 0 0 0 0 0 0 1000 24 
0 0 0 0 0 798 226 0 0 0 0 0 0 762 262 0 0 0 0 0 0 0 790 234 
0 0 0 0 35 989 0 0 0 0 0 0 0 1024 0 0 0 0 0 0 0 0 1024 0 
0 0 0 0 101 923 0 0 0 0 0 0 5 1019 0 0 0 0 0 0 0 0 1024 0 
0 0 0 0 25 999 0 0 0 0 0 0 0 1024 0 0 0 0 0 0 0 0 1024 0 
0 0 0 0 0 1024 0 0 0 0 0 0 0 1024 0 0 0 0 0 0 0 0 1024 0 
0 0 0 0 0 1024 0 0 0 0 0 0 0 1024 0 0 0 0 0 0 0 0 1024 0 
0 0 0 0 0 1024 0 0 0 0 0 0 0 1024 0 0 0 0 0 0 0 0 1024 0 
0 0 0 0 0 1024 0 0 0 0 0 0 0 1024 0 0 0 0 0 0 0 0 1024 0 
0 0 0 0 0 868 156 0 0 0 0 0 0 830 194 0 0 0 0 0 0 0 807 217 
0 0 0 0 0 968 56 0 0 0 0 0 0 836 188 0 0 0 0 0 0 0 968 56 
0 0 0 0 0 32 992 0 0 0 0 0 0 282 742 0 0 0 0 0 0 0 936 88 
0 0 0 0 0 708 316 0 0 0 0 0 0 804 220 0 0 0 0 0 0 0 1024 0 
0 0 0 0 0 1024 0 0 0 0 0 0 0 1024 0 0 0 0 0 0 0 0 1024 0 
0 0 0 0 0 1024 0 0 0 0 0 0 0 1024 0 0 0 0 0 0 0 0 1024 0 
0 0 0 0 0 1024 0 0 0 0 0 0 0 1024 0 0 0 0 0 0 0 0 1024 0 
0 0 0 0 0 989 35 0 0 0 0 0 0 1021 3 0 0 0 0 0 0 0 1024 0 
0 0 0 0 0 653 371 0 0 0 0 0 0 696 328 0 0 0 0 0 0 0 880 144 
0 0 0 0 0 555 469 0 0 0 0 0 0 555 469 0 0 0 0 0 0 0 827 197 
0 0 0 0 0 614 410 0 0 0 0 0 0 614 410 0 0 0 0 0 0 0 932 92 
0 0 0 0 0 798 226 0 0 0 0 0 0 812 212 0 0 0 0 0 0 0 1021 3 
0 0 0 0 0 1007 17 0 0 0 0 0 0 1007 17 0 0 0 0 0 0 0 1024 0 
0 0 0 0 7 1017 0 0 0 0 0 0 0 1024 0 0 0 0 0 0 0 0 1024 0 
0 0 0 0 215 809 0 0 0 0 0 0 94 930 0 0 0 0 0 0 0 44 980 0 
0 0 0 0 401 623 0 0 0 0 0 0 283 741 0 0 0 0 0 0 0 261 763 0 
0 0 0 0 517 507 0 0 0 0 0 0 399 625 0 0 0 0 0 0 0 317 707 0 
0 0 0 0 439 585 0 0 0 0 0 0 262 762 0 0 0 0 0 0 0 102 922 0 
0 0 0 0 87 937 0 0 0 0 0 0 10 1014 0 0 0 0 0 0 0 0 1024 0 
0 0 0 0 1 1023 0 0 0 0 0 0 0 1024 0 0 0 0 0 0 0 0 1024 0 
0 0 0 0 0 1024 0 0 0 0 0 0 0 1024 0 0 0 0 0 0 0 0 1024 0 
0 0 0 0 0 1024 0 0 0 0 0 0 0 1024 0 0 0 0 0 0 0 0 1024 0 
0 0 0 0 0 1024 0 0 0 0 0 0 0 1024 0 0 0 0 0 0 0 0 1024 0 
0 0 0 0 0 1021 3 0 0 0 0 0 0 1014 10 0 0 0 0 0 0 0 1021 3 
0 0 0 0 0 994 30 0 0 0 0 0 0 975 49 0 0 0 0 0 0 0 999 25 
0 0 0 0 0 1024 0 0 0 0 0 0 0 1024 0 0 0 0 0 0 0 0 1024 0 
0 0 0 0 0 1024 0 0 0 0 0 0 0 1024 0 0 0 0 0 0 0 0 1024 0 
0 0 0 0 195 829 0 0 0 0 0 0 45 979 0 0 0 0 0 0 0 2 1022 0 
0 0 0 0 807 217 0 0 0 0 0 0 616 408 0 0 0 0 0 0 0 380 644 0 
0 0 0 0 790 234 0 0 0 0 0 0 724 300 0 0 0 0 0 0 0 696 328 0 
0 0 0 0 596 428 0 0 0 0 0 0 455 569 0 0 0 0 0 0 0 361 663 0 
0 0 0 0 17 1007 0 0 0 0 0 0 0 1024 0 0 0 0 0 0 0 0 1024 0 
0 0 0 0 103 921 0 0 0 0 0 0 37 987 0 0 0 0 0 0 0 0 1024 0 
0 0 0 0 112 912 0 0 0 0 0 0 44 980 0 0 0 0 0 0 0 0 1024 0 
0 0 0 0 0 434 590 0 0 0 0 0 0 866 158 0 0 0 0 0 0 0 1024 0 
0 0 0 0 0 1024 0 0 0 0 0 0 0 1024 0 0 0 0 0 0 0 0 1024 0 
0 0 0 0 0 1024 0 0 0 0 0 0 0 1024 0 0 0 0 0 0 0 0 1024 0 
0 0 0 0 0 1024 0 0 0 0 0 0 0 1024 0 0 0 0 0 0 0 0 1024 0 
0 0 0 0 0 1024 0 0 0 0 0 0 0 1024 0 0 0 0 0 0 0 0 1024 0 
0 0 0 0 0 1024 0 0 0 0 0 0 0 1024 0 0 0 0 0 0 0 0 1024 0 
0 0 0 0 0 1024 0 0 0 0 0 0 0 1024 0 0 0 0 0 0 0 0 1024 0 
0 0 0 0 0 1024 0 0 0 0 0 0 0 1024 0 0 0 0 0 0 0 0 1024 0 
0 0 0 0 0 1024 0 0 0 0 0 0 0 1024 0 0 0 0 0 0 0 0 1024 0 
0 0 0 0 0 1024 0 0 0 0 0 0 0 1024 0 0 0 0 0 0 0 0 1024 0 
0 0 0 0 0 1024 0 0 0 0 0 0 0 1024 0 0 0 0 0 0 0 0 1024 0 
0 0 0 0 163 861 0 0 0 0 0 0 2 1022 0 0 0 0 0 0 0 0 1024 0 
0 0 0 0 417 607 0 0 0 0 0 0 294 730 0 0 0 0 0 0 0 231 793 0 
0 0 0 0 747 277 0 0 0 0 0 0 725 299 0 0 0 0 0 0 0 676 348 0 
0 0 0 0 986 38 0 0 0 0 0 0 983 41 0 0 0 0 0 0 0 949 75 0 
0 0 0 0 1024 0 0 0 0 0 0 0 1024 0 0 0 0 0 0 0 0 1020 4 0 
0 0 0 0 1024 0 0 0 0 0 0 0 941 83 0 0 0 0 0 0 0 664 360 0 
0 0 0 0 603 421 0 0 0 0 0 0 367 657 0 0 0 0 0 0 0 54 970 0 
0 0 0 0 0 1024 0 0 0 0 0 0 0 1024 0 0 0 0 0 0 0 0 1024 0 
0 0 0 0 27 997 0 0 0 0 0 0 0 1024 0 0 0 0 0 0 0 0 1024 0 
0 0 0 0 479 545 0 0 0 0 0 0 60 964 0 0 0 0 0 0 0 0 1024 0 
0 0 0 0 892 132 0 0 0 0 0 0 523 501 0 0 0 0 0 0 0 0 1024 0 
0 0 0 0 778 246 0 0 0 0 0 0 575 449 0 0 0 0 0 0 0 289 735 0 
0 0 0 0 763 261 0 0 0 0 0 0 628 396 0 0 0 0 0 0 0 488 536 0 
0 0 0 0 915 109 0 0 0 0 0 0 763 261 0 0 0 0 0 0 0 622 402 0 
0 0 0 0 1024 0 0 0 0 0 0 0 981 43 0 0 0 0 0 0 0 864 160 0 
0 0 0 0 1024 0 0 0 0 0 0 0 1024 0 0 0 0 0 0 0 0 1018 6 0 
0 0 0 0 1024 0 0 0 0 0 0 0 1024 0 0 0 0 0 0 0 0 1024 0 0 
0 0 0 0 1024 0 0 0 0 0 0 0 1016 8 0 0 0 0 0 0 0 999 25 0 
0 0 0 0 1008 16 0 0 0 0 0 0 917 107 0 0 0 0 0 0 0 845 179 0 
0 0 0 202 822 0 0 0 0 0 0 0 1005 19 0 0 0 0 0 0 0 924 100 0 
0 0 0 192 832 0 0 0 0 0 0 0 1024 0 0 0 0 0 0 0 0 896 128 0 
0 0 0 0 0 1 1023 0 0 0 0 0 0 45 979 0 0 0 0 0 0 0 915 109 
0 0 0 0 0 759 265 0 0 0 0 0 0 920 104 0 0 0 0 0 0 0 1024 0 
0 0 0 0 0 1024 0 0 0 0 0 0 0 1024 0 0 0 0 0 0 0 0 1024 0 
0 0 0 0 0 1024 0 0 0 0 0 0 0 1024 0 0 0 0 0 0 0 0 1024 0 
0 0 0 0 0 1024 0 0 0 0 0 0 0 1024 0 0 0 0 0 0 0 0 1024 0 
0 0 0 0 0 1024 0 0 0 0 0 0 0 1024 0 0 0 0 0 0 0 0 1024 0 
0 0 0 0 0 1024 0 0 0 0 0 0 0 1024 0 0 0 0 0 0 0 0 1024 0 
0 0 0 0 0 1024 0 0 0 0 0 0 0 1024 0 0 0 0 0 0 0 0 1024 0 
0 0 0 0 0 1024 0 0 0 0 0 0 0 1024 0 0 0 0 0 0 0 0 1024 0 
0 0 0 0 0 1024 0 0 0 0 0 0 0 1024 0 0 0 0 0 0 0 0 1024 0 
0 0 0 0 0 990 34 0 0 0 0 0 0 1023 1 0 0 0 0 0 0 0 1024 0 
0 0 0 0 0 915 109 0 0 0 0 0 0 1017 7 0 0 0 0 0 0 0 1024 0 
0 0 0 0 0 737 287 0 0 0 0 0 0 878 146 0 0 0 0 0 0 0 1024 0 
0 0 0 0 0 926 98 0 0 0 0 0 0 1001 23 0 0 0 0 0 0 0 1024 0 
0 0 0 0 43 981 0 0 0 0 0 0 35 989 0 0 0 0 0 0 0 15 1009 0 
0 0 0 0 291 733 0 0 0 0 0 0 245 779 0 0 0 0 0 0 0 160 864 0 
0 0 0 0 322 677 25 0 0 0 0 0 229 795 0 0 0 0 0 0 0 87 937 0 
0 0 0 0 22 1002 0 0 0 0 0 0 5 1019 0 0 0 0 0 0 0 0 1024 0 
0 0 0 0 0 779 245 0 0 0 0 0 0 781 243 0 0 0 0 0 0 0 1021 3 
0 0 0 0 0 636 388 0 0 0 0 0 0 661 363 0 0 0 0 0 0 0 1006 18 
0 0 0 0 0 675 349 0 0 0 0 0 0 710 314 0 0 0 0 0 0 0 1016 8 
0 0 0 0 200 793 31 0 0 0 0 0 113 888 23 0 0 0 0 0 0 22 998 4 
0 0 0 0 950 74 0 0 0 0 0 0 882 142 0 0 0 0 0 0 0 664 360 0 
0 0 0 116 908 0 0 0 0 0 0 0 1024 0 0 0 0 0 0 0 0 1024 0 0 
0 0 0 471 553 0 0 0 0 0 0 0 1024 0 0 0 0 0 0 0 0 1024 0 0 
0 0 0 38 986 0 0 0 0 0 0 0 1024 0 0 0 0 0 0 0 0 1024 0 0 
0 0 0 0 1024 0 0 0 0 0 0 0 1024 0 0 0 0 0 0 0 0 1024 0 0 
0 0 0 0 1024 0 0 0 0 0 0 0 1024 0 0 0 0 0 0 0 0 1024 0 0 
0 0 0 0 1024 0 0 0 0 0 0 0 1024 0 0 0 0 0 0 0 0 988 36 0 
0 0 0 0 1024 0 0 0 0 0 0 0 1024 0 0 0 0 0 0 0 0 1024 0 0 
0 0 0 369 655 0 0 0 0 0 0 0 1024 0 0 0 0 0 0 0 0 1024 0 0 
0 0 0 768 256 0 0 0 0 0 0 0 1024 0 0 0 0 0 0 0 0 1024 0 0 
0 0 0 0 0 0 1024 0 0 0 0 0 0 0 1024 0 0 0 0 0 0 0 329 695 
0 0 0 0 0 507 517 0 0 0 0 0 0 591 433 0 0 0 0 0 0 0 990 34 
0 0 0 0 0 1019 5 0 0 0 0 0 0 1020 4 0 0 0 0 0 0 0 1024 0 
0 0 0 0 0 597 427 0 0 0 0 0 0 499 525 0 0 0 0 0 0 0 681 343 
0 0 0 0 0 419 605 0 0 0 0 0 0 418 606 0 0 0 0 0 0 0 486 538 
0 0 0 0 0 456 568 0 0 0 0 0 0 456 568 0 0 0 0 0 0 0 599 425 
0 0 0 0 0 676 348 0 0 0 0 0 0 705 319 0 0 0 0 0 0 0 822 202 
0 0 0 0 0 426 598 0 0 0 0 0 0 446 578 0 0 0 0 0 0 0 593 431 
0 0 0 0 0 201 823 0 0 0 0 0 0 202 822 0 0 0 0 0 0 0 336 688 
0 0 0 0 0 123 901 0 0 0 0 0 0 172 852 0 0 0 0 0 0 0 291 733 
0 0 0 0 0 29 995 0 0 0 0 0 0 69 955 0 0 0 0 0 0 0 235 789 
0 0 0 0 0 0 1024 0 0 0 0 0 0 21 1003 0 0 0 0 0 0 0 545 479 
0 0 0 0 0 422 602 0 0 0 0 0 0 517 507 0 0 0 0 0 0 0 1024 0 
0 0 0 0 0 842 182 0 0 0 0 0 0 949 75 0 0 0 0 0 0 0 1024 0 
0 0 0 0 8 1016 0 0 0 0 0 0 1 1023 0 0 0 0 0 0 0 8 1016 0 
0 0 0 0 3 1021 0 0 0 0 0 0 0 1024 0 0 0 0 0 0 0 3 1021 0 
0 0 0 0 155 869 0 0 0 0 0 0 130 894 0 0 0 0 0 0 0 80 944 0 
0 0 0 0 387 637 0 0 0 0 0 0 342 682 0 0 0 0 0 0 0 324 700 0 
0 0 0 0 460 564 0 0 0 0 0 0 411 613 0 0 0 0 0 0 0 408 616 0 
0 0 0 0 412 612 0 0 0 0 0 0 365 659 0 0 0 0 0 0 0 326 698 0 
0 0 0 0 147 735 142 0 0 0 0 0 98 824 102 0 0 0 0 0 0 48 971 5 
0 0 0 0 0 836 188 0 0 0 0 0 0 885 139 0 0 0 0 0 0 0 1005 19 
0 0 0 0 457 567 0 0 0 0 0 0 341 683 0 0 0 0 0 0 0 110 914 0 
0 0 0 0 1024 0 0 0 0 0 0 0 1024 0 0 0 0 0 0 0 0 670 354 0 
0 0 0 0 1024 0 0 0 0 0 0 0 1021 3 0 0 0 0 0 0 0 323 701 0 
0 0 0 0 1024 0 0 0 0 0 0 0 1022 2 0 0 0 0 0 0 0 330 694 0 
0 0 0 0 1024 0 0 0 0 0 0 0 1024 0 0 0 0 0 0 0 0 938 86 0 
0 0 0 66 958 0 0 0 0 0 0 0 1024 0 0 0 0 0 0 0 0 1024 0 0 
0 0 0 397 627 0 0 0 0 0 0 0 1024 0 0 0 0 0 0 0 0 1007 17 0 
0 0 0 276 748 0 0 0 0 0 0 0 1024 0 0 0 0 0 0 0 0 1024 0 0 
0 0 0 280 744 0 0 0 0 0 0 0 1024 0 0 0 0 0 0 0 0 1024 0 0 
0 0 0 0 1024 0 0 0 0 0 0 0 1024 0 0 0 0 0 0 0 0 1024 0 0 
0 0 0 0 0 0 1024 0 0 0 0 0 0 0 1024 0 0 0 0 0 0 0 0 1024 
0 0 0 0 0 5 1019 0 0 0 0 0 0 15 1009 0 0 0 0 0 0 0 130 894 
0 0 0 0 0 280 744 0 0 0 0 0 0 167 857 0 0 0 0 0 0 0 331 693 
0 0 0 0 0 32 992 0 0 0 0 0 0 1 1023 0 0 0 0 0 0 0 44 980 
0 0 0 0 0 0 996 28 0 0 0 0 0 0 1024 0 0 0 0 0 0 0 0 1024 
0 0 0 0 0 0 437 587 0 0 0 0 0 0 975 49 0 0 0 0 0 0 0 1024 
0 0 0 0 0 0 908 116 0 0 0 0 0 0 1024 0 0 0 0 0 0 0 0 1024 
0 0 0 0 0 0 1024 0 0 0 0 0 0 0 1024 0 0 0 0 0 0 0 0 1024 
0 0 0 0 0 0 1024 0 0 0 0 0 0 0 1024 0 0 0 0 0 0 0 0 1024 
0 0 0 0 0 0 1016 8 0 0 0 0 0 0 1024 0 0 0 0 0 0 0 0 1024 
0 0 0 0 0 0 1021 3 0 0 0 0 0 0 1024 0 0 0 0 0 0 0 142 882 
0 0 0 0 0 0 1024 0 0 0 0 0 0 8 1016 0 0 0 0 0 0 0 654 370 
0 0 0 0 0 370 654 0 0 0 0 0 0 642 382 0 0 0 0 0 0 0 1024 0 
0 0 0 0 0 1024 0 0 0 0 0 0 0 1024 0 0 0 0 0 0 0 0 1024 0 
0 0 0 0 110 914 0 0 0 0 0 0 22 1002 0 0 0 0 0 0 0 110 914 0 
0 0 0 0 160 864 0 0 0 0 0 0 17 1007 0 0 0 0 0 0 0 146 878 0 
0 0 0 0 199 659 166 0 0 0 0 0 184 732 108 0 0 0 0 0 0 105 919 0 
0 0 0 0 343 634 47 0 0 0 0 0 339 671 14 0 0 0 0 0 0 276 748 0 
0 0 0 0 741 283 0 0 0 0 0 0 716 308 0 0 0 0 0 0 0 666 358 0 
0 0 0 0 1008 16 0 0 0 0 0 0 1003 21 0 0 0 0 0 0 0 988 36 0 
0 0 0 0 518 506 0 0 0 0 0 0 426 598 0 0 0 0 0 0 0 277 747 0 
0 0 0 0 0 1024 0 0 0 0 0 0 0 1024 0 0 0 0 0 0 0 0 1024 0 
0 0 0 0 368 656 0 0 0 0 0 0 82 942 0 0 0 0 0 0 0 0 1024 0 
0 0 0 0 994 30 0 0 0 0 0 0 719 305 0 0 0 0 0 0 0 211 813 0 
0 0 0 0 1024 0 0 0 0 0 0 0 1024 0 0 0 0 0 0 0 0 537 487 0 
0 0 0 0 1024 0 0 0 0 0 0 0 1024 0 0 0 0 0 0 0 0 101 923 0 
0 0 0 0 1024 0 0 0 0 0 0 0 1024 0 0 0 0 0 0 0 0 396 628 0 
0 0 0 362 662 0 0 0 0 0 0 0 1024 0 0 0 0 0 0 0 0 1023 1 0 
0 0 0 972 52 0 0 0 0 0 0 0 1024 0 0 0 0 0 0 0 0 1024 0 0 
0 0 0 781 243 0 0 0 0 0 0 0 1024 0 0 0 0 0 0 0 0 1024 0 0 
0 0 0 1024 0 0 0 0 0 0 0 0 1024 0 0 0 0 0 0 0 0 1024 0 0 
0 0 0 1008 16 0 0 0 0 0 0 0 1024 0 0 0 0 0 0 0 0 1024 0 0 
0 0 0 0 0 0 1024 0 0 0 0 0 0 0 1024 0 0 0 0 0 0 0 0 1024 
0 0 0 0 0 0 682 342 0 0 0 0 0 0 930 94 0 0 0 0 0 0 0 1024 
0 0 0 0 0 0 449 575 0 0 0 0 0 0 713 311 0 0 0 0 0 0 0 1024 
0 0 0 0 0 0 573 451 0 0 0 0 0 0 764 260 0 0 0 0 0 0 0 1024 
0 0 0 0 0 0 618 406 0 0 0 0 0 0 1019 5 0 0 0 0 0 0 0 1024 
0 0 0 0 0 0 578 446 0 0 0 0 0 0 1022 2 0 0 0 0 0 0 0 1024 
0 0 0 0 0 0 1016 8 0 0 0 0 0 0 1024 0 0 0 0 0 0 0 0 1024 
0 0 0 0 0 0 1024 0 0 0 0 0 0 0 1024 0 0 0 0 0 0 0 303 721 
0 0 0 0 0 141 883 0 0 0 0 0 0 365 659 0 0 0 0 0 0 0 875 149 
0 0 0 0 0 437 587 0 0 0 0 0 0 547 477 0 0 0 0 0 0 0 927 97 
0 0 0 0 0 405 619 0 0 0 0 0 0 517 507 0 0 0 0 0 0 0 1024 0 
0 0 0 0 0 690 334 0 0 0 0 0 0 868 156 0 0 0 0 0 0 0 1024 0 
0 0 0 0 0 1024 0 0 0 0 0 0 0 1024 0 0 0 0 0 0 0 0 1024 0 
0 0 0 0 0 1024 0 0 0 0 0 0 0 1024 0 0 0 0 0 0 0 0 1024 0 
0 0 0 0 0 922 102 0 0 0 0 0 0 1011 13 0 0 0 0 0 0 0 1024 0 
0 0 0 0 0 607 417 0 0 0 0 0 0 765 259 0 0 0 0 0 0 0 1024 0 
0 0 0 0 0 465 559 0 0 0 0 0 0 587 437 0 0 0 0 0 0 0 1022 2 
0 0 0 0 0 768 256 0 0 0 0 0 0 892 132 0 0 0 0 0 0 0 1024 0 
0 0 0 0 14 1010 0 0 0 0 0 0 8 1016 0 0 0 0 0 0 0 6 1018 0 
0 0 0 0 403 621 0 0 0 0 0 0 277 747 0 0 0 0 0 0 0 347 677 0 
0 0 0 0 376 648 0 0 0 0 0 0 278 746 0 0 0 0 0 0 0 209 815 0 
0 0 0 0 565 459 0 0 0 0 0 0 473 551 0 0 0 0 0 0 0 130 894 0 
0 0 0 0 917 107 0 0 0 0 0 0 829 195 0 0 0 0 0 0 0 288 736 0 
0 0 0 12 1012 0 0 0 0 0 0 0 1024 0 0 0 0 0 0 0 0 916 108 0 
0 0 0 273 751 0 0 0 0 0 0 0 1024 0 0 0 0 0 0 0 0 1024 0 0 
0 0 0 127 897 0 0 0 0 0 0 0 1024 0 0 0 0 0 0 0 0 907 117 0 
0 0 0 0 1024 0 0 0 0 0 0 0 1024 0 0 0 0 0 0 0 0 158 866 0 
0 0 0 51 973 0 0 0 0 0 0 0 1024 0 0 0 0 0 0 0 0 445 579 0 
0 0 0 896 128 0 0 0 0 0 0 0 1024 0 0 0 0 0 0 0 0 1012 12 0 
0 0 0 990 34 0 0 0 0 0 0 0 1024 0 0 0 0 0 0 0 0 1024 0 0 
0 0 0 776 248 0 0 0 0 0 0 0 1024 0 0 0 0 0 0 0 0 1024 0 0 
0 0 0 612 412 0 0 0 0 0 0 0 1024 0 0 0 0 0 0 0 0 1024 0 0 
0 0 0 0 0 0 1024 0 0 0 0 0 0 0 1024 0 0 0 0 0 0 0 0 1024 
0 0 0 0 0 0 649 375 0 0 0 0 0 0 801 223 0 0 0 0 0 0 0 1024 
0 0 0 0 0 0 235 789 0 0 0 0 0 0 563 461 0 0 0 0 0 0 0 1024 
0 0 0 0 0 0 0 1024 0 0 0 0 0 0 53 971 0 0 0 0 0 0 0 1024 
0 0 0 0 0 0 102 922 0 0 0 0 0 0 790 234 0 0 0 0 0 0 0 1024 
0 0 0 0 0 0 464 560 0 0 0 0 0 0 1024 0 0 0 0 0 0 0 21 1003 
0 0 0 0 0 24 1000 0 0 0 0 0 0 55 969 0 0 0 0 0 0 0 359 665 
0 0 0 0 0 216 808 0 0 0 0 0 0 357 667 0 0 0 0 0 0 0 954 70 
0 0 0 0 0 326 698 0 0 0 0 0 0 661 363 0 0 0 0 0 0 0 1024 0 
0 0 0 0 0 878 146 0 0 0 0 0 0 1024 0 0 0 0 0 0 0 0 1024 0 
0 0 0 0 0 1024 0 0 0 0 0 0 0 1024 0 0 0 0 0 0 0 0 1024 0 
0 0 0 0 0 1024 0 0 0 0 0 0 0 1024 0 0 0 0 0 0 0 0 1024 0 
0 0 0 0 0 1024 0 0 0 0 0 0 0 1024 0 0 0 0 0 0 0 0 1024 0 
0 0 0 0 0 1024 0 0 0 0 0 0 0 1024 0 0 0 0 0 0 0 0 1024 0 
0 0 0 0 0 929 95 0 0 0 0 0 0 1000 24 0 0 0 0 0 0 0 1024 0 
0 0 0 0 0 574 450 0 0 0 0 0 0 750 274 0 0 0 0 0 0 0 1024 0 
0 0 0 0 0 924 100 0 0 0 0 0 0 1024 0 0 0 0 0 0 0 0 1024 0 
0 0 0 0 0 713 311 0 0 0 0 0 0 892 132 0 0 0 0 0 0 0 1024 0 
0 0 0 0 149 660 215 0 0 0 0 0 132 746 146 0 0 0 0 0 0 157 867 0 
0 0 0 109 793 122 0 0 0 0 0 0 885 139 0 0 0 0 0 0 0 909 115 0 
0 0 0 418 606 0 0 0 0 0 0 0 1024 0 0 0 0 0 0 0 0 1017 7 0 
0 0 0 401 623 0 0 0 0 0 0 0 1024 0 0 0 0 0 0 0 0 979 45 0 
0 0 0 290 734 0 0 0 0 0 0 0 1024 0 0 0 0 0 0 0 0 1004 20 0 
0 0 0 820 204 0 0 0 0 0 0 44 980 0 0 0 0 0 0 0 0 1023 1 0 
0 0 0 1024 0 0 0 0 0 0 0 173 851 0 0 0 0 0 0 0 0 1024 0 0 
0 0 0 859 165 0 0 0 0 0 0 329 695 0 0 0 0 0 0 0 0 1016 8 0 
0 0 0 592 432 0 0 0 0 0 0 134 890 0 0 0 0 0 0 0 0 767 257 0 
0 0 0 494 530 0 0 0 0 0 0 0 1024 0 0 0 0 0 0 0 0 737 287 0 
0 0 0 692 332 0 0 0 0 0 0 0 1024 0 0 0 0 0 0 0 0 1019 5 0 
0 0 0 90 934 0 0 0 0 0 0 0 1024 0 0 0 0 0 0 0 0 991 33 0 
0 0 0 108 916 0 0 0 0 0 0 0 1024 0 0 0 0 0 0 0 0 843 181 0 
0 0 0 96 928 0 0 0 0 0 0 0 1024 0 0 0 0 0 0 0 0 660 364 0 
0 0 0 0 0 0 457 567 0 0 0 0 0 0 865 159 0 0 0 0 0 0 0 1024 
0 0 0 0 0 0 920 104 0 0 0 0 0 0 1024 0 0 0 0 0 0 0 0 1024 
0 0 0 0 0 0 593 431 0 0 0 0 0 0 958 66 0 0 0 0 0 0 0 1024 
0 0 0 0 0 9 752 263 0 0 0 0 0 14 969 41 0 0 0 0 0 0 286 738 
0 0 0 0 0 457 567 0 0 0 0 0 0 499 525 0 0 0 0 0 0 0 739 285 
0 0 0 0 23 750 251 0 0 0 0 0 0 806 218 0 0 0 0 0 0 0 993 31 
0 0 0 0 155 808 61 0 0 0 0 0 0 986 38 0 0 0 0 0 0 0 1024 0 
0 0 0 0 333 691 0 0 0 0 0 0 128 896 0 0 0 0 0 0 0 8 1016 0 
0 0 0 0 514 510 0 0 0 0 0 0 351 673 0 0 0 0 0 0 0 69 955 0 
0 0 0 0 229 795 0 0 0 0 0 0 102 922 0 0 0 0 0 0 0 13 1011 0 
0 0 0 0 0 1024 0 0 0 0 0 0 0 1024 0 0 0 0 0 0 0 0 1024 0 
0 0 0 0 0 1024 0 0 0 0 0 0 0 1024 0 0 0 0 0 0 0 0 1024 0 
0 0 0 0 0 1024 0 0 0 0 0 0 0 1024 0 0 0 0 0 0 0 0 1024 0 
0 0 0 0 0 1024 0 0 0 0 0 0 0 1024 0 0 0 0 0 0 0 0 1024 0 
0 0 0 0 0 1024 0 0 0 0 0 0 0 1024 0 0 0 0 0 0 0 0 1024 0 
0 0 0 0 0 1024 0 0 0 0 0 0 0 1024 0 0 0 0 0 0 0 0 1024 0 
0 0 0 0 463 561 0 0 0 0 0 0 425 599 0 0 0 0 0 0 0 458 566 0 
0 0 0 168 813 43 0 0 0 0 0 4 958 62 0 0 0 0 0 0 0 974 50 0 
0 0 0 685 339 0 0 0 0 0 0 417 605 2 0 0 0 0 0 0 0 996 28 0 
0 0 0 670 354 0 0 0 0 0 0 208 816 0 0 0 0 0 0 0 0 1004 20 0 
0 0 0 191 826 7 0 0 0 0 0 2 952 70 0 0 0 0 0 0 0 467 557 0 
0 0 0 147 836 41 0 0 0 0 0 0 834 190 0 0 0 0 0 0 0 277 747 0 
0 0 0 21 980 23 0 0 0 0 0 0 815 209 0 0 0 0 0 0 0 121 903 0 
0 0 0 1 813 210 0 0 0 0 0 0 541 483 0 0 0 0 0 0 0 62 962 0 
0 0 0 166 595 263 0 0 0 0 0 0 548 476 0 0 0 0 0 0 0 281 743 0 
0 0 0 357 564 103 0 0 0 0 0 34 692 298 0 0 0 0 0 0 0 446 578 0 
0 0 0 235 683 106 0 0 0 0 0 62 619 343 0 0 0 0 0 0 0 381 643 0 
0 0 0 261 735 28 0 0 0 0 0 0 901 123 0 0 0 0 0 0 0 408 616 0 
0 0 0 196 828 0 0 0 0 0 0 0 1014 10 0 0 0 0 0 0 0 702 322 0 
0 0 0 313 711 0 0 0 0 0 0 0 1024 0 0 0 0 0 0 0 0 1024 0 0 
0 0 0 258 766 0 0 0 0 0 0 0 1024 0 0 0 0 0 0 0 0 1020 4 0 
0 0 0 228 796 0 0 0 0 0 0 0 1024 0 0 0 0 0 0 0 0 1024 0 0 
0 0 0 0 0 0 738 286 0 0 0 0 0 0 1024 0 0 0 0 0 0 0 0 1024 
0 0 0 0 0 0 1021 3 0 0 0 0 0 0 1024 0 0 0 0 0 0 0 8 1016 
0 0 0 0 0 11 1013 0 0 0 0 0 0 64 960 0 0 0 0 0 0 0 477 547 
0 0 0 0 0 317 707 0 0 0 0 0 0 379 645 0 0 0 0 0 0 0 968 56 
0 0 0 0 0 708 316 0 0 0 0 0 0 834 190 0 0 0 0 0 0 0 1024 0 
0 0 0 0 0 1005 19 0 0 0 0 0 0 1005 19 0 0 0 0 0 0 0 1024 0 
0 0 0 0 0 844 180 0 0 0 0 0 0 892 132 0 0 0 0 0 0 0 1023 1 
0 0 0 0 0 885 139 0 0 0 0 0 0 945 79 0 0 0 0 0 0 0 1024 0 
0 0 0 0 0 1024 0 0 0 0 0 0 0 1024 0 0 0 0 0 0 0 0 1024 0 
0 0 0 0 66 958 0 0 0 0 0 0 2 1022 0 0 0 0 0 0 0 0 1024 0 
0 0 0 0 191 743 90 0 0 0 0 0 48 934 42 0 0 0 0 0 0 9 1015 0 
0 0 0 0 137 792 95 0 0 0 0 0 92 932 0 0 0 0 0 0 0 14 1010 0 
0 0 0 0 267 757 0 0 0 0 0 0 207 817 0 0 0 0 0 0 0 154 870 0 
0 0 0 0 657 367 0 0 0 0 0 0 629 395 0 0 0 0 0 0 0 585 439 0 
0 0 0 60 704 260 0 0 0 0 0 0 756 268 0 0 0 0 0 0 0 766 258 0 
0 0 0 487 358 179 0 0 0 0 0 34 795 195 0 0 0 0 0 0 0 847 177 0 
0 0 0 533 477 14 0 0 0 0 0 161 841 22 0 0 0 0 0 0 0 998 26 0 
0 0 0 81 943 0 0 0 0 0 0 0 1024 0 0 0 0 0 0 0 0 954 70 0 
0 0 0 297 727 0 0 0 0 0 0 3 1021 0 0 0 0 0 0 0 0 945 79 0 
0 0 0 396 371 257 0 0 0 0 0 0 732 292 0 0 0 0 0 0 0 625 399 0 
0 0 0 0 769 255 0 0 0 0 0 0 734 290 0 0 0 0 0 0 0 495 529 0 
0 0 0 16 863 145 0 0 0 0 0 0 692 332 0 0 0 0 0 0 0 186 838 0 
0 0 0 61 963 0 0 0 0 0 0 0 1017 7 0 0 0 0 0 0 0 685 339 0 
0 0 0 0 985 39 0 0 0 0 0 0 921 103 0 0 0 0 0 0 0 274 750 0 
0 0 0 0 627 397 0 0 0 0 0 0 458 566 0 0 0 0 0 0 0 33 991 0 
0 0 0 0 464 560 0 0 0 0 0 0 290 734 0 0 0 0 0 0 0 134 890 0 
0 0 0 59 475 490 0 0 0 0 0 0 355 669 0 0 0 0 0 0 0 289 735 0 
0 0 0 127 802 95 0 0 0 0 0 2 546 476 0 0 0 0 0 0 0 407 617 0 
0 0 0 162 862 0 0 0 0 0 0 0 947 77 0 0 0 0 0 0 0 583 441 0 
0 0 0 627 397 0 0 0 0 0 0 8 1016 0 0 0 0 0 0 0 0 1022 2 0 
0 0 0 781 243 0 0 0 0 0 0 122 902 0 0 0 0 0 0 0 0 1024 0 0 
0 0 0 608 416 0 0 0 0 0 0 0 1024 0 0 0 0 0 0 0 0 1024 0 0 
0 0 0 0 0 82 942 0 0 0 0 0 0 84 940 0 0 0 0 0 0 0 134 890 
0 0 0 0 0 11 1013 0 0 0 0 0 0 7 1017 0 0 0 0 0 0 0 172 852 
0 0 0 0 0 293 731 0 0 0 0 0 0 290 734 0 0 0 0 0 0 0 527 497 
0 0 0 0 0 473 551 0 0 0 0 0 0 465 559 0 0 0 0 0 0 0 842 182 
0 0 0 0 0 929 95 0 0 0 0 0 0 929 95 0 0 0 0 0 0 0 1024 0 
0 0 0 0 0 966 58 0 0 0 0 0 0 966 58 0 0 0 0 0 0 0 1021 3 
0 0 0 0 0 1024 0 0 0 0 0 0 0 1024 0 0 0 0 0 0 0 0 1024 0 
0 0 0 0 30 994 0 0 0 0 0 0 0 1024 0 0 0 0 0 0 0 0 1024 0 
0 0 0 0 303 721 0 0 0 0 0 0 150 874 0 0 0 0 0 0 0 1 1023 0 
0 0 0 0 191 833 0 0 0 0 0 0 105 919 0 0 0 0 0 0 0 1 1023 0 
0 0 0 0 18 810 196 0 0 0 0 0 5 988 31 0 0 0 0 0 0 2 1022 0 
0 0 0 0 82 749 193 0 0 0 0 0 81 858 85 0 0 0 0 0 0 82 942 0 
0 0 0 0 617 407 0 0 0 0 0 0 568 456 0 0 0 0 0 0 0 572 452 0 
0 0 0 474 514 36 0 0 0 0 0 71 873 80 0 0 0 0 0 0 0 898 126 0 
0 0 0 585 365 74 0 0 0 0 0 253 653 118 0 0 0 0 0 0 0 807 217 0 
0 0 0 349 499 96 80 0 0 0 0 50 788 123 63 0 0 0 0 0 0 763 203 58 
0 0 0 78 763 121 62 0 0 0 0 0 801 169 54 0 0 0 0 0 0 683 307 34 
0 0 0 0 917 107 0 0 0 0 0 0 808 216 0 0 0 0 0 0 0 472 552 0 
0 0 0 0 903 121 0 0 0 0 0 0 578 446 0 0 0 0 0 0 0 219 805 0 
0 0 0 0 155 869 0 0 0 0 0 0 112 912 0 0 0 0 0 0 0 26 998 0 
0 0 0 0 18 926 80 0 0 0 0 0 4 1013 7 0 0 0 0 0 0 0 1024 0 
0 0 0 0 601 423 0 0 0 0 0 0 486 538 0 0 0 0 0 0 0 181 843 0 
0 0 0 42 982 0 0 0 0 0 0 0 1024 0 0 0 0 0 0 0 0 1016 8 0 
0 0 0 109 915 0 0 0 0 0 0 0 1024 0 0 0 0 0 0 0 0 971 53 0 
0 0 0 373 651 0 0 0 0 0 0 1 1023 0 0 0 0 0 0 0 0 963 61 0 
0 0 0 576 448 0 0 0 0 0 0 142 882 0 0 0 0 0 0 0 0 1015 9 0 
0 0 0 903 121 0 0 0 0 0 0 35 989 0 0 0 0 0 0 0 0 1024 0 0 
0 0 0 680 344 0 0 0 0 0 0 1 1023 0 0 0 0 0 0 0 0 1024 0 0 
0 0 0 433 591 0 0 0 0 0 0 0 1024 0 0 0 0 0 0 0 0 1024 0 0 
0 0 0 240 784 0 0 0 0 0 0 0 1024 0 0 0 0 0 0 0 0 1019 5 0 
0 0 0 37 987 0 0 0 0 0 0 0 1024 0 0 0 0 0 0 0 0 963 61 0 
0 0 0 72 952 0 0 0 0 0 0 0 1024 0 0 0 0 0 0 0 0 992 32 0 
0 0 0 0 0 12 1012 0 0 0 0 0 0 19 1005 0 0 0 0 0 0 0 39 985 
0 0 0 0 0 274 750 0 0 0 0 0 0 269 755 0 0 0 0 0 0 0 508 516 
0 0 0 0 0 586 438 0 0 0 0 0 0 592 432 0 0 0 0 0 0 0 986 38 
0 0 0 0 0 820 204 0 0 0 0 0 0 852 172 0 0 0 0 0 0 0 1024 0 
0 0 0 0 0 1024 0 0 0 0 0 0 0 1024 0 0 0 0 0 0 0 0 1024 0 
0 0 0 0 0 1024 0 0 0 0 0 0 0 1024 0 0 0 0 0 0 0 0 1024 0 
0 0 0 0 71 953 0 0 0 0 0 0 2 1022 0 0 0 0 0 0 0 0 1024 0 
0 0 0 0 432 592 0 0 0 0 0 0 220 804 0 0 0 0 0 0 0 0 1024 0 
0 0 0 0 423 601 0 0 0 0 0 0 295 729 0 0 0 0 0 0 0 0 1024 0 
0 0 0 0 281 743 0 0 0 0 0 0 28 996 0 0 0 0 0 0 0 0 1024 0 
0 0 0 0 146 878 0 0 0 0 0 0 9 1015 0 0 0 0 0 0 0 6 1018 0 
0 0 0 0 561 463 0 0 0 0 0 0 298 726 0 0 0 0 0 0 0 133 891 0 
0 0 0 0 603 404 17 0 0 0 0 0 498 509 17 0 0 0 0 0 0 320 702 2 
0 0 0 0 633 166 186 39 0 0 0 0 518 293 213 0 0 0 0 0 0 256 578 190 
0 0 0 0 158 518 314 34 0 0 0 0 107 588 329 0 0 0 0 0 0 25 745 254 
0 0 0 0 0 111 863 50 0 0 0 0 0 170 854 0 0 0 0 0 0 0 702 322 
0 0 0 0 0 225 708 91 0 0 0 0 0 295 718 11 0 0 0 0 0 0 632 392 
0 0 0 0 201 678 145 0 0 0 0 0 96 835 93 0 0 0 0 0 0 27 994 3 
0 0 0 0 366 658 0 0 0 0 0 0 114 910 0 0 0 0 0 0 0 42 982 0 
0 0 0 0 796 228 0 0 0 0 0 0 590 434 0 0 0 0 0 0 0 323 701 0 
0 0 0 79 586 359 0 0 0 0 0 0 604 420 0 0 0 0 0 0 0 524 500 0 
0 0 0 57 929 38 0 0 0 0 0 0 885 139 0 0 0 0 0 0 0 562 462 0 
0 0 0 294 686 44 0 0 0 0 0 0 964 60 0 0 0 0 0 0 0 859 165 0 
0 0 0 118 902 4 0 0 0 0 0 0 1010 14 0 0 0 0 0 0 0 941 83 0 
0 0 0 1 1023 0 0 0 0 0 0 0 1024 0 0 0 0 0 0 0 0 827 197 0 
0 0 0 0 1024 0 0 0 0 0 0 0 1024 0 0 0 0 0 0 0 0 967 57 0 
0 0 0 0 1024 0 0 0 0 0 0 0 1024 0 0 0 0 0 0 0 0 1024 0 0 
0 0 0 8 1013 3 0 0 0 0 0 0 1017 7 0 0 0 0 0 0 0 1024 0 0 
0 0 0 6 879 139 0 0 0 0 0 0 821 203 0 0 0 0 0 0 0 974 50 0 
0 0 0 0 1007 17 0 0 0 0 0 0 1012 12 0 0 0 0 0 0 0 1022 2 0 
0 0 0 0 1024 0 0 0 0 0 0 0 1024 0 0 0 0 0 0 0 0 1024 0 0 
0 0 0 0 1024 0 0 0 0 0 0 0 1024 0 0 0 0 0 0 0 0 1024 0 0 
0 0 0 0 0 265 759 0 0 0 0 0 0 270 754 0 0 0 0 0 0 0 619 405 
0 0 0 0 0 724 300 0 0 0 0 0 0 723 301 0 0 0 0 0 0 0 977 47 
0 0 0 0 0 932 92 0 0 0 0 0 0 935 89 0 0 0 0 0 0 0 1024 0 
0 0 0 0 0 1012 12 0 0 0 0 0 0 1012 12 0 0 0 0 0 0 0 1024 0 
0 0 0 0 0 1024 0 0 0 0 0 0 0 1024 0 0 0 0 0 0 0 0 1024 0 
0 0 0 0 0 1024 0 0 0 0 0 0 0 1024 0 0 0 0 0 0 0 0 1024 0 
0 0 0 0 31 993 0 0 0 0 0 0 0 1024 0 0 0 0 0 0 0 0 1024 0 
0 0 0 0 158 866 0 0 0 0 0 0 3 1021 0 0 0 0 0 0 0 0 1024 0 
0 0 0 0 252 756 16 0 0 0 0 0 60 956 8 0 0 0 0 0 0 0 1024 0 
0 0 0 0 209 794 21 0 0 0 0 0 149 859 16 0 0 0 0 0 0 0 1024 0 
0 0 0 0 144 812 68 0 0 0 0 0 86 913 25 0 0 0 0 0 0 0 1024 0 
0 0 0 0 97 927 0 0 0 0 0 0 32 992 0 0 0 0 0 0 0 0 1024 0 
0 0 0 0 37 917 70 0 0 0 0 0 5 989 30 0 0 0 0 0 0 0 1024 0 
0 0 0 0 63 559 402 0 0 0 0 0 7 638 379 0 0 0 0 0 0 0 896 128 
0 0 0 0 222 513 289 0 0 0 0 0 117 644 263 0 0 0 0 0 0 0 930 94 
0 0 0 0 378 530 116 0 0 0 0 0 260 716 48 0 0 0 0 0 0 8 1016 0 
0 0 0 0 237 732 55 0 0 0 0 0 147 842 35 0 0 0 0 0 0 10 1014 0 
0 0 0 0 301 660 63 0 0 0 0 0 236 782 6 0 0 0 0 0 0 110 914 0 
0 0 0 0 226 616 182 0 0 0 0 0 146 748 130 0 0 0 0 0 0 30 994 0 
0 0 0 0 318 698 8 0 0 0 0 0 225 798 1 0 0 0 0 0 0 65 959 0 
0 0 0 0 620 404 0 0 0 0 0 0 444 580 0 0 0 0 0 0 0 228 796 0 
0 0 0 0 937 87 0 0 0 0 0 0 788 236 0 0 0 0 0 0 0 519 505 0 
0 0 0 0 404 620 0 0 0 0 0 0 371 653 0 0 0 0 0 0 0 416 608 0 
0 0 0 0 598 426 0 0 0 0 0 0 647 377 0 0 0 0 0 0 0 793 231 0 
0 0 0 0 612 412 0 0 0 0 0 0 626 398 0 0 0 0 0 0 0 728 296 0 
0 0 0 0 813 211 0 0 0 0 0 0 823 201 0 0 0 0 0 0 0 923 101 0 
0 0 0 46 978 0 0 0 0 0 0 2 1022 0 0 0 0 0 0 0 0 1024 0 0 
0 0 0 299 725 0 0 0 0 0 0 153 871 0 0 0 0 0 0 0 0 1024 0 0 
0 0 0 343 681 0 0 0 0 0 0 173 851 0 0 0 0 0 0 0 0 1024 0 0 
0 0 0 697 327 0 0 0 0 0 0 326 698 0 0 0 0 0 0 0 0 1024 0 0 
0 0 0 886 138 0 0 0 0 0 0 753 271 0 0 0 0 0 0 0 0 1024 0 0 
0 0 0 1004 20 0 0 0 0 0 0 696 328 0 0 0 0 0 0 0 0 1024 0 0 
0 0 0 0 0 0 1022 2 0 0 0 0 0 0 1024 0 0 0 0 0 0 0 22 1002 
0 0 0 0 0 169 809 46 0 0 0 0 0 165 859 0 0 0 0 0 0 0 312 712 
0 0 0 0 0 237 743 44 0 0 0 0 0 228 796 0 0 0 0 0 0 0 507 517 
0 0 0 0 0 276 748 0 0 0 0 0 0 277 747 0 0 0 0 0 0 0 682 342 
0 0 0 0 0 519 505 0 0 0 0 0 0 455 569 0 0 0 0 0 0 0 643 381 
0 0 0 0 0 243 781 0 0 0 0 0 0 245 779 0 0 0 0 0 0 0 611 413 
0 0 0 0 0 268 756 0 0 0 0 0 0 309 715 0 0 0 0 0 0 0 632 392 
0 0 0 0 0 399 625 0 0 0 0 0 0 551 473 0 0 0 0 0 0 0 817 207 
0 0 0 0 0 276 748 0 0 0 0 0 0 381 643 0 0 0 0 0 0 0 1001 23 
0 0 0 0 0 846 178 0 0 0 0 0 0 929 95 0 0 0 0 0 0 0 1024 0 
0 0 0 0 28 975 21 0 0 0 0 0 0 1024 0 0 0 0 0 0 0 0 1024 0 
0 0 0 0 56 968 0 0 0 0 0 0 2 1022 0 0 0 0 0 0 0 0 1024 0 
0 0 0 0 197 827 0 0 0 0 0 0 80 944 0 0 0 0 0 0 0 25 999 0 
0 0 0 0 298 726 0 0 0 0 0 0 191 833 0 0 0 0 0 0 0 75 949 0 
0 0 0 0 122 902 0 0 0 0 0 0 60 964 0 0 0 0 0 0 0 36 988 0 
0 0 0 0 248 776 0 0 0 0 0 0 161 863 0 0 0 0 0 0 0 60 964 0 
0 0 0 0 134 888 2 0 0 0 0 0 92 932 0 0 0 0 0 0 0 64 960 0 
0 0 0 0 219 805 0 0 0 0 0 0 208 816 0 0 0 0 0 0 0 165 859 0 
0 0 0 0 230 694 100 0 0 0 0 0 214 757 53 0 0 0 0 0 0 289 735 0 
0 0 0 0 320 693 11 0 0 0 0 0 311 711 2 0 0 0 0 0 0 342 682 0 
0 0 0 0 327 697 0 0 0 0 0 0 350 674 0 0 0 0 0 0 0 416 608 0 
0 0 0 0 615 409 0 0 0 0 0 0 618 406 0 0 0 0 0 0 0 710 314 0 
0 0 0 18 709 297 0 0 0 0 0 0 734 290 0 0 0 0 0 0 0 796 228 0 
0 0 0 200 758 66 0 0 0 0 0 83 874 67 0 0 0 0 0 0 0 1008 16 0 
0 0 0 369 655 0 0 0 0 0 0 135 889 0 0 0 0 0 0 0 0 1024 0 0 
0 0 0 558 466 0 0 0 0 0 0 231 793 0 0 0 0 0 0 0 0 1024 0 0 
0 0 0 897 127 0 0 0 0 0 0 611 413 0 0 0 0 0 0 0 0 1024 0 0 
0 0 0 991 33 0 0 0 0 0 0 716 308 0 0 0 0 0 0 0 0 1024 0 0 
0 0 0 1024 0 0 0 0 0 0 0 694 330 0 0 0 0 0 0 0 0 1024 0 0 
0 0 0 1024 0 0 0 0 0 0 0 722 302 0 0 0 0 0 0 0 12 1012 0 0 
0 0 2 1022 0 0 0 0 0 0 0 794 230 0 0 0 0 0 0 0 49 975 0 0 
0 0 0 1024 0 0 0 0 0 0 0 752 272 0 0 0 0 0 0 0 72 952 0 0 
0 17 266 87 36 28 463 127 0 75 258 52 25 29 585 0 209 120 45 20 21 20 44 545 
0 40 102 65 31 33 610 143 0 75 87 56 26 34 746 0 67 65 47 36 22 25 97 665 
0 0 1 2 1 8 958 54 0 1 0 2 2 7 1012 0 0 1 0 2 1 5 189 826 
0 0 0 0 0 0 959 65 0 0 0 0 0 0 1024 0 0 0 0 0 0 0 598 426 
0 0 0 0 0 5 1019 0 0 0 0 0 0 16 1008 0 0 0 0 0 0 0 863 161 
0 0 0 0 0 111 913 0 0 0 0 0 0 200 824 0 0 0 0 0 0 0 874 150 
0 0 0 0 21 171 832 0 0 0 0 0 3 215 806 0 0 0 0 0 0 0 953 71 
0 0 0 0 64 317 643 0 0 0 0 0 5 522 497 0 0 0 0 0 0 0 1004 20 
0 0 0 0 126 714 184 0 0 0 0 0 2 870 152 0 0 0 0 0 0 0 1024 0 
0 0 0 0 262 731 31 0 0 0 0 0 49 961 14 0 0 0 0 0 0 0 1024 0 
0 0 0 0 317 707 0 0 0 0 0 0 223 801 0 0 0 0 0 0 0 34 990 0 
0 0 0 0 460 564 0 0 0 0 0 0 267 757 0 0 0 0 0 0 0 71 953 0 
0 0 0 0 895 129 0 0 0 0 0 0 429 595 0 0 0 0 0 0 0 126 898 0 
0 0 0 0 867 157 0 0 0 0 0 0 683 341 0 0 0 0 0 0 0 475 549 0 
0 0 0 0 746 278 0 0 0 0 0 0 677 347 0 0 0 0 0 0 0 594 430 0 
0 0 0 0 845 179 0 0 0 0 0 0 789 235 0 0 0 0 0 0 0 772 252 0 
0 0 0 0 888 136 0 0 0 0 0 0 854 170 0 0 0 0 0 0 0 800 224 0 
0 0 0 0 909 115 0 0 0 0 0 0 861 163 0 0 0 0 0 0 0 862 162 0 
0 0 0 0 1020 4 0 0 0 0 0 0 985 39 0 0 0 0 0 0 0 992 32 0 
0 0 0 134 890 0 0 0 0 0 0 3 1020 1 0 0 0 0 0 0 0 1024 0 0 
0 0 0 373 651 0 0 0 0 0 0 153 871 0 0 0 0 0 0 0 0 1024 0 0 
0 0 0 545 479 0 0 0 0 0 0 321 703 0 0 0 0 0 0 0 0 1024 0 0 
0 0 0 836 188 0 0 0 0 0 0 586 438 0 0 0 0 0 0 0 0 1024 0 0 
0 0 0 1024 0 0 0 0 0 0 0 954 70 0 0 0 0 0 0 0 0 1024 0 0 
0 0 0 1024 0 0 0 0 0 0 0 996 28 0 0 0 0 0 0 0 0 1024 0 0 
0 0 0 1024 0 0 0 0 0 0 0 945 79 0 0 0 0 0 0 0 0 1024 0 0 
0 0 0 1024 0 0 0 0 0 0 0 1024 0 0 0 0 0 0 0 0 15 1009 0 0 
0 0 0 1024 0 0 0 0 0 0 0 1024 0 0 0 0 0 0 0 0 4 1020 0 0 
0 0 0 1024 0 0 0 0 0 0 0 1018 6 0 0 0 0 0 0 0 135 889 0 0 
0 0 116 908 0 0 0 0 0 0 0 1021 3 0 0 0 0 0 0 0 296 728 0 0 
0 0 187 837 0 0 0 0 0 0 0 1024 0 0 0 0 0 0 0 0 482 542 0 0 
0 0 36 988 0 0 0 0 0 0 0 984 40 0 0 0 0 0 0 0 372 652 0 0 
27 546 380 57 12 2 0 0 45 663 275 31 10 0 0 0 871 96 31 20 6 0 0 0 
6 464 512 37 5 0 0 0 15 652 341 14 2 0 0 0 903 98 20 2 1 0 0 0 
1 435 471 43 18 24 32 0 7 586 336 23 22 21 29 0 752 171 21 19 14 15 28 4 
3 385 391 73 26 59 87 0 5 514 287 50 24 66 78 0 479 276 75 28 19 31 115 1 
0 195 117 36 262 395 19 0 0 249 65 29 75 594 12 0 217 61 23 19 21 39 644 0 
0 0 0 0 899 125 0 0 0 0 0 0 421 603 0 0 0 0 0 0 0 0 1024 0 
0 0 0 0 1024 0 0 0 0 0 0 0 871 153 0 0 0 0 0 0 0 0 1024 0 
0 0 0 0 1024 0 0 0 0 0 0 0 962 62 0 0 0 0 0 0 0 0 1024 0 
0 0 0 0 1024 0 0 0 0 0 0 0 842 182 0 0 0 0 0 0 0 135 889 0 
0 0 0 0 1024 0 0 0 0 0 0 0 955 69 0 0 0 0 0 0 0 371 653 0 
0 0 0 0 1024 0 0 0 0 0 0 0 974 50 0 0 0 0 0 0 0 605 419 0 
0 0 0 19 987 18 0 0 0 0 0 0 935 89 0 0 0 0 0 0 0 835 189 0 
0 0 0 0 1004 20 0 0 0 0 0 0 947 77 0 0 0 0 0 0 0 905 119 0 
0 0 0 0 1024 0 0 0 0 0 0 0 1011 13 0 0 0 0 0 0 0 995 29 0 
0 0 0 66 948 10 0 0 0 0 0 0 1000 24 0 0 0 0 0 0 0 1006 18 0 
0 0 0 625 399 0 0 0 0 0 0 0 1024 0 0 0 0 0 0 0 0 1024 0 0 
0 0 0 737 287 0 0 0 0 0 0 9 1015 0 0 0 0 0 0 0 0 1024 0 0 
0 0 0 676 348 0 0 0 0 0 0 39 985 0 0 0 0 0 0 0 0 1024 0 0 
0 0 0 776 248 0 0 0 0 0 0 98 926 0 0 0 0 0 0 0 0 1024 0 0 
0 0 0 1001 23 0 0 0 0 0 0 579 445 0 0 0 0 0 0 0 0 1024 0 0 
0 0 0 1024 0 0 0 0 0 0 0 902 122 0 0 0 0 0 0 0 0 1024 0 0 
0 0 0 1024 0 0 0 0 0 0 0 1024 0 0 0 0 0 0 0 0 0 1024 0 0 
0 0 0 1024 0 0 0 0 0 0 0 1020 4 0 0 0 0 0 0 0 0 1024 0 0 
0 0 0 1012 12 0 0 0 0 0 0 731 293 0 0 0 0 0 0 0 0 1024 0 0 
0 0 0 1016 8 0 0 0 0 0 0 651 373 0 0 0 0 0 0 0 0 1024 0 0 
0 0 0 1010 14 0 0 0 0 0 0 758 266 0 0 0 0 0 0 0 4 1020 0 0 
0 0 0 1024 0 0 0 0 0 0 0 937 87 0 0 0 0 0 0 0 12 1012 0 0 
0 0 0 1021 3 0 0 0 0 0 0 832 192 0 0 0 0 0 0 0 55 969 0 0 
0 0 0 968 56 0 0 0 0 0 0 876 148 0 0 0 0 0 0 0 116 908 0 0 
0 0 0 1024 0 0 0 0 0 0 0 997 27 0 0 0 0 0 0 0 154 870 0 0 
0 0 0 1017 7 0 0 0 0 0 0 932 92 0 0 0 0 0 0 0 149 875 0 0 
0 0 0 1024 0 0 0 0 0 0 0 732 292 0 0 0 0 0 0 0 112 912 0 0 
801 223 0 0 0 0 0 0 850 174 0 0 0 0 0 0 1017 7 0 0 0 0 0 0 
518 494 12 0 0 0 0 0 596 423 5 0 0 0 0 0 1010 14 0 0 0 0 0 0 
358 651 15 0 0 0 0 0 438 584 2 0 0 0 0 0 1020 4 0 0 0 0 0 0 
443 569 12 0 0 0 0 0 472 549 3 0 0 0 0 0 1013 11 0 0 0 0 0 0 
279 635 54 27 27 2 0 0 318 600 47 24 18 17 0 0 880 39 27 24 19 12 23 0 
0 227 140 29 544 84 0 0 1 272 96 24 298 333 0 0 312 41 22 10 13 27 599 0 
0 17 116 55 448 388 0 0 0 43 101 46 144 690 0 0 44 71 42 31 22 30 784 0 
0 23 126 57 434 384 0 0 0 45 118 41 77 743 0 0 46 68 56 31 18 50 755 0 
0 284 321 98 282 39 0 0 0 265 328 99 149 183 0 0 190 251 156 74 58 72 223 0 
0 53 632 126 204 9 0 0 0 117 559 119 172 57 0 0 528 107 67 68 62 87 105 0 
0 182 571 97 174 0 0 0 0 288 460 91 184 1 0 0 424 263 70 47 56 138 26 0 
0 107 231 141 545 0 0 0 0 118 203 136 564 3 0 0 113 120 75 69 87 521 39 0 
0 0 16 10 998 0 0 0 0 0 13 8 1000 3 0 0 0 0 2 14 5 991 12 0 
0 0 0 1 1022 1 0 0 0 0 0 0 1016 8 0 0 0 0 0 0 0 996 28 0 
0 0 0 5 1009 10 0 0 0 0 0 0 1007 17 0 0 0 0 0 0 0 1022 2 0 
0 0 0 12 1012 0 0 0 0 0 0 0 1024 0 0 0 0 0 0 0 0 1024 0 0 
0 0 0 299 725 0 0 0 0 0 0 0 1024 0 0 0 0 0 0 0 0 1024 0 0 
0 0 0 740 284 0 0 0 0 0 0 21 1003 0 0 0 0 0 0 0 0 1024 0 0 
0 0 0 694 330 0 0 0 0 0 0 4 1020 0 0 0 0 0 0 0 0 1024 0 0 
0 0 0 662 362 0 0 0 0 0 0 45 979 0 0 0 0 0 0 0 0 1024 0 0 
0 0 0 610 414 0 0 0 0 0 0 190 834 0 0 0 0 0 0 0 0 1024 0 0 
0 0 0 619 405 0 0 0 0 0 0 295 729 0 0 0 0 0 0 0 0 1024 0 0 
0 0 0 722 302 0 0 0 0 0 0 270 754 0 0 0 0 0 0 0 0 1024 0 0 
0 0 0 599 425 0 0 0 0 0 0 97 927 0 0 0 0 0 0 0 0 1024 0 0 
0 0 0 529 495 0 0 0 0 0 0 48 976 0 0 0 0 0 0 0 0 1024 0 0 
0 0 0 237 787 0 0 0 0 0 0 27 997 0 0 0 0 0 0 0 0 1024 0 0 
0 0 0 174 850 0 0 0 0 0 0 30 994 0 0 0 0 0 0 0 0 1024 0 0 
0 0 0 60 951 13 0 0 0 0 0 15 1009 0 0 0 0 0 0 0 0 1024 0 0 
0 0 0 102 883 39 0 0 0 0 0 50 973 1 0 0 0 0 0 0 0 1024 0 0 
0 0 0 218 806 0 0 0 0 0 0 74 950 0 0 0 0 0 0 0 0 1024 0 0 
0 0 0 25 999 0 0 0 0 0 0 5 1019 0 0 0 0 0 0 0 0 1024 0 0 
0 0 0 32 992 0 0 0 0 0 0 0 1024 0 0 0 0 0 0 0 0 1024 0 0 
975 49 0 0 0 0 0 0 985 39 0 0 0 0 0 0 1022 2 0 0 0 0 0 0 
714 308 2 0 0 0 0 0 751 271 2 0 0 0 0 0 1017 7 0 0 0 0 0 0 
582 442 0 0 0 0 0 0 585 439 0 0 0 0 0 0 1021 3 0 0 0 0 0 0 
913 111 0 0 0 0 0 0 901 123 0 0 0 0 0 0 1024 0 0 0 0 0 0 0 
974 50 0 0 0 0 0 0 982 42 0 0 0 0 0 0 1024 0 0 0 0 0 0 0 
497 525 2 0 0 0 0 0 425 598 1 0 0 0 0 0 1024 0 0 0 0 0 0 0 
45 927 52 0 0 0 0 0 50 953 21 0 0 0 0 0 981 43 0 0 0 0 0 0 
53 848 123 0 0 0 0 0 55 906 63 0 0 0 0 0 988 36 0 0 0 0 0 0 
5 983 36 0 0 0 0 0 15 985 24 0 0 0 0 0 1021 3 0 0 0 0 0 0 
0 674 350 0 0 0 0 0 0 796 228 0 0 0 0 0 1023 1 0 0 0 0 0 0 
0 863 161 0 0 0 0 0 1 978 45 0 0 0 0 0 974 50 0 0 0 0 0 0 
0 448 442 128 6 0 0 0 0 551 323 100 50 0 0 0 586 201 67 65 52 53 0 0 
0 474 265 116 169 0 0 0 0 505 213 78 228 0 0 0 358 252 85 60 49 219 1 0 
0 2 28 153 840 1 0 0 0 2 27 45 949 1 0 0 0 0 16 26 63 919 0 0 
0 0 0 157 867 0 0 0 0 0 0 0 1024 0 0 0 0 0 0 0 0 1024 0 0 
0 0 0 75 949 0 0 0 0 0 0 0 1024 0 0 0 0 0 0 0 0 1024 0 0 
0 0 0 131 893 0 0 0 0 0 0 0 1024 0 0 0 0 0 0 0 0 1024 0 0 
0 0 0 178 846 0 0 0 0 0 0 0 1024 0 0 0 0 0 0 0 0 1024 0 0 
0 0 0 130 892 2 0 0 0 0 0 0 1024 0 0 0 0 0 0 0 0 1024 0 0 
0 0 0 52 972 0 0 0 0 0 0 0 1024 0 0 0 0 0 0 0 0 1024 0 0 
0 0 0 0 1017 7 0 0 0 0 0 0 1024 0 0 0 0 0 0 0 0 1024 0 0 
0 0 0 6 1014 4 0 0 0 0 0 0 1024 0 0 0 0 0 0 0 0 1024 0 0 
0 0 0 0 1024 0 0 0 0 0 0 0 1024 0 0 0 0 0 0 0 0 1024 0 0 
0 0 0 0 1024 0 0 0 0 0 0 0 1024 0 0 0 0 0 0 0 0 1024 0 0 
0 0 0 0 1022 2 0 0 0 0 0 0 1024 0 0 0 0 0 0 0 0 1024 0 0 
0 0 0 0 1024 0 0 0 0 0 0 0 1024 0 0 0 0 0 0 0 0 1024 0 0 
0 0 0 0 1024 0 0 0 0 0 0 0 1024 0 0 0 0 0 0 0 0 1024 0 0 
0 6 8 6 928 76 0 0 0 6 8 6 995 9 0 0 3 4 8 4 10 995 0 0 
0 2 3 2 668 349 0 0 0 2 3 5 785 229 0 0 2 1 2 5 10 1004 0 0 
0 26 57 30 726 185 0 0 0 27 59 33 777 128 0 0 25 39 36 21 32 871 0 0 
0 49 55 37 401 482 0 0 0 56 52 43 683 190 0 0 15 54 45 30 40 840 0 0 
0 4 64 28 192 736 0 0 0 32 48 20 532 392 0 0 0 40 32 24 36 892 0 0 
509 406 107 2 0 0 0 0 535 404 83 2 0 0 0 0 819 200 5 0 0 0 0 0 
511 438 72 3 0 0 0 0 515 453 55 1 0 0 0 0 881 138 5 0 0 0 0 0 
662 337 25 0 0 0 0 0 664 333 27 0 0 0 0 0 957 67 0 0 0 0 0 0 
839 148 33 4 0 0 0 0 833 161 29 1 0 0 0 0 940 64 20 0 0 0 0 0 
863 161 0 0 0 0 0 0 816 208 0 0 0 0 0 0 1023 1 0 0 0 0 0 0 
376 636 12 0 0 0 0 0 357 663 4 0 0 0 0 0 977 47 0 0 0 0 0 0 
508 511 5 0 0 0 0 0 497 524 3 0 0 0 0 0 1008 16 0 0 0 0 0 0 
668 356 0 0 0 0 0 0 618 406 0 0 0 0 0 0 1021 3 0 0 0 0 0 0 
441 583 0 0 0 0 0 0 702 322 0 0 0 0 0 0 1009 15 0 0 0 0 0 0 
139 858 27 0 0 0 0 0 407 604 13 0 0 0 0 0 918 97 9 0 0 0 0 0 
226 798 0 0 0 0 0 0 444 580 0 0 0 0 0 0 1001 23 0 0 0 0 0 0 
35 963 26 0 0 0 0 0 136 878 10 0 0 0 0 0 810 212 2 0 0 0 0 0 
0 755 256 13 0 0 0 0 14 826 170 14 0 0 0 0 437 460 94 31 2 0 0 0 
0 288 383 155 198 0 0 0 0 342 330 143 209 0 0 0 64 294 232 168 70 196 0 0 
0 0 269 220 535 0 0 0 0 11 278 195 540 0 0 0 0 58 156 203 88 519 0 0 
0 38 208 110 668 0 0 0 0 86 177 87 674 0 0 0 4 148 107 56 60 649 0 0 
0 19 138 236 631 0 0 0 0 48 127 216 633 0 0 0 4 100 36 112 179 593 0 0 
0 3 140 22 859 0 0 0 0 15 128 24 857 0 0 0 2 114 26 13 23 846 0 0 
0 2 132 28 862 0 0 0 0 8 131 23 862 0 0 0 0 126 20 17 10 851 0 0 
0 0 124 21 879 0 0 0 0 5 120 21 878 0 0 0 0 102 25 10 21 866 0 0 
0 3 85 24 912 0 0 0 0 18 70 24 912 0 0 0 0 74 17 14 24 895 0 0 
0 9 128 20 867 0 0 0 0 18 119 22 865 0 0 0 7 117 14 14 23 849 0 0 
0 18 44 20 942 0 0 0 0 12 50 19 943 0 0 0 0 38 25 13 27 921 0 0 
0 0 59 33 932 0 0 0 0 2 62 33 927 0 0 0 3 35 26 20 35 905 0 0 
0 58 317 40 609 0 0 0 0 90 289 34 611 0 0 0 241 93 51 19 29 591 0 0 
0 322 141 38 523 0 0 0 0 335 129 33 527 0 0 0 389 60 24 17 23 511 0 0 
0 386 161 45 388 44 0 0 0 388 155 43 431 7 0 0 453 65 24 29 39 414 0 0 
8 802 170 17 18 9 0 0 4 844 134 16 20 6 0 0 921 43 21 13 13 13 0 0 
42 635 277 22 28 20 0 0 55 645 258 22 41 3 0 0 920 33 13 14 15 29 0 0 
15 797 211 1 0 0 0 0 35 849 140 0 0 0 0 0 966 57 1 0 0 0 0 0 
73 812 137 2 0 0 0 0 62 860 100 2 0 0 0 0 1010 11 3 0 0 0 0 0 
24 708 292 0 0 0 0 0 44 760 220 0 0 0 0 0 952 52 20 0 0 0 0 0 
12 775 237 0 0 0 0 0 2 730 292 0 0 0 0 0 777 240 7 0 0 0 0 0 
24 857 143 0 0 0 0 0 8 851 165 0 0 0 0 0 868 155 1 0 0 0 0 0 
31 771 212 10 0 0 0 0 22 765 229 8 0 0 0 0 739 273 12 0 0 0 0 0 
74 620 324 6 0 0 0 0 64 641 316 3 0 0 0 0 631 372 21 0 0 0 0 0 
140 444 420 20 0 0 0 0 141 456 417 10 0 0 0 0 539 440 45 0 0 0 0 0 
41 404 569 10 0 0 0 0 56 474 491 3 0 0 0 0 427 571 26 0 0 0 0 0 
62 422 529 11 0 0 0 0 67 482 471 4 0 0 0 0 445 542 37 0 0 0 0 0 
148 484 379 13 0 0 0 0 147 511 357 9 0 0 0 0 600 394 30 0 0 0 0 0 
168 508 345 3 0 0 0 0 193 527 304 0 0 0 0 0 466 543 15 0 0 0 0 0 
52 404 526 42 0 0 0 0 80 502 436 6 0 0 0 0 284 590 150 0 0 0 0 0 
152 321 504 47 0 0 0 0 214 317 462 31 0 0 0 0 408 515 100 1 0 0 0 0 
23 399 553 49 0 0 0 0 66 486 457 15 0 0 0 0 300 611 112 1 0 0 0 0 
1 710 305 8 0 0 0 0 9 759 252 4 0 0 0 0 425 573 26 0 0 0 0 0 
0 322 660 42 0 0 0 0 7 431 570 16 0 0 0 0 213 717 93 1 0 0 0 0 
0 257 747 20 0 0 0 0 0 351 665 8 0 0 0 0 205 766 53 0 0 0 0 0 
0 293 680 51 0 0 0 0 0 395 622 7 0 0 0 0 226 696 102 0 0 0 0 0 
0 311 687 26 0 0 0 0 0 392 628 4 0 0 0 0 175 770 79 0 0 0 0 0 
0 197 785 42 0 0 0 0 0 298 715 11 0 0 0 0 36 853 134 1 0 0 0 0 
0 285 493 244 2 0 0 0 0 436 481 107 0 0 0 0 17 637 363 7 0 0 0 0 
0 298 564 162 0 0 0 0 0 394 574 56 0 0 0 0 7 702 311 4 0 0 0 0 
0 445 462 117 0 0 0 0 0 518 462 44 0 0 0 0 14 814 196 0 0 0 0 0 
0 537 448 39 0 0 0 0 0 594 405 25 0 0 0 0 42 701 99 182 0 0 0 0 
0 530 405 89 0 0 0 0 0 569 428 27 0 0 0 0 29 691 203 101 0 0 0 0 
0 250 658 116 0 0 0 0 0 451 533 40 0 0 0 0 217 680 117 10 0 0 0 0 
0 546 458 20 0 0 0 0 4 602 408 10 0 0 0 0 560 448 16 0 0 0 0 0 
0 706 315 3 0 0 0 0 8 695 319 2 0 0 0 0 721 299 4 0 0 0 0 0 
96 652 276 0 0 0 0 0 60 669 295 0 0 0 0 0 832 192 0 0 0 0 0 0 
136 575 312 1 0 0 0 0 78 572 373 1 0 0 0 0 842 182 0 0 0 0 0 0 
279 562 183 0 0 0 0 0 317 468 239 0 0 0 0 0 863 159 2 0 0 0 0 0 
146 590 286 2 0 0 0 0 205 470 347 2 0 0 0 0 867 156 1 0 0 0 0 0 
132 598 293 1 0 0 0 0 110 604 309 1 0 0 0 0 848 174 2 0 0 0 0 0 
88 716 220 0 0 0 0 0 76 708 240 0 0 0 0 0 892 132 0 0 0 0 0 0 
223 704 88 9 0 0 0 0 85 845 89 5 0 0 0 0 906 109 9 0 0 0 0 0 
185 752 84 3 0 0 0 0 116 808 95 5 0 0 0 0 905 111 8 0 0 0 0 0 
68 737 214 5 0 0 0 0 42 741 239 2 0 0 0 0 721 287 16 0 0 0 0 0 
50 784 184 6 0 0 0 0 29 831 160 4 0 0 0 0 709 304 11 0 0 0 0 0 
7 720 294 3 0 0 0 0 27 786 210 1 0 0 0 0 493 514 17 0 0 0 0 0 
19 732 258 15 0 0 0 0 49 826 140 9 0 0 0 0 589 413 19 3 0 0 0 0 
1 596 426 1 0 0 0 0 39 787 198 0 0 0 0 0 379 616 29 0 0 0 0 0 
63 683 277 1 0 0 0 0 170 730 123 1 0 0 0 0 594 414 16 0 0 0 0 0 
134 786 104 0 0 0 0 0 253 737 34 0 0 0 0 0 716 308 0 0 0 0 0 0 
109 699 191 25 0 0 0 0 237 659 119 9 0 0 0 0 588 388 48 0 0 0 0 0 
0 543 461 20 0 0 0 0 4 684 333 3 0 0 0 0 568 420 36 0 0 0 0 0 
35 727 259 3 0 0 0 0 131 769 124 0 0 0 0 0 617 390 17 0 0 0 0 0 
35 782 195 12 0 0 0 0 71 812 140 1 0 0 0 0 629 326 69 0 0 0 0 0 
25 521 458 20 0 0 0 0 53 652 315 4 0 0 0 0 500 433 84 7 0 0 0 0 
31 714 277 2 0 0 0 0 123 744 157 0 0 0 0 0 492 468 55 9 0 0 0 0 
51 712 250 11 0 0 0 0 203 661 155 5 0 0 0 0 553 329 110 32 0 0 0 0 
116 614 282 12 0 0 0 0 250 546 225 3 0 0 0 0 542 281 117 84 0 0 0 0 
8 655 332 29 0 0 0 0 65 659 269 31 0 0 0 0 413 367 75 169 0 0 0 0 
0 239 653 132 0 0 0 0 6 435 449 134 0 0 0 0 123 486 59 321 35 0 0 0 
1 109 758 156 0 0 0 0 4 319 543 158 0 0 0 0 25 422 113 402 62 0 0 0 
0 42 754 228 0 0 0 0 0 119 654 251 0 0 0 0 32 281 99 510 102 0 0 0 
0 0 709 315 0 0 0 0 0 0 602 422 0 0 0 0 0 0 0 700 324 0 0 0 
0 2 930 92 0 0 0 0 0 5 866 153 0 0 0 0 0 31 58 825 110 0 0 0 
0 11 956 57 0 0 0 0 0 40 922 62 0 0 0 0 78 109 41 773 23 0 0 0 
0 58 831 130 5 0 0 0 0 105 868 51 0 0 0 0 211 249 77 484 3 0 0 0 
0 219 731 70 4 0 0 0 4 292 704 24 0 0 0 0 390 220 68 346 0 0 0 0 
1 404 562 57 0 0 0 0 2 444 554 24 0 0 0 0 663 199 107 55 0 0 0 0 
34 387 447 156 0 0 0 0 29 503 440 52 0 0 0 0 693 295 36 0 0 0 0 0 
14 406 513 87 4 0 0 0 22 467 484 51 0 0 0 0 746 232 45 1 0 0 0 0 
0 340 533 144 7 0 0 0 0 385 571 68 0 0 0 0 709 251 62 2 0 0 0 0 
4 394 570 56 0 0 0 0 13 597 403 11 0 0 0 0 518 422 84 0 0 0 0 0 
4 532 472 16 0 0 0 0 8 580 436 0 0 0 0 0 608 376 40 0 0 0 0 0 
397 414 190 23 0 0 0 0 333 504 177 10 0 0 0 0 798 165 58 3 0 0 0 0 
132 724 131 24 13 0 0 0 77 764 156 18 9 0 0 0 865 116 29 14 0 0 0 0 
65 904 50 5 0 0 0 0 60 885 73 6 0 0 0 0 956 59 7 2 0 0 0 0 
109 839 76 0 0 0 0 0 80 859 85 0 0 0 0 0 926 98 0 0 0 0 0 0 
14 687 311 10 2 0 0 0 25 732 256 9 2 0 0 0 576 387 55 6 0 0 0 0 
18 613 373 20 0 0 0 0 98 650 268 8 0 0 0 0 462 420 129 13 0 0 0 0 
13 633 364 14 0 0 0 0 87 726 205 6 0 0 0 0 273 621 116 14 0 0 0 0 
11 516 483 14 0 0 0 0 53 650 314 7 0 0 0 0 193 596 195 40 0 0 0 0 
62 600 323 39 0 0 0 0 134 617 253 20 0 0 0 0 291 479 168 86 0 0 0 0 
64 526 369 65 0 0 0 0 137 547 288 52 0 0 0 0 285 393 210 136 0 0 0 0 
0 282 514 228 0 0 0 0 5 364 431 224 0 0 0 0 155 299 114 446 10 0 0 0 
6 400 395 223 0 0 0 0 30 422 357 215 0 0 0 0 118 351 85 466 4 0 0 0 
13 345 593 73 0 0 0 0 37 370 523 94 0 0 0 0 121 238 197 468 0 0 0 0 
0 46 443 535 0 0 0 0 0 54 425 545 0 0 0 0 3 50 74 693 204 0 0 0 
0 9 552 463 0 0 0 0 0 10 487 527 0 0 0 0 0 2 112 817 93 0 0 0 
0 0 517 507 0 0 0 0 0 0 562 462 0 0 0 0 0 0 21 895 108 0 0 0 
0 0 473 551 0 0 0 0 0 0 489 535 0 0 0 0 0 0 2 964 58 0 0 0 
0 0 671 353 0 0 0 0 0 0 651 373 0 0 0 0 0 0 1 944 79 0 0 0 
0 0 739 285 0 0 0 0 0 0 677 347 0 0 0 0 0 0 7 870 147 0 0 0 
0 0 854 170 0 0 0 0 0 0 820 204 0 0 0 0 0 0 5 956 63 0 0 0 
0 0 924 100 0 0 0 0 0 0 886 138 0 0 0 0 0 0 12 974 38 0 0 0 
0 0 992 32 0 0 0 0 0 0 954 70 0 0 0 0 0 0 4 989 31 0 0 0 
0 0 1010 14 0 0 0 0 0 0 968 56 0 0 0 0 0 0 10 991 23 0 0 0 
0 0 1023 1 0 0 0 0 0 0 998 26 0 0 0 0 0 0 0 1019 5 0 0 0 
0 0 1018 6 0 0 0 0 0 0 979 45 0 0 0 0 0 0 0 1015 9 0 0 0 
0 0 1021 3 0 0 0 0 0 0 1002 22 0 0 0 0 0 0 0 1019 5 0 0 0 
0 9 1014 1 0 0 0 0 0 9 1014 1 0 0 0 0 1 7 31 985 0 0 0 0 
6 213 794 9 2 0 0 0 28 230 761 5 0 0 0 0 133 112 196 583 0 0 0 0 
2 234 727 49 11 1 0 0 17 289 688 27 3 0 0 0 210 164 356 293 1 0 0 0 
2 315 615 82 10 0 0 0 23 448 528 25 0 0 0 0 307 281 373 63 0 0 0 0 
10 480 458 71 5 0 0 0 63 622 305 34 0 0 0 0 340 441 231 12 0 0 0 0 
8 360 656 0 0 0 0 0 28 356 640 0 0 0 0 0 556 452 16 0 0 0 0 0 
11 336 497 174 6 0 0 0 71 502 378 71 2 0 0 0 479 340 192 13 0 0 0 0 
31 443 490 54 6 0 0 0 35 471 485 30 3 0 0 0 650 243 125 6 0 0 0 0 
91 537 272 110 13 1 0 0 17 598 322 76 11 0 0 0 662 215 122 19 6 0 0 0 
54 691 250 28 1 0 0 0 6 679 320 19 0 0 0 0 841 136 41 6 0 0 0 0 
2 450 496 76 0 0 0 0 9 555 422 38 0 0 0 0 331 428 235 30 0 0 0 0 
3 88 562 371 0 0 0 0 7 110 575 332 0 0 0 0 5 102 413 484 20 0 0 0 
0 0 116 908 0 0 0 0 0 3 143 878 0 0 0 0 0 0 42 502 480 0 0 0 
0 0 91 933 0 0 0 0 0 0 105 919 0 0 0 0 0 0 12 540 472 0 0 0 
0 0 162 862 0 0 0 0 0 0 203 821 0 0 0 0 0 0 12 872 140 0 0 0 
0 0 258 766 0 0 0 0 0 0 290 734 0 0 0 0 0 0 5 979 40 0 0 0 
0 0 230 794 0 0 0 0 0 0 267 757 0 0 0 0 0 0 0 985 39 0 0 0 
0 0 412 612 0 0 0 0 0 0 435 589 0 0 0 0 0 0 0 1008 16 0 0 0 
0 0 742 282 0 0 0 0 0 0 770 254 0 0 0 0 0 0 1 1022 1 0 0 0 
0 0 668 356 0 0 0 0 0 0 665 359 0 0 0 0 0 0 11 982 31 0 0 0 
0 0 706 318 0 0 0 0 0 0 710 314 0 0 0 0 0 0 16 962 46 0 0 0 
0 0 708 316 0 0 0 0 0 0 710 314 0 0 0 0 0 0 8 977 39 0 0 0 
0 0 847 177 0 0 0 0 0 0 846 178 0 0 0 0 0 0 15 992 17 0 0 0 
0 1 864 159 0 0 0 0 0 0 843 181 0 0 0 0 0 0 50 953 21 0 0 0 
0 2 908 114 0 0 0 0 0 1 874 149 0 0 0 0 0 0 29 972 23 0 0 0 
0 0 980 44 0 0 0 0 0 0 954 70 0 0 0 0 0 0 39 978 7 0 0 0 
0 4 978 42 0 0 0 0 0 1 955 68 0 0 0 0 0 0 22 986 16 0 0 0 
0 10 1011 3 0 0 0 0 0 3 1011 10 0 0 0 0 0 0 39 985 0 0 0 0 
0 17 1007 0 0 0 0 0 0 2 1020 2 0 0 0 0 0 0 66 958 0 0 0 0 
0 6 1018 0 0 0 0 0 0 2 1022 0 0 0 0 0 0 0 21 1003 0 0 0 0 
0 7 1005 12 0 0 0 0 0 1 1011 12 0 0 0 0 0 0 37 987 0 0 0 0 
0 11 1013 0 0 0 0 0 0 5 1019 0 0 0 0 0 0 0 31 993 0 0 0 0 
0 9 1015 0 0 0 0 0 0 1 1021 2 0 0 0 0 0 0 27 997 0 0 0 0 
0 20 1004 0 0 0 0 0 0 1 1023 0 0 0 0 0 0 0 33 991 0 0 0 0 
0 48 976 0 0 0 0 0 0 24 1000 0 0 0 0 0 0 0 88 936 0 0 0 0 
0 37 987 0 0 0 0 0 0 16 1008 0 0 0 0 0 0 0 151 873 0 0 0 0 
0 65 942 15 2 0 0 0 2 79 934 9 0 0 0 0 6 69 301 648 0 0 0 0 
0 180 840 4 0 0 0 0 0 248 776 0 0 0 0 0 160 312 468 84 0 0 0 0 
88 308 536 89 3 0 0 0 180 408 423 13 0 0 0 0 537 453 32 2 0 0 0 0 
77 412 452 72 11 0 0 0 93 508 378 41 4 0 0 0 677 278 61 8 0 0 0 0 
5 474 411 117 14 3 0 0 13 469 474 61 7 0 0 0 660 233 116 14 1 0 0 0 
16 426 494 84 4 0 0 0 56 458 466 43 1 0 0 0 586 311 113 14 0 0 0 0 
8 276 500 216 23 1 0 0 41 301 493 179 10 0 0 0 147 224 367 262 24 0 0 0 
0 12 196 803 13 0 0 0 0 13 216 780 15 0 0 0 1 22 77 647 277 0 0 0 
0 0 28 991 5 0 0 0 0 0 41 979 4 0 0 0 0 0 0 439 585 0 0 0 
0 0 91 933 0 0 0 0 0 0 84 940 0 0 0 0 0 0 0 633 391 0 0 0 
0 0 407 617 0 0 0 0 0 0 360 664 0 0 0 0 0 0 0 974 50 0 0 0 
0 0 529 495 0 0 0 0 0 0 544 480 0 0 0 0 0 0 0 1014 10 0 0 0 
0 0 646 378 0 0 0 0 0 0 598 426 0 0 0 0 0 0 0 1024 0 0 0 0 
0 0 739 285 0 0 0 0 0 0 736 288 0 0 0 0 0 0 2 1022 0 0 0 0 
0 0 909 115 0 0 0 0 0 0 923 101 0 0 0 0 0 0 0 1024 0 0 0 0 
0 0 763 261 0 0 0 0 0 0 763 261 0 0 0 0 0 0 3 1017 4 0 0 0 
0 0 823 201 0 0 0 0 0 0 826 198 0 0 0 0 0 0 18 1001 5 0 0 0 
0 0 853 171 0 0 0 0 0 0 861 163 0 0 0 0 0 0 20 1003 1 0 0 0 
0 0 918 106 0 0 0 0 0 0 907 117 0 0 0 0 0 0 12 1009 3 0 0 0 
0 0 982 42 0 0 0 0 0 0 958 66 0 0 0 0 0 0 3 1021 0 0 0 0 
0 0 1011 13 0 0 0 0 0 0 990 34 0 0 0 0 0 0 32 992 0 0 0 0 
0 7 1013 4 0 0 0 0 0 5 1006 13 0 0 0 0 0 0 48 976 0 0 0 0 
0 2 1021 1 0 0 0 0 0 2 1015 7 0 0 0 0 0 0 12 1012 0 0 0 0 
0 10 1014 0 0 0 0 0 0 3 1020 1 0 0 0 0 0 0 28 996 0 0 0 0 
0 27 997 0 0 0 0 0 0 4 1020 0 0 0 0 0 0 0 45 979 0 0 0 0 
0 53 952 19 0 0 0 0 0 8 999 17 0 0 0 0 0 0 151 873 0 0 0 0 
0 23 973 28 0 0 0 0 0 3 983 38 0 0 0 0 0 122 243 659 0 0 0 0 
0 51 973 0 0 0 0 0 0 8 1016 0 0 0 0 0 0 0 146 878 0 0 0 0 
0 37 987 0 0 0 0 0 0 11 1013 0 0 0 0 0 0 0 170 854 0 0 0 0 
0 53 968 3 0 0 0 0 0 3 1016 5 0 0 0 0 0 0 199 825 0 0 0 0 
0 87 937 0 0 0 0 0 0 25 999 0 0 0 0 0 0 0 231 793 0 0 0 0 
0 140 883 1 0 0 0 0 0 35 989 0 0 0 0 0 0 14 328 682 0 0 0 0 
0 69 942 13 0 0 0 0 0 35 976 13 0 0 0 0 0 90 413 521 0 0 0 0 
0 44 884 92 4 0 0 0 0 28 912 84 0 0 0 0 0 12 448 564 0 0 0 0 
1 154 744 125 0 0 0 0 30 350 638 6 0 0 0 0 227 562 235 0 0 0 0 0 
9 223 737 53 2 0 0 0 34 406 576 8 0 0 0 0 202 644 178 0 0 0 0 0 
8 367 563 83 3 0 0 0 36 497 459 32 0 0 0 0 448 436 133 7 0 0 0 0 
1 98 647 270 8 0 0 0 9 247 652 116 0 0 0 0 100 433 391 98 2 0 0 0 
21 134 308 539 22 0 0 0 27 145 471 371 10 0 0 0 130 126 386 338 44 0 0 0 
0 12 86 742 184 0 0 0 0 11 125 757 131 0 0 0 0 17 24 492 491 0 0 0 
0 1 101 712 210 0 0 0 0 7 137 707 173 0 0 0 0 7 52 466 499 0 0 0 
0 7 153 804 60 0 0 0 0 16 160 811 37 0 0 0 2 14 34 472 502 0 0 0 
0 0 594 430 0 0 0 0 0 0 554 470 0 0 0 0 0 0 0 869 155 0 0 0 
0 0 905 119 0 0 0 0 0 0 877 147 0 0 0 0 0 0 0 1019 5 0 0 0 
0 0 980 44 0 0 0 0 0 0 986 38 0 0 0 0 0 0 0 1024 0 0 0 0 
0 0 1014 10 0 0 0 0 0 0 1009 15 0 0 0 0 0 0 0 1024 0 0 0 0 
0 0 1014 10 0 0 0 0 0 0 1006 18 0 0 0 0 0 0 0 1024 0 0 0 0 
0 0 986 38 0 0 0 0 0 0 934 90 0 0 0 0 0 0 1 1022 1 0 0 0 
0 0 974 50 0 0 0 0 0 0 931 93 0 0 0 0 0 0 2 1022 0 0 0 0 
0 0 988 36 0 0 0 0 0 0 959 65 0 0 0 0 0 0 0 1023 1 0 0 0 
0 0 999 25 0 0 0 0 0 0 973 51 0 0 0 0 0 0 3 1021 0 0 0 0 
0 0 1022 2 0 0 0 0 0 0 1012 12 0 0 0 0 0 0 5 1019 0 0 0 0 
0 0 1018 6 0 0 0 0 0 0 1002 22 0 0 0 0 0 0 4 1020 0 0 0 0 
0 0 932 92 0 0 0 0 0 0 929 95 0 0 0 0 0 0 56 968 0 0 0 0 
0 0 966 58 0 0 0 0 0 0 954 70 0 0 0 0 0 22 190 812 0 0 0 0 
0 1 1023 0 0 0 0 0 0 0 1024 0 0 0 0 0 0 0 81 943 0 0 0 0 
0 15 1009 0 0 0 0 0 0 0 1024 0 0 0 0 0 0 0 19 1005 0 0 0 0 
0 84 898 42 0 0 0 0 0 21 953 50 0 0 0 0 0 108 231 685 0 0 0 0 
0 198 826 0 0 0 0 0 0 75 949 0 0 0 0 0 0 170 222 632 0 0 0 0 
0 113 911 0 0 0 0 0 0 3 1021 0 0 0 0 0 0 0 191 833 0 0 0 0 
0 116 908 0 0 0 0 0 0 4 1020 0 0 0 0 0 0 0 194 830 0 0 0 0 
0 155 869 0 0 0 0 0 0 7 1017 0 0 0 0 0 0 0 579 445 0 0 0 0 
0 165 859 0 0 0 0 0 0 4 1020 0 0 0 0 0 0 0 352 672 0 0 0 0 
0 236 788 0 0 0 0 0 0 29 989 6 0 0 0 0 0 9 595 420 0 0 0 0 
0 107 915 2 0 0 0 0 0 32 958 34 0 0 0 0 104 363 400 157 0 0 0 0 
0 76 948 0 0 0 0 0 0 16 1008 0 0 0 0 0 0 0 644 380 0 0 0 0 
18 308 635 63 0 0 0 0 61 369 586 8 0 0 0 0 151 411 458 4 0 0 0 0 
0 200 708 116 0 0 0 0 4 236 727 57 0 0 0 0 81 363 436 144 0 0 0 0 
149 436 425 14 0 0 0 0 142 528 346 8 0 0 0 0 327 503 176 18 0 0 0 0 
0 515 408 101 0 0 0 0 20 593 332 79 0 0 0 0 95 490 193 226 20 0 0 0 
16 154 401 453 0 0 0 0 27 163 439 395 0 0 0 0 47 115 204 530 128 0 0 0 
0 6 335 683 0 0 0 0 0 6 347 671 0 0 0 0 0 0 41 737 246 0 0 0 
0 0 230 794 0 0 0 0 0 0 226 798 0 0 0 0 0 0 0 687 337 0 0 0 
0 0 343 681 0 0 0 0 0 0 338 686 0 0 0 0 0 0 0 759 265 0 0 0 
0 0 548 476 0 0 0 0 0 0 527 497 0 0 0 0 0 0 0 909 115 0 0 0 
0 0 885 139 0 0 0 0 0 0 833 191 0 0 0 0 0 0 0 1003 21 0 0 0 
0 0 958 66 0 0 0 0 0 0 931 93 0 0 0 0 0 0 1 1023 0 0 0 0 
0 0 1020 4 0 0 0 0 0 0 1009 15 0 0 0 0 0 0 1 1023 0 0 0 0 
0 0 1022 2 0 0 0 0 0 0 1014 10 0 0 0 0 0 0 1 1023 0 0 0 0 
0 0 1012 12 0 0 0 0 0 0 994 30 0 0 0 0 0 0 4 1020 0 0 0 0 
0 2 1020 2 0 0 0 0 0 1 1016 7 0 0 0 0 0 0 27 997 0 0 0 0 
0 0 1005 19 0 0 0 0 0 0 1002 22 0 0 0 0 0 0 25 999 0 0 0 0 
0 0 1005 19 0 0 0 0 0 0 1003 21 0 0 0 0 0 0 7 1017 0 0 0 0 
0 0 1024 0 0 0 0 0 0 0 1024 0 0 0 0 0 0 0 28 996 0 0 0 0 
0 0 1024 0 0 0 0 0 0 0 1024 0 0 0 0 0 0 0 15 1009 0 0 0 0 
0 0 1024 0 0 0 0 0 0 0 1024 0 0 0 0 0 0 0 33 991 0 0 0 0 
0 14 1007 3 0 0 0 0 0 4 1017 3 0 0 0 0 0 36 153 834 1 0 0 0 
0 1 1013 9 1 0 0 0 0 0 1017 7 0 0 0 0 0 15 190 819 0 0 0 0 
0 35 989 0 0 0 0 0 0 6 1018 0 0 0 0 0 0 0 65 959 0 0 0 0 
0 189 835 0 0 0 0 0 0 111 913 0 0 0 0 0 1 99 274 650 0 0 0 0 
0 208 798 17 1 0 0 0 0 82 927 15 0 0 0 0 0 66 613 345 0 0 0 0 
0 134 888 2 0 0 0 0 0 32 991 1 0 0 0 0 0 83 368 573 0 0 0 0 
0 130 894 0 0 0 0 0 0 16 1008 0 0 0 0 0 0 0 279 745 0 0 0 0 
0 75 904 45 0 0 0 0 0 8 954 62 0 0 0 0 0 150 536 337 1 0 0 0 
0 249 775 0 0 0 0 0 0 13 1011 0 0 0 0 0 0 1 603 420 0 0 0 0 
0 277 735 12 0 0 0 0 0 29 986 9 0 0 0 0 0 2 827 194 1 0 0 0 
0 160 864 0 0 0 0 0 0 35 988 1 0 0 0 0 40 382 492 110 0 0 0 0 
0 216 808 0 0 0 0 0 0 36 988 0 0 0 0 0 0 0 972 52 0 0 0 0 
1 197 505 321 0 0 0 0 16 267 511 230 0 0 0 0 9 176 376 424 39 0 0 0 
2 146 550 326 0 0 0 0 4 176 571 273 0 0 0 0 4 137 349 503 31 0 0 0 
78 446 406 94 0 0 0 0 72 511 364 77 0 0 0 0 139 424 321 140 0 0 0 0 
0 135 759 130 0 0 0 0 0 174 745 105 0 0 0 0 0 98 533 371 22 0 0 0 
0 1 428 595 0 0 0 0 0 1 487 536 0 0 0 0 0 0 21 869 134 0 0 0 
0 0 519 505 0 0 0 0 0 0 555 469 0 0 0 0 0 0 1 962 61 0 0 0 
0 0 560 464 0 0 0 0 0 0 574 450 0 0 0 0 0 0 0 925 99 0 0 0 
0 0 586 438 0 0 0 0 0 0 625 399 0 0 0 0 0 0 0 943 81 0 0 0 
0 0 738 286 0 0 0 0 0 0 778 246 0 0 0 0 0 0 0 985 39 0 0 0 
0 3 877 144 0 0 0 0 0 3 885 136 0 0 0 0 0 1 11 1003 9 0 0 0 
2 6 936 80 0 0 0 0 3 6 928 87 0 0 0 0 2 3 46 973 0 0 0 0 
0 0 1023 1 0 0 0 0 0 0 1017 7 0 0 0 0 0 0 3 1021 0 0 0 0 
0 0 1022 2 0 0 0 0 0 0 1018 6 0 0 0 0 0 0 22 1002 0 0 0 0 
0 0 1018 6 0 0 0 0 0 0 1015 9 0 0 0 0 0 0 34 990 0 0 0 0 
0 0 1019 5 0 0 0 0 0 0 1013 11 0 0 0 0 0 0 35 989 0 0 0 0 
0 6 1013 5 0 0 0 0 0 5 1015 4 0 0 0 0 0 0 103 921 0 0 0 0 
0 11 929 84 0 0 0 0 0 0 922 102 0 0 0 0 0 44 344 636 0 0 0 0 
0 3 1021 0 0 0 0 0 0 1 1023 0 0 0 0 0 0 0 144 880 0 0 0 0 
0 19 879 126 0 0 0 0 0 5 888 131 0 0 0 0 0 41 602 381 0 0 0 0 
0 25 999 0 0 0 0 0 0 11 1013 0 0 0 0 0 0 0 416 608 0 0 0 0 
0 19 1005 0 0 0 0 0 0 10 1014 0 0 0 0 0 0 19 351 654 0 0 0 0 
0 68 948 8 0 0 0 0 0 7 1011 6 0 0 0 0 37 315 540 132 0 0 0 0 
0 77 947 0 0 0 0 0 0 20 1004 0 0 0 0 0 23 25 509 467 0 0 0 0 
0 72 952 0 0 0 0 0 0 18 1006 0 0 0 0 0 0 68 619 337 0 0 0 0 
0 191 832 1 0 0 0 0 0 60 962 2 0 0 0 0 0 4 657 363 0 0 0 0 
0 193 829 2 0 0 0 0 0 50 972 2 0 0 0 0 10 388 508 118 0 0 0 0 
0 438 583 3 0 0 0 0 0 99 919 6 0 0 0 0 0 13 824 187 0 0 0 0 
0 228 781 15 0 0 0 0 0 61 942 21 0 0 0 0 0 386 586 52 0 0 0 0 
0 387 637 0 0 0 0 0 0 48 976 0 0 0 0 0 0 222 697 105 0 0 0 0 
0 513 511 0 0 0 0 0 0 60 964 0 0 0 0 0 0 45 920 59 0 0 0 0 
3 497 523 1 0 0 0 0 0 225 797 2 0 0 0 0 328 464 225 7 0 0 0 0 
0 412 612 0 0 0 0 0 0 68 940 16 0 0 0 0 0 132 852 40 0 0 0 0 
0 53 259 711 1 0 0 0 1 82 317 624 0 0 0 0 0 16 163 538 307 0 0 0 
0 12 195 817 0 0 0 0 0 20 249 755 0 0 0 0 0 4 80 870 70 0 0 0 
1 143 487 393 0 0 0 0 3 149 528 344 0 0 0 0 0 67 297 656 4 0 0 0 
0 15 815 194 0 0 0 0 0 17 904 103 0 0 0 0 0 3 116 904 1 0 0 0 
0 0 892 132 0 0 0 0 0 0 906 118 0 0 0 0 0 0 0 1017 7 0 0 0 
0 2 982 40 0 0 0 0 0 2 977 45 0 0 0 0 0 0 24 1000 0 0 0 0 
0 3 939 82 0 0 0 0 0 7 950 67 0 0 0 0 0 2 39 983 0 0 0 0 
0 2 998 24 0 0 0 0 0 4 1007 13 0 0 0 0 0 2 27 995 0 0 0 0 
0 14 992 18 0 0 0 0 0 14 998 12 0 0 0 0 3 15 66 940 0 0 0 0 
0 6 1007 11 0 0 0 0 0 6 1014 4 0 0 0 0 0 0 41 983 0 0 0 0 
0 11 1010 3 0 0 0 0 0 12 1012 0 0 0 0 0 0 3 31 990 0 0 0 0 
0 0 1024 0 0 0 0 0 0 0 1024 0 0 0 0 0 0 0 58 966 0 0 0 0 
0 27 995 2 0 0 0 0 0 16 1004 4 0 0 0 0 0 0 324 700 0 0 0 0 
0 38 958 28 0 0 0 0 0 31 972 21 0 0 0 0 0 0 351 673 0 0 0 0 
0 47 953 24 0 0 0 0 0 59 946 19 0 0 0 0 0 0 295 729 0 0 0 0 
0 20 986 18 0 0 0 0 0 22 989 13 0 0 0 0 0 0 249 775 0 0 0 0 
0 54 943 27 0 0 0 0 0 24 986 14 0 0 0 0 0 63 396 565 0 0 0 0 
0 36 984 4 0 0 0 0 0 28 992 4 0 0 0 0 0 24 554 446 0 0 0 0 
0 185 839 0 0 0 0 0 0 130 894 0 0 0 0 0 12 143 590 279 0 0 0 0 
0 91 933 0 0 0 0 0 0 59 965 0 0 0 0 0 0 5 730 289 0 0 0 0 
0 74 946 4 0 0 0 0 0 41 980 3 0 0 0 0 0 26 614 384 0 0 0 0 
0 291 733 0 0 0 0 0 0 50 974 0 0 0 0 0 99 473 419 33 0 0 0 0 
0 278 746 0 0 0 0 0 0 51 973 0 0 0 0 0 226 154 593 51 0 0 0 0 
0 355 669 0 0 0 0 0 0 36 988 0 0 0 0 0 86 460 469 9 0 0 0 0 
0 448 576 0 0 0 0 0 0 102 922 0 0 0 0 0 0 86 866 72 0 0 0 0 
0 589 427 8 0 0 0 0 0 236 774 14 0 0 0 0 218 395 403 8 0 0 0 0 
0 448 568 8 0 0 0 0 0 103 849 72 0 0 0 0 180 345 494 5 0 0 0 0 
0 699 315 10 0 0 0 0 0 267 747 10 0 0 0 0 18 102 892 12 0 0 0 0 
0 717 280 27 0 0 0 0 0 271 732 21 0 0 0 0 139 411 470 4 0 0 0 0 
0 777 242 5 0 0 0 0 0 320 691 13 0 0 0 0 0 59 961 4 0 0 0 0 
3 571 450 0 0 0 0 0 0 437 587 0 0 0 0 0 632 270 121 1 0 0 0 0 
0 688 332 4 0 0 0 0 0 172 848 4 0 0 0 0 140 368 516 0 0 0 0 0 
0 20 168 836 0 0 0 0 0 30 228 766 0 0 0 0 0 8 63 767 186 0 0 0 
0 0 21 1003 0 0 0 0 0 0 50 974 0 0 0 0 0 0 0 1014 10 0 0 0 
0 0 280 744 0 0 0 0 0 0 477 547 0 0 0 0 0 0 9 1015 0 0 0 0 
0 0 925 99 0 0 0 0 0 0 968 56 0 0 0 0 0 0 3 1021 0 0 0 0 
0 0 1024 0 0 0 0 0 0 0 1024 0 0 0 0 0 0 0 6 1018 0 0 0 0 
0 0 1024 0 0 0 0 0 0 0 1024 0 0 0 0 0 0 0 49 975 0 0 0 0 
0 0 1024 0 0 0 0 0 0 0 1024 0 0 0 0 0 0 0 101 923 0 0 0 0 
0 0 1024 0 0 0 0 0 0 2 1022 0 0 0 0 0 0 0 310 714 0 0 0 0 
0 4 1011 9 0 0 0 0 0 13 1011 0 0 0 0 0 0 0 766 258 0 0 0 0 
0 0 962 62 0 0 0 0 0 6 1017 1 0 0 0 0 0 0 602 422 0 0 0 0 
0 0 1024 0 0 0 0 0 0 1 1023 0 0 0 0 0 0 0 447 577 0 0 0 0 
0 0 1018 6 0 0 0 0 0 6 1018 0 0 0 0 0 0 0 729 295 0 0 0 0 
0 245 777 2 0 0 0 0 0 225 797 2 0 0 0 0 0 0 974 50 0 0 0 0 
0 472 551 1 0 0 0 0 0 446 577 1 0 0 0 0 0 0 881 143 0 0 0 0 
0 282 739 3 0 0 0 0 0 308 714 2 0 0 0 0 0 0 742 282 0 0 0 0 
0 164 831 29 0 0 0 0 0 201 806 17 0 0 0 0 0 0 606 418 0 0 0 0 
0 201 790 33 0 0 0 0 0 232 766 26 0 0 0 0 0 37 691 296 0 0 0 0 
0 407 617 0 0 0 0 0 0 349 675 0 0 0 0 0 0 4 926 94 0 0 0 0 
0 258 704 62 0 0 0 0 0 206 749 69 0 0 0 0 0 119 835 70 0 0 0 0 
0 245 779 0 0 0 0 0 0 217 807 0 0 0 0 0 0 85 820 119 0 0 0 0 
0 139 878 7 0 0 0 0 0 95 925 4 0 0 0 0 11 230 695 88 0 0 0 0 
0 237 787 0 0 0 0 0 0 92 932 0 0 0 0 0 255 430 337 2 0 0 0 0 
0 694 330 0 0 0 0 0 0 351 673 0 0 0 0 0 608 137 279 0 0 0 0 0 
0 944 80 0 0 0 0 0 0 634 390 0 0 0 0 0 419 322 283 0 0 0 0 0 
0 634 388 2 0 0 0 0 0 370 653 1 0 0 0 0 0 153 869 2 0 0 0 0 
0 736 288 0 0 0 0 0 0 504 520 0 0 0 0 0 115 280 629 0 0 0 0 0 
0 812 209 3 0 0 0 0 0 186 832 6 0 0 0 0 340 501 183 0 0 0 0 0 
0 904 120 0 0 0 0 0 0 673 351 0 0 0 0 0 30 66 928 0 0 0 0 0 
0 708 316 0 0 0 0 0 0 423 601 0 0 0 0 0 261 246 517 0 0 0 0 0 
0 764 260 0 0 0 0 0 0 527 497 0 0 0 0 0 5 137 882 0 0 0 0 0 
0 653 371 0 0 0 0 0 0 419 605 0 0 0 0 0 314 292 418 0 0 0 0 0 
0 832 192 0 0 0 0 0 0 592 432 0 0 0 0 0 232 576 216 0 0 0 0 0 
0 0 143 881 0 0 0 0 0 0 308 716 0 0 0 0 0 0 15 994 15 0 0 0 
0 0 1 1023 0 0 0 0 0 0 111 913 0 0 0 0 0 0 0 1024 0 0 0 0 
0 0 263 761 0 0 0 0 0 0 560 464 0 0 0 0 0 0 1 1023 0 0 0 0 
0 0 728 296 0 0 0 0 0 0 843 181 0 0 0 0 0 0 6 1018 0 0 0 0 
0 0 1013 11 0 0 0 0 0 0 1017 7 0 0 0 0 0 0 331 693 0 0 0 0 
0 22 1002 0 0 0 0 0 0 57 967 0 0 0 0 0 0 0 718 306 0 0 0 0 
0 69 955 0 0 0 0 0 0 109 915 0 0 0 0 0 0 0 711 313 0 0 0 0 
0 135 889 0 0 0 0 0 0 185 839 0 0 0 0 0 0 0 923 101 0 0 0 0 
0 91 932 1 0 0 0 0 0 131 893 0 0 0 0 0 0 0 1024 0 0 0 0 0 
0 58 931 32 3 0 0 0 0 119 885 20 0 0 0 0 11 24 987 2 0 0 0 0 
61 145 793 25 0 0 0 0 78 203 726 17 0 0 0 0 165 43 800 16 0 0 0 0 
0 91 933 0 0 0 0 0 0 184 840 0 0 0 0 0 0 0 1010 14 0 0 0 0 
0 291 733 0 0 0 0 0 0 405 619 0 0 0 0 0 0 0 1023 1 0 0 0 0 
0 568 456 0 0 0 0 0 0 648 376 0 0 0 0 0 0 0 1024 0 0 0 0 0 
0 612 408 4 0 0 0 0 0 644 377 3 0 0 0 0 0 1 1014 9 0 0 0 0 
0 496 420 108 0 0 0 0 0 509 408 107 0 0 0 0 0 26 967 31 0 0 0 0 
0 607 405 12 0 0 0 0 0 585 391 48 0 0 0 0 45 222 728 29 0 0 0 0 
0 727 297 0 0 0 0 0 0 678 346 0 0 0 0 0 59 194 770 1 0 0 0 0 
0 582 432 10 0 0 0 0 0 468 532 24 0 0 0 0 249 261 512 2 0 0 0 0 
0 727 297 0 0 0 0 0 0 689 335 0 0 0 0 0 0 1 1009 14 0 0 0 0 
0 417 607 0 0 0 0 0 0 360 664 0 0 0 0 0 22 422 579 1 0 0 0 0 
0 584 440 0 0 0 0 0 0 249 775 0 0 0 0 0 601 228 195 0 0 0 0 0 
0 927 86 11 0 0 0 0 0 690 322 12 0 0 0 0 823 169 32 0 0 0 0 0 
23 998 3 0 0 0 0 0 0 954 70 0 0 0 0 0 639 237 148 0 0 0 0 0 
0 913 111 0 0 0 0 0 0 821 203 0 0 0 0 0 3 58 963 0 0 0 0 0 
0 682 342 0 0 0 0 0 0 580 444 0 0 0 0 0 177 344 503 0 0 0 0 0 
0 903 121 0 0 0 0 0 0 544 480 0 0 0 0 0 281 564 179 0 0 0 0 0 
0 1016 8 0 0 0 0 0 0 884 140 0 0 0 0 0 135 180 709 0 0 0 0 0 
0 1003 21 0 0 0 0 0 0 853 171 0 0 0 0 0 112 143 769 0 0 0 0 0 
0 807 216 1 0 0 0 0 0 649 374 1 0 0 0 0 155 237 632 0 0 0 0 0 
0 566 455 3 0 0 0 0 0 455 567 2 0 0 0 0 452 359 213 0 0 0 0 0 
0 940 84 0 0 0 0 0 0 748 276 0 0 0 0 0 56 324 644 0 0 0 0 0 
0 0 685 339 0 0 0 0 0 0 832 192 0 0 0 0 0 0 7 1016 1 0 0 0 
0 0 261 763 0 0 0 0 0 0 594 430 0 0 0 0 0 0 0 1024 0 0 0 0 
0 0 35 989 0 0 0 0 0 0 320 704 0 0 0 0 0 0 0 1024 0 0 0 0 
0 0 215 809 0 0 0 0 0 0 429 595 0 0 0 0 0 0 20 1004 0 0 0 0 
0 0 589 435 0 0 0 0 0 1 919 104 0 0 0 0 0 0 275 749 0 0 0 0 
0 17 922 85 0 0 0 0 0 68 951 5 0 0 0 0 0 0 532 492 0 0 0 0 
0 70 954 0 0 0 0 0 0 130 894 0 0 0 0 0 0 0 927 97 0 0 0 0 
0 250 774 0 0 0 0 0 0 344 680 0 0 0 0 0 0 0 1024 0 0 0 0 0 
0 258 766 0 0 0 0 0 0 355 669 0 0 0 0 0 0 0 1024 0 0 0 0 0 
0 269 755 0 0 0 0 0 0 431 593 0 0 0 0 0 0 0 1024 0 0 0 0 0 
0 606 418 0 0 0 0 0 0 799 225 0 0 0 0 0 0 0 1024 0 0 0 0 0 
0 863 161 0 0 0 0 0 0 929 95 0 0 0 0 0 0 0 1024 0 0 0 0 0 
0 682 342 0 0 0 0 0 0 893 131 0 0 0 0 0 0 0 1024 0 0 0 0 0 
0 596 428 0 0 0 0 0 0 852 172 0 0 0 0 0 0 1 1023 0 0 0 0 0 
0 443 581 0 0 0 0 0 0 672 352 0 0 0 0 0 0 6 1018 0 0 0 0 0 
0 545 450 29 0 0 0 0 0 711 290 23 0 0 0 0 0 61 963 0 0 0 0 0 
0 632 391 1 0 0 0 0 0 682 339 3 0 0 0 0 221 164 639 0 0 0 0 0 
2 699 323 0 0 0 0 0 0 496 528 0 0 0 0 0 448 307 269 0 0 0 0 0 
0 1018 6 0 0 0 0 0 0 953 71 0 0 0 0 0 333 291 400 0 0 0 0 0 
0 997 27 0 0 0 0 0 0 987 37 0 0 0 0 0 0 128 896 0 0 0 0 0 
0 967 57 0 0 0 0 0 0 886 138 0 0 0 0 0 62 99 863 0 0 0 0 0 
0 896 128 0 0 0 0 0 0 522 502 0 0 0 0 0 612 303 109 0 0 0 0 0 
0 1024 0 0 0 0 0 0 0 994 30 0 0 0 0 0 1000 24 0 0 0 0 0 0 
100 923 1 0 0 0 0 0 0 978 46 0 0 0 0 0 577 259 188 0 0 0 0 0 
0 925 99 0 0 0 0 0 0 903 121 0 0 0 0 0 14 211 799 0 0 0 0 0 
0 695 327 2 0 0 0 0 0 477 543 4 0 0 0 0 582 330 112 0 0 0 0 0 
0 1022 2 0 0 0 0 0 0 964 60 0 0 0 0 0 346 439 239 0 0 0 0 0 
0 1014 10 0 0 0 0 0 0 868 156 0 0 0 0 0 197 344 483 0 0 0 0 0 
0 978 46 0 0 0 0 0 0 916 108 0 0 0 0 0 109 103 812 0 0 0 0 0 
0 642 368 14 0 0 0 0 0 562 446 16 0 0 0 0 480 211 333 0 0 0 0 0 
0 485 534 5 0 0 0 0 0 363 647 14 0 0 0 0 897 117 10 0 0 0 0 0 
0 920 48 52 4 0 0 0 0 932 48 44 0 0 0 0 196 280 548 0 0 0 0 0 
0 0 1020 4 0 0 0 0 0 0 1024 0 0 0 0 0 0 0 452 572 0 0 0 0 
0 0 947 77 0 0 0 0 0 0 1003 21 0 0 0 0 0 0 56 968 0 0 0 0 
0 0 626 398 0 0 0 0 0 9 903 112 0 0 0 0 0 0 120 904 0 0 0 0 
0 0 458 566 0 0 0 0 0 0 843 181 0 0 0 0 0 0 169 855 0 0 0 0 
0 0 624 400 0 0 0 0 0 0 1019 5 0 0 0 0 0 0 70 954 0 0 0 0 
0 0 940 84 0 0 0 0 0 0 1024 0 0 0 0 0 0 0 109 915 0 0 0 0 
0 2 1022 0 0 0 0 0 0 7 1017 0 0 0 0 0 0 0 908 116 0 0 0 0 
0 40 984 0 0 0 0 0 0 49 975 0 0 0 0 0 0 0 1024 0 0 0 0 0 
0 46 978 0 0 0 0 0 1 190 833 0 0 0 0 0 0 31 993 0 0 0 0 0 
0 120 881 23 0 0 0 0 14 386 624 0 0 0 0 0 0 85 938 1 0 0 0 0 
0 624 400 0 0 0 0 0 0 875 149 0 0 0 0 0 0 2 1022 0 0 0 0 0 
0 979 45 0 0 0 0 0 0 1017 7 0 0 0 0 0 0 109 915 0 0 0 0 0 
0 998 26 0 0 0 0 0 0 1014 10 0 0 0 0 0 0 0 1024 0 0 0 0 0 
0 948 76 0 0 0 0 0 0 1009 15 0 0 0 0 0 0 0 1024 0 0 0 0 0 
0 633 391 0 0 0 0 0 0 922 102 0 0 0 0 0 0 54 970 0 0 0 0 0 
0 643 351 30 0 0 0 0 0 857 136 31 0 0 0 0 0 82 942 0 0 0 0 0 
0 559 389 76 0 0 0 0 0 630 261 133 0 0 0 0 124 317 583 0 0 0 0 0 
35 802 187 0 0 0 0 0 0 506 518 0 0 0 0 0 893 109 22 0 0 0 0 0 
0 1023 1 0 0 0 0 0 0 1017 7 0 0 0 0 0 154 637 233 0 0 0 0 0 
0 1024 0 0 0 0 0 0 0 1024 0 0 0 0 0 0 0 771 253 0 0 0 0 0 
0 1024 0 0 0 0 0 0 0 1024 0 0 0 0 0 0 0 407 617 0 0 0 0 0 
0 1019 5 0 0 0 0 0 0 976 48 0 0 0 0 0 510 336 178 0 0 0 0 0 
25 939 58 2 0 0 0 0 0 901 120 3 0 0 0 0 991 33 0 0 0 0 0 0 
16 889 118 1 0 0 0 0 1 828 190 5 0 0 0 0 549 405 70 0 0 0 0 0 
6 866 147 5 0 0 0 0 0 863 155 6 0 0 0 0 92 699 233 0 0 0 0 0 
0 823 201 0 0 0 0 0 0 597 427 0 0 0 0 0 438 554 32 0 0 0 0 0 
0 1005 19 0 0 0 0 0 0 671 353 0 0 0 0 0 640 325 59 0 0 0 0 0 
1 1022 1 0 0 0 0 0 0 841 183 0 0 0 0 0 627 324 73 0 0 0 0 0 
0 991 33 0 0 0 0 0 0 961 63 0 0 0 0 0 121 266 637 0 0 0 0 0 
0 728 218 46 28 4 0 0 0 581 381 42 20 0 0 0 535 286 186 17 0 0 0 0 
0 595 409 20 0 0 0 0 0 497 511 16 0 0 0 0 807 199 18 0 0 0 0 0 
20 908 40 52 4 0 0 0 60 876 40 48 0 0 0 0 100 332 592 0 0 0 0 0 
0 3 1021 0 0 0 0 0 0 16 1008 0 0 0 0 0 0 0 1002 22 0 0 0 0 
0 62 962 0 0 0 0 0 0 136 888 0 0 0 0 0 0 0 736 288 0 0 0 0 
0 162 861 1 0 0 0 0 0 234 790 0 0 0 0 0 0 0 769 255 0 0 0 0 
0 102 911 11 0 0 0 0 0 188 836 0 0 0 0 0 0 0 829 195 0 0 0 0 
0 4 1020 0 0 0 0 0 0 22 1002 0 0 0 0 0 0 0 879 145 0 0 0 0 
0 18 1006 0 0 0 0 0 0 48 976 0 0 0 0 0 0 0 807 217 0 0 0 0 
0 19 1005 0 0 0 0 0 0 58 966 0 0 0 0 0 0 0 1022 2 0 0 0 0 
0 23 1001 0 0 0 0 0 0 95 929 0 0 0 0 0 0 0 1024 0 0 0 0 0 
0 38 986 0 0 0 0 0 0 177 847 0 0 0 0 0 0 0 1024 0 0 0 0 0 
0 175 849 0 0 0 0 0 0 342 682 0 0 0 0 0 0 0 1024 0 0 0 0 0 
0 270 754 0 0 0 0 0 0 529 495 0 0 0 0 0 0 0 1024 0 0 0 0 0 
0 828 196 0 0 0 0 0 0 987 37 0 0 0 0 0 0 13 1011 0 0 0 0 0 
0 1021 3 0 0 0 0 0 0 1024 0 0 0 0 0 0 0 18 1006 0 0 0 0 0 
0 1024 0 0 0 0 0 0 0 1024 0 0 0 0 0 0 0 396 628 0 0 0 0 0 
0 987 37 0 0 0 0 0 0 1021 3 0 0 0 0 0 0 379 645 0 0 0 0 0 
0 1007 17 0 0 0 0 0 0 1023 1 0 0 0 0 0 0 279 745 0 0 0 0 0 
0 634 389 1 0 0 0 0 0 666 348 10 0 0 0 0 211 336 477 0 0 0 0 0 
40 952 32 0 0 0 0 0 5 861 157 1 0 0 0 0 916 89 19 0 0 0 0 0 
0 1024 0 0 0 0 0 0 0 1024 0 0 0 0 0 0 6 956 62 0 0 0 0 0 
0 1024 0 0 0 0 0 0 0 1024 0 0 0 0 0 0 0 933 91 0 0 0 0 0 
0 1024 0 0 0 0 0 0 0 1024 0 0 0 0 0 0 0 751 273 0 0 0 0 0 
0 874 104 23 23 0 0 0 0 892 95 34 3 0 0 0 69 805 138 12 0 0 0 0 
69 907 35 7 6 0 0 0 1 920 95 8 0 0 0 0 931 80 11 2 0 0 0 0 
2 806 216 0 0 0 0 0 0 638 386 0 0 0 0 0 723 300 1 0 0 0 0 0 
5 956 63 0 0 0 0 0 0 922 102 0 0 0 0 0 207 804 13 0 0 0 0 0 
1 936 87 0 0 0 0 0 0 738 286 0 0 0 0 0 545 462 17 0 0 0 0 0 
4 1020 0 0 0 0 0 0 0 1023 1 0 0 0 0 0 277 712 35 0 0 0 0 0 
21 1003 0 0 0 0 0 0 0 918 106 0 0 0 0 0 724 300 0 0 0 0 0 0 
43 966 15 0 0 0 0 0 1 1000 23 0 0 0 0 0 294 644 86 0 0 0 0 0 
17 907 85 11 2 2 0 0 0 698 314 9 3 0 0 0 925 86 9 2 2 0 0 0 
165 727 132 0 0 0 0 0 119 616 289 0 0 0 0 0 871 148 5 0 0 0 0 0 
136 836 52 0 0 0 0 0 80 908 36 0 0 0 0 0 100 704 220 0 0 0 0 0 
0 275 749 0 0 0 0 0 0 520 504 0 0 0 0 0 0 0 1024 0 0 0 0 0 
0 621 403 0 0 0 0 0 0 774 250 0 0 0 0 0 0 2 1022 0 0 0 0 0 
0 858 166 0 0 0 0 0 0 899 125 0 0 0 0 0 0 10 1014 0 0 0 0 0 
0 666 358 0 0 0 0 0 0 822 202 0 0 0 0 0 0 7 1017 0 0 0 0 0 
0 352 672 0 0 0 0 0 0 465 559 0 0 0 0 0 0 1 1023 0 0 0 0 0 
0 483 541 0 0 0 0 0 0 555 469 0 0 0 0 0 0 8 1016 0 0 0 0 0 
0 533 491 0 0 0 0 0 0 631 393 0 0 0 0 0 0 10 1014 0 0 0 0 0 
0 652 372 0 0 0 0 0 0 828 196 0 0 0 0 0 0 39 985 0 0 0 0 0 
0 292 732 0 0 0 0 0 0 577 447 0 0 0 0 0 0 9 1015 0 0 0 0 0 
0 99 925 0 0 0 0 0 0 285 739 0 0 0 0 0 0 11 1013 0 0 0 0 0 
0 239 785 0 0 0 0 0 0 557 467 0 0 0 0 0 0 34 990 0 0 0 0 0 
0 820 204 0 0 0 0 0 0 1017 7 0 0 0 0 0 0 60 964 0 0 0 0 0 
0 1024 0 0 0 0 0 0 0 1024 0 0 0 0 0 0 0 597 427 0 0 0 0 0 
0 1024 0 0 0 0 0 0 0 1024 0 0 0 0 0 0 0 1005 19 0 0 0 0 0 
0 1024 0 0 0 0 0 0 0 1024 0 0 0 0 0 0 0 912 112 0 0 0 0 0 
0 1024 0 0 0 0 0 0 0 1024 0 0 0 0 0 0 0 866 158 0 0 0 0 0 
0 841 183 0 0 0 0 0 0 814 210 0 0 0 0 0 282 620 122 0 0 0 0 0 
100 922 2 0 0 0 0 0 16 950 58 0 0 0 0 0 637 373 14 0 0 0 0 0 
0 1024 0 0 0 0 0 0 0 1024 0 0 0 0 0 0 0 1021 3 0 0 0 0 0 
0 1024 0 0 0 0 0 0 0 1024 0 0 0 0 0 0 0 986 38 0 0 0 0 0 
0 1024 0 0 0 0 0 0 0 1024 0 0 0 0 0 0 0 884 140 0 0 0 0 0 
0 946 73 5 0 0 0 0 0 951 70 3 0 0 0 0 0 955 69 0 0 0 0 0 
138 853 33 0 0 0 0 0 74 910 40 0 0 0 0 0 531 493 0 0 0 0 0 0 
53 810 161 0 0 0 0 0 0 692 332 0 0 0 0 0 819 205 0 0 0 0 0 0 
9 1007 8 0 0 0 0 0 0 980 44 0 0 0 0 0 299 725 0 0 0 0 0 0 
8 1016 0 0 0 0 0 0 0 884 140 0 0 0 0 0 758 266 0 0 0 0 0 0 
48 967 9 0 0 0 0 0 2 1018 4 0 0 0 0 0 49 975 0 0 0 0 0 0 
88 932 4 0 0 0 0 0 0 994 30 0 0 0 0 0 773 251 0 0 0 0 0 0 
191 802 31 0 0 0 0 0 5 984 35 0 0 0 0 0 471 553 0 0 0 0 0 0 
42 981 1 0 0 0 0 0 1 877 146 0 0 0 0 0 912 112 0 0 0 0 0 0 
244 731 49 0 0 0 0 0 131 796 97 0 0 0 0 0 856 168 0 0 0 0 0 0 
724 300 0 0 0 0 0 0 108 916 0 0 0 0 0 0 0 932 92 0 0 0 0 0 
0 1004 20 0 0 0 0 0 0 1023 1 0 0 0 0 0 0 78 946 0 0 0 0 0 
0 1022 2 0 0 0 0 0 0 1024 0 0 0 0 0 0 0 447 577 0 0 0 0 0 
0 1024 0 0 0 0 0 0 0 1024 0 0 0 0 0 0 0 635 389 0 0 0 0 0 
0 1024 0 0 0 0 0 0 0 1024 0 0 0 0 0 0 0 585 439 0 0 0 0 0 
0 1006 18 0 0 0 0 0 0 1014 10 0 0 0 0 0 0 386 638 0 0 0 0 0 
0 1000 24 0 0 0 0 0 0 1009 15 0 0 0 0 0 0 526 498 0 0 0 0 0 
0 1023 1 0 0 0 0 0 0 1024 0 0 0 0 0 0 0 713 311 0 0 0 0 0 
0 1010 14 0 0 0 0 0 0 1023 1 0 0 0 0 0 0 738 286 0 0 0 0 0 
0 1011 13 0 0 0 0 0 0 1023 1 0 0 0 0 0 0 771 253 0 0 0 0 0 
0 896 128 0 0 0 0 0 0 941 83 0 0 0 0 0 0 711 313 0 0 0 0 0 
0 903 121 0 0 0 0 0 0 979 45 0 0 0 0 0 0 600 424 0 0 0 0 0 
0 1024 0 0 0 0 0 0 0 1024 0 0 0 0 0 0 0 699 325 0 0 0 0 0 
0 1024 0 0 0 0 0 0 0 1024 0 0 0 0 0 0 0 991 33 0 0 0 0 0 
0 1024 0 0 0 0 0 0 1 1023 0 0 0 0 0 0 0 1024 0 0 0 0 0 0 
9 1015 0 0 0 0 0 0 34 990 0 0 0 0 0 0 0 1024 0 0 0 0 0 0 
5 1019 0 0 0 0 0 0 12 1012 0 0 0 0 0 0 0 1024 0 0 0 0 0 0 
2 1022 0 0 0 0 0 0 2 1021 1 0 0 0 0 0 90 932 2 0 0 0 0 0 
51 919 54 0 0 0 0 0 4 949 65 6 0 0 0 0 573 451 0 0 0 0 0 0 
1 1023 0 0 0 0 0 0 2 1022 0 0 0 0 0 0 0 1020 4 0 0 0 0 0 
1 1023 0 0 0 0 0 0 2 1022 0 0 0 0 0 0 0 1011 13 0 0 0 0 0 
0 1024 0 0 0 0 0 0 0 1024 0 0 0 0 0 0 0 997 27 0 0 0 0 0 
10 732 282 0 0 0 0 0 10 719 280 15 0 0 0 0 69 945 10 0 0 0 0 0 
222 621 181 0 0 0 0 0 126 681 217 0 0 0 0 0 470 553 1 0 0 0 0 0 
114 905 5 0 0 0 0 0 29 795 200 0 0 0 0 0 695 329 0 0 0 0 0 0 
39 845 138 2 0 0 0 0 28 699 295 2 0 0 0 0 350 674 0 0 0 0 0 0 
17 1007 0 0 0 0 0 0 0 1024 0 0 0 0 0 0 931 93 0 0 0 0 0 0 
53 969 2 0 0 0 0 0 54 956 14 0 0 0 0 0 59 965 0 0 0 0 0 0 
105 919 0 0 0 0 0 0 35 845 144 0 0 0 0 0 838 186 0 0 0 0 0 0 
114 810 100 0 0 0 0 0 5 883 136 0 0 0 0 0 892 132 0 0 0 0 0 0 
183 841 0 0 0 0 0 0 107 913 4 0 0 0 0 0 924 100 0 0 0 0 0 0 
256 570 198 0 0 0 0 0 138 651 235 0 0 0 0 0 857 167 0 0 0 0 0 0 
636 388 0 0 0 0 0 0 232 792 0 0 0 0 0 0 0 1024 0 0 0 0 0 0 
0 1024 0 0 0 0 0 0 0 1024 0 0 0 0 0 0 0 593 431 0 0 0 0 0 
0 1024 0 0 0 0 0 0 0 1024 0 0 0 0 0 0 0 941 83 0 0 0 0 0 
0 1024 0 0 0 0 0 0 0 1024 0 0 0 0 0 0 0 1021 3 0 0 0 0 0 
0 1024 0 0 0 0 0 0 0 1024 0 0 0 0 0 0 0 1015 9 0 0 0 0 0 
0 1024 0 0 0 0 0 0 0 1024 0 0 0 0 0 0 0 1019 5 0 0 0 0 0 
0 1024 0 0 0 0 0 0 0 1024 0 0 0 0 0 0 0 1012 12 0 0 0 0 0 
0 1024 0 0 0 0 0 0 0 1024 0 0 0 0 0 0 0 1024 0 0 0 0 0 0 
0 1024 0 0 0 0 0 0 0 1024 0 0 0 0 0 0 0 1024 0 0 0 0 0 0 
0 1024 0 0 0 0 0 0 0 1024 0 0 0 0 0 0 0 998 26 0 0 0 0 0 
0 1024 0 0 0 0 0 0 0 1024 0 0 0 0 0 0 0 1024 0 0 0 0 0 0 
0 1024 0 0 0 0 0 0 3 1021 0 0 0 0 0 0 0 1020 4 0 0 0 0 0 
1 1023 0 0 0 0 0 0 29 995 0 0 0 0 0 0 0 1022 2 0 0 0 0 0 
68 956 0 0 0 0 0 0 233 791 0 0 0 0 0 0 0 1024 0 0 0 0 0 0 
154 870 0 0 0 0 0 0 328 696 0 0 0 0 0 0 0 1024 0 0 0 0 0 0 
294 730 0 0 0 0 0 0 492 532 0 0 0 0 0 0 0 1024 0 0 0 0 0 0 
290 734 0 0 0 0 0 0 462 562 0 0 0 0 0 0 0 1024 0 0 0 0 0 0 
90 934 0 0 0 0 0 0 115 909 0 0 0 0 0 0 0 1024 0 0 0 0 0 0 
51 665 259 35 14 0 0 0 27 792 169 36 0 0 0 0 633 386 5 0 0 0 0 0 
6 928 90 0 0 0 0 0 16 1004 4 0 0 0 0 0 107 917 0 0 0 0 0 0 
1 1023 0 0 0 0 0 0 2 1022 0 0 0 0 0 0 0 1024 0 0 0 0 0 0 
12 969 43 0 0 0 0 0 13 943 68 0 0 0 0 0 121 902 1 0 0 0 0 0 
103 509 412 0 0 0 0 0 11 567 446 0 0 0 0 0 361 657 6 0 0 0 0 0 
363 337 310 14 0 0 0 0 316 333 371 4 0 0 0 0 511 513 0 0 0 0 0 0 
259 663 102 0 0 0 0 0 136 707 181 0 0 0 0 0 822 202 0 0 0 0 0 0 
303 591 122 7 1 0 0 0 272 331 411 9 1 0 0 0 584 440 0 0 0 0 0 0 
100 924 0 0 0 0 0 0 34 990 0 0 0 0 0 0 920 104 0 0 0 0 0 0 
449 575 0 0 0 0 0 0 494 525 5 0 0 0 0 0 163 861 0 0 0 0 0 0 
124 883 17 0 0 0 0 0 79 780 165 0 0 0 0 0 774 250 0 0 0 0 0 0 
359 494 171 0 0 0 0 0 4 806 214 0 0 0 0 0 983 41 0 0 0 0 0 0 
144 810 70 0 0 0 0 0 24 922 78 0 0 0 0 0 999 25 0 0 0 0 0 0 
305 435 284 0 0 0 0 0 182 541 301 0 0 0 0 0 951 73 0 0 0 0 0 0 
824 200 0 0 0 0 0 0 472 552 0 0 0 0 0 0 44 980 0 0 0 0 0 0 
0 1024 0 0 0 0 0 0 0 1024 0 0 0 0 0 0 0 1008 16 0 0 0 0 0 
0 1024 0 0 0 0 0 0 0 1024 0 0 0 0 0 0 0 1024 0 0 0 0 0 0 
0 1024 0 0 0 0 0 0 0 1024 0 0 0 0 0 0 0 1024 0 0 0 0 0 0 
0 1024 0 0 0 0 0 0 0 1024 0 0 0 0 0 0 0 1024 0 0 0 0 0 0 
0 1024 0 0 0 0 0 0 0 1024 0 0 0 0 0 0 0 1024 0 0 0 0 0 0 
0 1024 0 0 0 0 0 0 0 1024 0 0 0 0 0 0 0 1024 0 0 0 0 0 0 
0 1024 0 0 0 0 0 0 0 1024 0 0 0 0 0 0 0 1024 0 0 0 0 0 0 
0 1024 0 0 0 0 0 0 0 1024 0 0 0 0 0 0 0 1024 0 0 0 0 0 0 
0 1024 0 0 0 0 0 0 0 1024 0 0 0 0 0 0 0 1024 0 0 0 0 0 0 
0 1024 0 0 0 0 0 0 4 1020 0 0 0 0 0 0 0 1024 0 0 0 0 0 0 
0 1024 0 0 0 0 0 0 21 1003 0 0 0 0 0 0 0 1024 0 0 0 0 0 0 
24 1000 0 0 0 0 0 0 172 852 0 0 0 0 0 0 0 1024 0 0 0 0 0 0 
195 829 0 0 0 0 0 0 381 643 0 0 0 0 0 0 0 1024 0 0 0 0 0 0 
525 499 0 0 0 0 0 0 702 322 0 0 0 0 0 0 0 1024 0 0 0 0 0 0 
467 557 0 0 0 0 0 0 726 298 0 0 0 0 0 0 0 1024 0 0 0 0 0 0 
403 621 0 0 0 0 0 0 686 338 0 0 0 0 0 0 0 1024 0 0 0 0 0 0 
184 840 0 0 0 0 0 0 516 508 0 0 0 0 0 0 0 1024 0 0 0 0 0 0 
105 585 144 101 89 0 0 0 179 545 195 105 0 0 0 0 399 625 0 0 0 0 0 0 
113 830 66 15 0 0 0 0 222 754 48 0 0 0 0 0 17 1004 3 0 0 0 0 0 
92 932 0 0 0 0 0 0 138 886 0 0 0 0 0 0 0 1024 0 0 0 0 0 0 
116 908 0 0 0 0 0 0 129 892 3 0 0 0 0 0 8 1016 0 0 0 0 0 0 
109 571 344 0 0 0 0 0 56 427 541 0 0 0 0 0 825 199 0 0 0 0 0 0 
225 520 279 0 0 0 0 0 240 423 361 0 0 0 0 0 468 556 0 0 0 0 0 0 
128 721 175 0 0 0 0 0 82 582 360 0 0 0 0 0 896 128 0 0 0 0 0 0 
281 742 1 0 0 0 0 0 208 646 170 0 0 0 0 0 776 248 0 0 0 0 0 0 
165 859 0 0 0 0 0 0 119 903 2 0 0 0 0 0 868 156 0 0 0 0 0 0 
857 167 0 0 0 0 0 0 887 137 0 0 0 0 0 0 0 1024 0 0 0 0 0 0 
142 781 101 0 0 0 0 0 125 743 156 0 0 0 0 0 829 195 0 0 0 0 0 0 
238 642 107 37 0 0 0 0 57 693 247 27 0 0 0 0 904 120 0 0 0 0 0 0 
165 605 254 0 0 0 0 0 46 704 274 0 0 0 0 0 1024 0 0 0 0 0 0 0 
261 489 266 8 0 0 0 0 172 557 287 8 0 0 0 0 978 45 1 0 0 0 0 0 
428 596 0 0 0 0 0 0 488 536 0 0 0 0 0 0 112 912 0 0 0 0 0 0 
0 1024 0 0 0 0 0 0 0 1024 0 0 0 0 0 0 0 1024 0 0 0 0 0 0 
0 1024 0 0 0 0 0 0 0 1024 0 0 0 0 0 0 0 1024 0 0 0 0 0 0 
0 1024 0 0 0 0 0 0 0 1024 0 0 0 0 0 0 0 1024 0 0 0 0 0 0 
0 1024 0 0 0 0 0 0 0 1024 0 0 0 0 0 0 0 1024 0 0 0 0 0 0 
1 1023 0 0 0 0 0 0 21 1003 0 0 0 0 0 0 0 1024 0 0 0 0 0 0 
0 1024 0 0 0 0 0 0 9 1015 0 0 0 0 0 0 0 1024 0 0 0 0 0 0 
0 1024 0 0 0 0 0 0 17 1007 0 0 0 0 0 0 0 1024 0 0 0 0 0 0 
0 1024 0 0 0 0 0 0 0 1024 0 0 0 0 0 0 0 1024 0 0 0 0 0 0 
2 1022 0 0 0 0 0 0 12 1012 0 0 0 0 0 0 0 1024 0 0 0 0 0 0 
0 1024 0 0 0 0 0 0 0 1024 0 0 0 0 0 0 0 1024 0 0 0 0 0 0 
1 1023 0 0 0 0 0 0 29 995 0 0 0 0 0 0 0 1024 0 0 0 0 0 0 
29 995 0 0 0 0 0 0 95 929 0 0 0 0 0 0 0 1024 0 0 0 0 0 0 
112 912 0 0 0 0 0 0 253 771 0 0 0 0 0 0 0 1024 0 0 0 0 0 0 
257 767 0 0 0 0 0 0 603 421 0 0 0 0 0 0 0 1024 0 0 0 0 0 0 
559 465 0 0 0 0 0 0 871 153 0 0 0 0 0 0 0 1024 0 0 0 0 0 0 
631 393 0 0 0 0 0 0 884 140 0 0 0 0 0 0 0 1024 0 0 0 0 0 0 
552 472 0 0 0 0 0 0 738 286 0 0 0 0 0 0 0 1024 0 0 0 0 0 0 
359 358 117 190 0 0 0 0 481 290 246 7 0 0 0 0 458 566 0 0 0 0 0 0 
639 358 19 8 0 0 0 0 824 180 20 0 0 0 0 0 79 936 9 0 0 0 0 0 
503 521 0 0 0 0 0 0 755 269 0 0 0 0 0 0 16 1008 0 0 0 0 0 0 
402 616 6 0 0 0 0 0 484 539 1 0 0 0 0 0 67 956 1 0 0 0 0 0 
55 847 122 0 0 0 0 0 68 648 308 0 0 0 0 0 777 247 0 0 0 0 0 0 
237 654 133 0 0 0 0 0 300 468 256 0 0 0 0 0 428 596 0 0 0 0 0 0 
233 588 203 0 0 0 0 0 44 688 292 0 0 0 0 0 983 41 0 0 0 0 0 0 
159 863 2 0 0 0 0 0 76 908 40 0 0 0 0 0 943 81 0 0 0 0 0 0 
234 790 0 0 0 0 0 0 146 874 4 0 0 0 0 0 834 190 0 0 0 0 0 0 
697 327 0 0 0 0 0 0 721 303 0 0 0 0 0 0 0 1024 0 0 0 0 0 0 
314 629 81 0 0 0 0 0 293 512 219 0 0 0 0 0 553 471 0 0 0 0 0 0 
149 790 30 55 0 0 0 0 157 637 201 29 0 0 0 0 611 413 0 0 0 0 0 0 
109 484 340 91 0 0 0 0 66 457 476 25 0 0 0 0 1004 20 0 0 0 0 0 0 
317 304 384 19 0 0 0 0 241 302 472 9 0 0 0 0 974 47 3 0 0 0 0 0 
648 376 0 0 0 0 0 0 716 308 0 0 0 0 0 0 372 652 0 0 0 0 0 0 
0 1024 0 0 0 0 0 0 0 1024 0 0 0 0 0 0 0 1024 0 0 0 0 0 0 
2 1022 0 0 0 0 0 0 19 1005 0 0 0 0 0 0 0 1024 0 0 0 0 0 0 
21 1003 0 0 0 0 0 0 105 919 0 0 0 0 0 0 0 1024 0 0 0 0 0 0 
54 970 0 0 0 0 0 0 181 843 0 0 0 0 0 0 0 1024 0 0 0 0 0 0 
306 718 0 0 0 0 0 0 522 502 0 0 0 0 0 0 0 1024 0 0 0 0 0 0 
197 827 0 0 0 0 0 0 432 592 0 0 0 0 0 0 0 1024 0 0 0 0 0 0 
152 872 0 0 0 0 0 0 277 747 0 0 0 0 0 0 0 1024 0 0 0 0 0 0 
0 1024 0 0 0 0 0 0 9 1015 0 0 0 0 0 0 0 1024 0 0 0 0 0 0 
2 1022 0 0 0 0 0 0 19 1005 0 0 0 0 0 0 0 1024 0 0 0 0 0 0 
7 1017 0 0 0 0 0 0 21 1003 0 0 0 0 0 0 0 1024 0 0 0 0 0 0 
9 1015 0 0 0 0 0 0 42 982 0 0 0 0 0 0 0 1024 0 0 0 0 0 0 
80 944 0 0 0 0 0 0 241 783 0 0 0 0 0 0 0 1024 0 0 0 0 0 0 
478 546 0 0 0 0 0 0 638 386 0 0 0 0 0 0 0 1024 0 0 0 0 0 0 
703 321 0 0 0 0 0 0 858 166 0 0 0 0 0 0 2 1022 0 0 0 0 0 0 
938 86 0 0 0 0 0 0 1024 0 0 0 0 0 0 0 26 998 0 0 0 0 0 0 
969 55 0 0 0 0 0 0 1019 5 0 0 0 0 0 0 2 1022 0 0 0 0 0 0 
948 76 0 0 0 0 0 0 1000 24 0 0 0 0 0 0 24 1000 0 0 0 0 0 0 
478 353 142 51 0 0 0 0 602 294 122 6 0 0 0 0 493 531 0 0 0 0 0 0 
960 64 0 0 0 0 0 0 999 25 0 0 0 0 0 0 325 699 0 0 0 0 0 0 
939 85 0 0 0 0 0 0 994 30 0 0 0 0 0 0 234 790 0 0 0 0 0 0 
792 232 0 0 0 0 0 0 920 104 0 0 0 0 0 0 318 706 0 0 0 0 0 0 
782 242 0 0 0 0 0 0 831 192 1 0 0 0 0 0 860 164 0 0 0 0 0 0 
272 732 20 0 0 0 0 0 315 688 21 0 0 0 0 0 403 621 0 0 0 0 0 0 
217 527 245 25 9 1 0 0 58 682 269 14 1 0 0 0 940 77 7 0 0 0 0 0 
306 707 5 6 0 0 0 0 261 754 9 0 0 0 0 0 813 211 0 0 0 0 0 0 
386 623 15 0 0 0 0 0 248 725 51 0 0 0 0 0 748 276 0 0 0 0 0 0 
478 546 0 0 0 0 0 0 632 392 0 0 0 0 0 0 1 1023 0 0 0 0 0 0 
258 756 10 0 0 0 0 0 408 574 42 0 0 0 0 0 292 729 3 0 0 0 0 0 
57 743 186 35 3 0 0 0 68 605 332 19 0 0 0 0 537 483 4 0 0 0 0 0 
111 406 507 0 0 0 0 0 49 385 577 13 0 0 0 0 773 251 0 0 0 0 0 0 
222 401 374 27 0 0 0 0 170 273 572 9 0 0 0 0 868 156 0 0 0 0 0 0 
632 392 0 0 0 0 0 0 636 388 0 0 0 0 0 0 84 940 0 0 0 0 0 0 
79 945 0 0 0 0 0 0 183 841 0 0 0 0 0 0 0 1024 0 0 0 0 0 0 
186 838 0 0 0 0 0 0 353 671 0 0 0 0 0 0 0 1024 0 0 0 0 0 0 
538 486 0 0 0 0 0 0 722 302 0 0 0 0 0 0 0 1024 0 0 0 0 0 0 
887 137 0 0 0 0 0 0 959 65 0 0 0 0 0 0 0 1024 0 0 0 0 0 0 
943 81 0 0 0 0 0 0 984 40 0 0 0 0 0 0 0 1024 0 0 0 0 0 0 
965 59 0 0 0 0 0 0 1004 20 0 0 0 0 0 0 0 1024 0 0 0 0 0 0 
871 153 0 0 0 0 0 0 926 98 0 0 0 0 0 0 0 1024 0 0 0 0 0 0 
826 198 0 0 0 0 0 0 906 118 0 0 0 0 0 0 9 1015 0 0 0 0 0 0 
730 294 0 0 0 0 0 0 803 221 0 0 0 0 0 0 5 1019 0 0 0 0 0 0 
638 386 0 0 0 0 0 0 695 329 0 0 0 0 0 0 0 1024 0 0 0 0 0 0 
669 355 0 0 0 0 0 0 719 305 0 0 0 0 0 0 0 1024 0 0 0 0 0 0 
561 463 0 0 0 0 0 0 694 330 0 0 0 0 0 0 0 1024 0 0 0 0 0 0 
988 36 0 0 0 0 0 0 1009 15 0 0 0 0 0 0 56 968 0 0 0 0 0 0 
1021 3 0 0 0 0 0 0 1024 0 0 0 0 0 0 0 244 780 0 0 0 0 0 0 
1024 0 0 0 0 0 0 0 1024 0 0 0 0 0 0 0 413 611 0 0 0 0 0 0 
1024 0 0 0 0 0 0 0 1024 0 0 0 0 0 0 0 595 429 0 0 0 0 0 0 
1014 10 0 0 0 0 0 0 1024 0 0 0 0 0 0 0 552 472 0 0 0 0 0 0 
854 170 0 0 0 0 0 0 950 74 0 0 0 0 0 0 805 219 0 0 0 0 0 0 
1024 0 0 0 0 0 0 0 1024 0 0 0 0 0 0 0 931 93 0 0 0 0 0 0 
1024 0 0 0 0 0 0 0 1024 0 0 0 0 0 0 0 898 126 0 0 0 0 0 0 
1019 5 0 0 0 0 0 0 1018 6 0 0 0 0 0 0 845 179 0 0 0 0 0 0 
1006 18 0 0 0 0 0 0 1006 18 0 0 0 0 0 0 922 102 0 0 0 0 0 0 
462 280 173 78 31 0 0 0 520 254 181 69 0 0 0 0 473 544 7 0 0 0 0 0 
370 427 226 1 0 0 0 0 80 687 254 3 0 0 0 0 976 48 0 0 0 0 0 0 
351 405 112 136 19 1 0 0 392 399 208 23 2 0 0 0 629 382 12 1 0 0 0 0 
291 654 79 0 0 0 0 0 206 594 224 0 0 0 0 0 808 216 0 0 0 0 0 0 
297 727 0 0 0 0 0 0 496 525 3 0 0 0 0 0 9 1015 0 0 0 0 0 0 
498 526 0 0 0 0 0 0 593 431 0 0 0 0 0 0 74 950 0 0 0 0 0 0 
101 469 396 58 0 0 0 0 197 465 348 14 0 0 0 0 791 227 6 0 0 0 0 0 
40 490 469 23 2 0 0 0 45 518 450 11 0 0 0 0 823 187 14 0 0 0 0 0 
162 727 135 0 0 0 0 0 151 467 406 0 0 0 0 0 819 205 0 0 0 0 0 0 
672 352 0 0 0 0 0 0 588 436 0 0 0 0 0 0 0 1024 0 0 0 0 0 0 
485 539 0 0 0 0 0 0 860 164 0 0 0 0 0 0 0 1024 0 0 0 0 0 0 
867 154 3 0 0 0 0 0 918 103 3 0 0 0 0 0 39 983 2 0 0 0 0 0 
977 27 15 5 0 0 0 0 984 20 15 5 0 0 0 0 60 961 3 0 0 0 0 0 
1024 0 0 0 0 0 0 0 1024 0 0 0 0 0 0 0 2 1022 0 0 0 0 0 0 
818 126 78 2 0 0 0 0 842 111 70 1 0 0 0 0 207 817 0 0 0 0 0 0 
929 28 48 19 0 0 0 0 931 30 49 14 0 0 0 0 127 893 4 0 0 0 0 0 
1024 0 0 0 0 0 0 0 1024 0 0 0 0 0 0 0 203 821 0 0 0 0 0 0 
1024 0 0 0 0 0 0 0 1024 0 0 0 0 0 0 0 492 532 0 0 0 0 0 0 
1024 0 0 0 0 0 0 0 1024 0 0 0 0 0 0 0 583 441 0 0 0 0 0 0 
1021 3 0 0 0 0 0 0 1023 1 0 0 0 0 0 0 254 770 0 0 0 0 0 0 
1007 17 0 0 0 0 0 0 1013 11 0 0 0 0 0 0 101 923 0 0 0 0 0 0 
1024 0 0 0 0 0 0 0 1024 0 0 0 0 0 0 0 196 828 0 0 0 0 0 0 
1024 0 0 0 0 0 0 0 1024 0 0 0 0 0 0 0 244 780 0 0 0 0 0 0 
1024 0 0 0 0 0 0 0 1024 0 0 0 0 0 0 0 443 581 0 0 0 0 0 0 
1024 0 0 0 0 0 0 0 1024 0 0 0 0 0 0 0 451 573 0 0 0 0 0 0 
1024 0 0 0 0 0 0 0 1024 0 0 0 0 0 0 0 434 590 0 0 0 0 0 0 
1024 0 0 0 0 0 0 0 1024 0 0 0 0 0 0 0 526 498 0 0 0 0 0 0 
1022 2 0 0 0 0 0 0 1024 0 0 0 0 0 0 0 807 217 0 0 0 0 0 0 
987 37 0 0 0 0 0 0 997 27 0 0 0 0 0 0 763 261 0 0 0 0 0 0 
1024 0 0 0 0 0 0 0 1024 0 0 0 0 0 0 0 925 99 0 0 0 0 0 0 
1024 0 0 0 0 0 0 0 1024 0 0 0 0 0 0 0 1007 17 0 0 0 0 0 0 
1024 0 0 0 0 0 0 0 1024 0 0 0 0 0 0 0 991 33 0 0 0 0 0 0 
879 62 74 9 0 0 0 0 889 54 81 0 0 0 0 0 684 340 0 0 0 0 0 0 
216 443 309 56 0 0 0 0 278 379 332 35 0 0 0 0 948 76 0 0 0 0 0 0 
108 389 287 128 54 58 0 0 280 374 215 84 70 1 0 0 610 283 72 50 9 0 0 0 
160 815 42 7 0 0 0 0 102 838 80 4 0 0 0 0 661 363 0 0 0 0 0 0 
245 779 0 0 0 0 0 0 338 676 10 0 0 0 0 0 332 692 0 0 0 0 0 0 
597 336 22 54 15 0 0 0 711 232 48 33 0 0 0 0 115 854 52 3 0 0 0 0 
218 292 444 70 0 0 0 0 345 360 314 5 0 0 0 0 823 199 2 0 0 0 0 0 
133 720 171 0 0 0 0 0 248 634 142 0 0 0 0 0 981 43 0 0 0 0 0 0 
201 777 46 0 0 0 0 0 188 695 141 0 0 0 0 0 854 170 0 0 0 0 0 0 
560 464 0 0 0 0 0 0 560 464 0 0 0 0 0 0 16 1008 0 0 0 0 0 0 
941 82 1 0 0 0 0 0 953 70 1 0 0 0 0 0 151 873 0 0 0 0 0 0 
545 324 127 28 0 0 0 0 576 294 134 20 0 0 0 0 633 390 1 0 0 0 0 0 
530 390 103 1 0 0 0 0 528 377 119 0 0 0 0 0 669 355 0 0 0 0 0 0 
660 320 38 6 0 0 0 0 768 226 25 5 0 0 0 0 366 655 3 0 0 0 0 0 
182 472 350 20 0 0 0 0 158 430 407 29 0 0 0 0 947 77 0 0 0 0 0 0 
960 23 32 9 0 0 0 0 965 18 32 9 0 0 0 0 377 647 0 0 0 0 0 0 
1024 0 0 0 0 0 0 0 1024 0 0 0 0 0 0 0 492 532 0 0 0 0 0 0 
1024 0 0 0 0 0 0 0 1024 0 0 0 0 0 0 0 751 273 0 0 0 0 0 0 
1024 0 0 0 0 0 0 0 1024 0 0 0 0 0 0 0 905 119 0 0 0 0 0 0 
1024 0 0 0 0 0 0 0 1024 0 0 0 0 0 0 0 353 671 0 0 0 0 0 0 
1024 0 0 0 0 0 0 0 1024 0 0 0 0 0 0 0 188 836 0 0 0 0 0 0 
1023 1 0 0 0 0 0 0 1024 0 0 0 0 0 0 0 251 773 0 0 0 0 0 0 
1024 0 0 0 0 0 0 0 1024 0 0 0 0 0 0 0 526 498 0 0 0 0 0 0 
1024 0 0 0 0 0 0 0 1024 0 0 0 0 0 0 0 827 197 0 0 0 0 0 0 
1024 0 0 0 0 0 0 0 1024 0 0 0 0 0 0 0 626 398 0 0 0 0 0 0 
1024 0 0 0 0 0 0 0 1024 0 0 0 0 0 0 0 539 485 0 0 0 0 0 0 
1024 0 0 0 0 0 0 0 1024 0 0 0 0 0 0 0 282 742 0 0 0 0 0 0 
1022 2 0 0 0 0 0 0 1024 0 0 0 0 0 0 0 861 163 0 0 0 0 0 0 
1024 0 0 0 0 0 0 0 1024 0 0 0 0 0 0 0 871 153 0 0 0 0 0 0 
1024 0 0 0 0 0 0 0 1024 0 0 0 0 0 0 0 813 211 0 0 0 0 0 0 
1024 0 0 0 0 0 0 0 1024 0 0 0 0 0 0 0 1023 1 0 0 0 0 0 0 
1024 0 0 0 0 0 0 0 1024 0 0 0 0 0 0 0 1010 14 0 0 0 0 0 0 
977 25 22 0 0 0 0 0 980 22 22 0 0 0 0 0 972 52 0 0 0 0 0 0 
108 293 539 84 0 0 0 0 148 320 556 0 0 0 0 0 899 125 0 0 0 0 0 0 
534 232 193 65 0 0 0 0 645 234 130 15 0 0 0 0 643 343 38 0 0 0 0 0 
420 388 171 30 15 0 0 0 420 376 204 24 0 0 0 0 792 217 15 0 0 0 0 0 
630 276 31 31 42 14 0 0 707 222 31 38 26 0 0 0 454 507 43 20 0 0 0 0 
542 250 27 52 137 16 0 0 614 195 48 143 24 0 0 0 396 433 150 45 0 0 0 0 
559 256 203 6 0 0 0 0 635 309 80 0 0 0 0 0 876 148 0 0 0 0 0 0 
823 201 0 0 0 0 0 0 926 98 0 0 0 0 0 0 998 26 0 0 0 0 0 0 
353 576 94 1 0 0 0 0 443 494 87 0 0 0 0 0 904 119 1 0 0 0 0 0 
484 280 108 152 0 0 0 0 620 200 140 64 0 0 0 0 176 720 128 0 0 0 0 0 
259 601 164 0 0 0 0 0 248 575 201 0 0 0 0 0 923 101 0 0 0 0 0 0 
104 825 95 0 0 0 0 0 50 874 99 1 0 0 0 0 1024 0 0 0 0 0 0 0 
52 684 282 6 0 0 0 0 10 612 392 10 0 0 0 0 1020 4 0 0 0 0 0 0 
87 764 149 24 0 0 0 0 70 759 190 5 0 0 0 0 964 59 1 0 0 0 0 0 
393 555 58 18 0 0 0 0 389 545 78 12 0 0 0 0 888 136 0 0 0 0 0 0 
972 52 0 0 0 0 0 0 987 37 0 0 0 0 0 0 810 214 0 0 0 0 0 0 
930 81 13 0 0 0 0 0 934 74 16 0 0 0 0 0 949 75 0 0 0 0 0 0 
1024 0 0 0 0 0 0 0 1024 0 0 0 0 0 0 0 1005 19 0 0 0 0 0 0 
1024 0 0 0 0 0 0 0 1024 0 0 0 0 0 0 0 1024 0 0 0 0 0 0 0 
1024 0 0 0 0 0 0 0 1024 0 0 0 0 0 0 0 803 221 0 0 0 0 0 0 
1024 0 0 0 0 0 0 0 1024 0 0 0 0 0 0 0 677 347 0 0 0 0 0 0 
1024 0 0 0 0 0 0 0 1024 0 0 0 0 0 0 0 691 333 0 0 0 0 0 0 
1024 0 0 0 0 0 0 0 1024 0 0 0 0 0 0 0 927 97 0 0 0 0 0 0 
1024 0 0 0 0 0 0 0 1024 0 0 0 0 0 0 0 1022 2 0 0 0 0 0 0 
1024 0 0 0 0 0 0 0 1024 0 0 0 0 0 0 0 1017 7 0 0 0 0 0 0 
1024 0 0 0 0 0 0 0 1024 0 0 0 0 0 0 0 1012 12 0 0 0 0 0 0 
1024 0 0 0 0 0 0 0 1024 0 0 0 0 0 0 0 957 67 0 0 0 0 0 0 
1024 0 0 0 0 0 0 0 1024 0 0 0 0 0 0 0 990 34 0 0 0 0 0 0 
1024 0 0 0 0 0 0 0 1024 0 0 0 0 0 0 0 941 83 0 0 0 0 0 0 
1024 0 0 0 0 0 0 0 1024 0 0 0 0 0 0 0 951 73 0 0 0 0 0 0 
1024 0 0 0 0 0 0 0 1024 0 0 0 0 0 0 0 1020 4 0 0 0 0 0 0 
1024 0 0 0 0 0 0 0 1024 0 0 0 0 0 0 0 1024 0 0 0 0 0 0 0 
1024 0 0 0 0 0 0 0 1024 0 0 0 0 0 0 0 1024 0 0 0 0 0 0 0 
605 270 149 0 0 0 0 0 684 286 54 0 0 0 0 0 1020 4 0 0 0 0 0 0 
696 287 39 2 0 0 0 0 853 161 10 0 0 0 0 0 907 115 2 0 0 0 0 0 
429 365 190 37 3 0 0 0 526 389 106 3 0 0 0 0 791 223 10 0 0 0 0 0 
723 222 78 1 0 0 0 0 822 187 15 0 0 0 0 0 744 280 0 0 0 0 0 0 
402 499 14 24 81 4 0 0 558 352 18 93 3 0 0 0 731 207 86 0 0 0 0 0 
853 26 17 19 95 14 0 0 873 19 24 102 6 0 0 0 883 23 113 5 0 0 0 0 
1024 0 0 0 0 0 0 0 1024 0 0 0 0 0 0 0 1024 0 0 0 0 0 0 0 
673 205 146 0 0 0 0 0 632 257 135 0 0 0 0 0 944 80 0 0 0 0 0 0 
1000 24 0 0 0 0 0 0 1024 0 0 0 0 0 0 0 648 376 0 0 0 0 0 0 
239 734 50 1 0 0 0 0 71 861 91 1 0 0 0 0 1021 2 1 0 0 0 0 0 
477 522 25 0 0 0 0 0 128 869 27 0 0 0 0 0 1024 0 0 0 0 0 0 0 
114 747 121 42 0 0 0 0 63 773 147 41 0 0 0 0 1019 5 0 0 0 0 0 0 
390 503 116 15 0 0 0 0 143 760 121 0 0 0 0 0 1008 16 0 0 0 0 0 0 
689 335 0 0 0 0 0 0 622 402 0 0 0 0 0 0 1004 20 0 0 0 0 0 0 
759 263 2 0 0 0 0 0 756 245 22 1 0 0 0 0 993 31 0 0 0 0 0 0 
533 250 234 7 0 0 0 0 533 236 245 10 0 0 0 0 1017 7 0 0 0 0 0 0 
935 33 43 13 0 0 0 0 940 34 43 7 0 0 0 0 992 31 1 0 0 0 0 0 
1024 0 0 0 0 0 0 0 1024 0 0 0 0 0 0 0 1024 0 0 0 0 0 0 0 
1024 0 0 0 0 0 0 0 1024 0 0 0 0 0 0 0 1023 1 0 0 0 0 0 0 
1024 0 0 0 0 0 0 0 1024 0 0 0 0 0 0 0 1024 0 0 0 0 0 0 0 
1024 0 0 0 0 0 0 0 1024 0 0 0 0 0 0 0 1010 14 0 0 0 0 0 0 
1024 0 0 0 0 0 0 0 1024 0 0 0 0 0 0 0 1024 0 0 0 0 0 0 0 
1024 0 0 0 0 0 0 0 1024 0 0 0 0 0 0 0 1024 0 0 0 0 0 0 0 
1024 0 0 0 0 0 0 0 1024 0 0 0 0 0 0 0 1024 0 0 0 0 0 0 0 
980 44 0 0 0 0 0 0 1007 17 0 0 0 0 0 0 1020 4 0 0 0 0 0 0 
837 187 0 0 0 0 0 0 931 93 0 0 0 0 0 0 1010 14 0 0 0 0 0 0 
940 84 0 0 0 0 0 0 997 27 0 0 0 0 0 0 1017 7 0 0 0 0 0 0 
928 96 0 0 0 0 0 0 996 28 0 0 0 0 0 0 1011 13 0 0 0 0 0 0 
1024 0 0 0 0 0 0 0 1024 0 0 0 0 0 0 0 1024 0 0 0 0 0 0 0 
1024 0 0 0 0 0 0 0 1024 0 0 0 0 0 0 0 1024 0 0 0 0 0 0 0 
1024 0 0 0 0 0 0 0 1024 0 0 0 0 0 0 0 1024 0 0 0 0 0 0 0 
1024 0 0 0 0 0 0 0 1024 0 0 0 0 0 0 0 1024 0 0 0 0 0 0 0 
1024 0 0 0 0 0 0 0 1024 0 0 0 0 0 0 0 1024 0 0 0 0 0 0 0 
1024 0 0 0 0 0 0 0 1024 0 0 0 0 0 0 0 1024 0 0 0 0 0 0 0 
970 13 9 32 0 0 0 0 977 10 32 5 0 0 0 0 982 40 2 0 0 0 0 0 
775 61 106 81 1 0 0 0 811 56 134 23 0 0 0 0 848 160 16 0 0 0 0 0 
812 47 147 18 0 0 0 0 824 94 106 0 0 0 0 0 859 164 1 0 0 0 0 0 
686 78 98 59 103 0 0 0 722 128 52 117 5 0 0 0 821 64 77 62 0 0 0 0 
1024 0 0 0 0 0 0 0 1024 0 0 0 0 0 0 0 1024 0 0 0 0 0 0 0 
625 249 150 0 0 0 0 0 634 244 144 2 0 0 0 0 1023 1 0 0 0 0 0 0 
1024 0 0 0 0 0 0 0 1024 0 0 0 0 0 0 0 1024 0 0 0 0 0 0 0 
473 513 32 6 0 0 0 0 342 645 33 4 0 0 0 0 1002 15 7 0 0 0 0 0 
640 364 18 2 0 0 0 0 452 547 25 0 0 0 0 0 1015 7 2 0 0 0 0 0 
195 601 210 18 0 0 0 0 150 673 196 5 0 0 0 0 940 75 9 0 0 0 0 0 
403 554 67 0 0 0 0 0 364 603 57 0 0 0 0 0 992 32 0 0 0 0 0 0 
474 542 8 0 0 0 0 0 354 659 11 0 0 0 0 0 1019 5 0 0 0 0 0 0 
270 483 206 65 0 0 0 0 196 536 229 63 0 0 0 0 1011 13 0 0 0 0 0 0 
581 308 135 0 0 0 0 0 571 262 190 1 0 0 0 0 1024 0 0 0 0 0 0 0 
1024 0 0 0 0 0 0 0 1024 0 0 0 0 0 0 0 1024 0 0 0 0 0 0 0 
1024 0 0 0 0 0 0 0 1024 0 0 0 0 0 0 0 1024 0 0 0 0 0 0 0 
1024 0 0 0 0 0 0 0 1024 0 0 0 0 0 0 0 1024 0 0 0 0 0 0 0 
1024 0 0 0 0 0 0 0 1024 0 0 0 0 0 0 0 1024 0 0 0 0 0 0 0 
1024 0 0 0 0 0 0 0 1024 0 0 0 0 0 0 0 1024 0 0 0 0 0 0 0 
1024 0 0 0 0 0 0 0 1024 0 0 0 0 0 0 0 1024 0 0 0 0 0 0 0 
1024 0 0 0 0 0 0 0 1024 0 0 0 0 0 0 0 1024 0 0 0 0 0 0 0 
1024 0 0 0 0 0 0 0 1024 0 0 0 0 0 0 0 1024 0 0 0 0 0 0 0 
1024 0 0 0 0 0 0 0 1024 0 0 0 0 0 0 0 1024 0 0 0 0 0 0 0 
1024 0 0 0 0 0 0 0 1024 0 0 0 0 0 0 0 1024 0 0 0 0 0 0 0 
1024 0 0 0 0 0 0 0 1024 0 0 0 0 0 0 0 1024 0 0 0 0 0 0 0 
1013 11 0 0 0 0 0 0 1024 0 0 0 0 0 0 0 1024 0 0 0 0 0 0 0 
1024 0 0 0 0 0 0 0 1024 0 0 0 0 0 0 0 1024 0 0 0 0 0 0 0 
1024 0 0 0 0 0 0 0 1024 0 0 0 0 0 0 0 1024 0 0 0 0 0 0 0 
1024 0 0 0 0 0 0 0 1024 0 0 0 0 0 0 0 1024 0 0 0 0 0 0 0 
1024 0 0 0 0 0 0 0 1024 0 0 0 0 0 0 0 1024 0 0 0 0 0 0 0 
1024 0 0 0 0 0 0 0 1024 0 0 0 0 0 0 0 1024 0 0 0 0 0 0 0 
1024 0 0 0 0 0 0 0 1024 0 0 0 0 0 0 0 1024 0 0 0 0 0 0 0 
1024 0 0 0 0 0 0 0 1024 0 0 0 0 0 0 0 1023 1 0 0 0 0 0 0 
1024 0 0 0 0 0 0 0 1024 0 0 0 0 0 0 0 1021 3 0 0 0 0 0 0 
983 35 6 0 0 0 0 0 996 28 0 0 0 0 0 0 1022 2 0 0 0 0 0 0 
744 153 127 0 0 0 0 0 830 184 10 0 0 0 0 0 1020 4 0 0 0 0 0 0 
1024 0 0 0 0 0 0 0 1024 0 0 0 0 0 0 0 1024 0 0 0 0 0 0 0 
1018 6 0 0 0 0 0 0 1018 6 0 0 0 0 0 0 1024 0 0 0 0 0 0 0 
1012 12 0 0 0 0 0 0 1024 0 0 0 0 0 0 0 1012 12 0 0 0 0 0 0 
