0 0 0 0 0 0 1024 0 0 0 0 0 0 0 872 152 0 0 0 0 0 0 0 1024 
0 0 0 0 0 67 957 0 0 0 0 0 0 0 1024 0 0 0 0 0 0 0 8 1016 
0 0 0 0 0 576 448 0 0 0 0 0 0 0 1024 0 0 0 0 0 0 0 31 993 
0 0 0 0 0 901 123 0 0 0 0 0 0 0 1024 0 0 0 0 0 0 0 0 1024 
0 0 0 0 0 1024 0 0 0 0 0 0 0 0 1024 0 0 0 0 0 0 0 236 788 
0 0 0 0 0 1024 0 0 0 0 0 0 0 0 1024 0 0 0 0 0 0 0 696 328 
0 0 0 0 0 1024 0 0 0 0 0 0 0 0 1024 0 0 0 0 0 0 0 930 94 
0 0 0 0 0 1024 0 0 0 0 0 0 0 3 1021 0 0 0 0 0 0 0 1024 0 
0 0 0 0 205 819 0 0 0 0 0 0 0 462 562 0 0 0 0 0 0 0 1024 0 
0 0 0 0 889 135 0 0 0 0 0 0 0 989 35 0 0 0 0 0 0 0 1024 0 
0 0 0 0 1024 0 0 0 0 0 0 0 0 1023 1 0 0 0 0 0 0 0 1024 0 
0 0 0 0 1024 0 0 0 0 0 0 0 0 1024 0 0 0 0 0 0 0 0 1024 0 
0 0 0 0 1024 0 0 0 0 0 0 0 0 1024 0 0 0 0 0 0 0 0 1024 0 
0 0 0 0 1024 0 0 0 0 0 0 0 0 1024 0 0 0 0 0 0 0 0 1024 0 
0 0 0 3 1021 0 0 0 0 0 0 0 0 1024 0 0 0 0 0 0 0 0 1024 0 
0 0 0 489 535 0 0 0 0 0 0 0 0 1024 0 0 0 0 0 0 0 0 1024 0 
0 0 0 1019 5 0 0 0 0 0 0 0 154 870 0 0 0 0 0 0 0 0 1024 0 
0 0 0 1024 0 0 0 0 0 0 0 0 877 147 0 0 0 0 0 0 0 562 462 0 
0 0 0 1024 0 0 0 0 0 0 0 0 1024 0 0 0 0 0 0 0 0 1020 4 0 
0 0 0 1024 0 0 0 0 0 0 0 0 1024 0 0 0 0 0 0 0 0 1024 0 0 
0 0 0 1024 0 0 0 0 0 0 0 0 1024 0 0 0 0 0 0 0 0 1024 0 0 
0 0 0 1024 0 0 0 0 0 0 0 0 1024 0 0 0 0 0 0 0 0 1024 0 0 
0 0 0 0 0 0 1024 0 0 0 0 0 0 0 208 816 0 0 0 0 0 0 0 1024 
0 0 0 0 0 0 1024 0 0 0 0 0 0 0 974 50 0 0 0 0 0 0 0 1024 
0 0 0 0 0 0 1024 0 0 0 0 0 0 0 1023 1 0 0 0 0 0 0 0 1024 
0 0 0 0 0 45 979 0 0 0 0 0 0 0 1024 0 0 0 0 0 0 0 0 1024 
0 0 0 0 0 291 733 0 0 0 0 0 0 0 1024 0 0 0 0 0 0 0 0 1024 
0 0 0 0 0 711 313 0 0 0 0 0 0 0 1024 0 0 0 0 0 0 0 1 1023 
0 0 0 0 0 1021 3 0 0 0 0 0 0 0 1024 0 0 0 0 0 0 0 106 918 
0 0 0 0 0 1024 0 0 0 0 0 0 0 0 1024 0 0 0 0 0 0 0 437 587 
0 0 0 0 0 1024 0 0 0 0 0 0 0 4 1020 0 0 0 0 0 0 0 857 167 
0 0 0 0 51 973 0 0 0 0 0 0 0 84 940 0 0 0 0 0 0 0 1023 1 
0 0 0 0 416 608 0 0 0 0 0 0 0 437 587 0 0 0 0 0 0 0 1024 0 
0 0 0 0 863 161 0 0 0 0 0 0 0 999 25 0 0 0 0 0 0 0 1024 0 
0 0 0 0 1024 0 0 0 0 0 0 0 0 1024 0 0 0 0 0 0 0 0 1024 0 
0 0 0 0 1024 0 0 0 0 0 0 0 0 1024 0 0 0 0 0 0 0 0 1024 0 
0 0 0 0 1024 0 0 0 0 0 0 0 0 1024 0 0 0 0 0 0 0 0 1024 0 
0 0 0 2 1022 0 0 0 0 0 0 0 0 1024 0 0 0 0 0 0 0 0 1024 0 
0 0 0 251 773 0 0 0 0 0 0 0 0 1024 0 0 0 0 0 0 0 0 1024 0 
0 0 0 741 283 0 0 0 0 0 0 0 76 948 0 0 0 0 0 0 0 24 1000 0 
0 0 6 1012 6 0 0 0 0 0 0 8 531 485 0 0 0 0 0 0 17 388 619 0 
0 0 19 1005 0 0 0 0 0 0 0 28 955 41 0 0 0 0 0 0 50 915 59 0 
0 0 0 1024 0 0 0 0 0 0 0 0 1015 9 0 0 0 0 0 0 0 1015 9 0 
0 0 0 1024 0 0 0 0 0 0 0 0 1024 0 0 0 0 0 0 0 0 1024 0 0 
0 0 0 0 0 0 677 347 0 0 0 0 0 0 0 1024 0 0 0 0 0 0 0 1024 
0 0 0 0 0 0 1024 0 0 0 0 0 0 0 85 939 0 0 0 0 0 0 0 1024 
0 0 0 0 0 0 1024 0 0 0 0 0 0 0 693 331 0 0 0 0 0 0 0 1024 
0 0 0 0 0 0 1024 0 0 0 0 0 0 0 936 88 0 0 0 0 0 0 0 1024 
0 0 0 0 0 0 1024 0 0 0 0 0 0 0 1023 1 0 0 0 0 0 0 0 1024 
0 0 0 0 0 7 1017 0 0 0 0 0 0 0 1024 0 0 0 0 0 0 0 0 1024 
0 0 0 0 0 251 773 0 0 0 0 0 0 0 1024 0 0 0 0 0 0 0 1 1023 
0 0 0 0 0 700 324 0 0 0 0 0 0 0 1024 0 0 0 0 0 0 0 13 1011 
0 0 0 0 0 994 30 0 0 0 0 0 0 0 1024 0 0 0 0 0 0 0 138 886 
0 0 0 0 0 1024 0 0 0 0 0 0 0 0 1024 0 0 0 0 0 0 0 455 569 
0 0 0 0 0 1024 0 0 0 0 0 0 0 0 1024 0 0 0 0 0 0 0 930 94 
0 0 0 0 61 963 0 0 0 0 0 0 0 159 865 0 0 0 0 0 0 0 1024 0 
0 0 0 0 376 648 0 0 0 0 0 0 0 524 500 0 0 0 0 0 0 0 1024 0 
0 0 0 0 912 112 0 0 0 0 0 0 0 1005 19 0 0 0 0 0 0 0 1024 0 
0 0 0 0 1022 2 0 0 0 0 0 0 0 1022 2 0 0 0 0 0 0 0 1024 0 
0 0 0 0 1024 0 0 0 0 0 0 0 0 1024 0 0 0 0 0 0 0 0 1024 0 
0 0 0 0 1024 0 0 0 0 0 0 0 0 1024 0 0 0 0 0 0 0 0 1024 0 
0 0 0 41 983 0 0 0 0 0 0 0 0 1024 0 0 0 0 0 0 0 0 1024 0 
0 0 72 771 181 0 0 0 0 0 6 152 567 299 0 0 0 0 0 50 271 472 231 0 
0 0 36 949 39 0 0 0 0 0 0 77 608 339 0 0 0 0 0 12 198 555 259 0 
0 0 0 1024 0 0 0 0 0 0 0 0 666 358 0 0 0 0 0 0 0 801 223 0 
0 0 0 1024 0 0 0 0 0 0 0 0 972 51 0 0 0 0 0 0 0 1019 4 0 
0 0 0 0 0 0 2 1022 0 0 0 0 0 0 0 1024 0 0 0 0 0 0 0 1024 
0 0 0 0 0 0 511 513 0 0 0 0 0 0 0 1024 0 0 0 0 0 0 0 1024 
0 0 0 0 0 0 887 137 0 0 0 0 0 0 3 1021 0 0 0 0 0 0 0 1024 
0 0 0 0 0 0 999 25 0 0 0 0 0 0 8 1016 0 0 0 0 0 0 0 1024 
0 0 0 0 0 0 1024 0 0 0 0 0 0 0 328 696 0 0 0 0 0 0 0 1024 
0 0 0 0 0 0 1024 0 0 0 0 0 0 0 811 213 0 0 0 0 0 0 0 1024 
0 0 0 0 0 0 1024 0 0 0 0 0 0 0 1022 2 0 0 0 0 0 0 0 1024 
0 0 0 0 0 0 1024 0 0 0 0 0 0 0 1024 0 0 0 0 0 0 0 0 1024 
0 0 0 0 0 66 958 0 0 0 0 0 0 0 1024 0 0 0 0 0 0 0 3 1021 
0 0 0 0 0 506 518 0 0 0 0 0 0 0 1024 0 0 0 0 0 0 0 8 1016 
0 0 0 0 0 957 67 0 0 0 0 0 0 0 1024 0 0 0 0 0 0 0 204 820 
0 0 0 0 0 1024 0 0 0 0 0 0 0 0 1024 0 0 0 0 0 0 0 795 229 
0 0 0 0 0 1024 0 0 0 0 0 0 0 0 1024 0 0 0 0 0 0 0 1024 0 
0 0 0 0 47 977 0 0 0 0 0 0 0 131 893 0 0 0 0 0 0 0 1024 0 
0 0 0 0 395 629 0 0 0 0 0 0 0 644 380 0 0 0 0 0 0 0 1024 0 
0 0 0 0 902 122 0 0 0 0 0 0 0 1022 2 0 0 0 0 0 0 0 1024 0 
0 0 0 0 1024 0 0 0 0 0 0 0 0 1024 0 0 0 0 0 0 0 0 1024 0 
0 0 0 116 908 0 0 0 0 0 0 19 125 880 0 0 0 0 0 11 57 127 829 0 
0 0 74 534 416 0 0 0 0 0 40 146 556 282 0 0 0 0 46 94 214 543 127 0 
0 0 18 767 239 0 0 0 0 0 0 121 629 274 0 0 0 0 0 44 281 574 125 0 
0 0 0 530 494 0 0 0 0 0 0 0 23 1001 0 0 0 0 0 0 0 101 923 0 
0 0 0 604 419 0 0 0 0 0 0 0 19 1004 0 0 0 0 0 0 0 494 529 0 
0 0 0 0 0 0 0 1024 0 0 0 0 0 0 0 1024 0 0 0 0 0 0 0 1024 
0 0 0 0 0 0 0 1024 0 0 0 0 0 0 0 1024 0 0 0 0 0 0 0 1024 
0 0 0 0 0 0 11 1013 0 0 0 0 0 0 0 1024 0 0 0 0 0 0 0 1024 
0 0 0 0 0 0 154 870 0 0 0 0 0 0 0 1024 0 0 0 0 0 0 0 1024 
0 0 0 0 0 0 562 462 0 0 0 0 0 0 0 1024 0 0 0 0 0 0 0 1024 
0 0 0 0 0 0 786 238 0 0 0 0 0 0 25 999 0 0 0 0 0 0 0 1024 
0 0 0 0 0 0 1011 13 0 0 0 0 0 0 310 714 0 0 0 0 0 0 0 1024 
0 0 0 0 0 0 1024 0 0 0 0 0 0 0 706 318 0 0 0 0 0 0 0 1024 
0 0 0 0 0 0 1024 0 0 0 0 0 0 0 1022 2 0 0 0 0 0 0 0 1024 
0 0 0 0 0 0 1024 0 0 0 0 0 0 0 1024 0 0 0 0 0 0 0 0 1024 
0 0 0 0 0 99 925 0 0 0 0 0 0 0 1024 0 0 0 0 0 0 0 2 1022 
0 0 0 0 0 482 542 0 0 0 0 0 0 0 1024 0 0 0 0 0 0 0 232 792 
0 0 0 0 0 909 115 0 0 0 0 0 0 0 1024 0 0 0 0 0 0 0 640 384 
0 0 0 0 0 1024 0 0 0 0 0 0 0 0 1024 0 0 0 0 0 0 0 1020 4 
0 0 0 0 0 1024 0 0 0 0 0 0 0 34 990 0 0 0 0 0 0 0 1024 0 
0 0 0 0 72 952 0 0 0 0 0 0 0 472 552 0 0 0 0 0 0 0 1024 0 
0 0 0 0 432 592 0 0 0 0 0 0 0 905 119 0 0 0 0 0 0 4 1020 0 
0 0 3 205 799 17 0 0 0 0 0 39 295 689 1 0 0 0 0 8 174 414 428 0 
0 11 126 364 523 0 0 0 0 0 70 178 416 360 0 0 0 0 56 136 305 407 120 0 
0 0 69 388 567 0 0 0 0 0 5 141 403 475 0 0 0 0 1 99 243 487 194 0 
0 0 0 224 800 0 0 0 0 0 0 1 229 794 0 0 0 0 0 0 29 491 504 0 
0 0 0 8 1016 0 0 0 0 0 0 0 8 1016 0 0 0 0 0 0 3 92 928 0 
0 0 0 0 0 0 0 1024 0 0 0 0 0 0 0 1024 0 0 0 0 0 0 0 1024 
0 0 0 0 0 0 0 1024 0 0 0 0 0 0 0 1024 0 0 0 0 0 0 0 1024 
0 0 0 0 0 0 0 1024 0 0 0 0 0 0 0 1024 0 0 0 0 0 0 0 1024 
0 0 0 0 0 0 0 1024 0 0 0 0 0 0 0 1024 0 0 0 0 0 0 0 1024 
0 0 0 0 0 0 0 1024 0 0 0 0 0 0 0 1024 0 0 0 0 0 0 0 1024 
0 0 0 0 0 0 0 1024 0 0 0 0 0 0 0 1024 0 0 0 0 0 0 0 1024 
0 0 0 0 0 0 182 842 0 0 0 0 0 0 0 1024 0 0 0 0 0 0 0 1024 
0 0 0 0 0 0 767 257 0 0 0 0 0 0 10 1014 0 0 0 0 0 0 0 1024 
0 0 0 0 0 0 1012 12 0 0 0 0 0 0 223 801 0 0 0 0 0 0 0 1024 
0 0 0 0 0 0 1024 0 0 0 0 0 0 0 864 160 0 0 0 0 0 0 0 1024 
0 0 0 0 0 0 1024 0 0 0 0 0 0 0 1023 1 0 0 0 0 0 0 0 1024 
0 0 0 0 0 0 1024 0 0 0 0 0 0 0 1024 0 0 0 0 0 0 0 10 1014 
0 0 0 0 0 60 964 0 0 0 0 0 0 0 1024 0 0 0 0 0 0 0 281 743 
0 0 1 26 87 728 182 0 0 0 0 6 81 100 837 0 0 0 0 10 70 74 807 63 
0 0 4 88 176 750 6 0 0 0 0 55 133 136 700 0 0 0 1 53 119 122 729 0 
0 0 0 1 5 1018 0 0 0 0 0 0 3 6 1015 0 0 0 0 0 2 6 1016 0 
0 0 0 1 183 840 0 0 0 0 0 0 26 380 618 0 0 0 0 0 2 127 895 0 
0 0 1 159 697 167 0 0 0 0 0 38 349 628 9 0 0 0 0 25 238 501 260 0 
0 1 206 348 418 51 0 0 0 4 146 250 385 238 1 0 0 1 168 216 334 256 49 0 
0 0 114 409 493 8 0 0 0 0 13 211 468 332 0 0 0 0 12 172 367 390 83 0 
0 0 5 238 781 0 0 0 0 0 0 16 297 711 0 0 0 0 0 1 112 612 299 0 
0 0 0 8 1016 0 0 0 0 0 0 0 8 1016 0 0 0 0 0 0 0 48 976 0 
0 0 0 0 0 0 0 1024 0 0 0 0 0 0 0 1024 0 0 0 0 0 0 0 1024 
0 0 0 0 0 0 0 1024 0 0 0 0 0 0 0 1024 0 0 0 0 0 0 0 1024 
0 0 0 0 3 46 172 803 0 0 0 0 3 71 194 756 0 0 0 0 19 88 197 720 
0 0 0 0 0 5 137 882 0 0 0 0 0 7 170 847 0 0 0 0 0 13 210 801 
0 0 0 0 2 23 134 865 0 0 0 0 2 27 169 826 0 0 0 0 5 30 178 811 
0 0 0 0 0 0 0 1024 0 0 0 0 0 0 3 1021 0 0 0 0 0 0 5 1019 
0 0 0 0 0 0 0 1024 0 0 0 0 0 0 0 1024 0 0 0 0 0 0 0 1024 
0 0 0 0 0 0 0 1024 0 0 0 0 0 0 0 1024 0 0 0 0 0 0 0 1024 
0 0 0 0 0 0 245 779 0 0 0 0 0 0 6 1018 0 0 0 0 0 0 0 1024 
0 0 0 0 0 0 542 482 0 0 0 0 0 0 267 757 0 0 0 0 0 0 0 1024 
0 0 0 0 0 0 968 56 0 0 0 0 0 0 657 367 0 0 0 0 0 0 0 1024 
0 0 0 0 0 0 1024 0 0 0 0 0 0 0 985 39 0 0 0 0 0 0 13 1011 
0 0 0 0 0 0 1024 0 0 0 0 0 0 0 1024 0 0 0 0 0 0 0 136 888 
0 0 0 34 109 299 582 0 0 0 0 26 89 195 714 0 0 0 0 29 84 172 650 89 
0 0 85 129 212 406 192 0 0 0 75 106 180 347 316 0 0 4 86 98 169 271 394 2 
0 0 0 27 60 532 405 0 0 0 0 7 51 86 880 0 0 0 0 7 38 70 909 0 
0 0 0 0 17 942 65 0 0 0 0 0 1 169 854 0 0 0 0 0 0 24 1000 0 
0 0 4 72 295 653 0 0 0 0 0 31 157 605 231 0 0 0 0 31 123 335 535 0 
0 10 240 242 295 237 0 0 0 29 201 182 240 359 13 0 0 38 208 179 216 282 101 0 
0 9 256 313 405 41 0 0 0 10 221 203 327 263 0 0 0 38 225 167 298 251 45 0 
0 0 2 160 748 114 0 0 0 0 0 27 310 687 0 0 0 0 0 17 237 560 210 0 
0 0 0 0 761 262 0 0 0 0 0 0 22 1001 0 0 0 0 0 0 0 252 771 0 
0 0 0 0 0 0 0 1024 0 0 0 0 0 0 0 1024 0 0 0 0 0 0 0 1024 
0 0 0 2 7 37 169 809 0 0 0 7 14 60 276 667 0 0 4 9 40 115 381 475 
0 0 0 6 36 88 389 505 0 0 0 18 44 157 527 278 0 0 13 29 108 313 429 132 
0 0 0 0 5 18 269 732 0 0 0 1 5 50 516 452 0 0 1 5 26 118 731 143 
0 0 0 0 13 37 127 847 0 0 0 4 18 42 268 692 0 0 1 9 31 52 435 496 
0 0 0 0 1 27 200 796 0 0 0 0 4 43 363 614 0 0 0 1 19 100 454 450 
0 0 0 0 0 0 40 984 0 0 0 0 0 3 78 943 0 0 0 0 0 29 129 866 
0 0 0 0 0 0 0 1024 0 0 0 0 0 0 0 1024 0 0 0 0 0 0 48 976 
0 0 0 0 0 0 0 1024 0 0 0 0 0 0 0 1024 0 0 0 0 0 0 87 937 
0 0 0 0 0 0 0 1024 0 0 0 0 0 0 0 1024 0 0 0 0 0 0 146 878 
0 0 0 0 0 0 18 1006 0 0 0 0 0 0 0 1024 0 0 0 0 0 0 274 750 
0 0 0 0 0 0 374 650 0 0 0 0 0 0 520 504 0 0 0 0 0 0 428 596 
0 0 0 0 0 0 958 66 0 0 0 0 0 0 1024 0 0 0 0 0 0 0 799 225 
0 2 31 76 137 271 507 0 0 1 30 98 144 250 501 0 0 13 64 125 142 250 428 2 
0 3 169 86 102 237 427 0 0 11 174 78 93 230 438 0 0 86 132 74 121 205 405 1 
0 0 0 0 0 5 1019 0 0 0 0 0 0 2 1022 0 0 0 0 0 0 4 1020 0 
0 0 0 7 61 306 650 0 0 0 0 6 50 134 834 0 0 0 0 20 53 123 828 0 
0 0 15 126 338 532 13 0 0 0 17 99 276 515 117 0 0 1 37 156 319 400 111 0 
0 0 306 333 213 172 0 0 0 18 343 250 201 196 16 0 0 74 383 233 149 166 19 0 
0 4 151 222 315 332 0 0 0 16 136 196 209 435 32 0 0 28 181 194 203 341 77 0 
0 0 0 7 244 773 0 0 0 0 0 3 87 926 8 0 0 0 0 4 94 555 371 0 
0 0 0 0 8 1016 0 0 0 0 0 0 1 1022 0 0 0 0 0 0 1 808 214 0 
0 0 31 43 40 32 66 812 0 1 41 44 40 35 134 729 0 17 65 42 33 91 437 339 
0 0 5 36 33 132 355 463 0 0 23 37 61 236 486 181 0 12 39 95 230 375 246 27 
0 0 7 68 132 180 376 261 0 0 38 118 149 259 439 21 0 35 121 164 227 391 86 0 
0 0 3 30 32 84 462 413 0 0 19 30 39 249 615 72 0 17 32 50 258 436 231 0 
0 0 0 15 13 77 256 663 0 0 1 18 34 145 617 209 0 0 21 58 108 318 519 0 
0 0 29 57 69 95 411 363 0 4 53 59 75 178 577 78 0 49 78 73 159 401 264 0 
0 0 0 2 36 54 223 709 0 0 0 15 47 82 539 341 0 2 13 47 74 269 598 21 
0 0 0 0 8 17 73 926 0 0 0 3 14 36 225 746 0 0 3 13 27 96 885 0 
0 0 3 11 16 42 137 815 0 0 7 16 28 76 266 631 0 7 17 28 63 131 720 58 
0 0 0 1 16 26 102 879 0 0 0 10 18 37 390 569 0 0 8 18 32 89 872 5 
0 0 0 8 61 93 341 521 0 0 0 42 66 176 482 258 0 0 34 62 107 275 546 0 
0 0 12 41 51 125 331 464 0 0 29 36 60 194 637 68 0 14 42 56 119 259 533 1 
0 0 0 4 31 86 392 511 0 0 0 11 42 105 864 2 0 0 7 36 60 170 751 0 
0 7 102 206 155 99 360 95 0 20 176 206 116 87 419 0 0 110 296 118 70 82 348 0 
0 11 217 129 132 168 367 0 0 35 229 107 136 180 337 0 0 156 178 109 150 234 197 0 
0 0 0 0 0 0 1024 0 0 0 0 0 0 0 1024 0 0 0 0 0 0 206 818 0 
0 0 40 68 151 280 485 0 0 0 44 81 154 284 461 0 0 9 77 121 202 312 303 0 
0 0 2 44 230 582 166 0 0 0 2 61 263 557 141 0 0 0 29 193 369 419 14 0 
0 29 328 293 243 129 2 0 0 52 366 294 223 89 0 0 0 151 462 270 141 0 0 0 
0 0 175 385 326 138 0 0 0 0 197 352 302 173 0 0 0 28 359 328 246 63 0 0 
0 0 12 109 369 534 0 0 0 0 6 93 299 626 0 0 0 0 34 166 498 326 0 0 
0 0 8 99 355 561 0 0 0 0 24 75 318 606 0 0 0 0 68 164 400 390 0 0 
0 190 731 80 23 0 0 0 0 304 636 65 19 0 0 0 0 629 356 39 0 0 0 0 
0 213 668 121 22 0 0 0 1 353 560 98 12 0 0 0 0 734 267 23 0 0 0 0 
0 326 566 81 36 15 0 0 10 543 365 69 29 8 0 0 12 791 163 43 15 0 0 0 
0 125 587 146 109 39 18 0 2 280 498 121 81 36 6 0 22 645 211 97 44 5 0 0 
0 39 579 185 91 82 38 10 0 186 512 152 75 81 18 0 0 554 290 91 73 16 0 0 
0 126 634 119 58 57 27 3 1 280 534 79 64 53 13 0 11 647 231 70 55 10 0 0 
0 24 606 140 55 45 47 107 0 81 630 68 56 56 133 0 0 557 222 56 61 87 41 0 
0 8 498 187 86 61 70 114 0 59 525 129 90 72 149 0 0 377 328 101 74 101 43 0 
0 4 423 255 78 69 84 111 0 23 525 179 80 70 147 0 0 362 355 87 88 92 40 0 
0 20 492 205 37 37 65 168 0 91 528 115 39 49 202 0 0 460 276 41 55 117 75 0 
0 8 501 194 58 66 92 105 0 50 599 85 63 74 153 0 0 415 319 63 70 124 33 0 
0 1 470 128 71 61 94 199 0 32 524 78 61 68 261 0 0 365 265 72 60 171 91 0 
0 8 399 116 37 51 244 169 0 33 455 47 41 90 358 0 0 230 304 41 73 269 107 0 
0 4 290 377 147 74 123 9 0 32 512 235 91 62 92 0 0 457 356 70 44 97 0 0 
0 73 503 112 59 48 229 0 0 165 445 101 56 66 191 0 0 430 249 77 60 208 0 0 
0 0 327 76 47 63 511 0 0 7 359 59 56 182 361 0 0 113 300 58 98 455 0 0 
0 0 352 94 111 226 241 0 0 25 360 94 145 339 61 0 0 106 340 155 262 161 0 0 
0 12 262 161 159 230 200 0 0 41 298 154 159 369 3 0 0 96 363 171 303 91 0 0 
0 10 286 163 232 317 16 0 0 28 356 168 297 175 0 0 0 156 378 287 202 1 0 0 
0 9 377 237 247 154 0 0 0 61 383 236 233 111 0 0 0 157 464 241 154 8 0 0 
0 2 218 221 363 220 0 0 0 14 253 259 337 161 0 0 0 48 362 359 255 0 0 0 
0 0 126 420 312 164 0 0 0 0 328 368 211 116 0 0 0 48 563 233 179 0 0 0 
0 162 404 64 46 68 100 180 0 264 320 65 49 71 190 65 0 506 122 52 72 107 165 0 
0 275 393 64 66 126 98 2 0 438 254 57 84 130 61 0 1 631 105 88 140 59 0 0 
0 372 383 94 68 81 26 0 0 579 210 79 75 76 5 0 12 725 120 74 87 6 0 0 
0 460 299 81 66 89 29 0 1 635 167 61 73 83 4 0 26 735 100 91 71 1 0 0 
0 404 309 118 94 70 29 0 0 546 214 113 95 53 3 0 12 703 159 108 41 1 0 0 
0 321 426 124 60 51 42 0 0 504 307 89 51 70 3 0 16 737 146 66 59 0 0 0 
0 242 257 105 85 99 188 48 0 369 161 107 85 175 127 0 17 508 120 92 181 106 0 0 
0 145 314 57 107 101 235 65 0 313 169 76 105 140 221 0 9 460 92 107 136 220 0 0 
0 157 255 92 121 157 213 29 0 269 182 104 143 188 138 0 3 407 144 156 160 154 0 0 
0 34 301 99 114 163 308 5 0 117 256 99 154 171 227 0 0 323 146 159 145 251 0 0 
0 44 359 198 142 142 139 0 0 130 357 177 144 146 70 0 0 402 256 159 137 70 0 0 
0 59 317 117 108 171 252 0 0 139 277 116 145 197 150 0 0 356 177 157 154 180 0 0 
0 7 355 110 92 131 329 0 0 94 325 89 107 273 136 0 0 316 191 107 197 213 0 0 
0 76 384 288 86 98 92 0 0 195 452 147 83 137 10 0 0 523 272 87 111 31 0 0 
0 172 384 100 77 151 140 0 0 277 301 104 99 243 0 0 0 445 231 99 238 11 0 0 
0 38 388 173 121 256 48 0 0 61 434 144 137 248 0 0 0 237 381 151 254 1 0 0 
0 27 509 193 152 143 0 0 0 62 554 159 182 67 0 0 0 275 475 197 77 0 0 0 
0 37 603 252 116 16 0 0 0 112 625 196 83 8 0 0 0 264 626 124 10 0 0 0 
0 121 395 273 182 53 0 0 0 186 459 245 126 8 0 0 0 267 574 156 27 0 0 0 
0 84 446 280 149 65 0 0 0 120 551 194 147 12 0 0 0 189 618 149 68 0 0 0 
0 0 198 646 172 8 0 0 0 3 561 363 97 0 0 0 0 41 773 197 13 0 0 0 
0 0 324 646 52 0 0 0 0 0 828 174 20 0 0 0 0 56 907 60 0 0 0 0 
0 0 0 0 0 44 600 380 0 0 0 0 0 59 748 217 0 0 0 0 37 144 843 0 
0 0 17 42 143 575 247 0 0 0 19 43 148 652 162 0 0 11 39 88 529 357 0 0 
0 0 58 168 306 432 60 0 0 0 73 165 330 428 28 0 0 44 152 266 489 73 0 0 
0 0 30 28 67 603 296 0 0 0 28 27 78 649 242 0 0 18 26 61 442 477 0 0 
0 0 14 42 53 398 517 0 0 1 19 41 55 507 401 0 0 16 40 44 268 651 5 0 
0 10 52 99 191 533 139 0 0 21 56 88 182 554 123 0 2 50 92 142 414 324 0 0 
0 118 78 24 52 229 523 0 0 162 41 27 41 246 507 0 13 179 29 35 146 593 29 0 
0 148 129 61 37 62 587 0 0 173 113 56 40 42 600 0 6 201 115 38 42 610 12 0 
0 184 190 51 38 121 440 0 0 223 154 50 40 70 487 0 3 294 105 42 39 540 1 0 
0 196 256 57 48 295 172 0 0 329 138 49 49 222 237 0 12 418 69 44 53 428 0 0 
0 303 328 27 33 311 22 0 0 467 172 20 32 308 25 0 3 593 56 24 30 318 0 0 
0 475 296 36 20 197 0 0 0 613 167 29 20 193 2 0 0 740 50 24 29 181 0 0 
0 447 334 92 24 127 0 0 0 559 274 44 21 126 0 0 3 738 112 28 31 112 0 0 
0 618 290 44 33 39 0 0 0 720 198 35 29 42 0 0 0 835 108 28 21 32 0 0 
0 462 370 91 62 39 0 0 0 624 218 61 66 55 0 0 0 747 115 78 59 25 0 0 
0 381 404 55 108 76 0 0 0 527 272 38 29 158 0 0 0 638 181 29 107 69 0 0 
0 417 452 77 78 0 0 0 0 568 302 69 42 43 0 0 0 611 285 58 70 0 0 0 
0 407 484 57 76 0 0 0 0 662 233 36 73 20 0 0 0 724 176 60 64 0 0 0 
0 228 741 39 16 0 0 0 0 656 330 20 18 0 0 0 0 672 322 17 13 0 0 0 
0 129 737 65 82 11 0 0 0 392 501 38 87 6 0 0 0 524 389 48 63 0 0 0 
0 32 761 71 159 1 0 0 0 308 510 54 152 0 0 0 0 325 514 165 20 0 0 0 
0 22 795 160 46 0 0 0 0 276 603 97 46 0 0 0 0 353 600 68 1 0 0 0 
0 0 0 0 2 621 401 0 0 0 0 0 0 188 836 0 0 0 0 0 0 505 519 0 
0 0 0 14 243 765 2 0 0 0 0 8 147 809 60 0 0 0 1 32 306 685 0 0 
0 0 12 176 511 325 0 0 0 0 6 151 416 451 0 0 0 1 45 238 529 211 0 0 
0 0 1 56 404 551 12 0 0 0 0 38 221 735 30 0 0 0 9 61 486 468 0 0 
0 0 0 34 184 744 62 0 0 0 0 6 121 718 179 0 0 0 0 49 203 771 1 0 
0 0 0 0 146 857 21 0 0 0 0 0 63 860 101 0 0 0 0 16 147 861 0 0 
0 0 0 0 91 905 28 0 0 0 0 0 0 855 169 0 0 0 0 0 9 1015 0 0 
0 0 0 0 197 814 13 0 0 0 0 0 0 907 117 0 0 0 0 0 0 1024 0 0 
0 0 0 0 276 748 0 0 0 0 0 0 0 1014 10 0 0 0 0 0 0 1024 0 0 
0 0 0 0 379 645 0 0 0 0 0 0 0 1022 2 0 0 0 0 0 0 1024 0 0 
0 0 0 0 488 536 0 0 0 0 0 0 0 1024 0 0 0 0 0 0 16 1008 0 0 
0 0 0 0 564 460 0 0 0 0 0 0 22 1002 0 0 0 0 0 0 78 946 0 0 
0 0 0 9 684 331 0 0 0 0 0 0 50 974 0 0 0 0 0 0 147 877 0 0 
0 64 274 280 320 86 0 0 0 88 244 226 173 293 0 0 0 161 287 186 167 223 0 0 
0 125 230 434 219 16 0 0 0 123 128 332 355 86 0 0 0 157 187 365 267 48 0 0 
0 0 0 88 922 14 0 0 0 0 0 0 462 562 0 0 0 0 0 0 868 156 0 0 
0 0 3 235 786 0 0 0 0 0 0 13 788 223 0 0 0 0 4 19 1001 0 0 0 
0 0 5 379 640 0 0 0 0 0 0 31 932 61 0 0 0 0 0 61 963 0 0 0 
0 21 261 554 188 0 0 0 0 80 184 358 402 0 0 0 0 74 245 420 285 0 0 0 
0 73 668 240 43 0 0 0 0 121 513 306 84 0 0 0 0 135 557 309 23 0 0 0 
0 129 521 371 3 0 0 0 0 194 341 433 56 0 0 0 0 91 488 417 28 0 0 0 
0 174 374 475 0 0 0 0 0 305 230 380 107 0 0 0 0 144 404 406 68 0 0 0 
0 0 0 0 589 435 0 0 0 0 0 0 57 967 0 0 0 0 0 0 46 978 0 0 
0 0 0 0 668 356 0 0 0 0 0 0 102 922 0 0 0 0 0 0 58 966 0 0 
0 0 3 114 847 60 0 0 0 0 0 68 362 594 0 0 0 0 3 84 340 597 0 0 
0 0 16 146 809 53 0 0 0 0 2 75 455 492 0 0 0 0 6 106 348 564 0 0 
0 0 0 2 935 87 0 0 0 0 0 0 317 707 0 0 0 0 0 0 257 767 0 0 
0 0 0 38 973 13 0 0 0 0 0 0 419 605 0 0 0 0 0 0 409 615 0 0 
0 0 0 182 842 0 0 0 0 0 0 0 537 487 0 0 0 0 0 0 548 476 0 0 
0 0 0 304 720 0 0 0 0 0 0 0 610 414 0 0 0 0 0 0 580 444 0 0 
0 0 0 402 622 0 0 0 0 0 0 0 769 255 0 0 0 0 0 0 718 306 0 0 
0 0 0 501 523 0 0 0 0 0 0 0 851 173 0 0 0 0 0 0 880 144 0 0 
0 0 0 632 392 0 0 0 0 0 0 0 947 77 0 0 0 0 0 0 954 70 0 0 
0 0 0 753 271 0 0 0 0 0 0 0 1017 7 0 0 0 0 0 0 1008 16 0 0 
0 0 0 869 155 0 0 0 0 0 0 22 1002 0 0 0 0 0 0 4 1020 0 0 0 
0 33 421 570 0 0 0 0 0 9 220 578 217 0 0 0 0 21 251 524 228 0 0 0 
0 171 254 598 1 0 0 0 0 150 147 277 450 0 0 0 0 144 150 262 468 0 0 0 
0 0 65 959 0 0 0 0 0 0 0 313 711 0 0 0 0 0 0 121 903 0 0 0 
0 0 186 838 0 0 0 0 0 0 44 370 610 0 0 0 0 0 42 241 741 0 0 0 
0 2 549 473 0 0 0 0 0 1 161 668 194 0 0 0 0 0 123 718 183 0 0 0 
0 106 731 187 0 0 0 0 0 136 616 271 1 0 0 0 0 12 758 254 0 0 0 0 
0 52 870 102 0 0 0 0 0 17 721 286 0 0 0 0 0 0 717 307 0 0 0 0 
0 5 893 126 0 0 0 0 0 0 347 672 5 0 0 0 0 0 227 772 25 0 0 0 
0 0 452 571 0 0 0 0 0 0 0 1004 19 0 0 0 0 0 0 953 70 0 0 0 
0 0 0 340 683 0 0 0 0 0 0 0 983 40 0 0 0 0 0 0 845 178 0 0 
0 0 0 180 843 0 0 0 0 0 0 0 1018 5 0 0 0 0 0 0 998 25 0 0 
0 0 0 437 586 0 0 0 0 0 0 0 1024 0 0 0 0 0 0 0 1024 0 0 0 
0 0 0 628 395 0 0 0 0 0 0 0 1024 0 0 0 0 0 0 0 1018 5 0 0 
0 0 0 906 117 0 0 0 0 0 0 0 1024 0 0 0 0 0 0 0 1024 0 0 0 
0 0 0 1015 8 0 0 0 0 0 0 0 1024 0 0 0 0 0 0 0 1024 0 0 0 
0 0 0 1024 0 0 0 0 0 0 0 1 1022 0 0 0 0 0 0 0 1024 0 0 0 
0 0 0 1024 0 0 0 0 0 0 0 53 970 0 0 0 0 0 0 3 1020 0 0 0 
0 0 0 1024 0 0 0 0 0 0 0 333 690 0 0 0 0 0 0 37 986 0 0 0 
0 0 0 1024 0 0 0 0 0 0 0 485 538 0 0 0 0 0 0 161 862 0 0 0 
0 0 210 813 0 0 0 0 0 0 0 714 309 0 0 0 0 0 0 461 562 0 0 0 
0 0 437 586 0 0 0 0 0 0 0 896 128 0 0 0 0 0 0 591 432 0 0 0 
0 0 720 303 0 0 0 0 0 0 13 983 26 0 0 0 0 0 0 776 247 0 0 0 
0 45 931 47 0 0 0 0 0 0 372 648 3 0 0 0 0 0 279 739 5 0 0 0 
0 239 781 3 0 0 0 0 0 117 764 141 0 0 0 0 0 107 707 208 0 0 0 0 
0 28 986 8 0 0 0 0 0 0 141 882 0 0 0 0 0 0 102 921 0 0 0 0 
0 0 1022 1 0 0 0 0 0 0 298 725 0 0 0 0 0 0 190 833 0 0 0 0 
0 23 1000 0 0 0 0 0 0 0 896 128 0 0 0 0 0 0 798 225 0 0 0 0 
0 427 596 0 0 0 0 0 0 453 570 0 0 0 0 0 0 6 1017 0 0 0 0 0 
0 80 943 0 0 0 0 0 0 45 976 1 0 0 0 0 0 0 949 74 0 0 0 0 
0 8 1015 0 0 0 0 0 0 11 867 144 0 0 0 0 0 0 626 397 0 0 0 0 
0 0 1024 0 0 0 0 0 0 0 253 770 0 0 0 0 0 0 48 975 0 0 0 0 
