0 0 0 1024 0 0 0 0 0 0 0 0 1010 14 0 0 0 0 0 0 0 0 1013 11 
0 0 0 1024 0 0 0 0 0 0 0 0 933 91 0 0 0 0 0 0 0 0 968 56 
0 0 0 1024 0 0 0 0 0 0 0 0 844 180 0 0 0 0 0 0 0 0 825 199 
0 0 0 1024 0 0 0 0 0 0 0 0 791 233 0 0 0 0 0 0 0 0 717 307 
0 0 0 1024 0 0 0 0 0 0 0 0 596 428 0 0 0 0 0 0 0 0 525 499 
0 0 0 1024 0 0 0 0 0 0 0 0 428 596 0 0 0 0 0 0 0 0 481 543 
0 0 0 1024 0 0 0 0 0 0 0 0 333 691 0 0 0 0 0 0 0 0 430 594 
0 0 0 1024 0 0 0 0 0 0 0 0 386 638 0 0 0 0 0 0 0 0 209 815 
0 0 0 1024 0 0 0 0 0 0 0 0 305 719 0 0 0 0 0 0 0 0 160 864 
0 0 0 1024 0 0 0 0 0 0 0 0 298 726 0 0 0 0 0 0 0 0 77 947 
0 0 0 1024 0 0 0 0 0 0 0 0 194 830 0 0 0 0 0 0 0 0 87 937 
0 0 0 1024 0 0 0 0 0 0 0 0 71 953 0 0 0 0 0 0 0 0 23 1001 
0 0 0 1024 0 0 0 0 0 0 0 0 16 1008 0 0 0 0 0 0 0 0 5 1019 
0 0 0 1024 0 0 0 0 0 0 0 0 3 1021 0 0 0 0 0 0 0 0 2 1022 
0 0 0 1024 0 0 0 0 0 0 0 0 1 1023 0 0 0 0 0 0 0 0 0 1024 
0 0 0 1024 0 0 0 0 0 0 0 0 2 1022 0 0 0 0 0 0 0 0 1 1023 
0 0 0 1024 0 0 0 0 0 0 0 0 2 1022 0 0 0 0 0 0 0 0 0 1024 
0 0 0 1024 0 0 0 0 0 0 0 0 2 1022 0 0 0 0 0 0 0 0 0 1024 
0 0 0 1024 0 0 0 0 0 0 0 0 0 1024 0 0 0 0 0 0 0 0 0 1024 
0 0 0 1024 0 0 0 0 0 0 0 0 0 1024 0 0 0 0 0 0 0 0 0 1024 
0 0 0 1024 0 0 0 0 0 0 0 0 0 1024 0 0 0 0 0 0 0 0 0 1024 
0 0 0 1024 0 0 0 0 0 0 0 0 0 1024 0 0 0 0 0 0 0 0 0 1024 
0 0 0 1024 0 0 0 0 0 0 0 0 3 1021 0 0 0 0 0 0 0 0 0 1024 
0 0 0 1024 0 0 0 0 0 0 0 0 0 1024 0 0 0 0 0 0 0 0 0 1024 
0 0 0 1024 0 0 0 0 0 0 0 0 6 1018 0 0 0 0 0 0 0 0 0 1024 
0 0 0 1024 0 0 0 0 0 0 0 0 10 1014 0 0 0 0 0 0 0 0 0 1024 
0 0 0 1024 0 0 0 0 0 0 0 0 8 1016 0 0 0 0 0 0 0 0 0 1024 
0 0 0 1024 0 0 0 0 0 0 0 0 1 1023 0 0 0 0 0 0 0 0 0 1024 
0 0 0 1024 0 0 0 0 0 0 0 0 0 1024 0 0 0 0 0 0 0 0 0 1024 
0 0 0 1024 0 0 0 0 0 0 0 0 0 1024 0 0 0 0 0 0 0 0 0 1024 
0 0 0 1024 0 0 0 0 0 0 0 0 4 1020 0 0 0 0 0 0 0 0 0 1024 
0 0 0 1024 0 0 0 0 0 0 0 0 0 1024 0 0 0 0 0 0 0 0 0 1024 
0 0 0 1024 0 0 0 0 0 0 0 0 522 502 0 0 0 0 0 0 0 0 826 198 
0 0 0 1024 0 0 0 0 0 0 0 0 363 661 0 0 0 0 0 0 0 0 649 375 
0 0 0 1024 0 0 0 0 0 0 0 0 272 752 0 0 0 0 0 0 0 0 551 473 
0 0 0 1024 0 0 0 0 0 0 0 0 183 841 0 0 0 0 0 0 0 0 219 805 
0 0 0 1024 0 0 0 0 0 0 0 0 83 941 0 0 0 0 0 0 0 0 165 859 
0 0 0 1024 0 0 0 0 0 0 0 0 26 998 0 0 0 0 0 0 0 0 40 984 
0 0 0 1024 0 0 0 0 0 0 0 0 37 987 0 0 0 0 0 0 0 0 37 987 
0 0 0 1024 0 0 0 0 0 0 0 0 22 1002 0 0 0 0 0 0 0 0 13 1011 
0 0 0 1024 0 0 0 0 0 0 0 0 3 1021 0 0 0 0 0 0 0 0 0 1024 
0 0 0 1024 0 0 0 0 0 0 0 0 15 1009 0 0 0 0 0 0 0 0 8 1016 
0 0 0 1024 0 0 0 0 0 0 0 0 3 1021 0 0 0 0 0 0 0 0 2 1022 
0 0 0 1024 0 0 0 0 0 0 0 0 0 1024 0 0 0 0 0 0 0 0 0 1024 
0 0 0 1024 0 0 0 0 0 0 0 0 1 1023 0 0 0 0 0 0 0 0 0 1024 
0 0 0 1024 0 0 0 0 0 0 0 0 0 1024 0 0 0 0 0 0 0 0 0 1024 
0 0 0 1024 0 0 0 0 0 0 0 0 1 1023 0 0 0 0 0 0 0 0 0 1024 
0 0 0 1024 0 0 0 0 0 0 0 0 0 1024 0 0 0 0 0 0 0 0 0 1024 
0 0 0 1024 0 0 0 0 0 0 0 0 0 1024 0 0 0 0 0 0 0 0 0 1024 
0 0 0 1024 0 0 0 0 0 0 0 0 0 1024 0 0 0 0 0 0 0 0 0 1024 
0 0 0 1024 0 0 0 0 0 0 0 0 0 1024 0 0 0 0 0 0 0 0 0 1024 
0 0 0 1024 0 0 0 0 0 0 0 0 0 1024 0 0 0 0 0 0 0 0 0 1024 
0 0 0 1024 0 0 0 0 0 0 0 0 0 1024 0 0 0 0 0 0 0 0 0 1024 
0 0 0 1024 0 0 0 0 0 0 0 0 0 1024 0 0 0 0 0 0 0 0 0 1024 
0 0 0 1024 0 0 0 0 0 0 0 0 0 1024 0 0 0 0 0 0 0 0 0 1024 
0 0 0 1024 0 0 0 0 0 0 0 0 0 1024 0 0 0 0 0 0 0 0 0 1024 
0 0 0 1024 0 0 0 0 0 0 0 0 0 1024 0 0 0 0 0 0 0 0 0 1024 
0 0 0 1024 0 0 0 0 0 0 0 0 0 1024 0 0 0 0 0 0 0 0 0 1024 
0 0 0 1024 0 0 0 0 0 0 0 0 0 1024 0 0 0 0 0 0 0 0 0 1024 
0 0 0 1024 0 0 0 0 0 0 0 0 0 1024 0 0 0 0 0 0 0 0 0 1024 
0 0 0 1024 0 0 0 0 0 0 0 0 0 1024 0 0 0 0 0 0 0 0 0 1024 
0 0 0 1024 0 0 0 0 0 0 0 0 0 1024 0 0 0 0 0 0 0 0 0 1024 
0 0 0 1024 0 0 0 0 0 0 0 0 0 1024 0 0 0 0 0 0 0 0 0 1024 
0 0 0 1024 0 0 0 0 0 0 0 0 0 1024 0 0 0 0 0 0 0 0 0 1024 
0 0 0 1024 0 0 0 0 0 0 0 0 51 973 0 0 0 0 0 0 0 0 355 669 
0 0 0 1024 0 0 0 0 0 0 0 0 23 1001 0 0 0 0 0 0 0 0 147 877 
0 0 0 1024 0 0 0 0 0 0 0 0 12 1012 0 0 0 0 0 0 0 0 34 990 
0 0 0 1024 0 0 0 0 0 0 0 0 5 1019 0 0 0 0 0 0 0 0 34 990 
0 0 0 1024 0 0 0 0 0 0 0 0 3 1021 0 0 0 0 0 0 0 0 27 997 
0 0 0 1024 0 0 0 0 0 0 0 0 0 1024 0 0 0 0 0 0 0 0 2 1022 
0 0 0 1024 0 0 0 0 0 0 0 0 0 1024 0 0 0 0 0 0 0 0 1 1023 
0 0 0 1024 0 0 0 0 0 0 0 0 0 1024 0 0 0 0 0 0 0 0 0 1024 
0 0 0 1024 0 0 0 0 0 0 0 0 0 1024 0 0 0 0 0 0 0 0 0 1024 
0 0 0 1024 0 0 0 0 0 0 0 0 0 1024 0 0 0 0 0 0 0 0 0 1024 
0 0 0 1024 0 0 0 0 0 0 0 0 0 1024 0 0 0 0 0 0 0 0 0 1024 
0 0 0 1024 0 0 0 0 0 0 0 0 0 1024 0 0 0 0 0 0 0 0 0 1024 
0 0 0 1024 0 0 0 0 0 0 0 0 0 1024 0 0 0 0 0 0 0 0 0 1024 
0 0 0 1024 0 0 0 0 0 0 0 0 0 1024 0 0 0 0 0 0 0 0 0 1024 
0 0 0 1024 0 0 0 0 0 0 0 0 0 1024 0 0 0 0 0 0 0 0 0 1024 
0 0 0 1024 0 0 0 0 0 0 0 0 0 1024 0 0 0 0 0 0 0 0 0 1024 
0 0 0 1024 0 0 0 0 0 0 0 0 0 1024 0 0 0 0 0 0 0 0 0 1024 
0 0 0 1024 0 0 0 0 0 0 0 0 0 1024 0 0 0 0 0 0 0 0 0 1024 
0 0 0 1024 0 0 0 0 0 0 0 0 0 1024 0 0 0 0 0 0 0 0 0 1024 
0 0 0 1024 0 0 0 0 0 0 0 0 0 1024 0 0 0 0 0 0 0 0 0 1024 
0 0 0 1024 0 0 0 0 0 0 0 0 0 1024 0 0 0 0 0 0 0 0 0 1024 
0 0 0 1024 0 0 0 0 0 0 0 0 0 1024 0 0 0 0 0 0 0 0 0 1024 
0 0 0 1024 0 0 0 0 0 0 0 0 0 1024 0 0 0 0 0 0 0 0 0 1024 
0 0 0 1024 0 0 0 0 0 0 0 0 0 1024 0 0 0 0 0 0 0 0 0 1024 
0 0 0 1024 0 0 0 0 0 0 0 0 0 1024 0 0 0 0 0 0 0 0 0 1024 
0 0 0 1024 0 0 0 0 0 0 0 0 0 1024 0 0 0 0 0 0 0 0 0 1024 
0 0 0 1024 0 0 0 0 0 0 0 0 0 1024 0 0 0 0 0 0 0 0 0 1024 
0 0 0 1024 0 0 0 0 0 0 0 0 0 1024 0 0 0 0 0 0 0 0 0 1024 
0 0 0 1024 0 0 0 0 0 0 0 0 0 1024 0 0 0 0 0 0 0 0 0 1024 
0 0 0 1024 0 0 0 0 0 0 0 0 0 1024 0 0 0 0 0 0 0 0 0 1024 
0 0 0 1024 0 0 0 0 0 0 0 0 0 1024 0 0 0 0 0 0 0 0 0 1024 
0 0 0 1024 0 0 0 0 0 0 0 0 0 1024 0 0 0 0 0 0 0 0 0 1024 
0 0 0 1024 0 0 0 0 0 0 0 0 0 1024 0 0 0 0 0 0 0 0 70 954 
0 0 0 1024 0 0 0 0 0 0 0 0 3 1021 0 0 0 0 0 0 0 0 13 1011 
0 0 0 1024 0 0 0 0 0 0 0 0 0 1024 0 0 0 0 0 0 0 0 12 1012 
0 0 0 1024 0 0 0 0 0 0 0 0 0 1024 0 0 0 0 0 0 0 0 0 1024 
0 0 0 1024 0 0 0 0 0 0 0 0 0 1024 0 0 0 0 0 0 0 0 3 1021 
0 0 0 1024 0 0 0 0 0 0 0 0 0 1024 0 0 0 0 0 0 0 0 0 1024 
0 0 0 1024 0 0 0 0 0 0 0 0 0 1024 0 0 0 0 0 0 0 0 0 1024 
0 0 0 1024 0 0 0 0 0 0 0 0 0 1024 0 0 0 0 0 0 0 0 0 1024 
0 0 0 1022 2 0 0 0 0 0 0 0 0 1024 0 0 0 0 0 0 0 0 0 1024 
0 0 0 1024 0 0 0 0 0 0 0 0 0 1024 0 0 0 0 0 0 0 0 0 1024 
0 0 0 1024 0 0 0 0 0 0 0 0 0 1024 0 0 0 0 0 0 0 0 0 1024 
0 0 0 1023 1 0 0 0 0 0 0 0 0 1024 0 0 0 0 0 0 0 0 0 1024 
0 0 0 1024 0 0 0 0 0 0 0 0 0 1024 0 0 0 0 0 0 0 0 0 1024 
0 0 0 1024 0 0 0 0 0 0 0 0 0 1024 0 0 0 0 0 0 0 0 0 1024 
0 0 0 1024 0 0 0 0 0 0 0 0 0 1024 0 0 0 0 0 0 0 0 0 1024 
0 0 0 1024 0 0 0 0 0 0 0 0 0 1024 0 0 0 0 0 0 0 0 0 1024 
0 0 0 1024 0 0 0 0 0 0 0 0 0 1024 0 0 0 0 0 0 0 0 0 1024 
0 0 0 1024 0 0 0 0 0 0 0 0 0 1024 0 0 0 0 0 0 0 0 0 1024 
0 0 0 1024 0 0 0 0 0 0 0 0 0 1024 0 0 0 0 0 0 0 0 0 1024 
0 0 0 1024 0 0 0 0 0 0 0 0 0 1024 0 0 0 0 0 0 0 0 0 1024 
0 0 0 1024 0 0 0 0 0 0 0 0 0 1024 0 0 0 0 0 0 0 0 0 1024 
0 0 0 1024 0 0 0 0 0 0 0 0 0 1024 0 0 0 0 0 0 0 0 0 1024 
0 0 0 1024 0 0 0 0 0 0 0 0 0 1024 0 0 0 0 0 0 0 0 0 1024 
0 0 0 1024 0 0 0 0 0 0 0 0 0 1024 0 0 0 0 0 0 0 0 0 1024 
0 0 0 1024 0 0 0 0 0 0 0 0 0 1024 0 0 0 0 0 0 0 0 0 1024 
0 0 0 1024 0 0 0 0 0 0 0 0 0 1024 0 0 0 0 0 0 0 0 0 1024 
0 0 0 1024 0 0 0 0 0 0 0 0 0 1024 0 0 0 0 0 0 0 0 0 1024 
0 0 0 1024 0 0 0 0 0 0 0 0 0 1024 0 0 0 0 0 0 0 0 0 1024 
0 0 0 1024 0 0 0 0 0 0 0 0 0 1024 0 0 0 0 0 0 0 0 0 1024 
0 0 0 1024 0 0 0 0 0 0 0 0 0 1024 0 0 0 0 0 0 0 0 0 1024 
0 0 0 1024 0 0 0 0 0 0 0 0 0 1024 0 0 0 0 0 0 0 0 0 1024 
0 0 0 1024 0 0 0 0 0 0 0 0 0 1024 0 0 0 0 0 0 0 0 0 1024 
0 0 0 1024 0 0 0 0 0 0 0 0 0 1024 0 0 0 0 0 0 0 0 10 1014 
0 0 0 1024 0 0 0 0 0 0 0 0 0 1024 0 0 0 0 0 0 0 0 2 1022 
0 0 0 1024 0 0 0 0 0 0 0 0 0 1024 0 0 0 0 0 0 0 0 0 1024 
0 0 0 1023 1 0 0 0 0 0 0 0 0 1024 0 0 0 0 0 0 0 0 0 1024 
0 0 0 1024 0 0 0 0 0 0 0 0 0 1024 0 0 0 0 0 0 0 0 0 1024 
0 0 0 1022 2 0 0 0 0 0 0 0 0 1024 0 0 0 0 0 0 0 0 0 1024 
0 0 0 996 28 0 0 0 0 0 0 0 0 1024 0 0 0 0 0 0 0 0 0 1024 
0 0 0 988 36 0 0 0 0 0 0 0 0 1024 0 0 0 0 0 0 0 0 0 1024 
0 0 0 1007 17 0 0 0 0 0 0 0 0 1024 0 0 0 0 0 0 0 0 0 1024 
0 0 0 1010 14 0 0 0 0 0 0 0 0 1024 0 0 0 0 0 0 0 0 0 1024 
0 0 0 967 57 0 0 0 0 0 0 0 0 1024 0 0 0 0 0 0 0 0 0 1024 
0 0 0 962 62 0 0 0 0 0 0 0 0 1024 0 0 0 0 0 0 0 0 0 1024 
0 0 0 961 63 0 0 0 0 0 0 0 0 1024 0 0 0 0 0 0 0 0 0 1024 
0 0 0 969 55 0 0 0 0 0 0 0 0 1024 0 0 0 0 0 0 0 0 0 1024 
0 0 0 1019 5 0 0 0 0 0 0 0 0 1024 0 0 0 0 0 0 0 0 0 1024 
0 0 0 1022 2 0 0 0 0 0 0 0 0 1024 0 0 0 0 0 0 0 0 0 1024 
0 0 0 1023 1 0 0 0 0 0 0 0 0 1024 0 0 0 0 0 0 0 0 0 1024 
0 0 0 1024 0 0 0 0 0 0 0 0 0 1024 0 0 0 0 0 0 0 0 0 1024 
0 0 0 1024 0 0 0 0 0 0 0 0 0 1024 0 0 0 0 0 0 0 0 0 1024 
0 0 0 1024 0 0 0 0 0 0 0 0 0 1024 0 0 0 0 0 0 0 0 0 1024 
0 0 0 1024 0 0 0 0 0 0 0 0 0 1024 0 0 0 0 0 0 0 0 0 1024 
0 0 0 1024 0 0 0 0 0 0 0 0 0 1024 0 0 0 0 0 0 0 0 0 1024 
0 0 0 1024 0 0 0 0 0 0 0 0 0 1024 0 0 0 0 0 0 0 0 0 1024 
0 0 0 1024 0 0 0 0 0 0 0 0 0 1024 0 0 0 0 0 0 0 0 0 1024 
0 0 0 1024 0 0 0 0 0 0 0 0 0 1024 0 0 0 0 0 0 0 0 0 1024 
0 0 0 1024 0 0 0 0 0 0 0 0 0 1024 0 0 0 0 0 0 0 0 0 1024 
0 0 0 1024 0 0 0 0 0 0 0 0 0 1024 0 0 0 0 0 0 0 0 0 1024 
0 0 0 1024 0 0 0 0 0 0 0 0 0 1024 0 0 0 0 0 0 0 0 0 1024 
0 0 0 1024 0 0 0 0 0 0 0 0 0 1024 0 0 0 0 0 0 0 0 0 1024 
0 0 0 1024 0 0 0 0 0 0 0 0 0 1024 0 0 0 0 0 0 0 0 0 1024 
0 0 0 1024 0 0 0 0 0 0 0 0 0 1024 0 0 0 0 0 0 0 0 0 1024 
0 0 0 1024 0 0 0 0 0 0 0 0 0 1024 0 0 0 0 0 0 0 0 0 1024 
0 0 0 977 47 0 0 0 0 0 0 0 0 1024 0 0 0 0 0 0 0 0 10 1014 
0 0 0 999 25 0 0 0 0 0 0 0 0 1024 0 0 0 0 0 0 0 0 0 1024 
0 0 0 986 38 0 0 0 0 0 0 0 0 1024 0 0 0 0 0 0 0 0 1 1023 
0 0 0 844 171 9 0 0 0 0 0 0 0 1020 4 0 0 0 0 0 0 0 2 1022 
0 0 0 691 317 16 0 0 0 0 0 0 0 1022 2 0 0 0 0 0 0 0 1 1023 
0 0 0 746 277 1 0 0 0 0 0 0 0 1024 0 0 0 0 0 0 0 0 4 1020 
0 0 0 933 91 0 0 0 0 0 0 0 0 1024 0 0 0 0 0 0 0 0 0 1024 
0 0 0 676 348 0 0 0 0 0 0 0 0 1024 0 0 0 0 0 0 0 0 0 1024 
0 0 0 282 707 35 0 0 0 0 0 0 0 1002 22 0 0 0 0 0 0 0 0 1024 
0 0 0 349 462 164 49 0 0 0 0 0 0 823 201 0 0 0 0 0 0 0 1 1023 
0 0 0 376 552 96 0 0 0 0 0 0 0 939 85 0 0 0 0 0 0 0 0 1024 
0 0 0 344 678 2 0 0 0 0 0 0 0 1023 1 0 0 0 0 0 0 0 0 1024 
0 0 0 495 529 0 0 0 0 0 0 0 0 1024 0 0 0 0 0 0 0 0 0 1024 
0 0 0 708 316 0 0 0 0 0 0 0 0 1024 0 0 0 0 0 0 0 0 0 1024 
0 0 0 835 189 0 0 0 0 0 0 0 0 1024 0 0 0 0 0 0 0 0 0 1024 
0 0 0 897 127 0 0 0 0 0 0 0 0 1024 0 0 0 0 0 0 0 0 0 1024 
0 0 0 895 129 0 0 0 0 0 0 0 0 1024 0 0 0 0 0 0 0 0 0 1024 
0 0 0 955 69 0 0 0 0 0 0 0 0 1024 0 0 0 0 0 0 0 0 0 1024 
0 0 0 1012 12 0 0 0 0 0 0 0 0 1024 0 0 0 0 0 0 0 0 0 1024 
0 0 0 1019 5 0 0 0 0 0 0 0 0 1024 0 0 0 0 0 0 0 0 0 1024 
0 0 0 1020 4 0 0 0 0 0 0 0 0 1024 0 0 0 0 0 0 0 0 0 1024 
0 0 0 1024 0 0 0 0 0 0 0 0 0 1024 0 0 0 0 0 0 0 0 0 1024 
0 0 0 1024 0 0 0 0 0 0 0 0 0 1024 0 0 0 0 0 0 0 0 0 1024 
0 0 0 1024 0 0 0 0 0 0 0 0 0 1024 0 0 0 0 0 0 0 0 0 1024 
0 0 0 1024 0 0 0 0 0 0 0 0 0 1024 0 0 0 0 0 0 0 0 0 1024 
0 0 0 1024 0 0 0 0 0 0 0 0 0 1024 0 0 0 0 0 0 0 0 0 1024 
0 0 0 1024 0 0 0 0 0 0 0 0 0 1024 0 0 0 0 0 0 0 0 0 1024 
0 0 0 1024 0 0 0 0 0 0 0 0 0 1024 0 0 0 0 0 0 0 0 0 1024 
0 0 0 1024 0 0 0 0 0 0 0 0 0 1024 0 0 0 0 0 0 0 0 0 1024 
0 0 0 1024 0 0 0 0 0 0 0 0 0 1024 0 0 0 0 0 0 0 0 0 1024 
0 0 0 1024 0 0 0 0 0 0 0 0 0 1024 0 0 0 0 0 0 0 0 0 1024 
0 0 0 1021 3 0 0 0 0 0 0 0 0 1024 0 0 0 0 0 0 0 0 0 1024 
0 0 0 229 795 0 0 0 0 0 0 0 0 1024 0 0 0 0 0 0 0 0 10 1014 
0 0 0 308 716 0 0 0 0 0 0 0 0 1024 0 0 0 0 0 0 0 0 1 1023 
0 0 0 254 770 0 0 0 0 0 0 0 0 1024 0 0 0 0 0 0 0 0 3 1021 
0 0 0 34 858 132 0 0 0 0 0 0 0 931 93 0 0 0 0 0 0 0 5 1019 
0 0 0 41 865 118 0 0 0 0 0 0 0 931 93 0 0 0 0 0 0 0 13 1011 
0 0 0 195 829 0 0 0 0 0 0 0 0 1024 0 0 0 0 0 0 0 0 0 1024 
0 0 0 187 837 0 0 0 0 0 0 0 0 1024 0 0 0 0 0 0 0 0 0 1024 
0 0 0 127 897 0 0 0 0 0 0 0 0 1024 0 0 0 0 0 0 0 0 0 1024 
0 0 0 6 1006 12 0 0 0 0 0 0 0 1014 10 0 0 0 0 0 0 0 0 1024 
0 0 0 0 929 95 0 0 0 0 0 0 0 931 93 0 0 0 0 0 0 0 0 1024 
0 0 0 0 844 180 0 0 0 0 0 0 0 847 177 0 0 0 0 0 0 0 0 1024 
0 0 0 3 1015 6 0 0 0 0 0 0 0 1017 7 0 0 0 0 0 0 0 0 1024 
0 0 0 24 1000 0 0 0 0 0 0 0 0 1024 0 0 0 0 0 0 0 0 0 1024 
0 0 0 69 955 0 0 0 0 0 0 0 0 1024 0 0 0 0 0 0 0 0 0 1024 
0 0 0 126 898 0 0 0 0 0 0 0 0 1024 0 0 0 0 0 0 0 0 0 1024 
0 0 0 180 844 0 0 0 0 0 0 0 0 1024 0 0 0 0 0 0 0 0 0 1024 
0 0 0 199 825 0 0 0 0 0 0 0 0 1024 0 0 0 0 0 0 0 0 0 1024 
0 0 0 360 664 0 0 0 0 0 0 0 0 1024 0 0 0 0 0 0 0 0 0 1024 
0 0 0 463 561 0 0 0 0 0 0 0 0 1024 0 0 0 0 0 0 0 0 0 1024 
0 0 0 614 410 0 0 0 0 0 0 0 0 1024 0 0 0 0 0 0 0 0 0 1024 
0 0 0 771 253 0 0 0 0 0 0 0 0 1024 0 0 0 0 0 0 0 0 0 1024 
0 0 0 943 81 0 0 0 0 0 0 0 0 1024 0 0 0 0 0 0 0 0 0 1024 
0 0 0 998 26 0 0 0 0 0 0 0 0 1024 0 0 0 0 0 0 0 0 0 1024 
0 0 0 1024 0 0 0 0 0 0 0 0 0 1024 0 0 0 0 0 0 0 0 0 1024 
0 0 0 1024 0 0 0 0 0 0 0 0 0 1024 0 0 0 0 0 0 0 0 0 1024 
0 0 0 1024 0 0 0 0 0 0 0 0 0 1024 0 0 0 0 0 0 0 0 0 1024 
0 0 0 1024 0 0 0 0 0 0 0 0 0 1024 0 0 0 0 0 0 0 0 0 1024 
0 0 0 1024 0 0 0 0 0 0 0 0 0 1024 0 0 0 0 0 0 0 0 0 1024 
0 0 0 1013 11 0 0 0 0 0 0 0 0 1024 0 0 0 0 0 0 0 0 0 1024 
0 0 0 985 39 0 0 0 0 0 0 0 0 1024 0 0 0 0 0 0 0 0 0 1024 
0 0 0 938 86 0 0 0 0 0 0 0 0 1024 0 0 0 0 0 0 0 0 0 1024 
0 0 0 842 182 0 0 0 0 0 0 2 4 1018 0 0 0 0 0 0 0 1 5 1018 
0 0 0 13 1011 0 0 0 0 0 0 0 0 1024 0 0 0 0 0 0 0 0 0 1024 
0 0 0 1 1023 0 0 0 0 0 0 0 0 1024 0 0 0 0 0 0 0 0 1 1023 
0 0 0 0 1024 0 0 0 0 0 0 0 0 1024 0 0 0 0 0 0 0 0 0 1024 
0 0 0 3 1021 0 0 0 0 0 0 0 0 1024 0 0 0 0 0 0 0 0 0 1024 
0 0 0 0 1024 0 0 0 0 0 0 0 0 1024 0 0 0 0 0 0 0 0 0 1024 
0 0 0 1 1023 0 0 0 0 0 0 0 0 1024 0 0 0 0 0 0 0 0 0 1024 
0 0 0 0 1024 0 0 0 0 0 0 0 0 1024 0 0 0 0 0 0 0 0 0 1024 
0 0 0 0 1024 0 0 0 0 0 0 0 0 1024 0 0 0 0 0 0 0 0 0 1024 
0 0 0 1 1023 0 0 0 0 0 0 0 0 1024 0 0 0 0 0 0 0 0 0 1024 
0 0 0 0 1024 0 0 0 0 0 0 0 0 1024 0 0 0 0 0 0 0 0 0 1024 
0 0 0 0 1024 0 0 0 0 0 0 0 0 1024 0 0 0 0 0 0 0 0 0 1024 
0 0 0 0 1024 0 0 0 0 0 0 0 0 1023 1 0 0 0 0 0 0 0 0 1024 
0 0 0 0 1024 0 0 0 0 0 0 0 0 1023 1 0 0 0 0 0 0 0 0 1024 
0 0 0 0 1024 0 0 0 0 0 0 0 0 1024 0 0 0 0 0 0 0 0 0 1024 
0 0 0 0 1019 5 0 0 0 0 0 0 0 1019 5 0 0 0 0 0 0 0 0 1024 
0 0 0 0 1024 0 0 0 0 0 0 0 0 1024 0 0 0 0 0 0 0 0 0 1024 
0 0 0 0 1024 0 0 0 0 0 0 0 0 1024 0 0 0 0 0 0 0 0 0 1024 
0 0 0 0 1024 0 0 0 0 0 0 0 0 1024 0 0 0 0 0 0 0 0 0 1024 
0 0 0 15 1009 0 0 0 0 0 0 0 0 1024 0 0 0 0 0 0 0 0 0 1024 
0 0 0 6 1018 0 0 0 0 0 0 0 0 1024 0 0 0 0 0 0 0 0 0 1024 
0 0 0 56 968 0 0 0 0 0 0 0 0 1024 0 0 0 0 0 0 0 0 0 1024 
0 0 0 75 949 0 0 0 0 0 0 0 0 1024 0 0 0 0 0 0 0 0 0 1024 
0 0 0 205 819 0 0 0 0 0 0 0 0 1024 0 0 0 0 0 0 0 0 0 1024 
0 0 0 444 580 0 0 0 0 0 0 0 0 1024 0 0 0 0 0 0 0 0 0 1024 
0 0 0 573 451 0 0 0 0 0 0 0 0 1024 0 0 0 0 0 0 0 0 0 1024 
0 0 0 592 432 0 0 0 0 0 0 0 0 1024 0 0 0 0 0 0 0 0 0 1024 
0 0 0 605 419 0 0 0 0 0 0 0 0 1024 0 0 0 0 0 0 0 0 0 1024 
0 0 0 639 385 0 0 0 0 0 0 0 0 1024 0 0 0 0 0 0 0 0 0 1024 
0 0 0 479 545 0 0 0 0 0 0 0 0 1024 0 0 0 0 0 0 0 0 0 1024 
0 0 0 393 631 0 0 0 0 0 0 0 0 1024 0 0 0 0 0 0 0 0 0 1024 
0 0 0 230 794 0 0 0 0 0 0 0 0 1024 0 0 0 0 0 0 0 0 0 1024 
0 0 1 90 933 0 0 0 0 0 0 6 11 1007 0 0 0 0 0 0 0 7 12 1005 
0 0 0 0 1024 0 0 0 0 0 0 0 0 1024 0 0 0 0 0 0 0 0 59 965 
0 0 0 0 1024 0 0 0 0 0 0 0 0 1024 0 0 0 0 0 0 0 0 2 1022 
0 0 0 0 1024 0 0 0 0 0 0 0 0 1024 0 0 0 0 0 0 0 0 1 1023 
0 0 0 0 1024 0 0 0 0 0 0 0 0 1024 0 0 0 0 0 0 0 0 0 1024 
0 0 0 0 1024 0 0 0 0 0 0 0 0 1024 0 0 0 0 0 0 0 0 0 1024 
0 0 0 0 1024 0 0 0 0 0 0 0 0 1024 0 0 0 0 0 0 0 0 0 1024 
0 0 0 0 1024 0 0 0 0 0 0 0 0 1024 0 0 0 0 0 0 0 0 0 1024 
0 0 0 0 1024 0 0 0 0 0 0 0 0 1024 0 0 0 0 0 0 0 0 0 1024 
0 0 0 0 1024 0 0 0 0 0 0 0 0 1024 0 0 0 0 0 0 0 0 0 1024 
0 0 0 0 1024 0 0 0 0 0 0 0 0 1024 0 0 0 0 0 0 0 0 0 1024 
0 0 0 0 1024 0 0 0 0 0 0 0 0 1024 0 0 0 0 0 0 0 0 0 1024 
0 0 0 0 1024 0 0 0 0 0 0 0 0 1024 0 0 0 0 0 0 0 0 0 1024 
0 0 0 0 1024 0 0 0 0 0 0 0 0 1024 0 0 0 0 0 0 0 0 0 1024 
0 0 0 0 1011 13 0 0 0 0 0 0 0 1002 22 0 0 0 0 0 0 0 0 1024 
0 0 0 0 1024 0 0 0 0 0 0 0 0 1022 2 0 0 0 0 0 0 0 0 1024 
0 0 0 0 1024 0 0 0 0 0 0 0 0 1024 0 0 0 0 0 0 0 0 0 1024 
0 0 0 0 1024 0 0 0 0 0 0 0 0 1024 0 0 0 0 0 0 0 0 0 1024 
0 0 0 0 1024 0 0 0 0 0 0 0 0 1024 0 0 0 0 0 0 0 0 0 1024 
0 0 0 0 1024 0 0 0 0 0 0 0 0 1024 0 0 0 0 0 0 0 0 0 1024 
0 0 0 0 1024 0 0 0 0 0 0 0 0 1024 0 0 0 0 0 0 0 0 0 1024 
0 0 0 0 1024 0 0 0 0 0 0 0 0 1024 0 0 0 0 0 0 0 0 0 1024 
0 0 0 0 1024 0 0 0 0 0 0 0 0 1024 0 0 0 0 0 0 0 0 0 1024 
0 0 0 0 1024 0 0 0 0 0 0 0 0 1024 0 0 0 0 0 0 0 0 0 1024 
0 0 0 0 1024 0 0 0 0 0 0 0 0 1024 0 0 0 0 0 0 0 0 0 1024 
0 0 0 3 1021 0 0 0 0 0 0 0 2 1022 0 0 0 0 0 0 0 0 8 1016 
0 0 0 8 1016 0 0 0 0 0 0 0 0 1024 0 0 0 0 0 0 0 0 0 1024 
0 0 0 12 1012 0 0 0 0 0 0 0 0 1024 0 0 0 0 0 0 0 0 0 1024 
0 0 0 38 986 0 0 0 0 0 0 0 0 1024 0 0 0 0 0 0 0 0 0 1024 
0 0 0 26 998 0 0 0 0 0 0 0 0 1024 0 0 0 0 0 0 0 0 0 1024 
0 0 0 12 1012 0 0 0 0 0 0 0 0 1024 0 0 0 0 0 0 0 0 0 1024 
0 0 0 1 1023 0 0 0 0 0 0 0 0 1024 0 0 0 0 0 0 0 0 0 1024 
0 0 11 52 961 0 0 0 0 0 4 27 33 960 0 0 0 0 0 0 8 33 51 932 
0 4 19 26 626 349 0 0 0 0 8 19 23 721 253 0 0 2 12 13 14 18 628 337 
0 0 0 0 812 212 0 0 0 0 0 0 0 986 38 0 0 0 0 0 0 0 459 565 
0 0 0 0 976 48 0 0 0 0 0 0 0 1018 6 0 0 0 0 0 0 0 287 737 
0 0 0 0 1024 0 0 0 0 0 0 0 0 1024 0 0 0 0 0 0 0 0 55 969 
0 0 0 0 959 65 0 0 0 0 0 0 0 1006 18 0 0 0 0 0 0 0 89 935 
0 0 0 0 936 88 0 0 0 0 0 0 0 971 53 0 0 0 0 0 0 0 45 979 
0 0 0 0 1024 0 0 0 0 0 0 0 0 1024 0 0 0 0 0 0 0 0 0 1024 
0 0 0 0 1024 0 0 0 0 0 0 0 0 1024 0 0 0 0 0 0 0 0 0 1024 
0 0 0 0 840 184 0 0 0 0 0 0 0 863 161 0 0 0 0 0 0 0 10 1014 
0 0 0 0 655 369 0 0 0 0 0 0 0 665 359 0 0 0 0 0 0 0 11 1013 
0 0 0 0 1021 3 0 0 0 0 0 0 0 1019 5 0 0 0 0 0 0 0 0 1024 
0 0 0 0 1024 0 0 0 0 0 0 0 0 1024 0 0 0 0 0 0 0 0 0 1024 
0 0 0 0 988 36 0 0 0 0 0 0 0 1010 14 0 0 0 0 0 0 0 5 1019 
0 0 0 0 1020 4 0 0 0 0 0 0 0 1022 2 0 0 0 0 0 0 0 0 1024 
0 0 0 0 1024 0 0 0 0 0 0 0 0 1018 6 0 0 0 0 0 0 0 0 1024 
0 0 0 0 1024 0 0 0 0 0 0 0 0 1019 5 0 0 0 0 0 0 0 0 1024 
0 0 0 0 1024 0 0 0 0 0 0 0 0 1019 5 0 0 0 0 0 0 0 0 1024 
0 0 0 0 1024 0 0 0 0 0 0 0 0 1009 15 0 0 0 0 0 0 0 0 1024 
0 0 0 0 1024 0 0 0 0 0 0 0 0 1018 6 0 0 0 0 0 0 0 0 1024 
0 0 0 0 1007 17 0 0 0 0 0 0 0 908 116 0 0 0 0 0 0 0 0 1024 
0 0 0 0 1024 0 0 0 0 0 0 0 0 1022 2 0 0 0 0 0 0 0 0 1024 
0 0 0 0 1024 0 0 0 0 0 0 0 0 1024 0 0 0 0 0 0 0 0 0 1024 
0 0 0 0 1024 0 0 0 0 0 0 0 0 1024 0 0 0 0 0 0 0 0 0 1024 
0 0 0 0 1024 0 0 0 0 0 0 0 0 1024 0 0 0 0 0 0 0 0 0 1024 
0 0 0 25 986 13 0 0 0 0 0 13 75 936 0 0 0 0 14 15 27 32 38 898 
0 0 26 22 969 7 0 0 0 0 0 37 25 962 0 0 0 20 21 12 14 17 32 908 
0 0 0 0 1024 0 0 0 0 0 0 0 0 1024 0 0 0 0 0 0 0 0 0 1024 
0 0 0 0 1024 0 0 0 0 0 0 0 0 1024 0 0 0 0 0 0 0 0 0 1024 
0 0 0 0 1024 0 0 0 0 0 0 0 0 1024 0 0 0 0 0 0 0 0 0 1024 
0 0 0 0 1024 0 0 0 0 0 0 0 0 1024 0 0 0 0 0 0 0 0 0 1024 
0 0 0 1 1023 0 0 0 0 0 0 0 0 1023 1 0 0 0 0 0 0 0 1 1023 
0 0 0 44 980 0 0 0 0 0 0 0 37 983 4 0 0 0 0 0 0 3 52 969 
90 440 250 122 122 0 0 0 0 242 409 173 90 110 0 0 34 378 262 122 84 52 74 18 
29 323 148 70 454 0 0 0 0 101 322 104 45 452 0 0 32 298 128 62 37 27 271 169 
41 259 190 122 408 4 0 0 0 111 273 151 91 393 5 0 36 226 153 83 86 56 203 181 
0 41 190 150 638 5 0 0 0 0 127 148 131 615 3 0 1 43 107 92 113 67 167 434 
0 0 0 0 1024 0 0 0 0 0 0 0 0 1024 0 0 0 0 0 0 0 0 58 966 
0 0 0 0 1024 0 0 0 0 0 0 0 0 1024 0 0 0 0 0 0 0 0 13 1011 
0 0 0 0 1006 18 0 0 0 0 0 0 0 1020 4 0 0 0 0 0 0 0 19 1005 
0 0 0 0 1024 0 0 0 0 0 0 0 0 1023 1 0 0 0 0 0 0 0 0 1024 
0 0 0 0 1024 0 0 0 0 0 0 0 0 1024 0 0 0 0 0 0 0 0 0 1024 
0 0 0 0 1024 0 0 0 0 0 0 0 0 1024 0 0 0 0 0 0 0 0 0 1024 
0 0 0 0 1024 0 0 0 0 0 0 0 0 1022 2 0 0 0 0 0 0 0 0 1024 
0 0 0 0 1024 0 0 0 0 0 0 0 0 1022 2 0 0 0 0 0 0 0 0 1024 
0 0 0 0 870 154 0 0 0 0 0 0 0 846 178 0 0 0 0 0 0 0 4 1020 
0 0 0 0 933 91 0 0 0 0 0 0 0 860 164 0 0 0 0 0 0 0 6 1018 
0 0 0 0 566 447 11 0 0 0 0 0 0 438 586 0 0 0 0 0 0 0 13 1011 
0 0 0 0 830 180 14 0 0 0 0 0 0 658 366 0 0 0 0 0 0 0 1 1023 
0 0 0 0 1024 0 0 0 0 0 0 0 0 921 103 0 0 0 0 0 0 0 0 1024 
0 0 0 0 1024 0 0 0 0 0 0 0 0 890 134 0 0 0 0 0 0 0 0 1024 
0 0 0 0 1024 0 0 0 0 0 0 0 0 856 168 0 0 0 0 0 0 0 0 1024 
0 0 0 0 1024 0 0 0 0 0 0 0 0 799 225 0 0 0 0 0 0 0 0 1024 
0 0 0 0 1024 0 0 0 0 0 0 0 0 815 209 0 0 0 0 0 0 0 0 1024 
0 0 0 0 1024 0 0 0 0 0 0 0 0 839 185 0 0 0 0 0 0 0 0 1024 
0 0 0 0 1024 0 0 0 0 0 0 0 0 939 85 0 0 0 0 0 0 0 0 1024 
0 0 0 0 1024 0 0 0 0 0 0 0 0 992 32 0 0 0 0 0 0 0 0 1024 
0 0 0 6 1018 0 0 0 0 0 0 0 3 1000 21 0 0 0 0 0 0 5 12 1007 
0 104 93 67 760 0 0 0 0 0 102 101 57 756 8 0 45 95 43 33 34 37 57 680 
0 0 0 0 1024 0 0 0 0 0 0 0 0 1020 4 0 0 0 0 0 0 0 0 1024 
0 0 0 0 1024 0 0 0 0 0 0 0 0 1013 11 0 0 0 0 0 0 0 0 1024 
0 0 0 0 1024 0 0 0 0 0 0 0 0 994 30 0 0 0 0 0 0 0 0 1024 
0 0 0 0 1024 0 0 0 0 0 0 0 0 996 28 0 0 0 0 0 0 0 0 1024 
0 1 11 38 974 0 0 0 0 1 8 13 30 916 56 0 0 0 0 6 6 19 59 934 
0 0 0 0 1024 0 0 0 0 0 0 0 0 1005 19 0 0 0 0 0 0 0 0 1024 
452 410 135 24 3 0 0 0 117 558 296 48 5 0 0 0 461 417 109 29 6 2 0 0 
576 360 71 14 3 0 0 0 127 606 243 37 11 0 0 0 362 497 115 37 11 2 0 0 
53 121 88 79 639 44 0 0 2 118 91 80 71 654 8 0 23 80 86 51 61 65 515 143 
0 7 21 28 833 135 0 0 0 0 11 17 28 965 3 0 0 0 5 13 17 18 531 440 
0 0 0 1 825 198 0 0 0 0 0 0 2 1005 17 0 0 0 0 1 1 3 306 713 
1 37 59 32 856 39 0 0 0 9 70 38 23 868 16 0 25 41 34 21 16 24 81 782 
0 6 17 14 963 24 0 0 0 0 15 16 12 963 18 0 1 10 14 6 12 6 106 869 
0 8 31 17 950 18 0 0 0 0 26 21 15 951 11 0 3 23 10 13 10 9 62 894 
0 0 0 0 1024 0 0 0 0 0 0 0 0 1023 1 0 0 0 0 0 0 0 0 1024 
0 0 0 0 1024 0 0 0 0 0 0 0 0 1023 1 0 0 0 0 0 0 0 0 1024 
0 0 0 0 1024 0 0 0 0 0 0 0 0 1024 0 0 0 0 0 0 0 0 0 1024 
0 0 0 0 1024 0 0 0 0 0 0 0 0 1015 9 0 0 0 0 0 0 0 0 1024 
0 0 0 0 1024 0 0 0 0 0 0 0 0 999 25 0 0 0 0 0 0 0 0 1024 
0 0 0 0 1024 0 0 0 0 0 0 0 0 879 145 0 0 0 0 0 0 0 1 1023 
0 0 0 0 1018 6 0 0 0 0 0 0 0 736 288 0 0 0 0 0 0 0 0 1024 
0 0 0 0 1024 0 0 0 0 0 0 0 0 303 721 0 0 0 0 0 0 0 0 1024 
0 0 0 0 1024 0 0 0 0 0 0 0 0 407 617 0 0 0 0 0 0 0 0 1024 
0 0 0 0 1024 0 0 0 0 0 0 0 0 417 607 0 0 0 0 0 0 0 0 1024 
0 0 0 0 1024 0 0 0 0 0 0 0 0 249 775 0 0 0 0 0 0 0 0 1024 
0 0 0 0 1024 0 0 0 0 0 0 0 0 214 810 0 0 0 0 0 0 0 0 1024 
0 0 0 0 1024 0 0 0 0 0 0 0 0 155 869 0 0 0 0 0 0 0 0 1024 
0 0 0 0 1024 0 0 0 0 0 0 0 0 269 755 0 0 0 0 0 0 0 0 1024 
0 0 0 0 1024 0 0 0 0 0 0 0 0 226 798 0 0 0 0 0 0 0 0 1024 
0 0 0 0 1024 0 0 0 0 0 0 0 0 355 669 0 0 0 0 0 0 0 0 1024 
0 0 0 0 1024 0 0 0 0 0 0 0 0 509 515 0 0 0 0 0 0 0 0 1024 
1 217 58 63 684 1 0 0 1 5 227 53 50 462 226 0 137 77 38 31 34 39 78 590 
3 22 16 15 968 0 0 0 0 13 21 11 12 572 395 0 4 20 10 9 12 13 28 928 
0 0 4 6 1014 0 0 0 0 0 2 5 3 465 549 0 0 0 2 5 3 3 13 998 
0 0 0 0 1024 0 0 0 0 0 0 0 0 453 571 0 0 0 0 0 0 0 2 1022 
0 0 0 0 1024 0 0 0 0 0 0 0 0 424 600 0 0 0 0 0 0 0 0 1024 
0 73 100 40 809 2 0 0 0 76 82 34 34 454 344 0 24 57 50 34 33 30 65 731 
24 129 95 52 714 10 0 0 0 87 140 51 28 476 242 0 161 59 32 20 20 17 38 677 
684 310 28 2 0 0 0 0 319 474 219 12 0 0 0 0 911 99 13 1 0 0 0 0 
720 197 51 21 28 7 0 0 435 382 126 34 20 26 1 0 743 169 40 21 18 15 17 1 
357 290 81 36 77 183 0 0 50 481 165 55 27 226 20 0 455 187 61 43 16 29 221 12 
16 61 25 19 192 711 0 0 0 48 38 24 19 868 27 0 37 34 20 15 15 19 860 24 
0 1 7 45 406 565 0 0 0 0 2 17 55 924 26 0 0 1 3 6 28 47 907 32 
95 530 225 104 62 8 0 0 6 413 362 120 79 40 4 0 426 264 111 87 63 46 24 3 
236 488 170 61 41 28 0 0 5 467 374 85 35 55 3 0 473 308 102 45 27 27 40 2 
129 379 201 100 92 123 0 0 0 278 360 122 85 164 15 0 430 187 80 66 53 61 125 22 
68 151 84 48 160 513 0 0 2 142 122 67 47 577 67 0 90 126 59 53 33 42 472 149 
0 0 0 0 476 548 0 0 0 0 0 0 0 1012 12 0 0 0 0 0 0 0 520 504 
0 0 0 0 643 381 0 0 0 0 0 0 0 1002 22 0 0 0 0 0 0 0 295 729 
0 0 0 0 812 212 0 0 0 0 0 0 0 1008 16 0 0 0 0 0 0 0 157 867 
0 0 0 0 926 98 0 0 0 0 0 0 0 1000 24 0 0 0 0 0 0 0 47 977 
0 0 0 0 919 105 0 0 0 0 0 0 0 920 104 0 0 0 0 0 0 0 64 960 
0 0 0 0 916 108 0 0 0 0 0 0 0 885 139 0 0 0 0 0 0 0 67 957 
0 0 0 0 859 165 0 0 0 0 0 0 0 656 368 0 0 0 0 0 0 0 30 994 
0 0 0 0 944 80 0 0 0 0 0 0 0 595 429 0 0 0 0 0 0 0 6 1018 
0 0 0 0 990 34 0 0 0 0 0 0 0 433 591 0 0 0 0 0 0 0 0 1024 
0 0 0 0 1024 0 0 0 0 0 0 0 0 394 630 0 0 0 0 0 0 0 0 1024 
0 0 0 0 1024 0 0 0 0 0 0 0 0 306 718 0 0 0 0 0 0 0 0 1024 
0 0 0 0 1024 0 0 0 0 0 0 0 0 230 794 0 0 0 0 0 0 0 0 1024 
0 0 0 0 1024 0 0 0 0 0 0 0 0 116 908 0 0 0 0 0 0 0 0 1024 
0 8 15 9 988 4 0 0 0 1 17 7 8 184 807 0 0 9 12 4 7 4 12 976 
0 0 3 4 1012 5 0 0 0 0 1 2 7 134 880 0 0 0 3 0 3 9 18 991 
91 131 68 36 692 6 0 0 34 147 91 34 25 174 519 0 79 129 65 31 20 15 30 655 
112 396 115 68 325 8 0 0 58 288 236 70 50 124 198 0 287 200 92 59 49 43 62 232 
302 383 134 113 82 10 0 0 216 406 166 96 66 66 8 0 320 368 111 71 51 43 49 11 
147 192 103 68 506 8 0 0 103 199 106 62 55 208 291 0 141 190 83 49 46 37 80 398 
3 42 29 17 924 9 0 0 0 24 42 10 16 188 744 0 10 31 23 12 9 9 21 909 
54 121 49 28 760 12 0 0 2 111 87 39 17 149 619 0 82 94 35 25 12 21 38 717 
185 500 172 47 113 7 0 0 67 448 320 50 26 61 52 0 633 133 61 35 26 22 40 74 
678 308 36 1 1 0 0 0 323 554 143 3 0 1 0 0 978 39 5 1 1 0 0 0 
586 386 47 5 0 0 0 0 286 528 198 10 2 0 0 0 894 116 12 2 0 0 0 0 
608 403 12 1 0 0 0 0 88 742 190 3 1 0 0 0 975 45 3 1 0 0 0 0 
496 503 23 2 0 0 0 0 108 522 386 8 0 0 0 0 982 33 7 2 0 0 0 0 
277 496 153 48 39 11 0 0 39 354 476 79 44 29 3 0 842 49 35 31 27 22 16 2 
237 567 130 32 39 19 0 0 22 329 530 63 35 38 7 0 862 43 25 25 23 13 31 2 
384 535 88 12 3 2 0 0 33 491 466 26 5 3 0 0 963 38 8 10 1 3 1 0 
318 611 95 0 0 0 0 0 83 376 552 13 0 0 0 0 936 86 2 0 0 0 0 0 
236 555 230 3 0 0 0 0 15 424 543 42 0 0 0 0 759 254 11 0 0 0 0 0 
234 324 159 69 137 101 0 0 22 357 279 102 44 187 33 0 275 256 131 87 39 29 164 43 
0 4 32 65 469 454 0 0 0 1 12 49 63 848 51 0 0 2 13 30 49 61 761 108 
0 0 0 12 455 557 0 0 0 0 0 4 15 958 47 0 0 0 1 7 7 18 815 176 
0 0 0 5 585 434 0 0 0 0 0 0 10 911 103 0 0 0 0 0 1 9 727 287 
0 0 0 4 557 463 0 0 0 0 0 2 8 846 168 0 0 0 0 0 2 9 598 415 
0 0 0 0 431 593 0 0 0 0 0 0 0 727 297 0 0 0 0 0 0 0 645 379 
0 0 1 2 267 729 5 20 0 0 1 3 5 525 467 23 0 0 1 3 4 2 581 433 
0 0 0 0 285 739 0 0 0 0 1 53 13 338 619 0 0 0 0 51 12 15 430 516 
0 5 13 33 230 743 0 0 0 1 14 31 44 390 544 0 0 3 8 23 25 42 399 524 
0 29 24 14 245 712 0 0 0 10 36 15 15 387 561 0 0 27 20 12 13 15 309 628 
1 31 23 23 206 586 64 90 0 14 36 26 25 310 517 96 1 32 26 22 21 10 278 634 
0 1 4 7 557 270 63 122 0 0 5 8 13 369 511 118 0 2 4 10 11 18 193 786 
17 57 70 50 701 123 5 1 1 36 72 60 53 462 339 1 18 69 46 36 35 51 176 593 
258 289 40 31 354 52 0 0 26 424 120 30 25 281 118 0 255 257 50 31 20 17 64 330 
491 313 97 34 65 24 0 0 170 569 129 52 21 48 35 0 473 328 76 38 21 13 25 50 
342 432 97 38 92 23 0 0 180 463 198 54 23 76 30 0 376 405 83 27 24 19 30 60 
113 205 75 76 520 35 0 0 59 212 100 60 58 429 106 0 120 160 79 46 49 62 190 318 
172 344 102 71 312 23 0 0 75 411 106 54 74 246 58 0 331 156 76 54 47 67 149 144 
155 249 110 87 359 64 0 0 98 268 114 70 73 312 89 0 106 260 107 39 64 63 174 211 
18 180 69 47 662 48 0 0 4 78 164 35 43 523 177 0 82 83 61 42 25 49 131 551 
414 216 84 37 241 32 0 0 224 292 170 44 30 148 116 0 526 117 61 25 18 26 52 199 
503 419 100 2 0 0 0 0 242 499 281 2 0 0 0 0 965 55 4 0 0 0 0 0 
514 299 151 43 15 2 0 0 427 292 242 54 9 0 0 0 683 138 133 52 17 1 0 0 
620 233 75 45 30 15 5 1 442 334 183 43 17 3 2 0 832 74 61 31 19 5 2 0 
763 220 36 5 0 0 0 0 543 345 129 7 0 0 0 0 926 87 9 2 0 0 0 0 
268 653 93 10 0 0 0 0 41 508 451 24 0 0 0 0 879 122 22 1 0 0 0 0 
356 629 37 2 0 0 0 0 49 544 427 4 0 0 0 0 963 60 1 0 0 0 0 0 
792 215 16 1 0 0 0 0 439 463 120 2 0 0 0 0 999 23 2 0 0 0 0 0 
822 198 4 0 0 0 0 0 453 464 107 0 0 0 0 0 1020 4 0 0 0 0 0 0 
553 437 34 0 0 0 0 0 240 457 318 9 0 0 0 0 1019 5 0 0 0 0 0 0 
416 497 111 0 0 0 0 0 97 501 402 24 0 0 0 0 1001 23 0 0 0 0 0 0 
245 631 147 1 0 0 0 0 83 365 552 24 0 0 0 0 937 85 2 0 0 0 0 0 
162 620 210 25 4 3 0 0 8 403 549 55 3 6 0 0 825 158 22 11 2 0 5 1 
78 185 189 166 384 22 0 0 50 148 221 317 266 20 2 0 182 180 139 344 165 11 3 0 
12 177 426 206 182 21 0 0 5 122 348 397 98 48 6 0 47 338 270 257 57 15 35 5 
3 95 386 247 217 74 2 0 5 77 345 258 134 178 27 0 25 104 203 329 108 88 142 25 
25 145 407 273 120 46 4 4 17 113 375 295 134 63 24 3 11 157 320 296 117 50 62 11 
71 319 353 111 113 56 1 0 39 281 377 142 27 136 22 0 26 321 309 154 39 28 115 32 
156 354 233 82 99 37 5 58 164 356 193 100 34 106 14 57 106 404 177 82 62 26 95 72 
20 201 414 90 252 29 5 13 20 240 486 233 23 4 5 13 15 250 404 311 22 4 5 13 
51 137 237 172 339 88 0 0 34 151 228 552 55 2 2 0 69 216 229 454 39 10 7 0 
77 362 261 142 145 37 0 0 33 388 345 219 19 11 9 0 97 438 264 185 15 14 11 0 
30 238 296 292 153 8 4 3 3 178 316 324 189 8 4 2 38 233 250 313 151 12 16 11 
20 265 261 193 217 38 27 3 5 209 307 248 202 22 30 1 77 254 223 231 171 17 38 13 
89 152 229 241 223 74 12 4 32 192 244 283 164 83 22 4 122 163 203 270 151 44 45 26 
476 277 132 133 6 0 0 0 193 484 179 111 24 19 9 5 566 239 106 57 18 26 9 3 
344 288 169 96 56 57 7 7 266 368 159 92 98 16 7 18 376 305 131 99 72 15 9 17 
104 386 144 165 52 41 75 57 37 432 184 88 61 41 91 90 52 459 154 124 16 28 66 125 
204 465 120 55 113 29 15 23 162 504 116 47 36 96 39 24 217 464 103 47 22 30 77 64 
164 371 167 105 161 16 10 30 92 439 161 107 46 124 26 29 256 333 122 72 44 32 75 90 
242 496 171 43 58 14 0 0 101 427 340 87 35 30 3 1 497 351 60 40 33 18 20 5 
448 295 136 69 71 5 0 0 265 416 196 58 31 46 12 0 567 255 66 46 23 12 36 19 
544 210 107 84 22 14 15 28 435 259 115 104 53 14 13 31 600 127 76 89 60 24 11 37 
451 437 119 12 4 1 0 0 370 321 321 7 3 2 0 0 913 78 19 9 3 2 0 0 
648 273 98 5 0 0 0 0 505 318 175 26 0 0 0 0 831 187 6 0 0 0 0 0 
737 199 77 11 0 0 0 0 539 331 121 30 3 0 0 0 975 43 6 0 0 0 0 0 
852 160 11 1 0 0 0 0 767 233 24 0 0 0 0 0 983 40 1 0 0 0 0 0 
224 596 200 4 0 0 0 0 51 626 337 10 0 0 0 0 707 300 15 2 0 0 0 0 
298 593 131 2 0 0 0 0 86 666 263 9 0 0 0 0 821 181 22 0 0 0 0 0 
423 422 176 3 0 0 0 0 261 399 356 8 0 0 0 0 829 171 24 0 0 0 0 0 
710 219 95 0 0 0 0 0 539 356 126 3 0 0 0 0 913 87 24 0 0 0 0 0 
687 189 144 4 0 0 0 0 496 333 186 9 0 0 0 0 864 128 32 0 0 0 0 0 
569 263 125 67 0 0 0 0 282 459 204 79 0 0 0 0 833 84 85 22 0 0 0 0 
423 342 200 59 0 0 0 0 158 465 320 81 0 0 0 0 763 154 63 44 0 0 0 0 
267 420 226 107 4 0 0 0 78 473 316 107 50 0 0 0 555 266 87 73 43 0 0 0 
6 168 333 307 210 0 0 0 1 102 385 183 353 0 0 0 144 242 161 123 216 138 0 0 
20 75 148 365 402 14 0 0 16 75 111 185 623 12 2 0 26 98 111 185 224 379 1 0 
71 84 76 213 529 34 13 4 69 76 84 88 647 43 14 3 78 81 83 110 217 440 15 0 
10 54 111 336 491 14 7 1 8 36 112 113 725 22 7 1 9 78 80 99 294 456 6 2 
41 81 55 266 579 1 1 0 32 70 70 19 830 2 1 0 40 88 50 19 414 412 1 0 
53 88 51 201 631 0 0 0 44 89 59 23 796 13 0 0 33 102 57 22 476 334 0 0 
12 54 124 295 535 4 0 0 10 68 92 97 751 6 0 0 12 70 106 81 577 178 0 0 
6 146 167 291 414 0 0 0 0 65 202 113 644 0 0 0 48 119 134 81 546 96 0 0 
8 61 113 455 387 0 0 0 4 44 106 119 749 2 0 0 4 37 112 118 641 112 0 0 
8 23 204 377 412 0 0 0 5 20 185 166 647 1 0 0 57 41 96 172 577 81 0 0 
11 94 185 373 361 0 0 0 5 67 181 142 627 2 0 0 15 67 179 142 538 83 0 0 
27 81 110 383 410 6 7 0 15 73 96 84 735 15 5 1 17 80 87 73 540 220 6 1 
52 103 109 549 190 14 4 3 34 90 108 138 634 13 4 3 48 101 74 140 444 210 5 2 
58 142 137 612 68 4 3 0 47 147 133 120 571 3 3 0 81 136 107 130 478 89 3 0 
20 134 276 522 72 0 0 0 11 140 287 215 371 0 0 0 141 143 207 164 367 2 0 0 
89 179 242 414 72 23 5 0 91 292 160 100 368 11 2 0 198 249 127 82 342 26 0 0 
17 229 365 307 84 11 11 0 31 301 325 220 136 8 3 0 381 211 166 175 83 6 2 0 
66 477 302 139 27 7 3 3 38 392 393 160 35 4 2 0 506 257 125 112 21 0 3 0 
32 387 280 272 28 14 8 3 21 263 334 232 154 9 8 3 283 309 129 147 140 6 7 3 
237 396 346 45 0 0 0 0 112 323 382 207 0 0 0 0 478 233 178 133 2 0 0 0 
137 543 232 82 14 14 2 0 72 303 520 92 25 10 2 0 678 170 92 55 20 9 0 0 
237 397 201 95 62 24 8 0 160 370 287 107 65 32 3 0 473 265 119 92 58 16 1 0 
250 515 186 50 21 2 0 0 109 440 357 94 21 3 0 0 634 262 89 29 10 0 0 0 
0 68 722 234 0 0 0 0 0 67 666 291 0 0 0 0 134 400 386 104 0 0 0 0 
0 0 644 380 0 0 0 0 0 0 553 471 0 0 0 0 0 293 523 208 0 0 0 0 
0 0 239 785 0 0 0 0 0 0 139 817 68 0 0 0 0 46 284 645 49 0 0 0 
0 0 108 908 7 1 0 0 0 0 54 680 289 1 0 0 0 2 106 609 306 1 0 0 
0 0 83 915 26 0 0 0 0 0 48 574 402 0 0 0 0 0 82 522 420 0 0 0 
0 0 130 889 5 0 0 0 0 0 62 800 162 0 0 0 0 1 154 732 137 0 0 0 
0 2 157 859 6 0 0 0 0 0 89 799 136 0 0 0 1 41 180 720 82 0 0 0 
0 0 95 904 25 0 0 0 0 0 60 658 306 0 0 0 0 19 112 650 243 0 0 0 
0 0 11 832 181 0 0 0 0 0 1 234 789 0 0 0 0 0 9 219 744 52 0 0 
0 7 16 218 747 8 20 8 0 9 11 40 887 51 23 3 0 10 7 37 338 617 15 0 
0 10 33 161 820 0 0 0 0 35 10 9 841 129 0 0 2 35 8 8 262 708 1 0 
0 0 0 174 850 0 0 0 0 0 0 2 801 221 0 0 0 0 0 5 203 815 1 0 
0 0 0 156 868 0 0 0 0 0 0 1 816 207 0 0 0 0 0 3 265 756 0 0 
0 0 0 120 904 0 0 0 0 0 0 0 801 223 0 0 0 0 0 0 255 767 2 0 
0 0 0 107 904 13 0 0 0 0 0 1 725 298 0 0 0 0 0 3 256 738 27 0 
15 88 46 163 710 2 0 0 0 61 81 31 741 110 0 0 82 24 38 21 302 554 3 0 
6 85 52 190 691 0 0 0 0 70 55 51 790 58 0 0 43 58 44 41 383 455 0 0 
19 211 94 199 501 0 0 0 1 106 193 68 595 61 0 0 187 95 50 69 236 386 1 0 
52 97 78 183 614 0 0 0 0 128 90 39 672 95 0 0 108 81 41 32 232 530 0 0 
1 31 51 252 685 4 0 0 0 24 122 98 741 39 0 0 129 45 38 42 221 549 0 0 
0 1 12 259 752 0 0 0 0 0 10 20 740 254 0 0 3 3 9 19 127 823 40 0 
23 77 49 529 346 0 0 0 2 74 59 83 760 46 0 0 85 25 29 67 162 656 0 0 
1 65 39 677 242 0 0 0 0 54 32 99 834 5 0 0 39 23 29 59 399 475 0 0 
2 118 109 563 232 0 0 0 0 68 114 172 669 1 0 0 88 65 90 121 419 241 0 0 
2 146 65 657 151 3 0 0 0 1 182 95 746 0 0 0 157 70 34 45 454 264 0 0 
38 202 259 441 84 0 0 0 2 175 307 186 354 0 0 0 305 155 131 111 216 106 0 0 
266 347 220 181 10 0 0 0 1 382 374 201 66 0 0 0 481 208 151 138 46 0 0 0 
216 378 229 187 14 0 0 0 22 372 354 190 86 0 0 0 418 254 159 134 59 0 0 0 
492 377 125 30 0 0 0 0 27 611 302 81 3 0 0 0 714 207 80 23 0 0 0 0 
309 581 131 3 0 0 0 0 5 610 388 21 0 0 0 0 843 134 42 5 0 0 0 0 
453 480 82 8 1 0 0 0 44 720 247 13 0 0 0 0 929 82 12 1 0 0 0 0 
297 655 66 6 0 0 0 0 2 641 362 19 0 0 0 0 963 57 4 0 0 0 0 0 
0 3 487 534 0 0 0 0 0 2 397 623 2 0 0 0 0 91 618 315 0 0 0 0 
0 0 329 692 3 0 0 0 0 0 239 765 20 0 0 0 0 33 487 491 13 0 0 0 
0 0 56 959 9 0 0 0 0 0 22 793 209 0 0 0 0 0 55 758 211 0 0 0 
0 0 8 957 59 0 0 0 0 0 1 369 654 0 0 0 0 0 2 273 747 2 0 0 
0 0 40 884 100 0 0 0 0 0 8 480 536 0 0 0 0 0 21 361 639 3 0 0 
0 5 268 717 34 0 0 0 0 0 193 691 140 0 0 0 0 54 238 612 120 0 0 0 
0 2 381 623 18 0 0 0 0 0 278 684 62 0 0 0 0 121 352 503 48 0 0 0 
0 0 243 748 33 0 0 0 0 0 150 765 108 1 0 0 0 32 300 608 79 5 0 0 
0 0 80 631 298 9 6 0 0 0 47 329 617 25 6 0 0 3 80 276 536 124 5 0 
0 0 30 76 862 21 20 15 0 0 24 40 811 116 31 2 0 0 18 43 132 798 33 0 
0 25 104 64 830 1 0 0 1 111 38 26 703 145 0 0 55 79 19 19 48 804 0 0 
0 0 4 56 964 0 0 0 0 3 26 10 883 102 0 0 27 6 2 4 55 929 1 0 
0 0 0 96 928 0 0 0 0 0 0 0 1011 13 0 0 0 0 0 0 370 654 0 0 
1 20 25 144 834 0 0 0 0 6 27 29 956 6 0 0 10 26 14 24 546 404 0 0 
0 0 1 92 931 0 0 0 0 0 0 6 993 25 0 0 0 8 6 10 417 583 0 0 
112 113 56 100 643 0 0 0 8 214 49 40 668 45 0 0 154 82 37 39 284 428 0 0 
19 168 112 199 526 0 0 0 0 100 147 123 571 83 0 0 71 131 84 106 307 325 0 0 
44 185 77 224 494 0 0 0 0 175 104 78 627 40 0 0 188 57 55 82 367 275 0 0 
125 88 63 277 471 0 0 0 0 172 79 105 605 63 0 0 161 74 57 110 409 213 0 0 
14 109 89 310 502 0 0 0 0 90 102 134 650 48 0 0 116 69 53 112 456 218 0 0 
46 138 137 353 348 2 0 0 20 127 141 203 518 15 0 0 128 88 118 194 356 140 0 0 
19 76 147 484 296 2 0 0 7 61 115 204 632 5 0 0 17 74 119 188 460 166 0 0 
68 263 181 357 155 0 0 0 6 169 261 194 394 0 0 0 163 164 155 164 312 66 0 0 
83 397 211 243 90 0 0 0 0 324 301 172 226 1 0 0 385 169 144 131 177 18 0 0 
33 270 191 419 110 1 0 0 2 141 262 185 433 1 0 0 304 140 67 91 363 59 0 0 
213 251 258 252 46 4 0 0 2 353 401 129 137 2 0 0 583 159 84 83 96 19 0 0 
510 382 102 27 2 1 0 0 6 671 305 37 4 1 0 0 828 138 43 13 2 0 0 0 
481 427 98 14 2 2 0 0 45 688 259 28 2 2 0 0 862 114 40 7 1 0 0 0 
746 204 42 18 8 2 3 1 109 759 120 19 11 2 4 0 937 45 24 10 4 4 0 0 
484 490 48 2 0 0 0 0 85 722 210 6 1 0 0 0 922 93 9 0 0 0 0 0 
520 386 107 10 1 0 0 0 183 611 204 25 1 0 0 0 823 161 39 1 0 0 0 0 
675 333 16 0 0 0 0 0 80 758 185 1 0 0 0 0 989 33 2 0 0 0 0 0 
0 13 694 316 1 0 0 0 0 9 648 363 4 0 0 0 25 418 425 155 1 0 0 0 
0 0 547 474 3 0 0 0 0 0 461 539 24 0 0 0 2 244 441 312 25 0 0 0 
0 0 179 768 77 0 0 0 0 0 118 658 248 0 0 0 0 32 188 552 251 1 0 0 
0 0 43 773 208 0 0 0 0 0 23 375 623 3 0 0 0 0 32 306 651 35 0 0 
0 0 53 711 260 0 0 0 0 1 37 350 635 1 0 0 0 3 45 299 631 46 0 0 
0 1 177 740 106 0 0 0 0 0 131 529 364 0 0 0 0 45 163 467 338 11 0 0 
4 15 161 767 77 0 0 0 0 11 126 557 330 0 0 0 9 45 187 482 300 1 0 0 
0 0 98 788 138 0 0 0 0 0 58 411 555 0 0 0 0 12 112 355 544 1 0 0 
0 0 19 550 455 0 0 0 0 0 4 130 879 11 0 0 0 0 10 111 765 138 0 0 
0 0 42 145 837 0 0 0 0 0 32 59 916 17 0 0 0 1 26 57 574 366 0 0 
5 18 8 136 857 0 0 0 0 16 12 20 957 19 0 0 9 16 8 21 554 416 0 0 
0 4 136 326 558 0 0 0 0 38 205 62 713 6 0 0 202 45 32 47 520 178 0 0 
0 20 35 256 713 0 0 0 0 26 41 116 841 0 0 0 44 51 34 67 706 122 0 0 
5 24 61 263 671 0 0 0 5 20 58 78 863 0 0 0 26 29 40 66 754 109 0 0 
0 50 62 238 674 0 0 0 0 12 55 88 867 2 0 0 13 81 31 49 785 65 0 0 
174 101 58 248 443 0 0 0 99 181 47 113 584 0 0 0 182 107 45 100 557 33 0 0 
172 193 71 257 331 0 0 0 3 244 160 127 490 0 0 0 293 89 51 105 462 24 0 0 
62 167 113 313 369 0 0 0 1 154 160 128 581 0 0 0 171 104 76 112 522 39 0 0 
158 90 90 306 380 0 0 0 18 196 95 123 592 0 0 0 164 75 82 115 547 41 0 0 
147 239 174 256 208 0 0 0 11 254 231 175 353 0 0 0 367 118 88 127 307 17 0 0 
156 320 238 210 100 0 0 0 52 323 266 220 162 1 0 0 301 234 180 170 137 2 0 0 
154 259 201 271 139 0 0 0 5 254 256 220 286 3 0 0 203 200 170 183 253 15 0 0 
182 408 209 171 54 0 0 0 38 273 405 165 141 2 0 0 414 228 151 110 114 7 0 0 
296 475 171 65 17 0 0 0 9 595 285 92 41 2 0 0 707 150 85 49 28 5 0 0 
275 452 203 72 22 0 0 0 8 441 398 136 41 0 0 0 630 197 109 59 26 3 0 0 
378 364 214 65 3 0 0 0 47 508 339 122 8 0 0 0 856 122 29 11 6 0 0 0 
533 375 91 25 0 0 0 0 64 715 198 47 0 0 0 0 892 107 21 4 0 0 0 0 
531 432 59 2 0 0 0 0 95 626 288 15 0 0 0 0 960 60 4 0 0 0 0 0 
644 319 59 2 0 0 0 0 129 738 150 7 0 0 0 0 993 26 5 0 0 0 0 0 
545 346 76 44 13 0 0 0 64 717 158 75 10 0 0 0 898 107 19 0 0 0 0 0 
540 394 63 19 8 0 0 0 141 654 201 20 7 1 0 0 861 147 15 1 0 0 0 0 
839 133 48 3 0 0 1 0 183 749 87 4 0 1 0 0 998 23 2 0 0 1 0 0 
0 0 164 852 8 0 0 0 0 0 133 866 25 0 0 0 0 19 245 749 11 0 0 0 
0 0 84 933 7 0 0 0 0 0 57 911 56 0 0 0 0 1 136 835 52 0 0 0 
0 0 9 971 44 0 0 0 0 0 4 677 343 0 0 0 0 0 14 660 350 0 0 0 
0 0 5 929 90 0 0 0 0 0 5 290 729 0 0 0 0 0 6 248 770 0 0 0 
17 55 95 649 201 6 1 0 12 29 106 311 551 12 3 0 56 64 71 242 574 9 5 3 
0 15 14 922 73 0 0 0 0 3 22 449 550 0 0 0 23 7 8 434 552 0 0 0 
9 19 28 889 79 0 0 0 1 21 23 462 517 0 0 0 10 19 32 518 445 0 0 0 
6 36 23 816 143 0 0 0 2 17 39 272 694 0 0 0 30 24 29 326 615 0 0 0 
0 7 5 594 414 4 0 0 0 2 9 99 911 3 0 0 2 7 9 139 867 0 0 0 
18 90 137 283 492 4 0 0 30 69 146 144 633 2 0 0 88 69 110 141 612 4 0 0 
9 69 47 367 532 0 0 0 3 56 60 144 761 0 0 0 31 53 64 170 700 6 0 0 
0 27 28 391 577 1 0 0 0 24 31 143 825 1 0 0 15 23 22 163 784 17 0 0 
43 149 249 295 288 0 0 0 0 176 211 243 393 1 0 0 368 108 82 128 330 8 0 0 
32 96 78 373 445 0 0 0 1 58 132 152 680 1 0 0 97 81 55 147 631 13 0 0 
3 96 115 313 497 0 0 0 0 92 108 139 684 1 0 0 121 40 74 165 600 24 0 0 
170 163 71 272 348 0 0 0 143 188 63 130 500 0 0 0 188 155 64 120 478 19 0 0 
310 431 74 116 93 0 0 0 8 424 361 70 161 0 0 0 674 102 47 64 135 2 0 0 
98 126 78 336 386 0 0 0 56 106 108 134 614 6 0 0 157 76 55 112 557 67 0 0 
118 195 165 288 254 4 0 0 50 180 201 194 377 22 0 0 183 144 150 152 337 58 0 0 
232 203 169 192 228 0 0 0 51 294 185 164 309 21 0 0 287 169 122 122 258 66 0 0 
296 360 195 117 56 0 0 0 57 454 277 150 84 2 0 0 647 136 97 81 52 11 0 0 
398 303 193 107 22 1 0 0 36 503 281 153 47 4 0 0 577 201 121 84 38 3 0 0 
410 504 88 22 0 0 0 0 54 582 359 28 1 0 0 0 892 88 34 10 0 0 0 0 
733 223 53 13 2 0 0 0 159 710 129 24 2 0 0 0 938 52 25 7 2 0 0 0 
554 425 34 10 1 0 0 0 36 636 332 17 3 0 0 0 945 60 11 6 2 0 0 0 
458 410 140 12 3 1 0 0 101 571 329 18 4 1 0 0 938 65 10 9 2 0 0 0 
615 353 56 0 0 0 0 0 43 797 181 3 0 0 0 0 983 41 0 0 0 0 0 0 
523 416 77 8 0 0 0 0 127 590 281 26 0 0 0 0 896 114 14 0 0 0 0 0 
622 341 46 12 3 0 0 0 67 793 145 14 5 0 0 0 982 28 13 1 0 0 0 0 
792 154 63 15 0 0 0 0 185 608 208 23 0 0 0 0 961 55 8 0 0 0 0 0 
781 217 17 5 1 3 0 0 131 778 104 8 2 1 0 0 995 24 3 2 0 0 0 0 
689 253 78 4 0 0 0 0 120 723 174 7 0 0 0 0 1003 17 4 0 0 0 0 0 
0 0 27 992 5 0 0 0 0 0 25 988 11 0 0 0 0 2 54 965 3 0 0 0 
0 0 4 1014 6 0 0 0 0 0 2 988 34 0 0 0 0 0 17 979 28 0 0 0 
0 0 0 978 46 0 0 0 0 0 0 783 241 0 0 0 0 0 1 819 204 0 0 0 
14 41 35 787 147 0 0 0 1 42 38 443 500 0 0 0 25 39 29 453 478 0 0 0 
59 27 21 747 170 0 0 0 2 75 22 425 500 0 0 0 59 29 21 482 433 0 0 0 
58 94 53 737 82 0 0 0 17 117 58 596 236 0 0 0 119 44 76 632 153 0 0 0 
0 0 6 948 70 0 0 0 0 0 0 636 388 0 0 0 0 0 17 731 276 0 0 0 
45 78 59 701 141 0 0 0 1 87 76 396 464 0 0 0 84 52 53 491 344 0 0 0 
9 45 63 618 289 0 0 0 0 41 66 339 578 0 0 0 36 48 55 402 482 1 0 0 
150 216 133 232 278 14 1 0 139 208 141 177 356 3 0 0 317 100 102 205 300 0 0 0 
53 138 97 354 382 0 0 0 2 146 125 179 572 0 0 0 164 67 82 182 528 1 0 0 
89 156 123 341 315 0 0 0 3 170 143 214 494 0 0 0 224 60 100 196 444 0 0 0 
107 263 126 275 253 0 0 0 14 269 190 165 386 0 0 0 350 97 92 132 350 3 0 0 
17 218 124 321 344 0 0 0 8 51 267 185 511 2 0 0 172 159 95 151 434 13 0 0 
110 135 93 251 435 0 0 0 41 175 108 113 580 7 0 0 248 52 53 94 531 46 0 0 
231 277 79 189 248 0 0 0 84 321 166 95 358 0 0 0 410 112 66 72 340 24 0 0 
344 300 66 138 176 0 0 0 27 405 253 88 251 0 0 0 577 69 56 78 220 24 0 0 
141 60 55 325 443 0 0 0 112 68 60 126 657 1 0 0 144 53 54 130 537 106 0 0 
225 302 160 173 164 0 0 0 30 404 196 134 253 7 0 0 392 152 128 97 203 52 0 0 
321 241 180 161 119 2 0 0 74 421 191 156 177 5 0 0 368 201 161 122 166 6 0 0 
481 363 101 63 16 0 0 0 70 679 179 72 24 0 0 0 727 167 71 41 18 0 0 0 
681 233 91 15 4 0 0 0 145 705 142 22 10 0 0 0 907 75 25 13 4 0 0 0 
364 549 88 20 3 0 0 0 84 545 364 28 3 0 0 0 840 130 45 8 1 0 0 0 
722 232 63 7 0 0 0 0 378 527 116 3 0 0 0 0 991 30 3 0 0 0 0 0 
655 334 22 10 3 0 0 0 158 671 177 14 1 3 0 0 976 35 10 3 0 0 0 0 
734 237 43 7 3 0 0 0 165 774 74 8 3 0 0 0 980 31 10 3 0 0 0 0 
596 275 91 43 16 3 0 0 129 688 110 92 5 0 0 0 926 82 16 0 0 0 0 0 
819 191 13 1 0 0 0 0 143 679 193 9 0 0 0 0 983 37 4 0 0 0 0 0 
695 295 30 3 1 0 0 0 56 864 98 5 1 0 0 0 990 29 4 1 0 0 0 0 
609 313 96 5 1 0 0 0 114 579 294 36 0 1 0 0 787 171 65 0 1 0 0 0 
738 227 52 6 1 0 0 0 180 742 89 11 2 0 0 0 950 67 6 1 0 0 0 0 
723 161 105 31 4 0 0 0 146 692 108 71 7 0 0 0 856 58 94 16 0 0 0 0 
0 0 17 999 8 0 0 0 0 0 11 996 17 0 0 0 0 0 60 953 11 0 0 0 
0 0 6 1010 8 0 0 0 0 0 6 977 41 0 0 0 0 0 26 980 18 0 0 0 
0 0 0 939 85 0 0 0 0 0 0 810 214 0 0 0 0 0 3 851 170 0 0 0 
0 1 24 843 156 0 0 0 0 0 13 615 396 0 0 0 0 1 21 633 369 0 0 0 
0 1 22 783 218 0 0 0 0 2 17 600 405 0 0 0 2 11 31 643 337 0 0 0 
51 140 107 604 122 0 0 0 9 119 145 492 259 0 0 0 159 97 82 498 188 0 0 0 
0 14 43 800 167 0 0 0 0 9 36 543 436 0 0 0 5 18 58 597 346 0 0 0 
85 157 116 489 177 0 0 0 5 192 133 346 348 0 0 0 183 97 99 387 258 0 0 0 
248 167 82 351 176 0 0 0 139 255 82 261 287 0 0 0 354 88 88 272 221 1 0 0 
269 244 135 177 198 1 0 0 182 327 130 131 254 0 0 0 453 117 103 120 226 5 0 0 
146 264 163 234 217 0 0 0 38 325 187 183 291 0 0 0 348 143 125 153 255 0 0 0 
204 274 172 182 192 0 0 0 51 380 194 138 261 0 0 0 483 103 91 128 216 3 0 0 
123 151 141 282 327 0 0 0 43 194 148 193 443 3 0 0 191 109 121 181 412 10 0 0 
132 328 196 220 146 1 1 0 11 217 384 190 219 2 1 0 428 169 128 157 140 1 1 0 
65 356 255 191 149 4 1 3 24 190 414 174 212 6 4 0 383 234 106 135 157 8 1 0 
414 213 64 169 164 0 0 0 38 545 97 85 259 0 0 0 570 70 61 87 235 1 0 0 
532 217 57 131 87 0 0 0 176 524 91 96 136 1 0 0 674 89 53 105 103 0 0 0 
212 158 99 318 237 0 0 0 73 272 111 180 388 0 0 0 275 112 97 201 339 0 0 0 
477 285 116 101 45 0 0 0 95 563 199 102 65 0 0 0 658 152 81 91 42 0 0 0 
366 298 172 143 39 6 0 0 54 523 227 145 66 9 0 0 563 188 115 114 44 0 0 0 
440 372 135 68 9 0 0 0 98 600 220 87 19 0 0 0 732 153 90 42 7 0 0 0 
596 358 65 5 0 0 0 0 195 626 186 17 0 0 0 0 925 71 28 0 0 0 0 0 
535 433 40 16 0 0 0 0 38 800 154 28 4 0 0 0 920 53 28 21 2 0 0 0 
646 257 83 37 1 0 0 0 297 535 139 43 10 0 0 0 851 109 43 21 0 0 0 0 
594 369 40 10 9 2 0 0 215 587 198 12 5 6 1 0 831 166 17 8 2 0 0 0 
804 182 35 2 1 0 0 0 224 734 60 4 1 1 0 0 992 24 6 1 1 0 0 0 
552 371 86 12 1 2 0 0 72 699 219 31 2 1 0 0 960 54 7 2 1 0 0 0 
725 268 29 2 0 0 0 0 125 725 170 3 1 0 0 0 991 30 3 0 0 0 0 0 
695 268 55 5 1 0 0 0 45 820 144 13 2 0 0 0 899 106 16 3 0 0 0 0 
605 356 34 24 4 1 0 0 135 721 131 26 10 1 0 0 835 146 32 6 5 0 0 0 
685 325 14 0 0 0 0 0 191 755 77 1 0 0 0 0 995 28 1 0 0 0 0 0 
607 332 65 11 7 2 0 0 209 660 131 15 9 0 0 0 876 123 20 5 0 0 0 0 
0 0 42 946 36 0 0 0 0 0 32 923 69 0 0 0 0 0 77 893 54 0 0 0 
5 19 22 904 70 3 1 0 0 18 26 842 136 2 0 0 24 15 50 824 110 1 0 0 
21 24 16 796 167 0 0 0 5 27 25 680 287 0 0 0 24 23 19 748 210 0 0 0 
0 0 0 647 377 0 0 0 0 0 0 495 529 0 0 0 0 0 1 533 490 0 0 0 
35 51 93 591 254 0 0 0 8 70 92 451 403 0 0 0 82 58 61 499 324 0 0 0 
86 201 124 447 158 5 2 1 5 215 176 377 248 3 0 0 277 96 102 375 174 0 0 0 
163 178 113 433 137 0 0 0 37 277 115 345 250 0 0 0 290 100 108 370 156 0 0 0 
186 120 86 397 235 0 0 0 62 196 116 316 334 0 0 0 243 90 78 357 256 0 0 0 
457 186 73 185 123 0 0 0 389 242 78 157 158 0 0 0 563 106 64 157 134 0 0 0 
557 130 112 123 102 0 0 0 448 233 100 114 129 0 0 0 636 84 93 115 96 0 0 0 
229 284 155 211 144 1 0 0 194 317 156 189 168 0 0 0 464 124 132 182 122 0 0 0 
229 287 150 213 145 0 0 0 60 424 159 205 176 0 0 0 388 164 146 202 124 0 0 0 
136 215 117 325 231 0 0 0 43 255 151 272 303 0 0 0 263 115 122 321 203 0 0 0 
319 194 129 242 138 2 0 0 41 408 167 221 183 4 0 0 445 115 108 254 102 0 0 0 
206 504 133 111 70 0 0 0 74 412 333 117 88 0 0 0 594 202 81 93 54 0 0 0 
468 238 118 126 74 0 0 0 195 465 153 120 91 0 0 0 638 115 93 121 57 0 0 0 
542 207 68 131 76 0 0 0 290 428 86 117 103 0 0 0 706 65 60 117 76 0 0 0 
221 263 139 263 134 4 0 0 94 350 158 225 193 4 0 0 405 142 112 212 151 2 0 0 
494 312 114 73 24 4 2 1 135 617 151 84 34 1 1 1 740 118 84 59 21 0 1 1 
456 277 168 106 17 0 0 0 123 541 183 121 56 0 0 0 677 136 126 75 10 0 0 0 
408 442 83 65 21 4 1 0 273 575 135 26 11 4 0 0 915 65 17 21 4 2 0 0 
736 226 29 14 3 9 7 0 335 591 67 12 10 7 2 0 944 39 21 10 10 0 0 0 
633 261 41 21 25 16 27 0 135 730 76 33 21 29 0 0 893 47 32 31 21 0 0 0 
685 242 57 37 1 2 0 0 326 481 166 44 5 2 0 0 796 170 41 15 2 0 0 0 
740 238 20 6 4 11 5 0 343 548 111 6 11 4 1 0 872 124 10 9 8 1 0 0 
812 184 26 1 1 0 0 0 406 548 68 1 1 0 0 0 1011 11 1 1 0 0 0 0 
646 325 18 21 5 1 4 4 134 810 50 16 5 1 4 4 977 32 0 2 4 1 4 4 
601 201 172 17 8 2 3 20 160 558 249 21 11 2 3 20 794 166 26 8 5 2 3 20 
605 274 89 14 9 2 5 26 201 647 115 18 9 4 4 26 893 66 15 9 8 4 3 26 
577 229 105 31 19 11 12 40 116 656 134 32 24 8 14 40 817 94 27 19 8 8 12 39 
452 319 113 52 59 9 4 16 202 562 119 71 43 7 4 16 782 110 71 33 8 2 2 16 
641 247 104 16 6 4 2 4 149 684 115 63 7 2 0 4 867 53 91 7 1 1 0 4 
35 46 76 813 54 0 0 0 9 58 82 813 62 0 0 0 44 44 133 770 33 0 0 0 
0 0 27 914 83 0 0 0 0 0 26 889 109 0 0 0 0 0 78 877 69 0 0 0 
0 0 35 824 165 0 0 0 0 0 21 792 211 0 0 0 0 2 50 812 160 0 0 0 
30 52 49 628 265 0 0 0 1 66 54 569 334 0 0 0 44 55 50 618 257 0 0 0 
108 168 114 428 206 0 0 0 30 246 108 387 253 0 0 0 218 111 98 404 193 0 0 0 
153 142 107 349 221 26 17 9 50 239 107 358 238 25 7 0 260 95 98 371 194 6 0 0 
234 114 83 463 130 0 0 0 95 244 79 322 282 2 0 0 304 75 174 439 32 0 0 0 
306 184 87 351 93 3 0 0 81 347 136 334 123 3 0 0 435 85 91 355 58 0 0 0 
461 214 84 187 72 6 0 0 385 277 92 182 85 3 0 0 597 105 86 202 33 1 0 0 
605 217 71 88 43 0 0 0 452 362 80 83 47 0 0 0 766 94 55 87 22 0 0 0 
299 352 85 170 117 1 0 0 184 451 91 174 123 1 0 0 614 82 60 204 64 0 0 0 
427 251 109 164 73 0 0 0 146 487 135 177 79 0 0 0 546 156 116 152 54 0 0 0 
202 183 166 312 160 1 0 0 60 321 162 295 185 1 0 0 368 108 114 337 97 0 0 0 
568 189 104 112 51 0 0 0 144 530 160 130 60 0 0 0 678 120 86 100 40 0 0 0 
327 370 111 170 46 0 0 0 193 396 205 166 64 0 0 0 620 122 114 134 34 0 0 0 
649 260 65 42 8 0 0 0 299 538 135 42 10 0 0 0 876 76 46 25 1 0 0 0 
562 174 94 144 50 0 0 0 400 310 115 127 70 2 0 0 700 91 62 135 36 0 0 0 
288 348 151 133 85 12 5 2 182 418 171 139 94 14 4 2 546 175 108 126 60 4 3 2 
591 300 105 24 1 2 1 0 139 638 202 41 2 2 0 0 857 128 36 1 2 0 0 0 
555 297 114 23 13 6 7 9 225 594 135 38 11 9 9 3 830 122 32 17 10 8 5 0 
566 306 65 70 9 4 3 1 416 454 123 22 4 4 1 0 908 91 16 6 2 1 0 0 
626 298 48 15 8 16 8 5 281 641 54 15 11 13 9 0 913 53 22 11 16 9 0 0 
703 259 54 8 0 0 0 0 350 561 96 17 0 0 0 0 978 27 19 0 0 0 0 0 
457 418 129 16 0 4 0 0 330 341 308 41 2 2 0 0 734 232 53 1 4 0 0 0 
766 185 68 4 0 1 0 0 419 518 84 2 0 1 0 0 948 73 2 0 1 0 0 0 
757 255 10 1 1 0 0 0 582 420 18 3 1 0 0 0 1009 12 3 0 0 0 0 0 
755 120 25 50 25 20 12 17 204 663 24 38 43 22 13 17 865 26 64 26 15 6 5 17 
498 178 170 30 19 15 34 80 183 465 198 31 20 11 35 81 663 149 56 20 11 17 28 80 
571 200 78 32 26 18 13 86 246 508 83 37 33 17 13 87 761 78 31 18 19 20 11 86 
500 221 154 19 14 13 21 82 101 537 234 21 15 11 22 83 728 140 11 19 10 11 23 82 
316 282 234 65 29 10 22 66 109 399 328 77 13 12 20 66 517 288 100 13 10 12 18 66 
308 499 183 8 1 1 13 11 136 603 253 6 1 1 13 11 732 238 28 0 1 3 11 11 
