0 79 365 257 323 0 0 0 0 2 314 271 436 1 0 0 0 130 303 205 362 24 0 0 
0 112 478 274 160 0 0 0 0 11 422 347 243 1 0 0 1 259 384 230 144 6 0 0 
0 120 518 239 147 0 0 0 0 9 503 277 235 0 0 0 0 289 373 168 184 10 0 0 
0 125 358 251 290 0 0 0 0 30 332 282 377 3 0 0 2 171 321 201 248 81 0 0 
0 0 20 62 942 0 0 0 0 0 4 51 969 0 0 0 0 1 16 50 713 244 0 0 
0 0 0 0 1024 0 0 0 0 0 0 0 1024 0 0 0 0 0 0 0 936 88 0 0 
0 0 0 0 1024 0 0 0 0 0 0 0 1024 0 0 0 0 0 0 0 840 184 0 0 
0 0 0 0 1024 0 0 0 0 0 0 0 1024 0 0 0 0 0 0 0 1024 0 0 0 
0 0 0 0 1024 0 0 0 0 0 0 0 1024 0 0 0 0 0 0 0 813 211 0 0 
0 0 0 0 1024 0 0 0 0 0 0 0 1024 0 0 0 0 0 0 0 1024 0 0 0 
0 0 0 0 1024 0 0 0 0 0 0 0 1024 0 0 0 0 0 0 0 1024 0 0 0 
0 0 0 0 1024 0 0 0 0 0 0 0 1024 0 0 0 0 0 0 0 952 72 0 0 
0 0 0 0 1024 0 0 0 0 0 0 0 1024 0 0 0 0 0 0 0 936 88 0 0 
0 0 0 0 1024 0 0 0 0 0 0 0 1024 0 0 0 0 0 0 0 1024 0 0 0 
0 0 0 0 1024 0 0 0 0 0 0 0 1024 0 0 0 0 0 0 0 1000 24 0 0 
0 0 0 0 1024 0 0 0 0 0 0 0 1024 0 0 0 0 0 0 0 1024 0 0 0 
0 0 0 0 1024 0 0 0 0 0 0 0 1024 0 0 0 0 0 0 0 1024 0 0 0 
0 0 0 0 1024 0 0 0 0 0 0 0 1024 0 0 0 0 0 0 0 1024 0 0 0 
0 0 0 0 1024 0 0 0 0 0 0 0 1024 0 0 0 0 0 0 0 1000 24 0 0 
0 0 0 0 1024 0 0 0 0 0 0 0 1024 0 0 0 0 0 0 0 928 96 0 0 
0 0 0 0 1024 0 0 0 0 0 0 0 1024 0 0 0 0 0 0 0 1024 0 0 0 
0 0 0 0 1024 0 0 0 0 0 0 0 1024 0 0 0 0 0 0 0 1024 0 0 0 
0 0 0 0 1024 0 0 0 0 0 0 0 1024 0 0 0 0 0 0 0 1019 5 0 0 
0 0 0 0 1024 0 0 0 0 0 0 0 1024 0 0 0 0 0 0 0 1024 0 0 0 
0 0 0 0 1024 0 0 0 0 0 0 0 1024 0 0 0 0 0 0 0 1024 0 0 0 
0 0 0 0 1024 0 0 0 0 0 0 0 1024 0 0 0 0 0 0 0 1024 0 0 0 
0 0 0 0 1024 0 0 0 0 0 0 0 1024 0 0 0 0 0 0 0 1024 0 0 0 
0 0 0 0 1024 0 0 0 0 0 0 0 1024 0 0 0 0 0 0 0 1024 0 0 0 
0 0 0 0 1024 0 0 0 0 0 0 0 1024 0 0 0 0 0 0 0 1024 0 0 0 
0 0 0 0 1024 0 0 0 0 0 0 0 1024 0 0 0 0 0 0 0 1024 0 0 0 
0 0 0 0 1024 0 0 0 0 0 0 0 1024 0 0 0 0 0 0 0 1024 0 0 0 
0 0 0 0 1024 0 0 0 0 0 0 0 1024 0 0 0 0 0 0 0 1024 0 0 0 
0 0 0 0 1024 0 0 0 0 0 0 0 1024 0 0 0 0 0 0 0 1024 0 0 0 
0 0 0 0 1024 0 0 0 0 0 0 0 1024 0 0 0 0 0 0 0 1024 0 0 0 
0 0 0 0 1024 0 0 0 0 0 0 0 1024 0 0 0 0 0 0 0 1024 0 0 0 
0 0 0 0 1024 0 0 0 0 0 0 0 1024 0 0 0 0 0 0 0 1024 0 0 0 
0 0 0 0 1024 0 0 0 0 0 0 0 1024 0 0 0 0 0 0 0 1024 0 0 0 
0 28 175 185 636 0 0 0 0 1 147 155 720 1 0 0 0 96 114 124 622 68 0 0 
0 167 526 190 141 0 0 0 0 6 549 272 195 2 0 0 1 404 297 144 171 7 0 0 
0 259 597 124 44 0 0 0 0 34 673 240 76 1 0 0 0 576 318 94 36 0 0 0 
0 133 380 182 329 0 0 0 0 9 386 219 404 6 0 0 7 313 224 144 213 123 0 0 
0 2 55 48 919 0 0 0 0 0 37 52 931 4 0 0 0 31 34 36 489 434 0 0 
0 4 257 69 694 0 0 0 0 0 144 173 701 6 0 0 0 207 89 45 581 102 0 0 
0 0 0 3 1021 0 0 0 0 0 0 0 1024 0 0 0 0 0 0 1 849 174 0 0 
0 18 87 78 841 0 0 0 0 7 75 84 858 0 0 0 0 29 76 69 673 177 0 0 
0 25 220 183 596 0 0 0 0 8 172 203 640 1 0 0 0 82 197 135 560 50 0 0 
0 56 247 223 498 0 0 0 0 8 236 228 548 4 0 0 0 124 218 175 460 47 0 0 
0 37 333 165 489 0 0 0 0 3 296 207 518 0 0 0 0 191 239 120 422 52 0 0 
0 37 264 180 543 0 0 0 0 1 220 218 571 14 0 0 0 141 223 122 430 108 0 0 
0 49 349 309 316 1 0 0 0 6 299 309 402 8 0 0 2 213 245 239 285 40 0 0 
0 24 321 219 460 0 0 0 0 1 237 273 499 14 0 0 0 188 264 147 382 43 0 0 
0 0 0 1 1023 0 0 0 0 0 0 0 1023 1 0 0 0 0 0 2 705 317 0 0 
0 0 0 2 1022 0 0 0 0 0 0 0 1023 1 0 0 0 0 0 2 1021 1 0 0 
0 0 0 0 1024 0 0 0 0 0 0 0 1024 0 0 0 0 0 0 0 1024 0 0 0 
0 0 0 0 1024 0 0 0 0 0 0 0 1024 0 0 0 0 0 0 0 1024 0 0 0 
0 0 0 0 1024 0 0 0 0 0 0 0 1024 0 0 0 0 0 0 0 1024 0 0 0 
0 0 0 0 1024 0 0 0 0 0 0 0 1024 0 0 0 0 0 0 0 1024 0 0 0 
0 0 0 0 1024 0 0 0 0 0 0 0 1024 0 0 0 0 0 0 0 1024 0 0 0 
0 0 0 0 1024 0 0 0 0 0 0 0 1024 0 0 0 0 0 0 0 1024 0 0 0 
0 0 0 0 1024 0 0 0 0 0 0 0 1024 0 0 0 0 0 0 0 1024 0 0 0 
0 0 0 0 1024 0 0 0 0 0 0 0 1024 0 0 0 0 0 0 0 1024 0 0 0 
0 0 0 0 1024 0 0 0 0 0 0 0 1024 0 0 0 0 0 0 0 1024 0 0 0 
0 0 0 0 1024 0 0 0 0 0 0 0 1024 0 0 0 0 0 0 0 1024 0 0 0 
0 0 0 0 1024 0 0 0 0 0 0 0 1024 0 0 0 0 0 0 0 1024 0 0 0 
0 0 0 0 1024 0 0 0 0 0 0 0 1024 0 0 0 0 0 0 0 1024 0 0 0 
0 0 0 0 1024 0 0 0 0 0 0 0 1024 0 0 0 0 0 0 0 1024 0 0 0 
0 0 0 0 1024 0 0 0 0 0 0 0 1024 0 0 0 0 0 0 0 1024 0 0 0 
0 0 0 0 1024 0 0 0 0 0 0 0 1024 0 0 0 0 0 0 0 1024 0 0 0 
0 0 0 0 1024 0 0 0 0 0 0 0 1024 0 0 0 0 0 0 0 1024 0 0 0 
0 0 0 0 1024 0 0 0 0 0 0 0 1024 0 0 0 0 0 0 0 1024 0 0 0 
0 0 0 0 1024 0 0 0 0 0 0 0 1024 0 0 0 0 0 0 0 1024 0 0 0 
0 0 0 0 1024 0 0 0 0 0 0 0 1024 0 0 0 0 0 0 0 1024 0 0 0 
0 0 0 0 1024 0 0 0 0 0 0 0 1024 0 0 0 0 0 0 0 1024 0 0 0 
0 0 0 0 1024 0 0 0 0 0 0 0 1024 0 0 0 0 0 0 0 1024 0 0 0 
0 107 592 247 78 0 0 0 0 5 482 378 158 1 0 0 0 374 380 204 65 1 0 0 
0 179 725 89 31 0 0 0 0 13 734 225 52 0 0 0 4 647 279 62 32 0 0 0 
0 391 564 35 34 0 0 0 0 5 859 106 50 4 0 0 6 863 93 20 42 0 0 0 
0 337 557 64 66 0 0 0 0 9 786 148 80 1 0 0 12 796 101 47 58 10 0 0 
0 262 639 71 52 0 0 0 0 4 780 167 70 3 0 0 1 798 121 49 50 5 0 0 
0 231 671 107 15 0 0 0 0 1 762 223 37 1 0 0 1 721 213 79 10 0 0 0 
0 107 311 176 430 0 0 0 0 17 312 197 481 17 0 0 6 240 201 144 332 101 0 0 
0 129 274 169 452 0 0 0 0 45 288 192 493 6 0 0 0 140 242 164 233 245 0 0 
0 373 525 93 33 0 0 0 0 73 764 131 52 4 0 0 0 668 247 70 38 1 0 0 
0 405 511 81 27 0 0 0 0 113 740 126 42 3 0 0 4 697 240 66 17 0 0 0 
0 540 467 17 0 0 0 0 0 216 763 44 1 0 0 0 0 845 172 7 0 0 0 0 
0 585 437 2 0 0 0 0 0 99 885 40 0 0 0 0 1 950 73 0 0 0 0 0 
0 269 692 53 10 0 0 0 0 56 794 151 22 1 0 0 4 736 252 25 7 0 0 0 
0 164 688 143 29 0 0 0 0 35 667 269 53 0 0 0 3 540 385 83 13 0 0 0 
0 83 395 156 383 7 0 0 0 7 349 236 404 28 0 0 3 336 222 102 285 76 0 0 
0 67 592 175 188 2 0 0 0 5 505 294 213 7 0 0 1 475 298 91 142 17 0 0 
0 1 53 110 856 4 0 0 0 0 37 102 869 16 0 0 0 2 62 112 778 70 0 0 
0 0 14 51 958 1 0 0 0 0 6 48 962 8 0 0 0 1 16 46 913 48 0 0 
0 0 0 0 1024 0 0 0 0 0 0 0 1024 0 0 0 0 0 0 0 1024 0 0 0 
0 0 0 0 1024 0 0 0 0 0 0 0 1024 0 0 0 0 0 0 0 1024 0 0 0 
0 0 0 0 1024 0 0 0 0 0 0 0 1024 0 0 0 0 0 0 0 1024 0 0 0 
0 0 0 0 1024 0 0 0 0 0 0 0 1024 0 0 0 0 0 0 0 1024 0 0 0 
0 0 0 0 1024 0 0 0 0 0 0 0 1024 0 0 0 0 0 0 0 1024 0 0 0 
0 0 0 0 1024 0 0 0 0 0 0 0 1024 0 0 0 0 0 0 0 1024 0 0 0 
0 0 0 0 1024 0 0 0 0 0 0 0 1024 0 0 0 0 0 0 0 1024 0 0 0 
0 0 0 0 1024 0 0 0 0 0 0 0 1024 0 0 0 0 0 0 0 1024 0 0 0 
0 0 0 0 1024 0 0 0 0 0 0 0 1024 0 0 0 0 0 0 0 1024 0 0 0 
0 0 0 0 1024 0 0 0 0 0 0 0 1024 0 0 0 0 0 0 0 1024 0 0 0 
0 0 0 0 1024 0 0 0 0 0 0 0 1024 0 0 0 0 0 0 0 1024 0 0 0 
0 0 0 0 1024 0 0 0 0 0 0 0 1024 0 0 0 0 0 0 0 1024 0 0 0 
0 0 0 0 1024 0 0 0 0 0 0 0 1024 0 0 0 0 0 0 0 1024 0 0 0 
0 0 0 0 1024 0 0 0 0 0 0 0 1024 0 0 0 0 0 0 0 1024 0 0 0 
0 0 0 0 1024 0 0 0 0 0 0 0 1024 0 0 0 0 0 0 0 1024 0 0 0 
0 0 0 0 1024 0 0 0 0 0 0 0 1024 0 0 0 0 0 0 0 1024 0 0 0 
0 0 0 0 1024 0 0 0 0 0 0 0 1024 0 0 0 0 0 0 0 1024 0 0 0 
0 0 0 0 1024 0 0 0 0 0 0 0 1024 0 0 0 0 0 0 0 1024 0 0 0 
0 0 0 0 1024 0 0 0 0 0 0 0 1024 0 0 0 0 0 0 0 1024 0 0 0 
0 250 610 140 24 0 0 0 0 17 720 223 62 2 0 0 0 588 309 107 20 0 0 0 
0 255 495 171 103 0 0 0 0 51 595 218 158 2 0 0 1 423 340 153 107 0 0 0 
0 621 361 38 4 0 0 0 0 89 869 54 12 0 0 0 1 774 203 36 10 0 0 0 
0 762 235 20 7 0 0 0 0 203 767 41 13 0 0 0 4 921 75 17 7 0 0 0 
0 560 461 3 0 0 0 0 0 84 900 39 1 0 0 0 2 952 67 3 0 0 0 0 
0 379 490 106 49 0 0 0 0 99 695 156 74 0 0 0 20 670 201 83 50 0 0 0 
0 427 447 95 55 0 0 0 0 102 690 148 78 6 0 0 7 688 193 84 49 3 0 0 
0 283 497 150 91 3 0 0 0 75 597 226 111 15 0 0 0 495 328 120 71 10 0 0 
1 668 270 50 31 4 0 0 0 318 580 78 41 7 0 0 2 787 153 51 27 4 0 0 
0 618 309 76 21 0 0 0 0 390 478 116 34 6 0 0 15 745 184 55 24 1 0 0 
0 440 502 76 6 0 0 0 0 131 676 203 12 2 0 0 40 726 235 18 5 0 0 0 
0 659 361 3 1 0 0 0 0 270 745 8 1 0 0 0 6 924 92 2 0 0 0 0 
1 528 466 24 5 0 0 0 0 179 780 59 6 0 0 0 5 838 158 20 3 0 0 0 
0 446 510 55 13 0 0 0 0 169 746 87 22 0 0 0 21 757 185 52 9 0 0 0 
0 488 534 2 0 0 0 0 0 125 865 34 0 0 0 0 7 932 85 0 0 0 0 0 
0 630 384 8 2 0 0 0 0 195 809 17 3 0 0 0 51 926 44 3 0 0 0 0 
1 314 344 174 188 3 0 0 0 102 470 219 209 24 0 0 22 491 197 135 164 15 0 0 
0 220 485 176 143 0 0 0 0 33 579 224 179 9 0 0 0 492 261 142 114 15 0 0 
0 4 39 54 927 0 0 0 0 0 29 53 938 4 0 0 0 16 39 49 888 32 0 0 
0 0 0 0 1024 0 0 0 0 0 0 0 1024 0 0 0 0 0 0 0 1024 0 0 0 
0 0 0 0 1024 0 0 0 0 0 0 0 1024 0 0 0 0 0 0 0 1024 0 0 0 
0 0 0 0 1024 0 0 0 0 0 0 0 1024 0 0 0 0 0 0 0 1024 0 0 0 
0 0 0 0 1024 0 0 0 0 0 0 0 1024 0 0 0 0 0 0 0 1024 0 0 0 
0 0 0 0 1024 0 0 0 0 0 0 0 1024 0 0 0 0 0 0 0 1024 0 0 0 
0 0 0 0 1024 0 0 0 0 0 0 0 1024 0 0 0 0 0 0 0 1024 0 0 0 
0 0 0 0 1024 0 0 0 0 0 0 0 1024 0 0 0 0 0 0 0 1024 0 0 0 
0 0 0 0 1024 0 0 0 0 0 0 0 1024 0 0 0 0 0 0 0 1024 0 0 0 
5 5 7 6 1001 0 0 0 0 1 9 6 1006 2 0 0 0 2 9 7 1005 1 0 0 
2 10 3 8 1001 0 0 0 0 4 9 7 1004 0 0 0 0 7 6 7 1004 0 0 0 
0 0 0 0 1024 0 0 0 0 0 0 0 1024 0 0 0 0 0 0 0 1024 0 0 0 
0 0 0 0 1024 0 0 0 0 0 0 0 1024 0 0 0 0 0 0 0 1024 0 0 0 
0 0 0 0 1024 0 0 0 0 0 0 0 1024 0 0 0 0 0 0 0 1024 0 0 0 
0 0 0 0 1024 0 0 0 0 0 0 0 1024 0 0 0 0 0 0 0 1024 0 0 0 
0 0 0 0 1024 0 0 0 0 0 0 0 1024 0 0 0 0 0 0 0 1024 0 0 0 
0 0 0 0 1024 0 0 0 0 0 0 0 1024 0 0 0 0 0 0 0 1024 0 0 0 
0 0 0 0 1024 0 0 0 0 0 0 0 1024 0 0 0 0 0 0 0 1024 0 0 0 
0 0 0 0 1024 0 0 0 0 0 0 0 1024 0 0 0 0 0 0 0 1024 0 0 0 
0 550 355 79 40 0 0 0 0 185 665 119 53 2 0 0 4 659 243 73 44 1 0 0 
0 634 325 53 12 0 0 0 0 165 742 92 24 1 0 0 2 775 195 38 14 0 0 0 
0 487 445 61 31 0 0 0 0 86 794 97 44 3 0 0 1 667 272 52 32 0 0 0 
0 900 104 18 2 0 0 0 0 482 508 25 9 0 0 0 5 960 42 15 2 0 0 0 
1 857 159 7 0 0 0 0 0 331 666 25 2 0 0 0 10 939 70 5 0 0 0 0 
0 663 300 45 16 0 0 0 0 199 739 63 21 2 0 0 7 798 172 34 12 1 0 0 
0 354 404 129 131 6 0 0 0 130 569 151 146 28 0 0 6 448 306 117 107 40 0 0 
0 603 266 42 19 21 31 42 0 301 549 55 17 21 31 50 2 754 115 41 18 18 27 49 
1 707 238 37 21 15 3 2 0 461 467 48 25 13 7 3 4 742 197 37 22 12 7 3 
2 776 240 6 0 0 0 0 0 317 691 15 1 0 0 0 23 923 76 2 0 0 0 0 
0 705 287 32 0 0 0 0 0 141 784 96 3 0 0 0 45 860 119 0 0 0 0 0 
0 458 346 138 75 7 0 0 0 216 522 177 90 19 0 0 2 577 251 123 68 3 0 0 
3 777 222 16 6 0 0 0 0 361 633 18 12 0 0 0 30 890 84 17 3 0 0 0 
1 814 201 7 1 0 0 0 0 316 697 10 1 0 0 0 21 966 33 4 0 0 0 0 
0 799 224 1 0 0 0 0 0 287 730 7 0 0 0 0 12 962 49 1 0 0 0 0 
14 722 286 2 0 0 0 0 0 284 713 27 0 0 0 0 65 904 55 0 0 0 0 0 
0 365 623 36 0 0 0 0 0 98 820 104 2 0 0 0 14 828 179 3 0 0 0 0 
0 465 520 32 7 0 0 0 0 111 810 90 12 1 0 0 19 819 166 15 5 0 0 0 
0 112 318 133 458 3 0 0 0 33 351 151 469 20 0 0 3 275 186 104 427 29 0 0 
0 18 83 83 838 2 0 0 0 3 76 87 840 18 0 0 0 19 84 79 819 23 0 0 
0 0 0 0 1024 0 0 0 0 0 0 0 1024 0 0 0 0 0 0 0 1024 0 0 0 
0 0 0 0 1024 0 0 0 0 0 0 0 1024 0 0 0 0 0 0 0 1024 0 0 0 
0 0 0 0 1024 0 0 0 0 0 0 0 1024 0 0 0 0 0 0 0 1024 0 0 0 
0 0 0 0 1024 0 0 0 0 0 0 0 1024 0 0 0 0 0 0 0 1024 0 0 0 
0 0 0 0 1024 0 0 0 0 0 0 0 1024 0 0 0 0 0 0 0 1024 0 0 0 
0 0 0 0 1024 0 0 0 0 0 0 0 1024 0 0 0 0 0 0 0 1024 0 0 0 
0 0 0 0 1024 0 0 0 0 0 0 0 1024 0 0 0 0 0 0 0 1024 0 0 0 
0 1 4 28 991 0 0 0 0 1 4 28 991 0 0 0 0 1 2 21 1000 0 0 0 
0 1 5 13 993 12 0 0 0 1 3 15 989 16 0 0 0 1 5 15 997 6 0 0 
0 0 0 0 1024 0 0 0 0 0 0 0 1024 0 0 0 0 0 0 0 1024 0 0 0 
0 0 0 0 1024 0 0 0 0 0 0 0 1024 0 0 0 0 0 0 0 1024 0 0 0 
0 0 0 0 1024 0 0 0 0 0 0 0 1024 0 0 0 0 0 0 0 1024 0 0 0 
0 0 0 0 1024 0 0 0 0 0 0 0 1024 0 0 0 0 0 0 0 1024 0 0 0 
0 0 0 0 1024 0 0 0 0 0 0 0 1024 0 0 0 0 0 0 0 1024 0 0 0 
0 0 0 0 1024 0 0 0 0 0 0 0 1024 0 0 0 0 0 0 0 1024 0 0 0 
0 0 0 0 1024 0 0 0 0 0 0 0 1024 0 0 0 0 0 0 0 1024 0 0 0 
0 0 0 0 1024 0 0 0 0 0 0 0 1024 0 0 0 0 0 0 0 1024 0 0 0 
0 434 180 126 283 1 0 0 0 165 409 124 306 20 0 0 3 445 164 102 208 102 0 0 
1 765 221 28 9 0 0 0 0 359 612 41 11 1 0 0 10 886 92 26 7 3 0 0 
0 782 240 1 1 0 0 0 0 247 770 6 1 0 0 0 5 999 18 1 1 0 0 0 
2 954 64 4 0 0 0 0 0 547 468 9 0 0 0 0 10 985 26 3 0 0 0 0 
1 852 169 0 2 0 0 0 0 519 499 4 2 0 0 0 38 940 44 1 1 0 0 0 
4 721 246 27 25 1 0 0 0 448 505 43 26 2 0 0 14 816 144 23 26 1 0 0 
0 830 192 2 0 0 0 0 0 498 514 12 0 0 0 0 11 958 54 1 0 0 0 0 
0 416 324 42 40 48 52 102 0 153 554 60 38 49 53 117 5 622 126 28 29 49 57 108 
3 707 211 22 27 29 20 5 0 447 468 21 29 27 27 5 13 806 102 27 15 36 20 5 
2 858 164 0 0 0 0 0 0 505 515 4 0 0 0 0 29 961 34 0 0 0 0 0 
4 557 461 2 0 0 0 0 0 219 765 40 0 0 0 0 49 884 91 0 0 0 0 0 
0 541 471 10 2 0 0 0 0 151 784 86 3 0 0 0 9 862 149 3 1 0 0 0 
0 678 333 12 1 0 0 0 0 374 598 51 1 0 0 0 11 907 105 1 0 0 0 0 
4 899 121 0 0 0 0 0 0 358 662 4 0 0 0 0 23 981 20 0 0 0 0 0 
2 709 304 8 1 0 0 0 0 410 590 22 2 0 0 0 20 887 112 5 0 0 0 0 
2 728 285 6 3 0 0 0 0 311 700 8 5 0 0 0 7 940 70 6 1 0 0 0 
0 683 335 6 0 0 0 0 0 324 680 20 0 0 0 0 5 919 97 3 0 0 0 0 
0 686 297 29 11 1 0 0 0 349 612 47 14 2 0 0 6 882 104 21 10 1 0 0 
1 374 537 73 39 0 0 0 0 162 702 106 50 4 0 0 17 693 230 59 25 0 0 0 
0 339 376 101 208 0 0 0 0 154 534 118 204 14 0 0 11 574 158 104 175 2 0 0 
0 4 137 70 803 10 0 0 0 0 121 73 808 22 0 0 0 81 99 70 756 18 0 0 
0 0 0 0 1024 0 0 0 0 0 0 0 1024 0 0 0 0 0 0 0 1024 0 0 0 
0 0 0 0 1024 0 0 0 0 0 0 0 1024 0 0 0 0 0 0 0 1024 0 0 0 
0 0 0 52 972 0 0 0 0 0 0 52 972 0 0 0 0 0 0 52 972 0 0 0 
0 0 0 0 1024 0 0 0 0 0 0 0 1024 0 0 0 0 0 0 0 1024 0 0 0 
0 0 4 14 1006 0 0 0 0 0 3 13 1008 0 0 0 0 0 3 13 1008 0 0 0 
0 0 0 3 1021 0 0 0 0 0 0 1 1023 0 0 0 0 0 0 1 1023 0 0 0 
0 0 1 53 970 0 0 0 0 0 1 37 986 0 0 0 0 0 2 35 987 0 0 0 
0 3 7 24 906 79 5 0 0 2 8 14 907 88 5 0 1 2 9 16 923 69 4 0 
0 0 8 35 981 0 0 0 0 0 10 31 983 0 0 0 0 0 12 28 984 0 0 0 
0 0 0 0 1024 0 0 0 0 0 0 0 1024 0 0 0 0 0 0 0 1024 0 0 0 
0 0 0 0 1024 0 0 0 0 0 0 0 1024 0 0 0 0 0 0 0 1024 0 0 0 
0 0 0 0 1024 0 0 0 0 0 0 0 1024 0 0 0 0 0 0 0 1024 0 0 0 
0 0 0 0 1024 0 0 0 0 0 0 0 1024 0 0 0 0 0 0 0 1024 0 0 0 
0 0 0 0 1024 0 0 0 0 0 0 0 1024 0 0 0 0 0 0 0 1024 0 0 0 
0 0 0 0 1024 0 0 0 0 0 0 0 1024 0 0 0 0 0 0 0 1024 0 0 0 
0 0 0 0 1024 0 0 0 0 0 0 0 1024 0 0 0 0 0 0 0 1024 0 0 0 
1 664 250 79 30 0 0 0 0 393 484 101 44 2 0 0 9 706 207 69 33 0 0 0 
9 911 85 12 7 0 0 0 0 760 233 20 10 1 0 0 39 898 68 13 6 0 0 0 
0 842 171 11 0 0 0 0 0 611 372 40 1 0 0 0 9 923 82 10 0 0 0 0 
0 706 315 3 0 0 0 0 0 150 839 34 1 0 0 0 28 972 24 0 0 0 0 0 
21 826 175 2 0 0 0 0 1 355 659 9 0 0 0 0 100 901 23 0 0 0 0 0 
3 792 229 0 0 0 0 0 0 222 791 11 0 0 0 0 45 974 5 0 0 0 0 0 
5 886 87 26 10 7 3 0 0 578 391 23 20 5 6 1 21 923 36 24 10 7 3 0 
0 727 98 22 17 37 48 75 0 203 607 24 22 25 46 97 13 745 64 17 15 22 50 98 
42 812 124 11 7 16 11 1 4 567 402 15 7 14 14 1 44 883 52 10 9 15 10 1 
14 849 147 6 4 4 0 0 1 628 378 9 2 6 0 0 30 907 75 4 4 4 0 0 
2 868 154 0 0 0 0 0 0 419 604 1 0 0 0 0 17 954 53 0 0 0 0 0 
1 908 115 0 0 0 0 0 0 521 501 2 0 0 0 0 32 938 54 0 0 0 0 0 
9 942 73 0 0 0 0 0 0 666 357 1 0 0 0 0 68 942 14 0 0 0 0 0 
2 849 172 1 0 0 0 0 0 413 598 13 0 0 0 0 55 934 34 1 0 0 0 0 
0 885 139 0 0 0 0 0 0 523 499 2 0 0 0 0 10 984 30 0 0 0 0 0 
7 754 253 6 4 0 0 0 0 426 572 21 5 0 0 0 30 873 114 3 4 0 0 0 
0 863 161 0 0 0 0 0 0 451 569 4 0 0 0 0 2 965 57 0 0 0 0 0 
1 751 269 3 0 0 0 0 0 277 743 4 0 0 0 0 15 936 71 2 0 0 0 0 
0 605 400 15 4 0 0 0 0 207 770 40 7 0 0 0 21 916 81 6 0 0 0 0 
1 759 264 0 0 0 0 0 0 423 597 4 0 0 0 0 52 938 34 0 0 0 0 0 
0 659 320 16 26 3 0 0 0 319 646 29 26 4 0 0 32 892 69 15 16 0 0 0 
0 36 93 165 707 23 0 0 0 12 106 93 734 79 0 0 4 104 155 210 545 6 0 0 
0 0 0 23 977 24 0 0 0 0 0 9 968 47 0 0 0 5 42 32 943 2 0 0 
0 0 0 34 990 0 0 0 0 0 0 44 980 0 0 0 0 0 0 62 962 0 0 0 
0 0 0 33 991 0 0 0 0 0 0 31 993 0 0 0 0 0 0 29 994 1 0 0 
0 0 1 75 948 0 0 0 0 0 0 72 952 0 0 0 0 0 1 89 929 5 0 0 
0 0 6 24 994 0 0 0 0 0 6 24 993 1 0 0 0 0 6 22 995 1 0 0 
0 0 1 5 1018 0 0 0 0 0 4 6 1014 0 0 0 0 0 4 6 1014 0 0 0 
0 0 3 25 947 49 0 0 0 0 4 17 952 51 0 0 0 1 5 52 932 34 0 0 
0 0 23 51 950 0 0 0 0 0 29 39 956 0 0 0 0 1 31 46 946 0 0 0 
0 33 109 195 686 1 0 0 0 38 91 179 716 0 0 0 30 105 146 112 631 0 0 0 
0 67 98 165 694 0 0 0 4 65 88 130 736 1 0 0 50 87 101 135 651 0 0 0 
0 31 323 242 417 9 2 0 2 30 260 286 439 6 1 0 27 335 197 110 354 1 0 0 
0 31 160 137 683 13 0 0 0 38 136 143 699 8 0 0 25 136 124 109 630 0 0 0 
0 0 0 14 1010 0 0 0 0 0 6 11 1007 0 0 0 0 0 5 11 1008 0 0 0 
0 0 0 0 1024 0 0 0 0 0 0 0 1024 0 0 0 0 0 0 0 1024 0 0 0 
0 0 0 0 1024 0 0 0 0 0 0 0 1024 0 0 0 0 0 0 0 1024 0 0 0 
22 875 95 24 8 0 0 0 0 660 318 35 10 1 0 0 57 860 76 22 9 0 0 0 
12 872 102 32 6 0 0 0 0 723 243 44 14 0 0 0 33 861 95 26 9 0 0 0 
1 373 413 186 51 0 0 0 0 230 458 270 61 5 0 0 4 526 349 106 39 0 0 0 
6 634 328 52 4 0 0 0 0 385 522 111 6 0 0 0 68 845 97 13 1 0 0 0 
4 555 432 32 1 0 0 0 0 213 642 166 3 0 0 0 46 901 76 1 0 0 0 0 
22 769 205 24 4 0 0 0 0 475 492 52 5 0 0 0 82 863 73 6 0 0 0 0 
6 696 159 42 46 44 21 10 0 524 310 64 39 45 30 12 36 745 79 43 44 46 20 11 
19 458 168 119 64 48 51 97 1 250 259 167 114 75 51 107 13 348 154 141 124 83 58 103 
18 693 66 68 50 51 46 32 1 540 233 69 47 52 42 40 3 724 60 66 48 47 45 31 
24 867 56 6 12 21 23 15 1 688 256 7 12 18 21 21 57 862 27 5 14 21 19 19 
20 831 165 3 0 1 3 1 1 687 326 5 0 1 3 1 29 873 114 3 0 1 3 1 
27 924 59 4 6 3 0 1 0 771 237 5 5 4 1 1 29 965 16 4 6 3 0 1 
9 922 51 6 8 8 6 14 2 796 183 6 6 10 7 14 23 923 36 6 7 9 6 14 
13 998 13 0 0 0 0 0 0 809 215 0 0 0 0 0 36 987 1 0 0 0 0 0 
19 998 7 0 0 0 0 0 0 909 115 0 0 0 0 0 41 980 3 0 0 0 0 0 
1 896 124 3 0 0 0 0 0 591 427 6 0 0 0 0 10 962 51 1 0 0 0 0 
2 718 278 20 5 1 0 0 0 441 546 26 10 1 0 0 18 862 123 17 3 1 0 0 
14 846 154 10 0 0 0 0 0 592 414 17 1 0 0 0 50 918 55 1 0 0 0 0 
0 904 120 0 0 0 0 0 0 535 489 0 0 0 0 0 10 1000 14 0 0 0 0 0 
6 743 273 2 0 0 0 0 0 420 578 26 0 0 0 0 127 840 57 0 0 0 0 0 
1 846 177 0 0 0 0 0 0 544 480 0 0 0 0 0 53 947 24 0 0 0 0 0 
0 165 424 361 69 5 0 0 0 56 367 464 125 12 0 0 58 624 282 53 7 0 0 0 
0 75 291 316 312 30 0 0 0 17 251 326 383 47 0 0 0 294 352 171 199 8 0 0 
0 60 222 169 463 59 44 7 0 29 238 197 478 50 29 3 0 129 241 157 426 54 17 0 
3 47 40 147 674 93 19 1 4 54 39 133 701 79 14 0 3 52 45 176 672 74 2 0 
0 52 65 99 749 34 18 7 0 57 67 91 764 30 10 5 0 59 63 95 771 23 10 3 
0 48 88 86 802 0 0 0 0 60 65 91 807 1 0 0 0 63 87 87 786 1 0 0 
0 22 88 202 676 33 3 0 4 25 56 178 719 39 3 0 9 37 93 178 671 34 2 0 
0 12 106 261 603 29 13 0 0 11 40 156 766 38 13 0 0 21 43 188 723 37 12 0 
0 121 409 261 232 1 0 0 2 80 345 295 300 2 0 0 36 373 269 159 186 1 0 0 
0 228 693 92 11 0 0 0 0 63 742 203 16 0 0 0 31 770 190 27 6 0 0 0 
0 91 779 144 10 0 0 0 0 13 722 269 20 0 0 0 9 655 323 37 0 0 0 0 
0 92 620 191 121 0 0 0 0 12 582 278 152 0 0 0 4 480 318 131 91 0 0 0 
0 13 111 140 760 0 0 0 0 0 97 123 804 0 0 0 0 61 89 123 751 0 0 0 
0 0 110 293 621 0 0 0 0 0 53 282 689 0 0 0 0 96 223 133 572 0 0 0 
0 0 25 85 914 0 0 0 0 0 10 89 925 0 0 0 0 32 58 78 856 0 0 0 
0 0 0 0 1024 0 0 0 0 0 0 0 1024 0 0 0 0 0 0 0 1024 0 0 0 
6 562 256 130 69 1 0 0 0 474 325 144 81 0 0 0 46 602 213 126 37 0 0 0 
2 257 379 288 97 1 0 0 0 201 409 308 104 2 0 0 28 411 402 135 46 2 0 0 
14 388 366 193 63 0 0 0 0 262 454 248 60 0 0 0 92 557 286 89 0 0 0 0 
4 686 244 60 30 0 0 0 0 335 573 74 42 0 0 0 121 775 75 52 1 0 0 0 
2 533 387 97 5 0 0 0 0 316 515 185 8 0 0 0 59 802 140 23 0 0 0 0 
0 324 443 207 50 0 0 0 0 229 462 287 46 0 0 0 43 641 246 87 7 0 0 0 
35 767 178 42 2 0 0 0 0 669 277 71 7 0 0 0 94 850 66 14 0 0 0 0 
29 360 339 229 52 14 1 0 2 163 332 249 172 91 14 1 12 275 252 191 141 126 24 3 
11 611 249 72 20 25 30 6 1 439 391 106 26 29 21 11 22 744 128 52 20 29 24 5 
109 845 38 28 4 0 0 0 15 929 48 28 4 0 0 0 96 875 31 18 4 0 0 0 
68 650 110 75 52 34 20 15 4 711 130 79 43 35 15 7 80 682 111 70 43 22 14 2 
11 461 87 84 100 88 73 120 2 410 149 79 108 97 75 104 30 476 79 86 115 79 67 92 
31 611 104 72 45 62 35 64 11 530 215 62 52 57 46 51 52 657 79 49 66 49 44 28 
32 931 36 23 2 0 0 0 0 780 219 23 2 0 0 0 44 936 34 10 0 0 0 0 
3 916 76 19 10 0 0 0 0 811 184 22 7 0 0 0 29 931 44 18 2 0 0 0 
3 716 184 101 20 0 0 0 0 518 387 105 14 0 0 0 31 812 123 58 0 0 0 0 
7 666 303 42 6 0 0 0 0 383 575 58 8 0 0 0 55 806 144 18 1 0 0 0 
4 889 123 8 0 0 0 0 0 531 482 11 0 0 0 0 41 952 28 3 0 0 0 0 
3 749 272 0 0 0 0 0 0 414 593 17 0 0 0 0 51 929 44 0 0 0 0 0 
4 604 397 19 0 0 0 0 0 349 608 65 2 0 0 0 77 832 107 8 0 0 0 0 
1 349 602 59 12 1 0 0 0 137 702 170 13 2 0 0 23 822 162 16 1 0 0 0 
0 49 834 141 0 0 0 0 0 12 487 514 11 0 0 0 26 845 153 0 0 0 0 0 
0 114 583 286 41 0 0 0 0 18 365 551 86 4 0 0 21 567 311 101 24 0 0 0 
0 134 581 240 67 2 0 0 0 4 496 382 134 8 0 0 4 391 382 177 70 0 0 0 
0 77 371 254 313 9 0 0 0 4 327 305 367 21 0 0 0 93 335 317 274 5 0 0 
0 41 500 310 171 2 0 0 0 10 370 406 238 0 0 0 0 260 427 175 162 0 0 0 
0 1 583 335 104 1 0 0 0 0 387 517 114 6 0 0 0 252 573 134 65 0 0 0 
0 28 573 378 45 0 0 0 0 5 385 562 72 0 0 0 1 270 587 148 18 0 0 0 
0 59 521 357 87 0 0 0 0 24 374 351 275 0 0 0 3 162 427 180 244 8 0 0 
0 46 765 150 59 4 0 0 0 9 608 338 63 6 0 0 0 521 417 43 43 0 0 0 
0 337 642 44 1 0 0 0 0 137 798 86 3 0 0 0 0 682 318 23 1 0 0 0 
0 188 799 35 2 0 0 0 0 53 863 106 2 0 0 0 8 678 331 6 1 0 0 0 
0 161 717 89 57 0 0 0 0 38 774 145 67 0 0 0 0 646 298 57 23 0 0 0 
0 95 703 96 130 0 0 0 0 6 702 171 144 1 0 0 0 558 298 67 101 0 0 0 
0 51 832 131 10 0 0 0 0 4 710 290 20 0 0 0 4 555 434 31 0 0 0 0 
0 15 453 319 237 0 0 0 0 0 333 409 282 0 0 0 2 277 366 243 136 0 0 0 
0 85 448 106 384 0 0 0 0 0 416 213 394 0 0 0 0 298 277 74 373 0 0 0 
0 197 344 318 158 7 0 0 0 84 395 344 191 10 0 0 27 402 336 208 51 0 0 0 
1 181 323 294 217 8 0 0 0 154 341 306 216 7 0 0 44 346 329 249 56 0 0 0 
0 224 321 256 179 43 1 0 0 174 363 270 181 36 0 0 88 410 266 203 56 1 0 0 
1 359 326 205 120 13 0 0 0 302 372 226 114 10 0 0 96 500 240 161 27 0 0 0 
24 482 253 183 75 7 0 0 1 481 261 203 72 6 0 0 134 538 228 110 14 0 0 0 
9 252 320 232 163 47 1 0 0 201 376 266 152 29 0 0 120 388 293 164 58 1 0 0 
8 424 410 151 20 4 7 0 0 239 529 211 33 4 8 0 102 639 202 62 10 7 2 0 
63 357 259 253 69 14 9 0 3 298 210 162 163 163 25 0 24 345 174 126 133 129 93 0 
32 502 262 128 43 16 29 12 1 351 406 161 44 19 23 19 79 557 225 81 26 21 27 8 
43 832 101 31 6 2 5 4 7 807 148 44 6 3 2 7 114 779 91 24 5 2 4 5 
69 532 212 140 40 22 7 2 6 610 168 126 51 31 27 5 94 573 152 98 37 28 28 14 
47 397 160 134 165 100 17 4 0 375 158 100 104 146 118 23 26 392 121 83 90 140 124 48 
6 683 156 116 17 19 19 8 1 678 190 102 24 21 6 2 38 728 156 67 20 11 3 1 
27 555 238 154 48 2 0 0 16 508 299 173 28 0 0 0 104 618 188 107 7 0 0 0 
30 516 241 184 53 0 0 0 11 516 294 174 29 0 0 0 89 565 263 102 5 0 0 0 
20 494 274 156 68 12 0 0 9 481 296 166 65 7 0 0 89 525 252 131 27 0 0 0 
39 620 220 119 26 0 0 0 5 589 266 133 31 0 0 0 109 655 167 88 5 0 0 0 
3 306 296 297 107 15 0 0 0 272 337 301 103 11 0 0 74 419 352 158 20 1 0 0 
7 568 205 175 62 7 0 0 1 512 260 183 61 7 0 0 85 618 200 108 13 0 0 0 
2 633 228 132 24 5 0 0 0 541 318 136 24 5 0 0 64 731 161 63 2 3 0 0 
0 414 389 184 37 0 0 0 0 235 560 204 25 0 0 0 52 645 239 88 0 0 0 0 
0 203 545 231 45 0 0 0 0 95 560 330 39 0 0 0 21 597 318 87 1 0 0 0 
0 130 514 333 47 0 0 0 0 29 454 464 76 1 0 0 29 514 348 113 20 0 0 0 
3 352 560 105 3 1 0 0 0 138 614 258 12 2 0 0 51 749 210 12 2 0 0 0 
0 216 560 207 35 6 0 0 0 54 571 339 52 8 0 0 18 565 351 76 12 2 0 0 
0 87 526 378 33 0 0 0 0 10 388 455 171 0 0 0 0 159 541 232 92 0 0 0 
0 30 567 333 93 1 0 0 0 11 519 388 105 1 0 0 0 246 554 197 26 1 0 0 
0 31 735 222 36 0 0 0 0 11 640 302 67 4 0 0 0 336 529 98 59 2 0 0 
0 147 631 228 18 0 0 0 0 33 653 163 172 3 0 0 0 401 323 73 216 11 0 0 
0 170 597 110 106 41 0 0 0 90 643 138 96 57 0 0 2 476 348 79 101 18 0 0 
0 379 638 7 0 0 0 0 0 189 810 25 0 0 0 0 0 706 318 0 0 0 0 0 
0 236 781 7 0 0 0 0 0 114 868 42 0 0 0 0 3 664 357 0 0 0 0 0 
0 261 725 36 2 0 0 0 0 64 874 80 6 0 0 0 0 653 353 18 0 0 0 0 
0 368 621 35 0 0 0 0 0 154 789 81 0 0 0 0 3 651 356 14 0 0 0 0 
0 461 555 8 0 0 0 0 0 118 871 35 0 0 0 0 4 785 235 0 0 0 0 0 
0 579 423 22 0 0 0 0 0 202 746 76 0 0 0 0 26 826 169 3 0 0 0 0 
0 672 298 42 10 0 0 0 0 298 586 128 10 0 0 0 0 640 320 53 10 0 0 0 
1 42 472 439 70 0 0 0 0 10 289 601 122 2 0 0 15 367 556 86 0 0 0 0 
0 46 230 444 286 18 0 0 0 37 198 462 315 12 0 0 37 233 472 267 15 0 0 0 
0 79 202 304 379 59 1 0 1 66 223 335 354 45 0 0 52 229 317 370 56 0 0 0 
4 87 253 415 252 13 0 0 0 69 209 443 300 3 0 0 68 269 415 264 8 0 0 0 
0 97 260 440 215 12 0 0 0 100 252 438 225 9 0 0 57 282 472 211 2 0 0 0 
10 230 162 244 269 106 3 0 8 249 170 287 272 38 0 0 148 236 255 300 84 1 0 0 
47 390 192 211 158 24 2 0 14 400 196 204 177 29 4 0 133 392 237 206 51 4 1 0 
20 224 196 336 211 36 1 0 8 192 169 273 284 95 3 0 29 219 209 186 210 152 19 0 
68 380 194 225 122 14 12 9 21 423 202 262 83 10 14 9 163 365 240 195 29 14 10 8 
234 345 182 161 65 35 2 0 126 452 157 164 76 40 9 0 246 370 143 148 72 34 11 0 
75 322 193 215 152 66 1 0 22 315 153 153 122 99 124 36 71 285 154 135 100 83 96 100 
67 582 213 129 30 3 0 0 45 607 209 135 16 4 7 1 146 549 204 98 14 5 6 2 
28 539 189 111 83 63 11 0 5 540 194 108 51 63 55 8 63 530 193 78 44 48 42 26 
68 416 221 209 70 33 7 0 60 446 234 188 66 26 4 0 200 415 234 134 31 10 0 0 
19 301 292 260 127 25 0 0 23 280 295 268 136 22 0 0 133 337 347 177 30 0 0 0 
6 245 275 226 184 85 3 0 14 286 257 217 193 56 1 0 128 324 272 201 93 6 0 0 
7 365 326 206 108 12 0 0 6 353 309 244 98 14 0 0 132 476 238 143 35 0 0 0 
0 86 320 308 209 88 13 0 0 78 294 348 219 83 2 0 69 332 322 207 90 4 0 0 
0 288 309 231 147 46 3 0 0 200 379 270 141 34 0 0 62 486 288 151 37 0 0 0 
5 398 295 201 111 14 0 0 1 331 343 226 112 11 0 0 124 520 221 136 23 0 0 0 
0 394 266 222 118 24 0 0 0 342 331 214 123 14 0 0 65 504 256 158 41 0 0 0 
1 300 308 276 124 15 0 0 0 247 347 286 128 16 0 0 54 454 254 217 45 0 0 0 
0 187 368 345 97 26 1 0 0 142 394 378 90 20 0 0 44 400 371 166 42 1 0 0 
34 638 256 80 12 4 0 0 0 486 416 89 28 4 1 0 163 656 157 41 5 2 0 0 
2 526 294 164 35 3 0 0 0 332 447 198 44 3 0 0 98 613 228 81 4 0 0 0 
0 207 415 310 88 4 0 0 0 56 412 361 179 16 0 0 11 257 416 200 129 11 0 0 
0 112 477 288 124 23 0 0 0 35 490 338 128 33 0 0 7 296 455 184 63 19 0 0 
0 190 481 243 95 15 0 0 0 80 509 267 130 38 0 0 3 324 353 198 101 45 0 0 
0 66 429 432 97 0 0 0 0 29 350 376 241 28 0 0 17 378 257 113 208 44 7 0 
0 74 365 347 192 46 0 0 0 50 398 361 169 46 0 0 29 296 408 192 72 27 0 0 
0 313 591 66 33 21 0 0 0 172 717 78 32 25 0 0 3 617 316 46 23 19 0 0 
0 280 633 83 28 0 0 0 0 107 791 110 16 0 0 0 0 635 331 56 2 0 0 0 
0 290 639 89 6 0 0 0 0 111 784 114 15 0 0 0 1 655 322 44 2 0 0 0 
1 509 448 63 3 0 0 0 0 240 697 83 4 0 0 0 4 773 225 21 1 0 0 0 
0 646 378 0 0 0 0 0 0 266 753 5 0 0 0 0 11 951 62 0 0 0 0 0 
0 702 318 4 0 0 0 0 0 278 731 15 0 0 0 0 50 881 93 0 0 0 0 0 
0 373 640 10 0 0 0 0 0 106 821 96 0 0 0 0 10 821 192 0 0 0 0 0 
0 70 701 248 5 0 0 0 0 9 605 392 18 0 0 0 16 667 333 8 0 0 0 0 
0 13 407 563 41 0 0 0 0 1 254 662 107 0 0 0 8 408 568 40 0 0 0 0 
0 12 127 543 338 4 0 0 0 8 145 567 301 3 0 0 15 164 547 297 1 0 0 0 
0 3 240 618 162 1 0 0 0 1 189 703 131 0 0 0 4 260 648 112 0 0 0 0 
0 30 339 512 138 5 0 0 0 11 189 596 222 6 0 0 31 349 517 123 4 0 0 0 
4 40 179 521 270 10 0 0 2 41 160 535 281 5 0 0 39 253 532 191 9 0 0 0 
0 72 290 467 187 8 0 0 0 54 241 473 242 14 0 0 47 287 450 220 20 0 0 0 
10 60 305 459 163 27 0 0 0 15 189 372 338 110 0 0 10 162 293 220 194 139 6 0 
21 152 246 389 183 26 5 2 11 135 222 386 206 51 11 2 79 203 396 205 93 37 10 1 
41 231 279 305 132 36 0 0 5 229 225 306 176 49 29 5 108 241 263 240 93 36 30 13 
41 161 277 318 191 35 1 0 4 116 199 277 234 122 68 4 61 193 256 202 133 70 78 31 
29 381 243 246 103 22 0 0 19 353 235 257 132 28 0 0 177 378 280 137 43 9 0 0 
52 143 159 255 305 103 7 0 27 161 141 213 327 111 39 5 114 220 270 263 72 41 29 15 
15 85 173 341 329 78 3 0 8 83 163 294 354 89 27 6 67 212 325 320 52 14 25 9 
0 37 211 475 257 44 0 0 0 11 123 482 342 66 0 0 36 273 476 222 17 0 0 0 
0 22 206 494 262 40 0 0 0 11 100 482 365 66 0 0 24 257 482 246 15 0 0 0 
0 28 328 496 166 6 0 0 0 6 136 551 315 16 0 0 26 317 516 160 5 0 0 0 
0 7 225 505 257 29 1 0 0 2 136 496 342 48 0 0 22 320 471 192 18 1 0 0 
0 44 460 350 139 30 1 0 0 13 302 489 190 28 2 0 32 437 400 135 19 1 0 0 
1 48 324 508 136 7 0 0 0 23 170 557 247 27 0 0 34 331 519 132 8 0 0 0 
0 67 219 435 256 47 0 0 0 54 169 385 349 67 0 0 44 262 458 211 49 0 0 0 
0 42 168 487 296 31 0 0 0 39 112 420 411 42 0 0 33 153 405 368 65 0 0 0 
0 75 255 349 240 99 6 0 0 72 215 414 253 70 0 0 57 278 375 256 57 1 0 0 
22 434 282 200 83 3 0 0 6 359 318 219 108 14 0 0 141 473 266 119 25 0 0 0 
2 141 273 389 196 23 0 0 0 102 242 372 265 42 1 0 93 285 406 214 26 0 0 0 
1 100 324 421 164 14 0 0 0 34 265 449 256 20 0 0 36 237 405 270 76 0 0 0 
1 114 292 338 195 70 14 0 0 48 269 319 260 98 30 0 10 240 368 235 122 45 4 0 
1 44 305 414 205 47 8 0 0 23 258 416 250 68 9 0 17 222 412 243 111 19 0 0 
0 37 340 568 78 1 0 0 0 5 245 481 291 2 0 0 17 273 371 165 195 3 0 0 
0 62 404 461 97 0 0 0 0 54 401 460 109 0 0 0 89 433 420 82 0 0 0 0 
0 94 471 303 90 66 0 0 0 42 423 381 93 85 0 0 28 409 379 78 68 62 0 0 
0 268 395 227 119 15 0 0 0 168 479 265 108 4 0 0 10 530 320 145 19 0 0 0 
0 105 601 247 68 3 0 0 0 57 639 251 73 4 0 0 5 474 402 123 20 0 0 0 
0 295 472 213 42 2 0 0 0 167 551 256 48 2 0 0 12 467 412 121 12 0 0 0 
0 410 611 3 0 0 0 0 0 112 879 33 0 0 0 0 4 793 227 0 0 0 0 0 
75 728 218 3 0 0 0 0 3 576 441 4 0 0 0 0 117 790 115 2 0 0 0 0 
117 480 341 85 0 0 0 0 0 405 405 213 0 0 0 0 234 554 224 10 0 0 0 0 
0 225 588 207 4 0 0 0 0 154 643 213 14 0 0 0 52 587 293 91 1 0 0 0 
0 100 621 298 5 0 0 0 0 72 612 330 10 0 0 0 28 622 353 21 0 0 0 0 
0 6 318 599 101 0 0 0 0 4 326 641 53 0 0 0 3 362 610 49 0 0 0 0 
0 11 438 526 49 0 0 0 0 9 467 514 33 1 0 0 12 474 504 34 0 0 0 0 
0 45 611 335 33 0 0 0 0 15 439 503 66 1 0 0 41 602 357 24 0 0 0 0 
0 15 500 474 35 0 0 0 0 2 305 647 70 0 0 0 11 457 528 28 0 0 0 0 
0 9 391 522 96 5 1 0 0 7 326 579 106 6 0 0 14 354 518 125 12 1 0 0 
10 155 523 252 73 11 0 0 0 14 290 320 222 169 9 0 15 267 238 128 157 157 62 0 
0 5 292 594 119 13 1 0 0 2 171 673 157 20 1 0 11 333 545 103 29 3 0 0 
3 69 210 430 275 37 0 0 0 10 106 407 315 71 96 19 14 123 432 193 76 44 83 59 
2 51 303 491 176 1 0 0 0 18 186 504 307 9 0 0 78 377 463 103 3 0 0 0 
0 6 207 587 220 4 0 0 0 0 61 511 430 22 0 0 11 246 623 142 2 0 0 0 
0 1 247 491 271 14 0 0 0 0 98 524 385 17 0 0 7 313 545 157 2 0 0 0 
0 6 134 522 297 64 1 0 0 0 36 444 413 86 43 2 4 163 463 224 70 53 45 2 
0 27 306 480 206 5 0 0 0 6 199 532 277 10 0 0 40 398 449 137 0 0 0 0 
0 38 468 414 102 2 0 0 0 6 328 534 151 5 0 0 64 518 379 63 0 0 0 0 
0 36 466 433 86 3 0 0 0 8 283 559 164 10 0 0 67 509 391 56 1 0 0 0 
0 24 461 443 91 5 0 0 0 8 405 488 117 6 0 0 49 531 395 49 0 0 0 0 
2 203 492 267 60 0 0 0 0 60 443 417 101 3 0 0 110 535 305 74 0 0 0 0 
1 116 673 223 10 1 0 0 0 21 432 499 69 3 0 0 51 642 312 18 1 0 0 0 
0 4 251 670 98 1 0 0 0 3 81 619 311 10 0 0 7 251 601 140 25 0 0 0 
0 2 210 661 149 2 0 0 0 1 89 593 325 15 1 0 9 259 581 148 27 0 0 0 
0 3 258 632 128 3 0 0 0 0 110 675 233 6 0 0 8 346 596 73 1 0 0 0 
0 8 247 637 130 2 0 0 0 2 116 588 301 17 0 0 7 384 557 74 2 0 0 0 
0 5 264 576 172 7 0 0 0 2 181 576 242 23 0 0 39 440 443 100 2 0 0 0 
0 108 394 418 104 0 0 0 0 44 317 477 185 1 0 0 84 367 314 204 55 0 0 0 
0 129 406 358 109 19 3 0 0 23 382 375 213 26 5 0 23 368 389 191 46 7 0 0 
0 66 409 447 83 18 1 0 0 25 332 491 144 30 2 0 55 480 337 53 73 24 2 0 
0 26 528 433 37 0 0 0 0 6 356 405 235 22 0 0 32 477 214 69 197 35 0 0 
0 138 718 168 0 0 0 0 0 110 721 192 1 0 0 0 87 734 200 3 0 0 0 0 
0 211 539 164 68 42 0 0 0 159 525 213 75 51 1 0 126 562 183 57 56 39 1 0 
0 13 298 576 118 19 0 0 0 4 200 641 157 22 0 0 17 362 544 71 14 16 0 0 
0 13 181 667 160 3 0 0 0 8 111 672 228 5 0 0 17 241 667 97 2 0 0 0 
0 89 329 464 133 8 1 0 0 55 207 533 216 12 1 0 17 321 490 164 31 1 0 0 
3 227 522 228 32 10 2 0 0 77 414 443 75 12 2 1 29 532 384 65 11 2 1 0 
3 81 562 376 2 0 0 0 2 43 281 655 43 0 0 0 21 401 586 16 0 0 0 0 
0 0 181 821 21 0 0 0 0 0 74 885 64 0 0 0 0 85 874 64 0 0 0 0 
11 476 515 22 0 0 0 0 7 551 452 14 0 0 0 0 161 649 211 3 0 0 0 0 
0 431 553 40 0 0 0 0 0 454 542 28 0 0 0 0 89 826 109 0 0 0 0 0 
0 101 781 142 0 0 0 0 0 81 770 172 1 0 0 0 47 756 217 4 0 0 0 0 
0 191 721 112 0 0 0 0 0 117 753 154 0 0 0 0 86 717 218 3 0 0 0 0 
0 253 626 139 6 0 0 0 0 160 641 211 12 0 0 0 146 675 193 10 0 0 0 0 
0 156 735 120 8 5 0 0 0 78 753 175 11 7 0 0 47 751 202 15 6 3 0 0 
26 185 470 257 69 13 4 0 0 113 459 214 157 69 12 0 13 358 284 154 130 73 12 0 
25 286 449 207 52 5 0 0 5 230 392 171 100 111 15 0 55 381 236 105 95 92 60 0 
1 74 403 363 112 60 11 0 0 42 354 344 117 99 59 9 10 294 356 119 99 71 60 15 
2 90 521 266 114 28 3 0 0 32 417 346 97 70 52 10 36 381 311 87 77 52 51 29 
0 83 506 347 64 24 0 0 0 11 381 481 109 36 6 0 50 495 361 46 36 33 3 0 
0 72 538 319 74 21 0 0 0 7 402 454 104 44 13 0 33 509 335 53 46 33 15 0 
0 30 483 396 91 24 0 0 0 24 443 448 84 25 0 0 31 464 425 64 27 13 0 0 
8 54 384 422 112 33 11 0 0 86 286 425 145 57 25 0 13 410 342 107 67 56 29 0 
12 178 384 327 108 15 0 0 0 116 326 301 145 107 29 0 62 371 254 112 74 90 56 5 
0 101 596 293 34 0 0 0 0 119 604 276 25 0 0 0 82 644 278 20 0 0 0 0 
1 192 578 237 16 0 0 0 3 173 570 258 20 0 0 0 181 610 223 10 0 0 0 0 
0 107 645 243 29 0 0 0 0 98 669 232 25 0 0 0 78 674 249 23 0 0 0 0 
7 306 536 154 19 1 1 0 0 161 545 269 47 0 1 1 179 590 214 39 0 2 0 0 
1 422 561 40 0 0 0 0 0 203 677 141 3 0 0 0 146 750 126 2 0 0 0 0 
0 93 660 239 32 0 0 0 0 12 528 421 62 1 0 0 30 637 246 76 35 0 0 0 
0 51 582 374 17 0 0 0 0 20 445 520 39 0 0 0 70 642 304 8 0 0 0 0 
0 79 602 321 22 0 0 0 0 34 517 410 63 0 0 0 73 632 303 16 0 0 0 0 
0 230 672 118 4 0 0 0 0 105 673 233 13 0 0 0 123 805 95 1 0 0 0 0 
0 78 498 378 69 1 0 0 0 25 504 409 82 4 0 0 94 544 255 123 8 0 0 0 
59 333 377 175 80 0 0 0 3 283 420 197 121 0 0 0 201 518 169 51 85 0 0 0 
132 538 280 71 3 0 0 0 16 482 411 86 29 0 0 0 247 490 180 74 33 0 0 0 
115 504 280 115 10 0 0 0 24 470 360 100 70 0 0 0 289 558 56 42 79 0 0 0 
35 290 467 221 10 1 0 0 9 138 484 212 175 6 0 0 113 540 98 78 190 5 0 0 
0 165 776 83 0 0 0 0 0 121 706 197 0 0 0 0 55 816 152 1 0 0 0 0 
0 258 703 63 0 0 0 0 0 186 738 100 0 0 0 0 61 823 140 0 0 0 0 0 
0 150 627 108 73 63 3 0 0 101 654 127 56 74 12 0 43 679 138 30 57 68 9 0 
0 28 421 419 71 16 62 7 0 27 454 377 81 18 49 18 22 481 350 73 18 24 51 5 
0 46 688 256 10 16 8 0 0 4 457 508 30 15 9 1 9 626 339 23 10 11 6 0 
0 73 855 93 3 0 0 0 0 7 513 500 4 0 0 0 10 701 310 3 0 0 0 0 
0 41 749 234 0 0 0 0 0 0 320 691 13 0 0 0 5 626 391 2 0 0 0 0 
0 10 565 448 0 0 0 0 0 0 234 789 0 0 0 0 0 533 490 0 0 0 0 0 
50 878 93 3 0 0 0 0 36 886 99 3 0 0 0 0 195 790 37 2 0 0 0 0 
28 899 97 0 0 0 0 0 2 879 143 0 0 0 0 0 86 932 6 0 0 0 0 0 
2 452 559 11 0 0 0 0 0 321 618 85 0 0 0 0 45 921 58 0 0 0 0 0 
4 540 468 12 0 0 0 0 2 297 671 53 1 0 0 0 176 810 37 1 0 0 0 0 
4 583 366 66 5 0 0 0 2 404 503 104 11 0 0 0 219 677 103 25 0 0 0 0 
12 625 334 37 11 5 0 0 0 363 597 39 18 7 0 0 228 720 43 25 8 0 0 0 
3 390 464 119 36 12 0 0 0 328 479 116 56 15 30 0 71 582 184 93 50 18 26 0 
10 318 489 154 52 1 0 0 1 261 392 55 84 201 30 0 84 425 152 42 53 144 124 0 
6 305 412 147 110 43 1 0 0 163 463 91 95 124 84 4 69 444 141 77 73 94 113 13 
1 459 559 5 0 0 0 0 0 373 642 9 0 0 0 0 178 818 28 0 0 0 0 0 
0 192 787 45 0 0 0 0 0 123 768 133 0 0 0 0 88 846 88 2 0 0 0 0 
0 265 638 117 4 0 0 0 0 230 668 121 5 0 0 0 171 708 140 5 0 0 0 0 
0 142 675 188 19 0 0 0 1 156 695 163 9 0 0 0 107 709 198 10 0 0 0 0 
4 193 561 230 32 4 0 0 0 202 498 187 112 25 0 0 83 514 254 57 69 47 0 0 
0 243 633 145 3 0 0 0 0 170 515 136 105 98 0 0 105 528 147 44 24 150 26 0 
0 211 656 152 5 0 0 0 0 220 670 131 3 0 0 0 127 713 178 6 0 0 0 0 
13 426 501 80 4 0 0 0 2 333 574 109 6 0 0 0 200 688 132 4 0 0 0 0 
0 330 572 119 3 0 0 0 0 277 671 75 1 0 0 0 149 735 139 1 0 0 0 0 
3 426 518 75 2 0 0 0 0 333 590 94 7 0 0 0 217 630 168 9 0 0 0 0 
3 384 541 80 16 0 0 0 0 283 620 95 26 0 0 0 152 661 143 40 28 0 0 0 
0 378 583 49 14 0 0 0 0 226 690 91 17 0 0 0 115 761 107 25 16 0 0 0 
0 141 787 96 0 0 0 0 0 119 719 185 1 0 0 0 44 861 119 0 0 0 0 0 
1 374 601 47 1 0 0 0 2 297 660 64 1 0 0 0 142 766 115 1 0 0 0 0 
44 634 329 17 0 0 0 0 7 593 347 74 3 0 0 0 191 609 125 94 5 0 0 0 
90 552 300 69 13 0 0 0 21 471 403 108 21 0 0 0 297 544 107 62 14 0 0 0 
55 480 346 104 39 0 0 0 7 390 449 98 80 0 0 0 295 531 86 52 59 1 0 0 
150 675 161 35 3 0 0 0 91 628 236 60 9 0 0 0 366 535 103 16 4 0 0 0 
225 468 144 176 11 0 0 0 150 469 168 134 103 0 0 0 224 424 122 132 121 1 0 0 
1 289 381 297 38 10 7 1 0 131 422 222 220 16 12 1 36 457 163 72 268 20 6 2 
0 141 589 161 68 34 20 11 0 49 499 310 85 42 24 15 65 546 225 99 42 24 16 7 
3 142 432 185 102 55 43 62 0 74 418 241 113 61 48 69 33 398 261 117 75 53 32 55 
0 52 309 162 172 135 69 125 1 65 315 142 170 132 67 132 11 186 238 129 142 130 65 123 
52 137 295 185 109 85 102 59 5 64 289 261 142 92 103 68 4 137 166 294 168 96 109 50 
0 95 268 163 171 121 59 147 1 123 247 162 166 119 60 146 7 229 154 148 163 120 67 136 
0 74 259 124 122 108 100 237 0 30 283 155 124 103 93 236 2 194 156 125 124 105 85 233 
0 35 403 160 103 99 97 127 0 15 346 242 101 86 100 134 2 334 190 119 80 82 93 124 
0 53 853 117 0 0 0 0 0 0 821 202 0 0 0 0 0 757 266 0 0 0 0 0 
86 890 48 0 0 0 0 0 110 884 30 0 0 0 0 0 215 801 8 0 0 0 0 0 
11 926 87 0 0 0 0 0 50 953 21 0 0 0 0 0 212 812 0 0 0 0 0 0 
2 661 361 0 0 0 0 0 16 885 123 0 0 0 0 0 155 850 19 0 0 0 0 0 
15 629 320 56 4 0 0 0 25 684 262 46 7 0 0 0 254 644 115 11 0 0 0 0 
6 445 465 105 3 0 0 0 0 191 547 269 17 0 0 0 153 686 166 18 1 0 0 0 
30 600 299 49 28 18 0 0 10 481 402 81 27 20 3 0 304 540 116 30 27 7 0 0 
10 428 334 192 52 7 1 0 1 386 284 108 83 129 33 0 82 504 112 90 68 60 106 2 
16 318 350 215 89 36 0 0 3 157 271 97 167 255 73 1 42 278 121 84 106 209 184 0 
23 458 286 129 70 42 16 0 17 458 277 113 63 66 30 0 182 470 142 91 57 55 27 0 
11 529 362 73 28 21 0 0 5 503 381 67 36 28 4 0 247 568 108 46 26 24 5 0 
3 449 349 149 65 9 0 0 0 383 389 145 74 32 1 0 107 519 182 135 56 25 0 0 
1 276 383 194 77 73 19 1 3 233 402 164 94 94 32 2 66 367 275 105 81 89 40 1 
1 228 486 228 58 22 1 0 6 310 467 176 43 20 2 0 88 524 283 82 34 12 1 0 
2 327 550 97 23 25 0 0 5 511 242 60 103 99 4 0 110 557 106 49 74 125 3 0 
12 514 456 39 3 0 0 0 6 508 418 48 36 8 0 0 211 627 99 35 24 28 0 0 
4 364 496 41 44 58 11 6 6 377 488 37 51 49 12 4 124 688 77 25 46 50 10 4 
8 551 444 21 0 0 0 0 5 480 513 26 0 0 0 0 235 724 64 1 0 0 0 0 
16 569 427 12 0 0 0 0 7 605 404 8 0 0 0 0 218 753 52 1 0 0 0 0 
5 326 624 67 2 0 0 0 3 287 654 80 0 0 0 0 130 710 168 16 0 0 0 0 
0 416 499 92 17 0 0 0 0 355 565 81 23 0 0 0 96 689 166 52 21 0 0 0 
4 664 353 3 0 0 0 0 4 609 406 5 0 0 0 0 164 800 60 0 0 0 0 0 
2 400 560 62 0 0 0 0 1 468 514 41 0 0 0 0 124 771 119 10 0 0 0 0 
3 367 555 98 1 0 0 0 1 345 516 153 9 0 0 0 128 666 211 19 0 0 0 0 
9 545 311 139 20 0 0 0 3 506 283 168 64 0 0 0 166 497 154 137 66 4 0 0 
93 449 330 96 28 28 0 0 97 452 310 96 35 23 11 0 180 493 207 76 31 26 11 0 
53 267 353 218 101 27 4 1 53 285 289 211 148 20 17 1 81 351 239 148 162 20 22 1 
38 389 372 105 55 49 14 2 9 245 420 204 68 54 20 4 89 442 290 81 44 54 22 2 
47 498 292 119 42 19 6 1 15 311 451 157 59 22 8 1 62 366 340 163 64 18 10 1 
51 276 356 182 72 57 14 16 22 160 323 303 110 62 28 16 58 219 324 258 78 53 24 10 
10 367 437 105 49 31 17 8 0 105 584 201 62 33 25 14 29 555 271 76 42 28 18 5 
2 397 388 158 54 12 8 5 0 108 535 248 98 21 6 8 43 499 251 126 79 16 8 2 
17 242 262 206 187 70 37 3 5 188 291 215 166 117 39 3 32 195 290 202 142 120 41 2 
94 189 321 156 65 144 55 0 3 89 209 227 226 89 177 4 8 81 135 271 135 205 177 12 
40 292 224 133 114 131 38 52 41 275 184 134 121 91 125 53 75 239 175 137 111 87 145 55 
7 187 335 182 146 100 59 8 2 133 340 212 122 141 67 7 2 147 351 172 133 146 69 4 
39 101 255 464 70 34 60 1 0 45 227 554 98 27 71 2 1 267 548 79 34 29 63 3 
0 10 426 533 53 0 0 0 0 0 192 736 96 0 0 0 0 448 544 32 0 0 0 0 
448 547 27 2 0 0 0 0 452 550 20 2 0 0 0 0 348 655 19 2 0 0 0 0 
114 415 275 186 19 10 4 1 109 478 244 174 13 5 1 0 129 500 231 152 9 3 0 0 
6 268 361 207 30 49 86 17 17 337 299 206 29 69 66 1 70 363 294 150 43 82 22 0 
9 199 593 218 5 0 0 0 4 172 456 361 31 0 0 0 96 522 363 43 0 0 0 0 
0 98 593 269 43 12 9 0 1 51 428 447 71 15 8 3 65 574 316 46 11 9 3 0 
43 291 414 167 54 41 12 2 50 302 376 186 58 40 10 2 139 438 299 82 42 19 5 0 
14 211 420 259 82 34 4 0 0 211 238 176 131 252 16 0 31 264 206 151 102 138 132 0 
32 268 345 340 39 0 0 0 23 242 239 246 115 152 7 0 38 275 243 179 80 157 52 0 
83 430 369 89 25 20 5 3 112 428 346 86 22 21 8 1 184 508 229 59 27 13 4 0 
33 459 495 26 4 6 0 1 39 468 486 20 4 6 1 0 125 658 229 2 5 4 1 0 
11 186 334 191 201 99 2 0 13 173 346 198 187 105 2 0 53 260 279 219 164 49 0 0 
2 65 239 253 147 244 74 0 3 46 238 273 170 230 64 0 9 64 334 200 201 207 9 0 
107 160 205 109 59 146 238 0 111 163 156 154 63 146 231 0 116 191 211 93 84 154 175 0 
168 224 293 174 96 63 6 0 198 390 109 110 117 92 8 0 215 395 105 98 109 95 7 0 
36 140 153 246 193 193 62 1 63 141 176 218 195 178 52 1 80 150 252 179 207 120 36 0 
13 112 393 300 159 23 15 9 20 139 406 296 115 26 13 9 37 218 412 253 62 23 13 6 
95 324 302 119 106 34 21 23 139 418 198 109 89 32 23 16 173 444 161 121 66 24 25 10 
40 240 456 201 41 17 16 13 68 327 399 150 39 14 19 8 119 410 335 99 23 14 18 6 
6 180 386 320 84 27 21 0 13 218 376 296 79 23 19 0 72 307 342 214 57 21 11 0 
47 282 398 254 25 12 6 0 58 292 407 222 28 13 4 0 145 349 383 112 20 13 2 0 
60 329 486 130 15 4 0 0 54 309 475 152 30 4 0 0 128 567 284 38 3 4 0 0 
10 273 623 101 17 0 0 0 6 167 610 216 25 0 0 0 127 598 275 22 2 0 0 0 
8 132 626 245 13 0 0 0 6 86 443 469 19 1 0 0 71 639 271 41 2 0 0 0 
26 283 433 116 61 46 48 11 9 153 425 256 76 43 51 11 124 500 188 86 48 40 33 5 
6 216 362 219 107 83 26 5 7 138 350 278 156 72 16 7 104 339 291 145 90 44 9 2 
23 168 383 274 102 48 23 3 6 85 357 395 127 38 14 2 85 346 339 160 71 17 5 1 
15 230 402 132 82 106 52 5 3 88 380 290 164 76 23 0 91 439 229 150 78 34 3 0 
30 468 169 146 161 47 3 0 4 340 287 220 139 34 0 0 135 446 230 156 57 0 0 0 
11 408 389 125 36 18 21 16 0 147 463 279 78 20 21 16 125 500 261 66 26 16 27 3 
15 423 438 145 3 0 0 0 1 185 479 290 68 1 0 0 102 548 320 54 0 0 0 0 
12 486 361 148 17 0 0 0 0 210 447 261 102 4 0 0 151 482 246 82 59 4 0 0 
0 77 281 252 154 255 5 0 0 7 196 331 142 291 57 0 8 146 217 208 115 270 60 0 
48 96 259 188 125 251 57 0 34 52 140 199 222 143 234 0 39 83 149 159 167 218 206 3 
136 344 165 132 119 117 11 0 157 307 141 138 111 90 80 0 201 291 136 125 111 89 71 0 
31 183 282 237 108 183 0 0 29 193 266 215 113 142 66 0 39 249 243 196 100 129 68 0 
124 287 349 215 45 4 0 0 109 179 358 290 67 21 0 0 195 348 257 180 23 20 1 0 
0 234 458 266 64 0 0 0 0 21 522 373 106 0 0 0 53 533 202 213 21 0 0 0 
178 609 82 145 10 0 0 0 155 622 73 91 83 0 0 0 321 526 172 5 0 0 0 0 
86 393 277 169 35 31 28 5 99 355 266 181 78 34 10 1 237 494 199 49 32 11 2 0 
6 311 396 104 56 85 53 13 22 365 285 136 97 84 31 4 83 459 207 96 128 41 8 2 
18 443 430 111 16 6 0 0 2 373 427 151 63 6 2 0 18 472 344 133 48 7 2 0 
21 258 520 170 49 6 0 0 15 304 495 174 34 2 0 0 63 496 383 78 4 0 0 0 
40 468 281 162 51 11 9 2 100 419 285 149 52 9 9 1 270 409 237 77 16 10 5 0 
98 234 458 200 30 4 0 0 100 213 341 262 88 18 2 0 152 404 287 107 58 14 2 0 
19 192 494 249 57 11 2 0 3 152 378 359 105 18 9 0 56 466 367 77 33 16 7 2 
37 309 346 190 116 17 4 5 13 241 337 213 158 51 4 7 97 352 311 132 72 48 8 4 
15 298 399 160 69 47 27 9 3 201 478 191 67 53 22 9 131 438 228 115 53 37 15 7 
3 205 468 244 61 37 4 2 4 173 522 256 41 26 2 0 128 383 367 104 32 9 1 0 
12 135 460 278 87 44 8 0 34 175 427 280 73 31 4 0 117 242 395 218 33 19 0 0 
62 294 340 177 76 44 31 0 70 336 337 149 69 43 20 0 147 342 334 115 51 29 6 0 
150 362 458 50 4 0 0 0 179 516 293 34 2 0 0 0 284 542 182 16 0 0 0 0 
104 321 239 196 98 37 29 0 149 287 239 209 86 34 20 0 238 307 252 153 35 38 1 0 
9 54 437 429 88 7 0 0 24 46 532 364 55 3 0 0 38 224 594 154 14 0 0 0 
105 216 335 249 84 35 0 0 110 227 376 222 62 27 0 0 164 361 361 94 40 4 0 0 
47 89 497 302 88 1 0 0 49 100 563 269 43 0 0 0 74 416 415 115 4 0 0 0 
24 178 560 239 23 0 0 0 35 141 620 214 14 0 0 0 97 477 395 55 0 0 0 0 
13 346 441 188 29 7 0 0 31 286 483 188 28 8 0 0 141 467 319 86 9 2 0 0 
10 140 438 198 83 138 9 8 6 86 401 273 63 171 16 8 40 299 329 233 102 10 5 6 
0 8 421 285 140 170 0 0 0 1 351 288 132 221 31 0 1 258 355 272 138 0 0 0 
1 22 418 286 149 148 0 0 0 8 331 339 132 208 6 0 8 237 349 277 153 0 0 0 
0 35 354 399 163 73 0 0 0 3 265 442 183 130 1 0 0 138 376 389 121 0 0 0 
1 43 406 434 129 11 0 0 1 20 363 451 170 19 0 0 10 172 392 393 57 0 0 0 
0 6 536 405 75 2 0 0 0 1 478 460 84 1 0 0 0 171 570 266 17 0 0 0 
0 3 518 400 93 10 0 0 0 2 413 514 90 5 0 0 0 129 588 293 14 0 0 0 
80 138 421 328 54 3 0 0 37 117 378 374 107 11 0 0 129 182 321 308 84 0 0 0 
12 98 511 380 23 0 0 0 0 49 339 520 114 2 0 0 70 226 384 331 13 0 0 0 
5 195 458 349 17 0 0 0 0 21 422 516 64 1 0 0 95 299 343 271 16 0 0 0 
5 155 478 374 12 0 0 0 0 19 336 535 133 1 0 0 53 302 282 320 67 0 0 0 
0 52 295 509 168 0 0 0 0 6 173 461 384 0 0 0 38 148 194 277 367 0 0 0 
2 116 210 533 162 1 0 0 1 56 157 295 500 15 0 0 11 99 121 242 545 6 0 0 
0 139 204 382 299 0 0 0 1 125 177 242 476 3 0 0 6 169 134 210 505 0 0 0 
0 27 221 357 419 0 0 0 0 31 193 210 590 0 0 0 1 85 159 181 598 0 0 0 
1 37 105 244 637 0 0 0 0 19 85 179 741 0 0 0 2 23 99 196 704 0 0 0 
0 0 0 149 874 0 0 0 0 0 0 106 917 0 0 0 0 0 0 192 810 21 0 0 
2 730 262 30 0 0 0 0 1 680 292 51 0 0 0 0 90 728 184 22 0 0 0 0 
0 434 511 79 0 0 0 0 0 359 561 104 0 0 0 0 17 605 374 28 0 0 0 0 
1 158 508 355 2 0 0 0 5 138 441 438 2 0 0 0 37 211 666 110 0 0 0 0 
31 236 605 151 1 0 0 0 2 190 540 284 8 0 0 0 10 327 602 85 0 0 0 0 
0 180 617 227 0 0 0 0 0 129 522 367 6 0 0 0 5 336 563 120 0 0 0 0 
0 59 626 336 3 0 0 0 0 33 478 506 7 0 0 0 0 144 625 255 0 0 0 0 
17 34 722 248 3 0 0 0 8 32 327 569 88 0 0 0 10 41 414 447 112 0 0 0 
0 18 810 196 0 0 0 0 0 0 249 760 15 0 0 0 0 0 453 517 54 0 0 0 
0 3 613 408 0 0 0 0 0 0 289 718 17 0 0 0 0 0 525 499 0 0 0 0 
0 1 508 513 2 0 0 0 0 0 295 710 19 0 0 0 0 33 526 463 2 0 0 0 
0 0 408 612 4 0 0 0 0 0 236 767 21 0 0 0 0 14 558 452 0 0 0 0 
0 0 177 808 39 0 0 0 0 0 57 813 154 0 0 0 0 1 287 690 46 0 0 0 
0 0 131 812 81 0 0 0 0 0 84 776 164 0 0 0 0 0 255 750 19 0 0 0 
0 17 485 509 13 0 0 0 0 16 320 629 59 0 0 0 0 26 476 509 13 0 0 0 
0 2 364 641 17 0 0 0 0 0 170 816 38 0 0 0 0 3 500 515 6 0 0 0 
0 1 380 567 76 0 0 0 0 0 284 635 105 0 0 0 0 28 536 430 30 0 0 0 
0 8 390 583 43 0 0 0 0 1 293 645 85 0 0 0 0 34 528 439 23 0 0 0 
0 7 518 473 26 0 0 0 0 2 410 561 51 0 0 0 0 99 668 254 3 0 0 0 
0 19 480 494 31 0 0 0 0 3 378 553 90 0 0 0 0 87 507 412 18 0 0 0 
0 14 355 588 67 0 0 0 0 1 221 631 171 0 0 0 0 24 386 549 65 0 0 0 
0 5 242 672 105 0 0 0 0 0 141 649 234 0 0 0 0 8 296 616 104 0 0 0 
0 0 168 726 130 0 0 0 0 0 84 674 266 0 0 0 0 1 249 689 85 0 0 0 
0 0 130 739 155 0 0 0 0 0 67 636 321 0 0 0 0 0 195 693 136 0 0 0 
0 0 62 694 268 0 0 0 0 0 30 499 495 0 0 0 0 0 63 614 347 0 0 0 
0 0 131 789 104 0 0 0 0 0 53 724 247 0 0 0 0 1 150 781 92 0 0 0 
0 0 291 728 5 0 0 0 0 0 133 843 48 0 0 0 0 0 279 741 4 0 0 0 
0 1 232 656 135 0 0 0 0 0 111 624 289 0 0 0 0 0 184 618 222 0 0 0 
0 0 196 737 91 0 0 0 0 0 71 731 222 0 0 0 0 0 96 762 166 0 0 0 
0 0 256 705 63 0 0 0 0 0 18 798 208 0 0 0 0 0 89 838 97 0 0 0 
0 0 135 754 135 0 0 0 0 0 58 673 293 0 0 0 0 1 143 733 147 0 0 0 
0 0 64 743 217 0 0 0 0 0 14 531 479 0 0 0 0 0 48 605 371 0 0 0 
0 0 7 454 563 0 0 0 0 0 0 205 819 0 0 0 0 0 1 238 785 0 0 0 
0 0 2 456 566 0 0 0 0 0 1 90 933 0 0 0 0 0 1 82 941 0 0 0 
0 0 3 330 691 0 0 0 0 0 0 139 885 0 0 0 0 0 1 156 867 0 0 0 
0 0 0 234 790 0 0 0 0 0 0 53 971 0 0 0 0 0 0 61 963 0 0 0 
0 0 0 53 971 0 0 0 0 0 0 5 1018 1 0 0 0 0 0 4 1018 2 0 0 
0 0 0 21 1002 0 0 0 0 0 0 0 1024 0 0 0 0 0 0 0 1024 0 0 0 
0 539 441 44 0 0 0 0 0 453 511 60 0 0 0 0 4 666 329 25 0 0 0 0 
0 306 651 67 0 0 0 0 0 224 704 96 0 0 0 0 1 644 363 16 0 0 0 0 
0 6 764 253 1 0 0 0 0 1 707 314 2 0 0 0 0 265 696 63 0 0 0 0 
0 25 897 102 0 0 0 0 0 0 836 185 3 0 0 0 0 605 393 26 0 0 0 0 
0 3 924 97 0 0 0 0 0 0 774 250 0 0 0 0 0 533 466 25 0 0 0 0 
0 65 865 92 2 0 0 0 0 3 868 150 3 0 0 0 0 653 351 20 0 0 0 0 
0 26 880 118 0 0 0 0 0 2 504 358 160 0 0 0 0 195 418 234 177 0 0 0 
0 23 976 25 0 0 0 0 0 0 578 389 57 0 0 0 0 0 693 223 108 0 0 0 
0 16 906 102 0 0 0 0 0 1 675 346 2 0 0 0 0 37 903 84 0 0 0 0 
0 34 975 15 0 0 0 0 0 2 976 46 0 0 0 0 0 768 256 0 0 0 0 0 
0 0 952 72 0 0 0 0 0 0 878 146 0 0 0 0 0 477 540 7 0 0 0 0 
0 0 756 266 2 0 0 0 0 0 563 452 9 0 0 0 0 65 907 51 1 0 0 0 
0 0 604 407 13 0 0 0 0 0 537 471 16 0 0 0 0 142 776 106 0 0 0 0 
0 0 943 81 0 0 0 0 0 0 734 284 6 0 0 0 0 143 696 178 7 0 0 0 
0 6 804 214 0 0 0 0 0 0 611 405 8 0 0 0 0 260 593 166 5 0 0 0 
0 5 906 113 0 0 0 0 0 2 864 158 0 0 0 0 0 687 332 5 0 0 0 0 
0 63 804 155 2 0 0 0 0 8 799 212 5 0 0 0 0 646 335 43 0 0 0 0 
0 32 847 140 5 0 0 0 0 12 854 153 5 0 0 0 0 676 323 25 0 0 0 0 
0 73 658 277 16 0 0 0 0 10 627 351 36 0 0 0 0 380 519 124 1 0 0 0 
0 78 633 297 16 0 0 0 0 8 582 401 33 0 0 0 0 233 586 205 0 0 0 0 
0 6 557 444 17 0 0 0 0 1 433 547 43 0 0 0 0 121 642 260 1 0 0 0 
0 1 332 625 66 0 0 0 0 0 247 691 86 0 0 0 0 36 627 345 16 0 0 0 
0 1 294 680 49 0 0 0 0 0 193 745 86 0 0 0 0 23 566 433 2 0 0 0 
0 0 131 785 108 0 0 0 0 0 83 691 250 0 0 0 0 0 181 751 92 0 0 0 
0 0 156 806 62 0 0 0 0 0 94 777 153 0 0 0 0 0 258 741 25 0 0 0 
0 6 503 513 2 0 0 0 0 1 338 670 15 0 0 0 0 29 606 387 2 0 0 0 
0 4 378 598 44 0 0 0 0 0 238 682 104 0 0 0 0 9 420 546 49 0 0 0 
0 0 346 618 60 0 0 0 0 0 143 747 134 0 0 0 0 2 278 685 59 0 0 0 
0 0 387 593 44 0 0 0 0 0 121 793 110 0 0 0 0 1 341 665 17 0 0 0 
0 0 278 682 64 0 0 0 0 0 203 689 132 0 0 0 0 16 381 600 27 0 0 0 
0 0 151 761 112 0 0 0 0 0 80 686 258 0 0 0 0 0 180 746 98 0 0 0 
0 0 40 641 343 0 0 0 0 0 23 471 530 0 0 0 0 0 41 600 383 0 0 0 
0 0 24 745 255 0 0 0 0 0 3 487 534 0 0 0 0 0 6 605 413 0 0 0 
0 0 26 693 305 0 0 0 0 0 9 519 496 0 0 0 0 0 22 598 404 0 0 0 
0 0 26 684 314 0 0 0 0 0 14 486 524 0 0 0 0 0 19 545 460 0 0 0 
0 0 0 318 706 0 0 0 0 0 0 166 858 0 0 0 0 0 0 205 819 0 0 0 
0 0 0 352 672 0 0 0 0 0 0 149 874 0 0 0 0 0 0 256 768 0 0 0 
0 745 263 16 0 0 0 0 0 687 316 21 0 0 0 0 42 855 119 8 0 0 0 0 
0 423 550 51 0 0 0 0 0 351 615 58 0 0 0 0 9 874 111 30 0 0 0 0 
0 8 925 90 1 0 0 0 0 0 912 111 1 0 0 0 0 666 345 13 0 0 0 0 
0 15 975 34 0 0 0 0 0 0 969 54 1 0 0 0 0 827 191 6 0 0 0 0 
0 1 983 40 0 0 0 0 0 0 868 156 0 0 0 0 0 705 319 0 0 0 0 0 
0 28 919 77 0 0 0 0 0 3 879 142 0 0 0 0 0 577 436 11 0 0 0 0 
0 7 902 115 0 0 0 0 0 0 565 351 108 0 0 0 0 131 544 217 132 0 0 0 
0 4 996 24 0 0 0 0 0 0 564 438 22 0 0 0 0 0 680 273 71 0 0 0 
0 1 974 49 0 0 0 0 0 0 642 382 0 0 0 0 0 3 994 27 0 0 0 0 
0 24 913 85 2 0 0 0 0 0 807 211 6 0 0 0 0 201 789 34 0 0 0 0 
0 1 986 37 0 0 0 0 0 0 890 134 0 0 0 0 0 370 652 2 0 0 0 0 
0 0 960 64 0 0 0 0 0 0 777 247 0 0 0 0 0 154 869 1 0 0 0 0 
0 0 777 247 0 0 0 0 0 0 733 291 0 0 0 0 0 356 660 8 0 0 0 0 
0 2 1007 15 0 0 0 0 0 0 735 289 0 0 0 0 0 169 664 187 4 0 0 0 
0 6 919 94 5 0 0 0 0 0 707 305 12 0 0 0 0 370 498 153 3 0 0 0 
0 0 993 31 0 0 0 0 0 0 980 44 0 0 0 0 0 893 126 5 0 0 0 0 
0 35 921 68 0 0 0 0 0 4 926 93 1 0 0 0 0 855 164 5 0 0 0 0 
0 3 950 71 0 0 0 0 0 0 933 91 0 0 0 0 0 856 166 2 0 0 0 0 
0 85 804 135 0 0 0 0 0 2 804 215 3 0 0 0 0 608 386 30 0 0 0 0 
0 158 680 182 4 0 0 0 0 20 747 243 14 0 0 0 0 538 401 84 1 0 0 0 
0 12 670 330 12 0 0 0 0 0 559 445 20 0 0 0 0 159 736 128 1 0 0 0 
0 0 341 658 25 0 0 0 0 0 223 750 51 0 0 0 0 56 624 343 1 0 0 0 
0 0 333 597 94 0 0 0 0 0 215 660 149 0 0 0 0 33 547 434 10 0 0 0 
0 0 164 590 270 0 0 0 0 0 121 540 363 0 0 0 0 0 224 620 180 0 0 0 
0 0 188 690 146 0 0 0 0 0 91 700 232 1 0 0 0 3 348 619 54 0 0 0 
0 3 557 460 4 0 0 0 0 0 364 648 12 0 0 0 0 17 660 347 0 0 0 0 
0 8 385 616 15 0 0 0 0 0 275 682 67 0 0 0 0 15 434 560 15 0 0 0 
0 6 387 580 51 0 0 0 0 0 225 702 97 0 0 0 0 10 341 629 44 0 0 0 
0 2 516 481 25 0 0 0 0 0 260 693 71 0 0 0 0 50 416 552 6 0 0 0 
0 1 358 592 73 0 0 0 0 0 282 624 118 0 0 0 0 39 517 454 14 0 0 0 
0 1 336 609 78 0 0 0 0 0 210 650 164 0 0 0 0 16 405 554 49 0 0 0 
0 0 115 787 122 0 0 0 0 0 65 741 218 0 0 0 0 0 150 775 99 0 0 0 
0 0 123 792 109 0 0 0 0 0 41 699 284 0 0 0 0 0 104 759 161 0 0 0 
0 0 81 818 125 0 0 0 0 0 37 715 272 0 0 0 0 0 96 796 132 0 0 0 
0 1 109 760 154 0 0 0 0 0 65 677 282 0 0 0 0 0 97 747 180 0 0 0 
0 0 13 564 447 0 0 0 0 0 2 393 629 0 0 0 0 0 13 527 484 0 0 0 
0 0 0 224 800 0 0 0 0 0 0 106 917 0 0 0 0 0 0 138 885 0 0 0 
0 289 583 146 6 0 0 0 0 219 634 160 11 0 0 0 0 569 350 105 0 0 0 0 
0 137 744 142 1 0 0 0 0 51 788 183 2 0 0 0 0 675 287 62 0 0 0 0 
0 26 833 160 5 0 0 0 0 8 816 186 14 0 0 0 0 530 407 87 0 0 0 0 
0 0 763 239 22 0 0 0 0 0 692 280 52 0 0 0 0 402 435 183 4 0 0 0 
0 1 799 205 19 0 0 0 0 0 694 303 27 0 0 0 0 481 439 96 8 0 0 0 
0 4 783 237 0 0 0 0 0 1 729 288 6 0 0 0 0 355 598 71 0 0 0 0 
0 2 827 195 0 0 0 0 0 0 454 540 30 0 0 0 0 63 577 360 24 0 0 0 
0 3 909 110 2 0 0 0 0 0 349 640 35 0 0 0 0 7 487 504 26 0 0 0 
0 0 856 166 2 0 0 0 0 0 517 494 13 0 0 0 0 0 876 148 0 0 0 0 
0 10 940 74 0 0 0 0 0 0 791 231 2 0 0 0 0 51 913 60 0 0 0 0 
0 0 974 50 0 0 0 0 0 0 862 156 6 0 0 0 0 276 711 37 0 0 0 0 
0 8 961 55 0 0 0 0 0 0 897 127 0 0 0 0 0 474 544 6 0 0 0 0 
0 0 921 103 0 0 0 0 0 0 867 157 0 0 0 0 0 493 531 0 0 0 0 0 
0 1 976 47 0 0 0 0 0 0 592 430 2 0 0 0 0 172 662 189 1 0 0 0 
0 17 911 96 0 0 0 0 0 0 688 329 7 0 0 0 0 439 473 111 1 0 0 0 
0 2 990 32 0 0 0 0 0 0 970 54 0 0 0 0 0 868 155 1 0 0 0 0 
0 17 986 21 0 0 0 0 0 1 981 42 0 0 0 0 0 954 66 4 0 0 0 0 
0 3 1006 15 0 0 0 0 0 0 1002 22 0 0 0 0 0 932 92 0 0 0 0 0 
0 66 877 78 3 0 0 0 0 3 906 101 14 0 0 0 0 812 182 29 1 0 0 0 
0 126 710 179 9 0 0 0 0 11 763 223 27 0 0 0 0 599 333 92 0 0 0 0 
0 3 546 424 51 0 0 0 0 0 482 461 81 0 0 0 0 186 543 282 13 0 0 0 
0 0 244 657 123 0 0 0 0 0 164 671 189 0 0 0 0 8 451 529 36 0 0 0 
0 0 97 684 243 0 0 0 0 0 56 666 302 0 0 0 0 0 223 676 125 0 0 0 
0 0 73 506 444 1 0 0 0 0 41 411 561 11 0 0 0 0 114 499 411 0 0 0 
0 0 60 673 291 0 0 0 0 0 42 592 389 1 0 0 0 1 149 729 145 0 0 0 
0 28 371 567 58 0 0 0 0 3 247 682 92 0 0 0 0 46 426 516 36 0 0 0 
0 4 249 629 142 0 0 0 0 0 174 602 247 1 0 0 0 15 273 592 144 0 0 0 
0 8 284 566 166 0 0 0 0 3 144 629 247 1 0 0 0 13 209 668 134 0 0 0 
0 0 395 605 24 0 0 0 0 0 170 782 72 0 0 0 0 19 303 693 9 0 0 0 
0 6 277 589 152 0 0 0 0 2 233 591 198 0 0 0 0 29 385 537 73 0 0 0 
0 7 336 548 133 0 0 0 0 2 273 519 230 0 0 0 0 32 366 520 106 0 0 0 
0 0 138 669 217 0 0 0 0 0 91 630 303 0 0 0 0 0 165 699 160 0 0 0 
0 5 256 666 97 0 0 0 0 1 181 634 208 0 0 0 0 6 289 631 98 0 0 0 
0 3 148 755 118 0 0 0 0 0 112 699 213 0 0 0 0 5 166 725 128 0 0 0 
0 2 124 797 101 0 0 0 0 0 78 679 267 0 0 0 0 2 108 750 164 0 0 0 
0 0 37 596 391 0 0 0 0 0 20 411 593 0 0 0 0 0 35 530 459 0 0 0 
0 0 0 405 618 0 0 0 0 0 0 245 778 0 0 0 0 0 0 266 757 0 0 0 
0 339 648 32 5 0 0 0 0 187 788 43 6 0 0 0 8 868 124 24 0 0 0 0 
0 173 827 24 0 0 0 0 0 96 877 51 0 0 0 0 6 817 198 3 0 0 0 0 
0 4 975 45 0 0 0 0 0 0 956 68 0 0 0 0 0 670 354 0 0 0 0 0 
0 5 1012 7 0 0 0 0 0 0 998 26 0 0 0 0 0 867 157 0 0 0 0 0 
0 8 920 96 0 0 0 0 0 0 860 162 2 0 0 0 0 730 275 19 0 0 0 0 
0 5 913 102 4 0 0 0 0 3 880 134 7 0 0 0 0 646 361 17 0 0 0 0 
0 5 946 69 4 0 0 0 0 0 671 340 13 0 0 0 0 101 753 167 3 0 0 0 
0 53 883 83 5 0 0 0 0 1 554 443 26 0 0 0 0 80 572 356 16 0 0 0 
0 6 875 143 0 0 0 0 0 0 531 492 1 0 0 0 0 23 904 97 0 0 0 0 
0 40 899 85 0 0 0 0 0 0 656 366 2 0 0 0 0 39 904 80 1 0 0 0 
0 7 960 57 0 0 0 0 0 0 704 318 2 0 0 0 0 73 928 23 0 0 0 0 
0 39 932 53 0 0 0 0 0 2 911 111 0 0 0 0 0 514 492 18 0 0 0 0 
0 5 963 56 0 0 0 0 0 0 918 106 0 0 0 0 0 466 554 4 0 0 0 0 
0 1 897 126 0 0 0 0 0 0 612 412 0 0 0 0 0 139 785 100 0 0 0 0 
0 48 816 160 0 0 0 0 0 2 704 317 1 0 0 0 0 467 512 45 0 0 0 0 
0 5 940 79 0 0 0 0 0 0 875 149 0 0 0 0 0 758 265 1 0 0 0 0 
0 38 905 78 3 0 0 0 0 0 913 104 7 0 0 0 0 808 191 25 0 0 0 0 
0 3 815 206 0 0 0 0 0 0 778 241 5 0 0 0 0 554 392 78 0 0 0 0 
0 51 708 233 32 0 0 0 0 1 634 339 50 0 0 0 0 338 528 153 5 0 0 0 
0 63 583 315 63 0 0 0 0 6 549 374 94 1 0 0 0 253 490 247 34 0 0 0 
0 3 451 416 154 0 0 0 0 0 381 454 184 5 0 0 0 94 506 306 118 0 0 0 
0 0 178 484 362 0 0 0 0 0 124 483 406 11 0 0 0 0 263 484 277 0 0 0 
0 0 79 431 514 0 0 0 0 0 43 394 583 4 0 0 0 0 131 468 425 0 0 0 
0 0 42 239 742 1 0 0 0 0 27 194 741 62 0 0 0 0 46 224 727 27 0 0 
0 0 26 316 681 1 0 0 0 0 16 255 737 16 0 0 0 0 29 333 659 3 0 0 
0 7 341 522 154 0 0 0 0 1 205 598 220 0 0 0 0 13 299 555 157 0 0 0 
0 0 197 454 373 0 0 0 0 0 125 448 446 5 0 0 0 1 189 454 380 0 0 0 
0 0 191 483 350 0 0 0 0 0 81 502 434 7 0 0 0 0 116 548 360 0 0 0 
0 6 391 427 194 6 0 0 0 0 220 538 249 17 0 0 0 41 263 534 186 0 0 0 
0 11 198 418 397 0 0 0 0 3 173 405 443 0 0 0 0 35 232 444 313 0 0 0 
0 18 258 437 308 3 0 0 0 4 227 388 386 19 0 0 0 46 262 422 294 0 0 0 
0 0 244 525 255 0 0 0 0 0 189 529 306 0 0 0 0 4 280 524 216 0 0 0 
0 7 230 696 91 0 0 0 0 5 187 646 186 0 0 0 0 9 236 686 93 0 0 0 
0 8 179 756 81 0 0 0 0 4 147 673 200 0 0 0 0 6 182 728 108 0 0 0 
0 9 52 756 207 0 0 0 0 7 32 596 389 0 0 0 0 9 39 647 329 0 0 0 
0 0 9 540 475 0 0 0 0 0 3 324 697 0 0 0 0 0 4 367 653 0 0 0 
0 0 0 373 650 0 0 0 0 0 0 181 842 0 0 0 0 0 0 181 842 0 0 0 
0 249 743 32 0 0 0 0 0 105 861 58 0 0 0 0 1 797 226 0 0 0 0 0 
0 64 848 112 0 0 0 0 0 41 851 132 0 0 0 0 2 672 350 0 0 0 0 0 
0 2 718 304 0 0 0 0 0 1 725 298 0 0 0 0 0 357 666 1 0 0 0 0 
0 23 957 42 2 0 0 0 0 5 941 75 3 0 0 0 0 814 206 4 0 0 0 0 
0 36 867 121 0 0 0 0 0 11 841 172 0 0 0 0 8 757 259 0 0 0 0 0 
0 26 811 170 17 0 0 0 0 6 827 173 18 0 0 0 0 522 483 18 1 0 0 0 
0 30 850 100 44 0 0 0 0 3 682 281 49 9 0 0 0 58 821 103 41 1 0 0 
0 79 863 73 9 0 0 0 0 1 609 387 27 0 0 0 0 189 482 323 30 0 0 0 
0 108 802 114 0 0 0 0 0 22 784 216 2 0 0 0 0 308 670 46 0 0 0 0 
0 226 752 46 0 0 0 0 0 24 764 234 2 0 0 0 0 249 724 50 1 0 0 0 
0 59 849 103 13 0 0 0 0 3 675 309 37 0 0 0 0 166 754 89 15 0 0 0 
0 202 745 63 14 0 0 0 0 78 783 143 20 0 0 0 0 575 410 33 6 0 0 0 
0 141 774 103 6 0 0 0 0 39 782 190 13 0 0 0 1 425 569 29 0 0 0 0 
0 115 773 130 6 0 0 0 0 23 730 262 9 0 0 0 0 417 553 53 1 0 0 0 
0 180 751 93 0 0 0 0 0 29 840 154 1 0 0 0 0 672 340 12 0 0 0 0 
0 76 843 93 12 0 0 0 0 31 851 129 13 0 0 0 0 687 323 14 0 0 0 0 
0 143 771 61 49 0 0 0 0 41 845 82 56 0 0 0 0 789 162 43 30 0 0 0 
0 3 845 142 34 0 0 0 0 1 802 180 41 0 0 0 0 560 397 66 1 0 0 0 
0 58 628 216 122 0 0 0 0 1 586 300 127 10 0 0 0 311 467 148 98 0 0 0 
0 118 439 250 216 1 0 0 0 31 463 278 237 15 0 0 1 275 341 226 179 2 0 0 
0 18 289 359 353 5 0 0 0 6 252 372 363 31 0 0 0 64 281 335 338 6 0 0 
0 0 60 379 585 0 0 0 0 0 31 329 629 35 0 0 0 0 58 396 560 10 0 0 
0 0 6 329 689 0 0 0 0 0 0 255 766 3 0 0 0 0 9 338 677 0 0 0 
0 0 24 164 836 0 0 0 0 0 16 123 873 12 0 0 0 0 24 133 836 31 0 0 
0 0 2 306 716 0 0 0 0 0 0 200 823 1 0 0 0 0 0 306 717 1 0 0 
0 0 74 719 231 0 0 0 0 0 36 650 336 2 0 0 0 0 51 709 263 1 0 0 
0 0 31 376 617 0 0 0 0 0 16 281 727 0 0 0 0 0 19 297 708 0 0 0 
0 0 86 495 443 0 0 0 0 0 23 411 590 0 0 0 0 0 22 430 572 0 0 0 
0 2 168 610 244 0 0 0 0 0 76 499 449 0 0 0 0 2 85 615 322 0 0 0 
0 0 76 580 368 0 0 0 0 0 60 457 507 0 0 0 0 0 78 541 405 0 0 0 
0 17 91 670 246 0 0 0 0 6 73 491 454 0 0 0 0 22 80 513 409 0 0 0 
0 0 19 738 267 0 0 0 0 0 15 488 521 0 0 0 0 0 15 528 481 0 0 0 
0 0 23 841 160 0 0 0 0 0 8 491 525 0 0 0 0 0 12 485 527 0 0 0 
0 0 18 840 166 0 0 0 0 0 12 453 559 0 0 0 0 0 14 469 541 0 0 0 
0 0 6 789 229 0 0 0 0 0 4 386 634 0 0 0 0 0 4 306 714 0 0 0 
0 0 9 572 443 0 0 0 0 0 6 198 820 0 0 0 0 0 6 187 831 0 0 0 
0 0 0 256 768 0 0 0 0 0 0 128 896 0 0 0 0 0 0 96 928 0 0 0 
