0 0 0 2 2 2 5 1013 0 0 0 1 3 2 4 1014 0 0 0 0 3 2 4 1015 
0 0 0 0 0 0 0 1024 0 0 0 0 0 0 0 1024 0 0 0 0 0 0 0 1024 
0 0 0 0 0 0 0 1024 0 0 0 0 0 0 0 1024 0 0 0 0 0 0 0 1024 
0 0 0 0 0 0 0 1024 0 0 0 0 0 0 0 1024 0 0 0 0 0 0 0 1024 
0 0 0 0 0 0 0 1024 0 0 0 0 0 0 0 1024 0 0 0 0 0 0 0 1024 
0 0 0 0 0 0 1 1023 0 0 0 0 0 0 1 1023 0 0 0 0 0 0 1 1023 
1 23 59 94 90 63 78 616 1 16 49 101 93 66 74 624 3 32 60 100 76 54 79 620 
0 5 12 18 9 9 9 962 0 0 9 14 18 10 7 966 0 5 11 15 12 9 8 964 
0 0 0 0 0 0 0 1024 0 0 0 0 0 0 0 1024 0 0 0 0 0 0 0 1024 
0 0 0 0 0 0 0 1024 0 0 0 0 0 0 0 1024 0 0 0 0 0 0 0 1024 
0 0 0 0 0 0 0 1024 0 0 0 0 0 0 0 1024 0 0 0 0 0 0 0 1024 
10 83 104 98 57 47 53 572 7 43 122 102 69 44 53 584 57 99 84 72 41 43 39 589 
19 110 122 49 38 26 29 631 7 46 143 100 36 28 27 637 82 128 69 34 21 26 25 639 
8 49 124 112 34 20 26 651 4 19 98 135 61 20 26 661 44 99 114 46 27 12 26 656 
29 148 161 87 25 29 19 526 0 41 180 162 59 23 24 535 80 163 136 50 20 26 21 528 
6 69 148 204 109 75 52 361 0 25 139 195 147 80 64 374 34 118 167 149 76 60 54 366 
6 50 86 112 91 60 64 555 0 9 61 117 117 84 57 579 15 51 91 109 64 65 60 569 
4 26 26 79 69 50 69 701 0 3 27 58 90 59 76 711 6 24 49 66 54 50 63 712 
20 154 344 313 76 21 24 72 3 50 221 363 242 42 17 86 64 262 356 185 39 24 21 73 
77 235 233 99 76 59 49 196 9 126 255 202 91 69 65 207 160 259 143 75 68 51 63 205 
17 99 132 103 96 48 65 464 8 56 126 123 106 53 64 488 71 98 115 81 70 46 69 474 
0 8 46 35 23 23 22 864 0 1 25 46 27 22 25 874 0 8 41 34 23 19 25 871 
383 366 180 64 17 8 5 1 188 439 256 102 21 12 4 2 667 242 74 17 9 9 5 1 
350 296 266 102 3 4 1 2 231 299 271 201 15 4 1 2 564 316 128 7 6 0 1 2 
225 354 273 147 23 2 0 0 89 310 360 234 31 0 0 0 490 387 129 18 0 0 0 0 
305 381 236 90 12 0 0 0 28 347 381 223 42 3 0 0 525 368 106 25 0 0 0 0 
69 149 291 308 120 39 25 23 13 84 210 383 221 54 32 27 136 272 313 170 55 32 25 21 
42 194 319 266 114 44 36 9 1 102 271 342 195 60 43 10 160 353 305 108 33 38 24 3 
25 215 293 237 108 42 33 71 2 52 309 329 157 54 40 81 109 312 249 150 57 40 32 75 
171 263 253 185 117 24 8 3 12 237 297 249 166 40 13 10 285 301 217 143 46 16 7 9 
381 381 175 54 18 7 4 4 82 389 368 132 28 14 5 6 507 313 130 41 16 9 4 4 
86 223 228 201 83 61 47 95 19 95 231 302 146 65 52 114 125 238 234 143 69 56 45 114 
30 228 413 124 48 41 28 107 3 48 333 357 77 46 33 123 73 346 277 90 42 36 34 122 
325 348 189 92 50 20 0 0 138 476 222 102 61 25 0 0 603 230 86 68 37 0 0 0 
340 198 246 118 68 54 0 0 198 285 241 162 83 50 5 0 497 256 99 87 71 14 0 0 
236 326 154 141 90 65 12 0 101 281 294 151 109 69 19 0 434 240 115 116 73 38 8 0 
203 304 201 142 71 58 43 2 60 301 325 158 71 89 19 1 421 263 140 76 80 42 2 0 
233 93 103 97 100 205 181 12 226 98 94 109 146 297 48 6 306 98 112 117 278 99 13 1 
326 124 68 51 57 111 253 34 264 191 75 63 105 182 139 5 417 95 69 99 104 189 51 0 
304 96 76 65 66 72 263 82 203 215 90 63 72 73 281 27 392 96 59 79 59 190 128 21 
394 176 97 102 89 63 67 36 239 250 177 108 98 65 84 3 492 158 101 88 71 81 32 1 
265 218 158 174 119 60 29 1 76 243 235 224 145 65 35 1 339 198 176 163 84 47 17 0 
391 267 151 99 45 58 13 0 92 339 298 145 73 64 13 0 451 267 120 94 38 51 3 0 
334 390 185 66 46 0 0 0 59 381 352 164 57 8 0 0 449 350 130 62 30 0 0 0 
330 312 151 101 74 52 4 0 16 491 209 126 88 73 21 0 495 187 122 89 57 59 15 0 
273 308 143 97 90 86 27 0 43 346 262 103 92 100 75 3 439 212 90 51 102 61 60 9 
138 490 158 78 68 44 46 2 0 284 418 113 69 59 49 32 461 222 100 74 59 33 52 23 
177 414 185 126 35 42 43 2 11 226 436 178 68 24 54 27 478 255 104 67 32 35 41 12 
1 27 174 354 335 92 27 14 0 17 102 390 350 98 45 22 33 133 295 318 122 74 30 19 
8 46 176 368 269 93 44 20 2 34 147 385 279 67 67 43 53 178 328 271 42 41 70 41 
1 87 144 170 238 291 84 9 0 51 138 183 261 258 102 31 59 153 139 153 281 142 74 23 
21 310 352 192 83 33 16 17 0 78 431 307 133 22 29 24 176 388 243 123 29 19 22 24 
89 619 203 16 27 37 26 7 0 92 671 153 20 30 34 24 368 471 69 16 15 28 35 22 
7 176 248 188 156 144 104 1 0 8 214 257 182 170 146 47 11 190 190 161 137 149 130 56 
6 193 227 256 124 130 86 0 0 11 232 234 257 112 132 43 39 194 166 193 155 98 112 65 
82 111 141 238 362 90 0 0 6 108 112 208 286 287 17 0 97 85 120 212 281 215 14 0 
43 79 140 356 275 126 5 0 5 47 106 224 331 243 68 0 42 67 107 268 310 192 38 0 
31 74 127 266 308 180 38 0 0 40 88 158 313 295 121 9 41 47 105 173 326 240 81 11 
101 133 181 123 172 149 136 29 3 126 170 156 138 166 153 112 132 89 149 126 155 145 151 77 
7 69 174 181 184 190 184 35 0 18 112 197 193 204 180 120 31 84 145 162 147 191 167 97 
11 80 153 147 204 194 170 65 0 20 124 160 161 218 200 141 34 91 117 121 168 192 166 135 
3 57 56 150 263 260 210 25 0 3 69 94 217 258 262 121 12 49 57 102 210 269 220 105 
8 201 222 172 173 97 93 58 0 11 220 241 186 146 101 119 106 149 168 150 147 111 91 102 
197 278 130 87 82 96 125 29 0 160 323 137 97 81 111 115 277 198 93 98 83 71 103 101 
4 17 58 97 195 364 287 2 0 5 20 71 129 229 482 88 3 14 34 75 117 202 422 157 
3 84 142 123 202 392 74 0 0 2 114 131 151 285 327 11 7 82 105 92 141 248 320 25 
190 117 133 210 371 3 0 0 27 192 122 156 399 128 0 0 207 85 128 163 387 54 0 0 
164 71 88 89 588 24 0 0 54 120 84 86 322 358 0 0 165 63 87 68 428 210 3 0 
99 66 63 138 424 234 0 0 35 68 79 81 217 435 109 0 97 57 51 109 209 435 66 0 
88 32 90 76 219 486 33 0 24 67 37 114 102 344 328 8 87 31 59 85 117 363 282 0 
11 68 98 72 132 453 186 4 1 21 102 94 62 221 493 30 20 74 78 71 74 242 453 12 
4 33 88 40 180 397 275 7 0 16 62 63 52 277 489 65 13 70 50 21 60 250 516 44 
20 36 47 86 349 336 145 5 0 23 44 61 114 401 328 53 27 29 48 51 135 375 321 38 
47 120 72 53 247 320 162 3 0 41 131 76 56 303 343 74 67 93 63 49 98 250 317 87 
108 79 77 48 249 327 134 2 1 82 113 72 64 272 365 55 135 44 53 59 45 265 357 66 
6 21 60 101 340 414 82 0 0 6 21 64 146 349 418 20 5 12 37 58 121 337 435 19 
13 39 65 113 304 459 28 0 0 16 41 75 130 371 386 3 5 35 51 69 130 315 401 16 
42 19 285 646 29 0 0 0 13 35 14 601 358 0 0 0 33 26 192 634 137 0 0 0 
7 28 219 631 136 0 0 0 0 16 28 497 460 21 0 0 4 23 106 542 344 2 0 0 
37 29 35 653 266 1 0 0 19 20 32 247 556 148 0 0 37 26 18 489 413 38 0 0 
50 26 32 516 330 68 0 0 11 41 29 58 582 265 34 0 49 29 25 328 358 227 5 0 
12 39 35 603 210 113 9 0 0 16 44 32 705 139 86 0 29 28 30 174 563 147 49 0 
6 21 23 423 352 188 8 0 0 7 23 28 508 343 109 2 5 20 21 53 498 328 97 0 
3 16 13 103 657 229 1 0 0 3 17 16 174 662 149 1 1 8 16 22 233 614 128 0 
8 19 24 246 330 377 17 0 0 8 21 26 265 409 290 2 9 8 25 17 292 403 265 2 
104 46 58 232 345 229 6 0 12 86 48 68 234 373 197 3 98 35 50 50 232 361 195 1 
2 27 41 525 375 51 0 0 0 4 25 46 555 360 30 0 1 16 27 45 551 359 22 0 
1 19 44 517 431 10 0 0 0 0 15 40 555 405 6 0 0 5 20 55 499 433 9 0 
