7 80 188 235 142 78 54 240 4 50 174 221 170 102 59 244 17 167 205 193 101 63 48 230 
2 72 197 256 199 125 84 89 0 32 178 237 242 142 92 101 28 199 290 214 92 82 72 47 
41 232 278 189 144 60 44 36 17 169 297 211 158 82 51 39 176 343 238 127 60 43 33 4 
16 291 345 202 61 48 22 39 10 182 366 258 90 54 23 41 140 456 235 82 37 30 24 20 
41 293 334 219 78 28 17 14 17 206 368 260 103 34 17 19 229 397 243 105 18 18 12 2 
50 260 287 151 90 59 42 85 20 183 335 167 109 74 46 90 114 325 225 115 76 52 44 73 
43 170 306 241 150 79 21 14 7 110 283 280 182 103 35 24 146 325 270 163 78 27 14 1 
75 327 364 163 56 20 11 8 24 218 410 241 75 33 14 9 153 441 282 88 33 18 6 3 
184 520 207 66 25 15 6 1 62 417 368 101 44 20 10 2 361 466 119 45 19 12 1 1 
118 395 270 108 64 28 16 25 27 289 373 156 86 43 18 32 272 402 179 75 39 25 13 19 
24 244 352 231 122 36 14 1 3 80 331 299 195 81 28 7 212 382 243 130 40 14 2 1 
51 241 354 224 82 48 21 3 13 124 342 302 149 60 27 7 236 395 239 94 38 19 3 0 
114 342 304 178 56 20 10 0 78 304 332 198 76 26 8 2 288 376 222 98 26 12 2 0 
78 452 316 115 38 11 10 4 32 381 377 147 54 18 9 6 119 490 287 89 19 11 8 1 
41 312 391 181 68 24 6 1 15 182 410 265 100 34 14 4 132 426 313 110 31 10 1 1 
53 291 336 213 90 25 10 6 12 193 348 277 123 47 15 9 188 368 300 115 34 13 6 0 
66 330 397 165 38 22 3 3 18 240 423 238 68 25 7 5 236 464 233 58 23 7 3 0 
30 224 301 246 135 57 17 14 6 136 304 278 173 77 31 19 191 314 282 151 50 20 16 0 
40 185 252 276 152 77 27 15 11 102 225 273 233 105 49 26 189 264 294 165 73 26 11 2 
67 268 290 212 108 41 25 13 13 158 303 261 150 87 27 25 227 312 242 139 56 30 18 0 
93 469 268 123 42 16 9 4 34 373 333 174 67 27 10 6 293 433 191 66 25 11 4 1 
243 546 155 40 27 11 1 1 78 555 267 74 34 13 2 1 393 475 106 31 16 2 1 0 
104 354 314 160 61 23 7 1 37 237 336 251 95 52 13 3 286 404 228 68 29 7 2 0 
72 307 306 205 81 45 7 1 23 174 342 244 166 55 16 4 263 396 227 86 43 9 0 0 
65 305 334 194 95 29 2 0 16 189 354 256 136 56 17 0 243 435 224 90 27 5 0 0 
74 366 222 150 122 60 18 12 34 264 274 188 124 96 28 16 306 314 192 124 46 22 20 0 
92 150 197 484 82 12 4 3 79 149 160 512 103 14 4 3 102 212 556 116 28 3 5 2 
18 74 100 509 242 48 25 8 11 74 91 338 406 72 26 6 34 116 566 212 53 35 8 0 
20 58 100 262 457 92 26 9 11 60 86 191 522 112 34 8 77 125 451 286 58 20 5 2 
69 206 215 336 102 47 14 35 61 205 187 328 150 47 18 28 152 290 394 89 50 14 14 21 
32 108 143 184 308 160 61 28 40 117 137 152 309 184 59 26 91 164 259 265 99 87 51 8 
41 195 232 264 211 36 18 27 36 178 188 224 292 57 25 24 138 270 400 139 25 18 26 8 
231 206 230 251 58 15 6 27 201 205 187 311 73 16 6 25 293 403 231 50 14 7 22 4 
125 259 177 390 33 14 5 21 107 248 160 415 52 16 6 20 235 343 357 42 13 12 14 8 
120 237 327 305 9 11 7 8 46 186 241 506 19 9 8 9 177 460 334 18 12 10 10 3 
88 185 198 506 39 5 3 0 32 151 180 544 102 11 3 1 147 329 492 45 8 3 0 0 
10 51 163 636 122 41 1 0 0 19 101 410 399 80 15 0 41 197 690 89 7 0 0 0 
37 156 108 540 113 68 2 0 23 124 121 357 273 99 27 0 119 201 582 112 10 0 0 0 
64 158 98 578 100 26 0 0 58 146 88 532 136 52 12 0 132 240 564 78 10 0 0 0 
39 120 60 198 248 147 94 118 50 120 43 162 268 160 98 123 47 135 119 247 183 111 91 91 
27 52 40 300 447 86 25 47 39 44 35 171 506 150 34 45 44 58 274 445 124 24 22 33 
15 120 212 383 184 64 29 17 7 137 196 337 237 71 24 15 55 231 487 143 63 30 14 1 
112 308 235 177 104 33 25 30 113 306 223 180 111 31 23 37 175 294 296 136 41 23 37 22 
134 172 244 214 139 62 35 24 127 213 188 229 149 58 35 25 165 275 300 143 59 45 26 11 
161 185 202 157 183 62 39 35 155 193 176 161 203 75 32 29 190 248 246 173 76 44 38 9 
169 340 178 174 92 28 19 24 182 364 142 175 103 23 15 20 230 400 206 103 39 21 11 14 
228 269 190 223 38 22 18 36 219 274 158 231 66 21 20 35 287 317 279 52 22 23 10 34 
193 344 196 198 23 25 16 29 170 352 163 220 47 26 17 29 237 428 254 30 21 15 15 24 
55 181 139 399 96 61 37 56 50 176 100 388 140 63 47 60 88 273 365 112 63 50 39 34 
3 10 22 769 155 26 18 21 1 9 13 431 491 36 18 25 16 33 806 101 28 18 21 1 
3 8 31 699 226 45 7 5 2 7 17 480 443 54 16 5 11 46 723 177 50 13 4 0 
2 4 36 898 66 16 0 2 2 2 14 820 164 20 0 2 6 98 860 42 16 2 0 0 
33 176 244 111 26 28 54 352 61 182 198 123 29 28 53 350 71 210 239 47 28 22 47 360 
110 276 149 152 79 49 75 134 151 260 132 139 83 46 68 145 174 259 178 98 60 49 67 139 
140 262 131 108 105 109 73 96 194 221 120 112 133 96 76 72 209 280 146 96 94 82 65 52 
103 261 238 221 137 31 11 22 159 228 191 175 187 52 13 19 200 319 273 162 38 10 9 13 
32 232 181 242 247 43 15 32 84 207 145 145 353 46 14 30 107 291 380 156 39 19 10 22 
43 222 167 169 250 99 37 37 121 163 132 121 293 105 48 41 147 233 294 132 114 56 25 23 
1 130 33 386 438 24 10 2 53 89 23 171 629 43 10 6 67 100 698 122 23 5 7 2 
0 0 3 554 434 22 8 3 0 0 1 180 781 48 10 4 1 9 824 167 14 7 2 0 
0 0 5 714 222 42 26 15 0 0 0 284 628 62 29 21 0 88 777 89 29 30 11 0 
0 1 17 328 196 145 171 166 0 0 9 141 366 145 169 194 0 7 341 133 100 139 140 164 
0 0 1 316 413 138 85 71 0 0 0 93 598 163 93 77 0 5 422 269 126 83 65 54 
0 0 9 477 511 25 2 0 0 0 4 191 780 46 3 0 1 13 661 330 17 2 0 0 
0 0 18 606 386 14 0 0 0 0 2 430 562 30 0 0 0 74 702 244 4 0 0 0 
0 0 0 0 0 6 201 817 0 0 0 0 0 5 180 839 0 0 0 0 0 1 24 999 
2 7 12 42 33 26 430 472 0 7 10 44 37 21 403 502 2 6 12 48 31 21 218 686 
17 247 309 74 70 57 136 114 19 249 310 69 65 58 128 126 38 372 189 88 51 54 95 137 
74 201 273 104 59 47 65 201 100 213 271 73 66 58 94 149 139 303 204 55 46 67 125 85 
165 157 48 125 132 46 77 274 203 134 51 78 172 54 148 184 232 123 193 74 45 75 198 84 
269 108 63 97 190 75 104 118 303 98 50 67 200 86 115 105 319 102 177 82 79 89 124 52 
317 95 6 59 307 34 58 148 370 43 7 9 329 66 97 103 366 47 251 111 32 42 141 34 
109 67 28 147 242 99 117 215 131 59 18 41 313 124 246 92 142 53 223 156 80 111 238 21 
108 52 21 122 180 153 277 111 115 57 11 54 202 175 255 155 119 59 84 156 133 149 273 51 
0 15 18 311 256 131 185 108 0 25 6 134 404 148 206 101 2 30 285 248 123 138 160 38 
0 0 0 261 345 216 186 16 0 0 0 79 460 227 234 24 0 0 261 235 179 181 155 13 
0 0 0 635 358 20 11 0 0 0 0 187 789 31 16 1 0 5 743 244 20 12 0 0 
0 0 8 752 248 14 2 0 0 0 2 416 572 32 2 0 0 14 842 154 14 0 0 0 
0 0 0 0 0 0 664 360 0 0 0 0 0 0 747 277 0 0 0 0 0 0 269 755 
0 0 0 0 0 2 943 79 0 0 0 0 0 1 912 111 0 0 0 0 0 2 706 316 
2 4 12 653 49 33 241 30 1 5 3 528 176 33 226 52 4 96 554 48 32 31 167 92 
19 183 336 486 0 0 0 0 10 187 255 572 0 0 0 0 138 542 344 0 0 0 0 0 
25 497 402 74 4 0 4 18 16 470 401 111 4 0 11 11 220 676 99 7 0 3 13 6 
119 482 172 46 47 25 37 96 183 499 131 48 25 25 55 58 380 375 68 40 28 28 67 38 
210 283 153 66 60 72 58 122 293 295 98 55 74 54 109 46 322 269 94 55 79 70 113 22 
502 222 143 6 30 92 19 10 519 238 111 6 55 74 20 1 519 279 71 5 46 83 20 1 
229 373 54 57 98 141 64 8 228 391 58 79 110 126 31 1 271 385 87 97 89 85 10 0 
192 386 125 60 87 109 46 19 223 382 119 81 116 71 29 3 268 389 108 100 112 34 13 0 
206 397 124 57 93 46 71 30 219 392 129 65 98 45 74 2 230 395 136 93 65 53 51 1 
475 154 34 175 66 47 67 6 523 115 32 84 155 54 58 3 517 123 194 60 40 70 20 0 
506 60 10 270 70 58 48 2 514 54 8 152 190 70 34 2 474 100 290 50 26 80 4 0 
0 0 0 3 22 127 804 68 0 0 0 4 21 111 836 52 0 0 0 2 20 26 775 201 
0 0 1 16 26 189 710 82 0 0 1 14 26 109 792 82 0 0 1 17 22 42 782 160 
0 0 4 174 73 291 467 15 0 0 1 117 127 124 627 28 0 5 132 89 44 120 619 15 
0 0 5 320 85 291 321 2 0 0 1 260 126 233 393 11 0 15 262 90 48 274 320 15 
0 0 98 295 107 458 66 0 0 0 17 348 78 435 144 2 0 65 283 64 117 392 103 0 
0 65 384 225 117 226 6 1 2 55 248 360 87 249 22 1 38 334 253 66 101 226 5 1 
168 580 219 36 15 3 2 1 362 492 130 30 7 2 0 1 465 459 75 19 3 2 0 1 
405 317 262 32 5 3 0 0 389 261 320 32 19 2 1 0 573 354 65 24 6 2 0 0 
597 302 84 2 2 22 14 1 578 272 132 3 7 24 8 0 739 228 17 2 11 25 2 0 
561 151 11 21 52 134 76 18 557 157 20 35 102 115 35 3 644 75 29 55 108 94 16 3 
367 161 101 101 100 108 49 37 435 156 96 95 121 73 30 18 451 144 95 108 125 70 22 9 
454 150 60 115 100 111 28 6 474 136 72 120 114 98 10 0 482 123 82 116 109 106 6 0 
286 250 156 118 130 64 18 2 308 244 150 132 132 50 8 0 292 232 172 124 140 52 12 0 
0 0 0 0 0 816 208 0 0 0 0 0 0 758 266 0 0 0 0 0 0 393 631 0 
0 0 0 0 0 948 76 0 0 0 0 0 0 823 201 0 0 0 0 0 0 541 482 1 
0 0 0 0 0 916 108 0 0 0 0 0 0 715 309 0 0 0 0 0 0 555 469 0 
0 0 1 18 46 753 201 5 0 0 0 10 34 669 304 7 0 0 1 20 39 715 245 4 
0 0 0 8 242 733 31 10 0 0 0 3 124 813 74 10 0 0 0 8 247 714 45 10 
0 0 5 85 560 354 9 11 0 0 6 57 440 501 9 11 0 0 17 113 552 324 7 11 
25 137 239 277 283 42 16 5 51 139 218 227 300 79 9 1 100 228 212 170 261 49 3 1 
3 28 97 141 737 15 3 0 10 16 66 117 688 126 1 0 12 27 84 112 469 319 1 0 
0 12 246 81 678 7 0 0 0 0 210 87 655 72 0 0 0 115 156 54 625 74 0 0 
102 134 235 56 428 39 20 10 127 88 272 54 367 98 13 5 134 278 85 52 353 109 8 5 
384 356 100 124 58 2 0 0 415 297 121 73 112 6 0 0 502 263 63 66 116 13 1 0 
249 368 109 175 123 0 0 0 236 296 183 94 213 2 0 0 336 306 84 58 230 10 0 0 
390 384 30 164 54 2 0 0 380 288 136 118 98 4 0 0 456 300 44 62 152 10 0 0 
0 0 0 0 0 984 40 0 0 0 0 0 0 954 69 0 0 0 0 0 0 904 120 0 
0 0 0 0 0 1024 0 0 0 0 0 0 0 1016 8 0 0 0 0 0 0 1005 18 0 
0 0 0 0 0 1024 0 0 0 0 0 0 0 1013 10 0 0 0 0 0 0 1010 13 0 
0 0 0 0 45 954 24 0 0 0 0 0 18 978 26 0 0 0 0 2 32 981 8 0 
0 0 0 0 194 826 2 0 0 0 0 0 0 1005 18 0 0 0 0 0 16 1000 8 0 
0 0 5 192 429 394 2 0 0 0 0 141 250 626 5 0 0 0 104 125 381 410 2 0 
0 0 18 224 746 34 0 0 0 0 2 216 581 224 0 0 0 0 133 146 592 152 0 0 
0 0 0 0 1024 0 0 0 0 0 0 0 997 26 0 0 0 0 0 0 917 106 0 0 
0 0 0 0 1024 0 0 0 0 0 0 0 1008 16 0 0 0 0 0 0 976 48 0 0 
0 0 0 66 834 61 53 8 0 0 10 77 837 80 18 0 0 10 61 42 864 42 2 0 
18 112 200 525 154 10 0 2 21 168 202 485 138 5 2 0 24 245 109 216 405 24 0 0 
0 0 16 240 698 69 0 0 0 0 18 325 661 18 0 0 0 0 10 144 792 77 0 0 
0 16 80 506 416 5 0 0 0 5 80 362 570 5 0 0 0 0 85 229 698 10 0 0 
