0.194597 0.479090 
0.136626 0.540135 
1.155159 0.982728 
1.710516 1.021271 
1.943185 0.487639 
0.498874 0.756141 
1.088551 1.019807 
1.418463 0.869920 
2.279587 0.582003 
1.246581 1.028924 
-0.226036 0.376703 
2.169189 0.648587 
1.277598 1.106632 
0.327137 0.794693 
0.152283 0.756129 
2.436719 -0.023827 
1.815197 0.874031 
1.779713 0.786713 
2.386994 0.205883 
1.286560 1.177823 
1.947549 0.605225 
0.696442 1.051374 
-0.031276 0.514575 
2.177444 0.369971 
-0.050420 0.222452 
1.117292 1.116186 
-0.190568 0.125016 
1.645090 0.832575 
2.168153 0.685312 
1.559986 0.941650 
2.228790 0.547056 
1.633228 0.908721 
1.223042 0.938077 
2.335266 0.065545 
-0.133739 -0.048659 
-0.214103 0.190118 
0.562141 0.750204 
2.392696 0.264297 
1.351553 0.997196 
1.150955 0.931083 
1.304750 0.911766 
1.470109 0.964672 
1.842225 0.584040 
-0.117167 -0.121728 
1.735599 0.737662 
0.608102 0.922031 
0.627404 0.901214 
0.419955 0.766484 
2.156469 0.537574 
-0.092102 0.376139 
2.420380 -0.012310 
1.993397 0.584809 
1.187692 1.063596 
0.345992 0.853774 
0.439584 0.762489 
2.271015 0.140830 
-0.338368 -0.103219 
0.644226 0.770053 
2.025293 0.592792 
2.390417 0.030273 
-0.205454 -0.206699 
1.869734 0.895766 
2.498546 0.098663 
0.851103 0.862322 
-0.258373 0.204300 
1.361124 0.867822 
2.570117 -0.019549 
1.698220 0.793057 
2.342072 -0.212608 
0.490391 0.899367 
0.453477 0.976473 
0.968259 1.095768 
2.285372 -0.263359 
2.378182 0.226759 
0.459093 0.821444 
0.329079 0.612224 
1.895748 0.823317 
2.357481 -0.115330 
2.495585 0.217265 
1.831950 0.861128 
2.191162 0.314307 
0.477320 0.719809 
0.386535 0.714320 
1.623202 0.967391 
0.751486 1.050419 
0.020338 0.719253 
-0.155948 -0.276873 
1.584107 0.941645 
2.200151 0.547540 
1.271591 0.935572 
2.060501 0.479452 
-0.132253 -0.182083 
1.627784 0.788755 
2.147367 0.484803 
1.925238 0.766920 
0.133669 0.392610 
1.829822 0.610584 
1.173389 1.044998 
2.393446 0.174109 
2.403130 -0.214353 
2.375219 0.253807 
0.095046 0.782152 
0.662534 0.926385 
0.215761 0.528311 
-0.194713 -0.270632 
2.275319 0.337889 
1.840857 0.729323 
2.455464 -0.175340 
1.355069 1.040722 
1.513653 1.035379 
-0.006477 0.299496 
0.408927 0.892651 
0.027225 0.558718 
-0.239550 -0.173207 
-0.186085 0.240406 
0.419773 0.885964 
2.234702 0.069973 
-0.324843 -0.190716 
2.319415 -0.189829 
0.375583 0.717995 
2.336911 0.133687 
1.884178 0.749855 
1.509361 0.823360 
2.460512 0.020990 
2.400720 -0.274876