0 0 0 8 1016 0 0 0 0 0 0 0 0 880 144 0 0 0 0 0 0 0 0 1024 
0 0 0 0 1024 0 0 0 0 0 0 0 0 658 366 0 0 0 0 0 0 0 0 1024 
0 0 0 0 1024 0 0 0 0 0 0 0 0 528 496 0 0 0 0 0 0 0 0 1024 
0 0 0 0 1024 0 0 0 0 0 0 0 0 456 568 0 0 0 0 0 0 0 0 1024 
0 0 0 0 1024 0 0 0 0 0 0 0 0 428 596 0 0 0 0 0 0 0 0 1024 
0 0 0 0 1024 0 0 0 0 0 0 0 0 553 471 0 0 0 0 0 0 0 0 1024 
0 0 0 0 1024 0 0 0 0 0 0 0 0 602 422 0 0 0 0 0 0 0 0 1024 
0 0 0 0 1024 0 0 0 0 0 0 0 0 728 296 0 0 0 0 0 0 0 0 1024 
0 0 0 0 1024 0 0 0 0 0 0 0 0 928 96 0 0 0 0 0 0 0 0 1024 
0 0 0 40 984 0 0 0 0 0 0 0 0 1024 0 0 0 0 0 0 0 0 0 1024 
0 0 0 430 593 0 0 0 0 0 0 0 0 1024 0 0 0 0 0 0 0 0 4 1019 
0 0 0 0 1008 16 0 0 0 0 0 0 0 3 1021 0 0 0 0 0 0 0 0 1024 
0 0 0 0 912 112 0 0 0 0 0 0 0 0 1024 0 0 0 0 0 0 0 0 1024 
0 0 0 0 835 189 0 0 0 0 0 0 0 0 1024 0 0 0 0 0 0 0 0 1024 
84 25 92 89 640 84 10 0 98 40 155 38 8 10 649 26 91 55 78 89 25 4 15 667 
0 2 199 26 704 78 15 0 0 35 183 8 10 9 757 22 0 79 128 19 7 10 8 773 
0 0 39 5 666 306 8 0 0 0 33 8 4 6 947 26 0 7 23 9 4 5 6 970 
1 10 13 38 611 254 75 22 2 12 27 46 54 74 783 26 1 12 49 79 59 11 35 778 
0 0 0 1 811 212 0 0 0 0 0 0 1 2 1018 3 0 0 0 0 0 0 2 1022 
0 0 0 0 1007 17 0 0 0 0 0 0 0 16 1008 0 0 0 0 0 0 0 0 1024 
0 0 0 0 1024 0 0 0 0 0 0 0 0 176 848 0 0 0 0 0 0 0 0 1024 
0 0 0 0 1022 1 0 0 0 0 0 0 0 418 605 0 0 0 0 0 0 0 0 1024 
0 0 0 0 12 1012 0 0 0 0 0 0 0 0 835 189 0 0 0 0 0 0 0 1024 
0 0 0 0 0 1024 0 0 0 0 0 0 0 0 584 440 0 0 0 0 0 0 0 1024 
14 55 35 34 71 778 32 5 70 26 41 50 8 2 384 443 73 27 48 28 14 6 5 823 
440 133 77 124 143 87 17 3 605 148 168 73 21 5 2 2 588 155 172 72 22 9 4 2 
264 157 316 160 114 13 0 0 312 230 433 34 14 1 0 0 238 261 377 116 28 4 0 0 
270 127 317 211 48 37 14 0 293 194 479 45 2 2 5 4 228 317 418 46 4 2 3 6 
132 123 190 232 82 136 92 37 224 172 304 93 47 54 104 26 228 242 298 65 59 38 14 80 
22 123 179 233 79 337 49 2 91 135 342 58 15 24 287 72 90 207 300 26 11 13 23 354 
3 66 107 136 82 584 33 13 19 67 173 56 6 5 623 75 23 83 193 15 6 4 7 693 
20 28 80 95 286 456 43 16 28 38 112 77 46 32 647 44 40 81 121 30 39 23 26 664 
65 172 240 172 195 164 13 0 55 150 291 194 87 80 157 7 225 278 161 50 41 54 55 157 
0 0 0 0 1 625 390 8 0 0 0 0 31 339 27 627 0 0 0 1 303 68 15 637 
0 0 0 0 0 442 575 7 0 0 0 0 7 361 35 621 0 0 0 1 316 54 28 625 
98 170 74 92 147 226 139 78 264 129 146 128 21 60 31 245 281 121 158 103 56 31 18 256 
440 124 53 74 149 125 48 11 474 176 209 60 36 33 26 10 443 175 215 80 24 41 28 18 
152 159 168 223 164 113 29 16 268 259 236 134 85 24 15 3 250 288 228 102 63 68 19 6 
83 100 197 239 293 90 19 3 151 255 308 210 97 2 1 0 118 380 221 97 142 65 1 0 
233 158 146 139 156 74 70 48 335 202 248 152 83 4 0 0 497 367 132 27 1 0 0 0 
328 39 64 123 328 97 43 2 365 99 408 130 20 2 0 0 502 431 81 10 0 0 0 0 
264 95 81 141 382 56 5 0 379 246 396 3 0 0 0 0 499 477 47 1 0 0 0 0 
241 144 129 193 209 78 27 3 386 339 237 54 8 0 0 0 563 324 132 5 0 0 0 0 
253 296 230 96 55 67 22 2 355 304 247 99 17 0 0 0 576 280 150 14 2 0 0 0 
0 0 2 243 269 420 90 0 0 0 2 285 413 320 4 0 0 2 261 299 453 9 0 0 
0 0 11 359 229 199 214 12 0 2 30 380 255 333 21 3 2 34 394 238 324 28 4 0 
57 80 84 216 288 194 59 46 136 132 275 299 117 32 18 15 168 199 366 182 60 23 20 6 
7 44 100 211 247 152 130 133 42 161 290 183 96 101 102 49 64 195 262 171 85 145 63 39 
11 64 118 228 182 142 194 85 80 164 236 190 83 90 167 14 99 184 233 144 118 210 35 1 
86 74 65 92 144 178 120 265 191 154 230 67 36 65 75 206 250 207 167 50 62 81 196 11 
4 38 93 293 355 79 55 107 21 69 503 171 81 58 54 67 142 491 149 81 51 62 48 0 
37 40 111 260 386 59 34 97 65 114 494 153 54 36 37 71 186 500 162 44 35 36 58 3 
81 52 189 260 359 48 32 3 161 206 540 54 37 25 1 0 210 601 139 41 29 4 0 0 
164 305 118 174 173 30 12 48 401 222 293 32 18 10 6 42 463 364 111 24 10 7 14 31 
184 284 505 14 11 6 8 8 380 243 364 12 6 9 4 2 480 146 371 4 13 3 3 0 
0 4 99 699 196 26 0 0 0 3 94 708 199 20 0 0 12 119 678 192 23 0 0 0 
2 17 99 562 241 50 25 28 7 25 155 566 196 40 21 14 84 282 464 131 28 21 12 2 
1 25 119 124 138 172 232 213 12 57 162 112 93 178 365 45 30 126 132 90 110 366 156 14 
6 17 25 65 210 233 276 192 7 28 60 60 162 307 356 44 34 35 45 98 172 482 134 24 
8 30 73 291 220 63 274 65 0 35 104 243 135 215 289 3 4 33 110 176 215 402 84 0 
162 161 128 101 53 65 105 249 269 126 124 71 49 100 144 141 334 144 109 55 82 167 120 13 
22 123 320 303 100 48 34 74 57 210 334 234 60 40 34 55 334 386 141 56 34 42 31 0 
229 115 181 224 105 54 53 63 266 145 230 181 70 56 43 33 455 258 130 62 64 36 19 0 
492 223 111 93 55 31 9 10 517 249 114 88 30 11 5 10 571 245 106 63 20 11 5 3 
148 582 207 60 23 4 0 0 620 306 67 22 9 0 0 0 757 201 45 17 4 0 0 0 
3 173 647 151 39 8 0 0 148 619 221 30 3 0 0 0 601 372 45 3 0 0 0 0 
7 115 408 227 189 64 11 3 65 309 212 261 133 38 4 2 457 338 176 40 11 2 0 0 
10 52 269 381 209 66 32 5 18 56 338 427 126 36 21 2 291 463 190 45 21 12 2 0 
3 24 123 318 244 69 176 67 2 24 190 333 200 67 206 2 205 313 190 71 46 188 11 0 
36 62 137 305 259 79 83 63 32 123 270 327 152 55 51 14 345 335 169 61 52 53 9 0 
1 16 59 248 273 219 167 41 2 25 78 300 324 207 87 1 139 158 218 234 156 115 4 0 
48 83 153 268 238 124 49 61 60 86 200 274 217 94 56 37 207 189 268 203 69 51 37 0 
86 178 288 216 98 31 26 101 90 230 321 179 65 34 57 48 443 298 119 36 33 67 28 0 
43 152 343 349 94 36 3 4 76 216 389 264 61 13 2 3 448 386 133 42 10 2 3 0 
153 183 223 245 143 56 17 4 208 193 190 243 156 31 3 0 487 286 170 63 16 2 0 0 
163 256 268 210 92 30 4 1 221 221 247 226 81 24 3 1 497 304 161 48 12 1 1 0 
120 300 433 129 34 4 1 0 136 429 336 89 28 2 1 0 656 267 68 27 3 1 0 0 
13 85 204 389 274 54 5 0 17 80 271 384 234 36 2 0 320 429 240 33 2 0 0 0 
15 73 235 505 174 22 0 0 28 83 379 423 99 12 0 0 285 498 234 7 0 0 0 0 
3 38 159 420 338 65 1 0 11 58 222 461 247 25 0 0 311 463 224 26 0 0 0 0 
11 40 151 382 365 74 1 0 20 71 238 407 246 42 0 0 357 454 197 16 0 0 0 0 
3 19 55 166 290 284 201 6 9 29 141 283 298 260 4 0 70 148 263 390 149 4 0 0 
65 116 172 317 248 99 7 0 86 136 239 337 198 27 1 0 227 271 308 177 37 4 0 0 
38 158 353 297 155 23 0 0 52 202 328 271 147 24 0 0 472 386 145 21 0 0 0 0 
112 166 302 275 118 45 6 0 168 206 305 217 90 37 1 0 494 352 147 29 2 0 0 0 
263 172 208 217 123 33 6 2 275 164 193 207 143 34 6 2 566 270 137 40 8 3 0 0 
266 280 245 158 64 10 1 0 301 280 200 156 74 13 0 0 635 270 97 18 4 0 0 0 
285 337 306 80 12 2 0 0 299 386 262 64 11 1 0 0 694 276 43 8 1 0 0 0 
32 72 216 496 208 0 0 0 48 120 512 240 104 0 0 0 200 544 256 24 0 0 0 0 
32 104 344 384 136 24 0 0 24 144 400 320 128 8 0 0 400 424 192 8 0 0 0 0 
0 16 120 392 496 0 0 0 0 32 264 536 192 0 0 0 232 480 312 0 0 0 0 0 
0 16 112 304 448 144 0 0 0 40 176 392 320 96 0 0 224 424 336 40 0 0 0 0 
0 0 0 152 272 376 216 8 0 0 128 272 400 216 8 0 0 120 264 488 144 8 0 0 
112 80 120 296 224 128 64 0 128 120 208 288 208 72 0 0 184 248 296 264 32 0 0 0 
232 168 176 264 152 32 0 0 264 208 168 256 120 8 0 0 560 344 96 24 0 0 0 0 
904 120 0 0 0 0 0 0 920 104 0 0 0 0 0 0 960 64 0 0 0 0 0 0 
1008 16 0 0 0 0 0 0 1008 16 0 0 0 0 0 0 1016 8 0 0 0 0 0 0 
856 112 40 16 0 0 0 0 888 104 24 8 0 0 0 0 896 104 24 0 0 0 0 0 
19 157 679 147 9 9 0 0 137 640 226 9 9 0 0 0 423 541 49 9 0 0 0 0 
