0 0 0 0 0 0 0 1024 0 0 0 0 0 0 0 1024 0 0 0 0 0 0 0 1024 
0 0 0 0 0 0 0 1024 0 0 0 0 0 0 0 1024 0 0 0 0 0 0 0 1024 
0 0 0 0 6 34 39 945 0 0 0 0 9 34 35 946 0 0 0 1 17 32 30 944 
0 0 0 0 7 83 107 827 0 0 0 0 12 85 98 829 0 0 0 0 28 77 97 822 
0 0 0 0 4 159 224 637 0 0 0 0 9 163 205 647 0 0 0 0 35 171 194 624 
0 0 0 2 48 294 418 262 0 0 0 4 59 301 397 263 0 0 0 5 95 346 339 239 
0 0 0 0 13 115 249 647 0 0 0 0 12 81 225 706 0 0 0 0 12 71 203 738 
0 0 0 0 0 4 11 1009 0 0 0 0 0 2 10 1012 0 0 0 0 0 1 13 1010 
0 0 4 4 9 15 30 962 0 0 3 5 5 12 31 968 0 0 3 5 7 12 29 968 
0 0 0 0 0 0 0 1024 0 0 0 0 0 0 0 1024 0 0 0 0 0 0 0 1024 
0 0 0 0 0 0 0 1024 0 0 0 0 0 0 0 1024 0 0 0 0 0 0 0 1024 
0 0 0 13 14 18 67 912 0 0 3 12 9 11 52 937 0 0 5 11 7 14 45 942 
0 0 15 5 14 48 108 834 0 3 12 4 12 11 107 875 0 7 8 6 12 11 60 920 
0 116 285 148 42 60 60 313 61 293 177 20 33 68 56 316 307 100 131 20 41 61 54 310 
0 84 177 538 12 49 55 109 60 198 541 3 13 52 48 109 187 322 292 1 18 52 44 108 
2 140 223 331 109 78 37 104 119 245 350 86 62 26 30 106 270 266 263 34 32 31 24 104 
3 160 179 523 20 16 27 96 125 213 514 33 11 4 26 98 241 373 257 18 8 3 27 97 
0 100 72 159 173 273 100 147 76 73 150 37 176 261 98 153 107 53 141 46 191 244 87 155 
0 0 28 135 196 366 166 133 0 12 119 27 200 365 160 141 0 23 113 36 250 340 120 142 
0 45 98 129 222 313 146 71 0 24 109 112 224 297 171 87 0 50 100 141 216 262 152 103 
0 20 33 82 363 262 112 152 0 6 39 62 354 273 105 185 0 14 32 83 355 252 91 197 
0 0 0 0 256 384 96 288 0 0 0 0 352 224 96 352 0 0 0 32 416 128 96 352 
0 0 127 339 211 168 156 23 0 5 192 253 185 172 151 66 0 7 222 220 177 165 131 102 
0 101 227 200 138 188 95 75 25 249 100 156 110 154 147 83 149 147 88 138 135 138 123 106 
0 84 235 173 131 100 69 232 22 339 152 88 93 69 151 110 299 183 92 92 72 111 98 77 
0 175 113 539 32 15 17 133 99 180 522 45 17 12 20 129 208 406 207 28 14 12 20 129 
1 277 197 304 55 41 27 122 231 222 313 51 46 15 28 118 337 332 136 33 32 10 26 118 
115 307 191 247 16 20 18 110 358 212 276 21 14 16 19 108 457 264 134 18 9 15 19 108 
62 264 115 432 138 2 3 8 297 148 521 43 2 2 2 9 379 347 278 5 2 2 2 9 
0 78 260 460 226 0 0 0 131 317 516 60 0 0 0 0 422 428 173 1 0 0 0 0 
0 208 265 296 117 60 43 35 153 219 278 114 115 60 37 48 303 197 158 119 113 53 29 52 
0 49 151 284 317 161 41 21 0 37 130 282 319 180 50 26 0 50 133 283 316 168 43 31 
0 0 32 160 544 192 96 0 0 0 0 128 512 256 128 0 0 0 32 320 416 160 96 0 
0 27 86 50 50 119 236 456 0 49 74 35 50 92 214 510 2 55 69 33 49 86 177 553 
0 141 195 148 108 45 160 227 28 300 130 113 44 219 47 143 202 188 137 63 218 54 20 142 
0 26 99 182 120 83 384 130 12 175 124 108 102 404 97 2 144 144 86 121 416 111 2 0 
0 63 267 659 17 12 6 0 47 333 613 13 12 6 0 0 152 830 23 13 6 0 0 0 
0 4 292 728 0 0 0 0 0 339 685 0 0 0 0 0 137 873 14 0 0 0 0 0 
0 59 318 647 0 0 0 0 87 420 517 0 0 0 0 0 396 600 28 0 0 0 0 0 
0 81 186 473 263 21 0 0 105 200 568 151 0 0 0 0 248 567 209 0 0 0 0 0 
0 0 53 305 494 163 9 0 9 97 360 414 99 44 1 0 121 367 293 154 74 15 0 0 
40 222 176 425 92 41 20 8 164 187 360 161 76 43 27 6 263 271 212 149 53 44 25 7 
0 27 215 509 193 50 23 7 11 33 175 469 234 65 26 11 19 57 278 436 160 41 23 10 
0 256 544 96 64 32 32 0 0 32 576 288 64 32 32 0 0 256 544 96 64 32 32 0 
0 0 15 5 5 14 81 904 0 8 9 3 12 23 36 933 1 9 8 4 18 18 25 941 
0 46 44 32 30 106 603 163 18 58 41 54 85 524 167 77 46 75 42 65 491 181 82 42 
0 0 45 45 107 164 488 175 2 66 20 57 148 420 208 103 55 28 64 129 377 160 208 3 
0 0 104 358 355 207 0 0 0 117 275 142 372 118 0 0 25 351 77 245 304 22 0 0 
0 3 489 511 21 0 0 0 2 491 473 44 14 0 0 0 347 597 36 40 4 0 0 0 
26 281 343 342 32 0 0 0 214 404 403 3 0 0 0 0 423 563 38 0 0 0 0 0 
3 89 136 482 153 155 6 0 56 97 432 128 148 157 6 0 89 411 126 133 208 57 0 0 
5 74 214 587 127 17 0 0 96 89 675 126 30 8 0 0 143 610 215 36 19 1 0 0 
0 53 249 461 102 134 19 6 18 150 458 140 86 137 26 9 82 373 245 86 111 90 24 13 
0 78 430 280 135 61 35 5 0 24 339 361 166 72 49 13 0 156 423 217 113 61 38 16 
0 352 544 96 32 0 0 0 0 64 736 192 32 0 0 0 0 352 512 128 32 0 0 0 
0 70 729 115 13 27 68 2 2 609 269 36 11 18 49 30 412 208 263 34 9 16 31 51 
0 102 214 55 285 146 126 96 83 227 45 95 257 111 157 49 291 91 42 84 275 123 117 1 
0 0 22 68 165 185 336 248 7 62 17 112 121 129 402 174 68 29 79 83 146 263 343 13 
0 10 270 430 266 48 0 0 8 354 224 189 232 17 0 0 131 410 87 283 111 2 0 0 
0 33 475 514 2 0 0 0 46 726 252 0 0 0 0 0 326 698 0 0 0 0 0 0 
7 24 459 527 7 0 0 0 22 593 371 38 0 0 0 0 278 604 140 2 0 0 0 0 
0 0 73 360 440 151 0 0 0 1 90 338 441 153 1 0 0 17 146 373 451 37 0 0 
0 75 216 200 425 108 0 0 86 181 285 82 278 112 0 0 243 274 103 67 319 18 0 0 
0 46 187 146 248 263 104 30 0 97 223 64 216 265 115 44 25 191 137 63 320 135 70 83 
0 33 162 147 194 229 225 34 0 62 105 122 191 189 250 105 1 108 96 117 166 164 186 186 
0 0 160 96 384 128 224 32 0 0 64 160 224 256 224 96 0 0 96 160 320 224 160 64 
0 5 154 24 11 15 490 325 0 108 57 20 8 9 46 776 66 48 60 12 8 9 28 793 
0 32 25 40 174 57 259 437 2 49 9 30 175 61 36 662 38 13 9 64 185 20 9 686 
0 1 19 60 132 137 284 391 0 1 21 56 131 159 315 341 0 4 31 104 178 303 119 285 
0 163 329 125 99 43 38 227 3 375 136 113 95 40 37 225 112 332 115 114 76 35 23 217 
0 334 269 61 80 46 5 229 30 563 51 20 87 36 8 229 197 436 15 34 101 6 6 229 
150 141 320 79 49 6 64 215 141 356 141 49 48 5 30 254 214 334 98 59 30 5 12 272 
64 130 158 186 239 43 66 138 69 123 154 179 244 46 35 174 86 137 179 183 204 26 9 200 
0 0 6 113 530 171 173 31 0 0 4 65 590 149 69 147 0 0 5 204 563 34 21 197 
0 11 100 63 488 116 246 0 0 41 77 44 449 155 210 48 1 63 59 113 451 76 26 235 
89 231 111 104 82 126 261 20 47 272 101 106 77 46 350 25 126 213 103 110 56 41 78 297 
32 96 64 160 96 96 352 128 0 128 64 128 64 64 416 160 32 96 128 64 64 64 64 512 
0 0 0 0 0 0 468 555 0 0 0 0 0 0 239 784 0 0 0 0 0 0 20 1003 
0 0 0 0 0 0 195 828 0 0 0 0 0 0 37 986 0 0 0 0 0 0 0 1024 
0 0 0 0 0 0 186 837 0 0 0 0 0 0 32 992 0 0 0 0 0 0 0 1024 
0 0 0 0 0 0 205 818 0 0 0 0 0 0 86 937 0 0 0 0 0 0 0 1024 
0 0 0 0 0 0 96 928 0 0 0 0 0 0 11 1012 0 0 0 0 0 0 0 1024 
0 0 0 0 0 0 111 912 0 0 0 0 0 0 5 1018 0 0 0 0 0 0 0 1024 
0 0 0 0 0 0 297 726 0 0 0 0 0 0 67 956 0 0 0 0 0 0 0 1024 
0 0 0 0 0 0 615 408 0 0 0 0 0 0 327 696 0 0 0 0 0 0 0 1024 
0 0 0 0 0 0 1003 20 0 0 0 0 0 0 920 103 0 0 0 0 0 0 0 1024 
0 0 0 0 0 0 1024 0 0 0 0 0 0 0 1024 0 0 0 0 0 0 0 28 995 
0 0 0 0 0 0 1024 0 0 0 0 0 0 0 1024 0 0 0 0 0 0 0 180 843 
