0 0 0 0 0 81 943 0 0 0 0 0 0 0 0 1024 0 0 0 0 0 0 0 1024 
0 0 0 0 0 0 1024 0 0 0 0 0 0 0 0 1024 0 0 0 0 0 0 0 1024 
0 2 7 28 39 26 890 32 2 2 2 33 41 27 32 885 2 2 19 36 35 23 18 889 
40 268 48 63 81 97 389 38 185 141 28 75 84 90 63 358 272 65 59 83 86 72 31 356 
165 400 126 32 66 125 60 50 472 204 19 46 112 83 48 40 583 100 28 116 86 55 32 24 
0 248 278 38 72 128 172 88 181 340 25 41 127 86 56 168 413 124 29 103 112 50 41 152 
15 134 207 50 72 122 306 118 138 209 27 56 110 92 65 327 238 118 45 108 95 65 45 310 
3 87 82 35 108 131 214 364 56 109 14 58 139 82 62 504 126 45 29 126 102 57 59 480 
3 12 33 75 97 87 60 657 5 15 49 92 94 66 38 665 10 35 61 102 82 49 46 639 
0 3 28 78 44 45 35 791 0 4 42 78 41 37 28 794 0 13 81 57 32 31 18 792 
0 6 19 44 16 12 38 886 0 6 25 41 12 19 25 892 0 6 25 38 16 19 25 892 
0 0 1 9 20 30 940 24 0 0 1 10 23 29 10 951 0 0 2 20 28 18 5 951 
18 171 69 45 82 101 474 64 118 125 18 49 109 84 58 463 184 66 28 84 107 68 36 451 
136 597 74 30 56 43 70 18 555 239 19 48 51 44 39 29 680 122 35 56 50 47 8 26 
414 563 43 4 0 0 0 0 887 124 12 1 0 0 0 0 919 101 4 0 0 0 0 0 
589 349 58 26 2 0 0 0 851 119 41 13 0 0 0 0 865 118 40 1 0 0 0 0 
337 511 121 51 4 0 0 0 699 213 90 22 0 0 0 0 759 205 52 8 0 0 0 0 
451 469 87 17 0 0 0 0 805 173 44 2 0 0 0 0 884 121 18 1 0 0 0 0 
82 680 161 95 6 0 0 0 681 231 107 5 0 0 0 0 785 204 31 4 0 0 0 0 
28 757 210 8 3 4 7 7 659 335 9 3 3 6 6 3 825 171 7 4 4 6 6 1 
80 349 264 175 67 27 25 37 334 377 157 51 30 27 32 16 568 260 66 43 29 24 34 0 
3 112 185 268 326 57 41 28 83 230 345 217 60 38 48 0 176 422 217 105 48 35 19 0 
111 462 137 27 65 83 95 44 341 352 26 43 70 79 43 70 416 290 24 68 74 68 17 67 
149 688 119 36 24 6 0 2 661 288 44 22 6 1 1 1 758 192 35 28 8 1 1 1 
206 373 135 162 119 26 2 1 532 157 207 109 16 2 1 0 578 178 186 69 10 1 2 0 
294 190 198 155 128 54 2 3 411 233 183 102 87 4 3 1 426 230 189 128 42 5 3 1 
132 95 194 289 204 93 13 4 263 262 245 164 74 14 2 0 297 296 258 123 38 10 2 0 
46 84 163 328 322 79 2 0 206 287 246 229 54 2 0 0 203 354 299 150 17 1 0 0 
123 202 336 242 89 20 9 3 408 373 147 72 14 8 2 0 444 358 141 59 12 6 4 0 
12 109 332 360 148 47 14 2 258 418 244 83 12 8 1 0 327 414 192 65 18 7 1 0 
39 81 131 265 128 337 41 2 134 201 221 62 34 256 116 0 139 320 104 50 33 125 246 7 
183 220 121 145 181 156 18 0 358 169 238 133 42 56 28 0 453 311 119 31 34 53 23 0 
86 249 137 115 147 201 86 0 284 201 201 278 57 0 0 0 393 281 288 57 3 0 0 0 
43 341 196 191 98 34 19 102 245 410 158 55 18 12 17 109 244 373 161 79 24 17 16 110 
2 89 280 372 154 111 15 1 167 407 250 121 72 7 0 0 313 424 218 50 17 2 0 0 
16 144 311 299 153 90 10 1 246 396 207 148 22 3 2 0 439 406 133 34 6 3 3 0 
8 147 296 303 185 78 7 0 223 430 188 163 17 2 1 0 460 395 148 13 5 3 0 0 
9 108 281 269 181 135 40 1 198 363 175 213 61 13 1 0 461 335 176 37 9 5 1 0 
0 25 315 341 217 124 2 0 127 398 254 208 36 1 0 0 473 352 169 29 1 0 0 0 
0 17 169 527 235 70 5 1 114 451 277 167 12 3 0 0 506 359 133 25 1 0 0 0 
0 85 284 352 239 61 3 0 151 358 302 163 36 14 0 0 413 397 170 27 15 2 0 0 
0 18 94 182 109 323 298 0 72 165 88 56 39 117 487 0 88 144 101 62 58 85 404 82 
9 126 114 75 112 169 394 25 148 118 125 193 37 18 279 106 212 196 153 42 15 16 133 257 
0 96 118 83 134 390 201 0 163 112 185 515 48 0 0 0 275 355 368 25 0 0 0 0 
5 22 20 36 53 47 238 603 0 5 25 29 42 59 78 786 1 14 31 38 40 55 62 783 
0 49 100 165 135 232 289 54 0 30 86 178 307 303 79 41 55 60 153 342 173 124 97 20 
0 65 165 96 133 298 238 29 0 10 69 301 319 243 69 13 20 72 219 319 255 117 15 7 
0 31 309 94 62 269 227 32 0 0 26 364 357 193 80 4 0 12 211 260 289 221 27 4 
2 33 222 190 142 247 148 40 23 52 75 233 398 156 86 1 63 88 187 245 193 159 85 4 
14 130 447 201 200 32 0 0 139 432 138 119 162 34 0 0 466 225 103 150 80 0 0 0 
0 2 80 376 197 335 33 1 3 172 236 117 249 220 27 0 218 199 99 240 188 77 3 0 
0 1 49 105 141 166 538 24 4 62 105 139 53 111 318 232 71 135 114 43 49 112 253 247 
0 0 0 0 0 11 1013 0 0 0 0 0 0 1 339 684 0 0 0 0 0 20 163 841 
1 28 40 39 80 131 601 104 51 40 61 132 76 60 87 517 98 98 137 69 46 23 24 529 
0 118 92 70 115 220 230 176 153 105 124 281 169 163 25 0 304 259 393 64 3 0 0 0 
33 169 290 215 140 69 77 31 111 300 207 144 89 65 48 60 100 288 235 151 100 47 31 72 
6 204 423 237 78 41 25 10 199 413 163 98 87 37 26 1 304 313 139 76 93 70 27 2 
3 120 302 331 180 67 17 4 186 400 209 149 50 22 6 2 232 327 184 143 113 19 6 0 
8 144 407 312 87 38 21 7 187 504 141 95 58 21 15 3 370 344 103 59 76 55 15 2 
3 248 420 270 68 14 1 0 99 592 264 46 15 6 1 1 422 445 97 33 16 7 3 1 
1 79 295 401 174 61 13 0 84 309 360 144 110 13 4 0 102 412 209 148 110 40 2 1 
0 18 427 249 195 24 77 34 0 10 81 285 485 51 60 52 0 18 253 65 51 346 255 36 
0 1 15 68 121 17 740 62 0 7 50 141 8 12 27 779 2 21 153 28 4 14 21 781 
0 0 0 0 0 0 959 65 0 0 0 0 0 0 0 1024 0 0 0 0 0 0 14 1010 
3 5 11 49 96 132 609 119 5 5 13 136 161 48 52 604 14 31 101 97 81 49 65 586 
0 0 3 128 211 348 278 54 0 0 22 451 428 118 3 0 41 163 339 281 121 70 6 0 
49 174 316 270 101 21 29 59 57 205 363 243 44 26 34 49 92 288 331 181 30 29 30 38 
1 20 188 328 382 92 10 0 12 184 352 326 131 17 0 0 211 417 286 100 8 0 0 0 
0 0 44 286 421 232 38 0 11 198 380 258 147 27 0 0 238 419 256 98 11 0 0 0 
0 8 62 220 337 260 134 0 6 150 294 285 252 33 0 0 233 400 299 89 2 0 0 0 
0 3 52 182 397 280 104 3 4 94 323 326 222 50 1 0 238 408 264 107 5 0 0 0 
0 2 83 198 155 86 469 27 49 186 138 62 52 72 296 166 178 168 78 46 65 75 268 142 
0 0 0 0 0 0 686 337 0 0 0 0 0 0 56 968 0 0 0 0 0 0 32 992 
0 0 0 0 0 0 552 472 0 0 0 0 0 0 0 1024 0 0 0 0 0 0 0 1024 
5 25 26 48 59 78 466 314 14 21 21 51 66 68 108 670 36 20 49 68 67 78 184 518 
10 35 61 105 123 197 233 257 12 29 53 104 134 170 256 262 65 72 113 178 205 171 142 75 
0 25 84 171 248 252 131 109 7 51 113 186 223 223 113 106 65 171 197 266 190 69 62 0 
