0 198 605 198 20 3 0 0 0 50 482 421 65 6 0 0 73 589 293 55 12 2 0 0 
43 323 483 166 9 0 0 0 14 172 471 320 46 1 0 0 240 551 209 24 0 0 0 0 
57 777 187 3 0 0 0 0 0 513 478 32 1 0 0 0 620 382 21 1 0 0 0 0 
178 590 245 11 0 0 0 0 104 380 490 49 1 0 0 0 577 420 26 1 0 0 0 0 
202 501 293 27 1 0 0 0 143 367 441 70 3 0 0 0 582 394 46 2 0 0 0 0 
103 608 281 31 1 0 0 0 20 365 548 82 9 0 0 0 547 422 47 8 0 0 0 0 
25 470 450 71 7 1 0 0 7 138 582 265 30 2 0 0 402 532 79 10 1 0 0 0 
9 232 578 196 8 1 0 0 3 30 438 473 77 3 0 0 239 648 133 4 0 0 0 0 
0 188 591 232 13 0 0 0 0 19 410 477 117 1 0 0 166 651 192 13 2 0 0 0 
3 45 367 540 66 3 0 0 0 10 116 478 387 32 1 0 53 472 432 63 4 0 0 0 
4 220 484 287 27 2 0 0 0 70 375 410 157 12 0 0 81 581 316 39 7 0 0 0 
9 338 557 114 6 0 0 0 1 145 563 280 35 0 0 0 150 652 213 9 0 0 0 0 
1 88 426 411 95 3 0 0 0 24 248 459 270 22 1 0 29 407 454 129 3 1 1 0 
1 127 573 271 39 11 2 0 0 40 369 457 133 21 3 1 3 197 540 228 40 14 1 1 
0 3 46 263 224 180 192 116 0 1 13 132 296 212 183 187 0 0 45 175 201 163 150 290 
0 0 0 14 40 84 196 690 0 0 0 3 28 74 99 820 0 0 0 2 27 46 70 879 
0 0 0 0 0 0 0 1024 0 0 0 0 0 0 0 1024 0 0 0 0 0 0 0 1024 
0 0 0 0 0 0 0 1024 0 0 0 0 0 0 0 1024 0 0 0 0 0 0 0 1024 
0 0 0 0 0 0 0 1024 0 0 0 0 0 0 0 1024 0 0 0 0 0 0 0 1024 
0 0 0 0 0 0 0 1024 0 0 0 0 0 0 0 1024 0 0 0 0 0 0 0 1024 
0 27 101 53 54 56 108 625 0 0 90 68 51 53 64 698 0 0 28 98 52 53 62 731 
2 130 304 195 89 111 123 70 1 62 306 225 111 89 116 114 0 6 160 299 163 97 104 195 
0 167 284 154 109 106 112 92 0 104 307 167 117 101 103 125 0 4 218 253 142 107 109 191 
0 113 147 87 92 99 207 279 1 104 145 87 83 91 161 352 0 8 145 119 84 85 112 471 
4 70 100 91 81 100 229 349 0 49 105 84 84 94 172 436 0 11 85 99 86 82 115 546 
11 416 184 94 73 85 95 66 10 382 198 100 84 80 98 72 0 182 371 92 93 71 80 135 
25 464 276 111 67 47 31 3 19 412 319 118 70 50 32 4 20 435 291 110 70 46 36 16 
5 194 374 231 117 53 38 12 3 144 376 252 130 60 37 22 12 300 308 179 102 49 38 36 
9 302 515 148 33 17 0 0 8 207 538 212 39 19 1 0 55 521 327 74 30 15 2 0 
8 325 552 127 11 1 0 0 5 194 620 187 16 2 0 0 24 595 352 47 5 1 0 0 
0 29 318 254 139 98 111 75 0 17 254 293 155 99 113 93 1 123 298 147 130 91 106 128 
0 34 234 398 169 86 68 35 0 5 155 404 235 105 74 46 0 3 187 399 182 117 66 70 
0 0 5 32 70 70 92 755 0 0 1 23 56 77 78 789 0 0 2 17 48 74 78 805 
0 0 0 0 0 0 0 1024 0 0 0 0 0 0 0 1024 0 0 0 0 0 0 0 1024 
0 0 0 0 0 0 0 1024 0 0 0 0 0 0 0 1024 0 0 0 0 0 0 0 1024 
0 0 6 15 31 38 57 877 0 0 5 14 22 40 50 893 0 0 0 0 21 37 41 925 
0 2 54 118 113 114 151 472 0 0 37 99 126 112 147 503 0 0 3 40 123 130 123 605 
0 19 202 233 122 97 108 243 0 8 140 271 138 101 110 256 0 3 71 228 169 124 107 322 
0 47 211 293 198 115 96 64 0 9 179 271 237 142 99 87 0 10 183 298 208 131 96 98 
0 12 175 287 220 129 101 100 0 8 162 287 209 137 105 116 0 4 84 259 265 148 113 151 
6 272 570 156 19 1 0 0 0 120 500 368 32 4 0 0 149 562 246 44 20 3 0 0 
89 230 464 220 19 0 2 0 60 127 360 398 76 1 2 0 239 468 272 35 7 1 1 1 
217 623 181 3 0 0 0 0 121 528 348 27 0 0 0 0 672 337 15 0 0 0 0 0 
147 602 259 16 0 0 0 0 69 402 487 66 0 0 0 0 562 418 44 0 0 0 0 0 
75 729 210 9 1 0 0 0 29 464 500 28 3 0 0 0 647 346 27 4 0 0 0 0 
46 620 325 33 0 0 0 0 5 333 575 109 2 0 0 0 571 417 36 0 0 0 0 0 
2 339 563 108 12 0 0 0 0 55 581 342 42 4 0 0 316 624 76 8 0 0 0 0 
1 51 445 481 42 4 0 0 0 6 191 541 272 14 0 0 84 541 346 47 3 3 0 0 
10 167 318 330 170 23 6 0 0 84 256 325 262 85 11 1 85 348 341 163 70 12 5 0 
7 168 455 329 57 8 0 0 4 73 286 444 193 22 2 0 95 458 353 97 17 3 1 0 
6 83 546 340 45 4 0 0 2 31 236 579 164 12 0 0 44 589 327 50 12 2 0 0 
1 71 421 396 105 28 2 0 0 14 198 501 248 58 5 0 11 361 412 149 56 30 5 0 
0 64 266 402 229 54 9 0 0 5 156 388 342 112 21 0 6 153 316 295 196 44 14 0 
0 17 121 210 198 164 178 136 0 2 66 206 201 175 157 217 0 12 93 179 165 152 126 297 
0 0 0 2 13 42 132 835 0 0 0 0 11 21 84 908 0 0 0 0 10 15 49 950 
0 0 0 0 0 0 0 1024 0 0 0 0 0 0 0 1024 0 0 0 0 0 0 0 1024 
0 0 0 0 0 0 0 1024 0 0 0 0 0 0 0 1024 0 0 0 0 0 0 0 1024 
0 0 0 0 0 0 0 1024 0 0 0 0 0 0 0 1024 0 0 0 0 0 0 0 1024 
0 0 0 0 0 0 10 1014 0 0 0 0 0 0 4 1020 0 0 0 0 0 0 0 1024 
0 2 16 17 10 15 46 918 0 0 10 20 10 12 29 943 0 0 0 10 20 12 15 967 
0 84 403 164 123 115 97 38 0 17 353 238 131 111 107 67 0 0 62 361 196 132 120 153 
1 144 369 153 132 90 105 30 0 83 387 168 128 99 110 49 0 2 211 294 151 129 94 143 
0 48 116 137 156 120 230 217 0 29 109 132 144 126 175 309 0 1 48 117 141 151 133 433 
0 56 47 40 72 90 259 460 0 30 67 31 65 81 169 581 0 0 71 44 36 74 107 692 
1 36 88 111 127 161 278 222 0 20 77 114 114 144 211 344 0 0 35 84 113 123 164 505 
2 410 175 68 70 70 134 95 1 312 250 75 71 58 96 161 0 216 297 73 77 57 71 233 
31 479 250 96 70 46 33 19 27 445 286 96 74 47 31 18 10 414 282 117 69 63 32 37 
60 438 303 109 67 30 11 6 66 423 302 120 65 31 11 6 43 429 307 110 69 38 17 11 
35 495 333 97 43 15 5 1 48 490 330 101 36 15 3 1 74 595 215 80 37 17 5 1 
8 316 445 179 41 18 10 7 5 272 465 201 45 20 9 7 44 465 337 106 33 18 8 13 
2 129 449 245 102 44 36 17 0 45 443 305 123 49 35 24 5 272 381 183 73 48 33 29 
0 91 360 294 134 78 46 21 0 46 288 357 168 83 50 32 1 161 344 226 129 77 58 28 
0 6 161 176 129 134 182 236 0 1 82 208 134 138 161 300 0 14 136 168 104 116 137 349 
0 0 25 58 59 38 73 771 0 0 8 41 71 47 48 809 0 0 11 55 59 36 53 810 
0 0 0 0 0 0 86 938 0 0 0 0 0 0 29 995 0 0 0 0 0 0 6 1018 
0 0 43 45 29 31 69 807 0 0 25 55 31 32 37 844 0 0 0 17 56 37 39 875 
0 20 192 184 132 123 120 253 0 5 112 220 153 123 117 294 0 0 20 191 171 142 118 382 
0 215 296 159 82 59 49 164 0 86 347 198 101 60 52 180 0 29 268 264 131 80 58 194 
1 99 368 331 118 68 29 10 1 26 337 361 177 72 31 19 0 34 337 347 167 78 34 27 
0 56 242 211 167 126 133 89 0 46 229 201 172 138 126 112 0 21 162 246 172 141 111 171 
217 301 167 133 122 68 16 0 191 304 150 134 119 89 36 1 197 275 162 100 94 97 73 26 
183 318 294 122 71 31 5 0 154 252 306 162 88 47 14 1 288 274 196 104 82 47 25 8 
73 316 471 155 9 0 0 0 51 240 359 330 41 3 0 0 301 494 213 16 0 0 0 0 
67 318 428 197 14 0 0 0 17 224 398 310 74 1 0 0 294 493 198 37 2 0 0 0 
28 468 410 116 2 0 0 0 10 226 530 235 23 0 0 0 401 522 100 1 0 0 0 0 
5 482 478 59 0 0 0 0 0 113 692 217 2 0 0 0 530 470 24 0 0 0 0 0 
0 131 575 294 23 1 0 0 0 15 303 552 151 2 1 0 220 649 152 3 0 0 0 0 
4 145 513 282 65 14 1 0 0 20 266 513 187 33 5 0 146 623 185 36 24 8 2 0 
1 123 496 327 67 10 0 0 0 11 255 496 229 27 6 0 107 570 260 56 21 9 1 0 
9 143 505 270 64 28 5 0 0 26 333 431 173 48 13 0 83 401 317 125 56 25 16 1 
14 118 371 329 148 42 2 0 5 57 242 396 242 72 10 0 56 253 353 253 83 23 3 0 
0 25 145 475 281 68 26 4 0 4 78 290 466 144 30 12 1 75 349 374 151 43 19 12 
0 19 168 326 269 147 83 12 0 10 107 317 289 161 119 21 0 12 150 298 269 157 109 29 
0 3 48 137 163 149 172 352 0 0 26 113 166 156 178 385 0 0 22 101 128 153 168 452 
0 1 23 22 18 24 38 898 0 0 11 30 20 23 31 909 0 0 0 25 27 22 23 927 
0 0 0 0 0 0 0 1024 0 0 0 0 0 0 0 1024 0 0 0 0 0 0 0 1024 
0 0 0 0 0 0 0 1024 0 0 0 0 0 0 0 1024 0 0 0 0 0 0 0 1024 
0 0 0 0 0 0 3 1021 0 0 0 0 0 0 0 1024 0 0 0 0 0 0 0 1024 
0 0 3 12 5 21 77 906 0 0 3 8 7 18 55 933 0 0 2 5 10 6 39 962 
0 0 22 15 30 44 158 755 0 0 14 18 26 43 82 841 0 0 2 17 20 33 55 897 
0 12 49 73 77 119 233 461 0 3 34 80 73 100 157 577 0 0 6 40 75 92 120 691 
0 5 90 110 132 165 278 244 0 2 59 109 128 151 226 349 0 0 4 72 123 135 169 521 
0 10 55 61 68 104 270 456 0 7 33 66 67 89 202 560 0 0 11 50 61 76 119 707 
0 45 129 119 117 136 198 280 0 23 107 120 120 130 156 368 0 2 50 122 126 110 158 456 
1 36 106 144 123 178 219 217 0 15 96 145 126 153 179 310 0 3 49 106 148 113 184 421 
32 508 188 97 66 37 58 38 18 486 211 101 64 40 49 55 2 303 345 122 71 54 37 90 
64 392 198 109 80 73 76 32 54 362 212 126 81 63 83 43 24 337 220 137 84 68 73 81 
80 374 256 128 85 51 44 6 34 338 287 158 81 71 41 14 33 325 291 135 91 64 41 44 
17 427 407 129 30 13 0 1 18 335 458 159 38 15 0 1 73 547 278 79 31 13 2 1 
4 258 514 190 32 13 11 2 1 155 533 260 47 10 13 5 56 540 298 77 22 11 10 10 
14 289 493 180 31 13 4 0 9 203 482 260 44 20 6 0 57 522 327 69 31 14 3 1 
2 107 490 216 82 67 50 10 0 55 451 275 101 68 52 22 12 313 336 132 67 63 58 43 
0 84 380 332 132 69 24 3 0 36 285 413 154 86 41 9 0 115 350 256 144 92 49 18 
0 36 324 358 183 68 40 15 0 8 203 387 259 97 38 32 0 11 196 393 239 105 44 36 
0 4 78 122 152 182 337 149 0 0 36 106 139 147 264 332 0 3 33 83 109 123 183 490 
0 0 1 8 19 61 561 374 0 0 0 5 9 33 140 837 0 0 0 0 6 15 54 949 
0 69 125 157 147 156 233 137 0 17 128 136 150 149 173 271 0 0 67 113 155 135 160 394 
0 214 406 185 75 63 61 20 0 69 418 272 103 55 64 43 0 60 356 274 110 75 61 88 
2 191 520 202 70 27 10 2 0 90 511 270 96 43 12 2 1 160 483 214 102 40 16 8 
1 123 489 237 84 47 32 11 0 103 444 258 115 43 40 21 0 64 421 288 109 65 44 33 
25 141 419 272 108 55 4 0 12 48 324 379 158 81 20 2 35 327 251 169 98 68 63 13 
119 197 299 232 112 52 13 0 93 168 217 285 154 74 31 2 95 247 204 181 155 79 48 15 
86 285 357 203 65 20 8 0 65 224 345 228 116 36 9 1 212 361 226 113 64 32 13 3 
83 375 438 117 11 0 0 0 41 261 424 264 33 1 0 0 370 475 156 23 0 0 0 0 
85 392 482 65 0 0 0 0 46 283 436 248 11 0 0 0 427 526 71 0 0 0 0 0 
135 551 306 29 3 0 0 0 93 420 444 63 4 0 0 0 566 409 44 5 0 0 0 0 
37 402 482 98 5 0 0 0 17 240 555 198 14 0 0 0 358 554 102 10 0 0 0 0 
42 458 365 141 17 0 1 0 26 346 370 209 69 3 1 0 420 487 106 10 0 1 0 0 
31 297 470 157 45 13 11 0 10 189 521 204 73 16 11 0 167 477 227 105 24 13 6 5 
12 298 587 110 6 6 5 0 4 87 605 296 20 7 5 0 153 673 167 16 1 8 4 2 
0 27 236 546 191 22 2 0 0 5 97 437 410 68 7 0 11 196 534 216 59 6 2 0 
0 3 59 304 264 118 112 164 0 0 15 165 355 189 103 197 0 15 222 263 120 78 88 238 
0 1 21 71 74 129 174 554 0 0 18 62 78 113 153 600 0 0 7 41 65 94 143 674 
0 2 33 64 55 61 101 708 0 0 13 67 59 62 88 735 0 0 4 56 51 61 59 793 
0 0 0 0 0 0 0 1024 0 0 0 0 0 0 0 1024 0 0 0 0 0 0 0 1024 
0 0 0 0 0 0 0 1024 0 0 0 0 0 0 0 1024 0 0 0 0 0 0 0 1024 
0 0 0 0 0 0 0 1024 0 0 0 0 0 0 0 1024 0 0 0 0 0 0 0 1024 
0 0 0 0 0 0 5 1019 0 0 0 0 0 0 1 1023 0 0 0 0 0 0 0 1024 
0 0 0 0 0 0 4 1020 0 0 0 0 0 0 1 1023 0 0 0 0 0 0 0 1024 
0 0 0 12 16 7 23 966 0 0 0 10 17 6 25 966 0 0 0 3 17 10 16 978 
0 0 0 3 7 4 18 992 0 0 0 2 8 3 15 996 0 0 0 0 6 6 8 1004 
0 0 0 1 2 6 8 1007 0 0 0 1 2 5 7 1009 0 0 0 0 1 3 7 1013 
0 2 52 52 68 77 152 621 0 1 37 56 68 60 123 679 0 0 5 49 58 70 90 752 
0 75 210 116 94 103 160 266 0 29 214 136 98 98 155 294 0 1 104 189 117 96 119 398 
6 243 246 137 89 105 100 98 3 194 258 164 89 98 95 123 0 74 281 199 112 79 97 182 
85 633 215 51 20 15 3 2 36 639 245 64 19 15 5 1 11 597 276 88 25 17 7 3 
65 473 229 115 61 33 32 16 44 465 247 121 62 35 32 18 31 442 260 118 65 49 31 28 
78 425 286 127 56 34 15 3 47 388 335 137 56 40 17 4 65 426 273 128 65 38 18 11 
61 482 313 94 31 20 18 5 55 445 351 98 32 23 16 4 98 511 264 76 32 24 10 9 
16 407 474 108 13 5 1 0 17 338 516 129 17 5 2 0 120 614 244 34 8 2 2 0 
16 357 442 132 54 16 6 1 13 302 472 152 60 19 5 1 85 550 247 79 39 16 7 1 
53 472 368 104 19 5 3 0 9 347 469 160 26 8 4 1 152 568 220 52 18 7 5 2 
6 240 441 231 69 26 11 0 5 163 464 257 87 35 12 1 14 293 409 186 68 31 16 7 
8 196 344 239 147 57 28 5 2 116 353 250 185 70 37 11 5 112 306 251 176 94 54 26 
0 102 405 245 149 63 56 4 0 29 319 322 173 98 57 26 0 24 319 275 171 123 52 60 
0 9 44 37 70 144 691 29 0 0 21 43 51 83 279 547 0 0 15 29 35 56 104 785 
0 31 129 194 119 125 337 89 0 7 89 181 151 104 163 329 0 0 24 118 162 123 114 483 
7 302 242 150 106 98 112 7 0 154 329 157 112 91 97 84 0 66 286 180 136 104 88 164 
1 139 507 224 97 38 16 2 0 67 458 303 112 52 24 8 3 159 477 187 100 49 35 14 
0 103 408 299 131 52 27 4 0 60 301 372 179 62 42 8 0 68 361 311 140 83 45 16 
24 544 389 62 5 0 0 0 7 247 581 176 13 0 0 0 304 591 120 9 0 0 0 0 
3 150 522 291 57 1 0 0 0 56 302 485 168 13 0 0 46 486 299 129 53 11 0 0 
10 527 267 128 63 26 3 0 0 293 419 172 82 41 17 0 159 460 162 120 66 38 16 3 
11 413 447 129 23 1 0 0 2 145 587 225 62 3 0 0 90 566 298 59 10 1 0 0 
23 332 421 193 53 2 0 0 2 181 464 266 99 12 0 0 140 443 279 118 39 5 0 0 
15 355 476 127 33 17 1 0 4 188 523 252 46 10 1 0 214 561 188 43 17 1 0 0 
10 577 331 82 16 8 0 0 4 377 488 123 25 7 0 0 280 551 146 33 12 2 0 0 
3 241 523 226 24 6 1 0 0 101 536 303 77 6 1 0 138 606 246 27 7 0 0 0 
0 31 361 398 127 73 28 6 0 5 219 449 215 87 39 10 10 273 365 176 94 58 36 12 
0 101 454 297 123 31 15 3 0 15 309 413 209 55 19 4 24 373 334 181 68 26 16 2 
0 11 288 411 158 91 49 16 0 4 109 477 247 103 64 20 4 145 402 214 105 80 44 30 
0 13 140 336 208 114 81 132 0 2 81 279 276 130 98 158 0 17 196 276 164 121 85 165 
0 14 46 63 51 56 102 692 0 0 42 61 57 58 84 722 0 0 26 70 55 50 64 759 
0 3 23 32 49 76 118 723 0 1 15 27 46 68 102 765 0 0 1 23 34 53 91 822 
0 0 0 0 0 0 0 1024 0 0 0 0 0 0 0 1024 0 0 0 0 0 0 0 1024 
0 0 0 0 0 0 0 1024 0 0 0 0 0 0 0 1024 0 0 0 0 0 0 0 1024 
0 0 0 0 0 0 0 1024 0 0 0 0 0 0 0 1024 0 0 0 0 0 0 0 1024 
0 0 0 0 0 0 0 1024 0 0 0 0 0 0 0 1024 0 0 0 0 0 0 0 1024 
0 0 0 0 0 0 0 1024 0 0 0 0 0 0 0 1024 0 0 0 0 0 0 0 1024 
0 0 21 43 22 22 31 885 0 0 5 48 29 23 27 892 0 0 0 17 48 27 30 902 
0 0 0 0 0 0 0 1024 0 0 0 0 0 0 0 1024 0 0 0 0 0 0 0 1024 
0 0 0 0 0 0 0 1024 0 0 0 0 0 0 0 1024 0 0 0 0 0 0 0 1024 
0 2 10 8 15 28 48 913 0 1 9 8 7 30 42 927 0 0 1 11 7 14 31 960 
1 174 195 97 60 68 108 321 0 87 230 122 70 61 101 353 0 11 189 165 98 66 69 426 
24 496 191 97 61 50 57 48 4 407 266 114 67 42 60 64 1 250 377 128 75 49 58 86 
114 592 139 58 46 35 32 8 33 625 169 63 48 41 33 12 26 586 169 81 50 37 32 43 
90 347 215 139 95 83 50 5 64 343 223 151 92 76 58 17 48 328 212 145 101 79 65 46 
85 419 250 131 64 49 22 4 68 387 283 116 90 47 26 7 57 418 246 104 78 61 43 17 
137 483 233 95 35 32 6 3 148 428 263 103 42 31 6 3 148 498 200 91 46 30 7 4 
17 401 437 135 21 12 1 0 12 366 460 150 22 13 1 0 108 565 253 70 18 8 2 0 
22 352 516 118 13 3 0 0 21 325 553 111 12 2 0 0 123 662 207 24 7 1 0 0 
32 463 429 89 8 2 1 0 21 409 473 105 13 2 1 0 113 640 229 35 4 2 1 0 
20 264 452 188 55 28 14 3 22 254 441 196 60 31 16 4 44 380 338 150 54 32 17 9 
5 183 384 250 108 58 34 2 4 119 391 278 120 63 45 4 8 196 379 216 101 60 39 25 
0 50 207 180 122 144 198 123 0 16 180 196 139 117 178 198 0 10 134 203 132 111 134 300 
1 13 119 153 139 177 365 57 0 2 82 150 126 150 244 270 0 1 22 107 140 123 168 463 
0 104 194 160 140 147 182 97 0 44 178 176 158 130 159 179 0 5 88 188 160 149 143 291 
2 202 239 188 128 124 111 30 0 124 251 210 124 129 115 71 0 36 234 200 165 119 117 153 
8 397 398 147 38 32 4 0 1 308 434 185 51 26 19 0 0 275 447 181 62 22 20 17 
0 194 452 233 75 40 25 5 0 85 454 289 106 48 34 8 0 183 377 252 106 46 33 27 
74 554 295 98 3 0 0 0 13 457 381 153 20 0 0 0 213 482 242 71 16 0 0 0 
16 251 332 220 137 60 8 0 0 131 309 261 177 111 34 1 53 261 168 157 169 120 79 17 
67 521 202 100 52 28 54 0 31 471 242 117 63 31 44 25 145 415 178 107 57 35 20 67 
4 81 376 329 124 81 29 0 0 35 214 384 230 100 54 7 17 212 333 169 101 91 67 34 
0 19 296 503 175 28 3 0 0 0 90 414 425 80 15 0 2 139 376 326 129 38 13 1 
0 25 227 414 277 70 11 0 0 3 106 389 392 114 19 1 22 201 413 274 96 16 2 0 
1 72 306 451 169 23 2 0 1 43 165 390 357 62 6 0 45 313 479 148 31 5 3 0 
0 27 356 423 184 30 4 0 0 21 264 460 233 43 3 0 20 301 481 165 49 7 1 0 
3 95 405 364 122 32 3 0 3 67 371 411 142 25 4 1 46 357 382 164 62 9 3 1 
0 61 522 389 43 7 2 0 0 39 361 548 62 12 2 0 25 482 408 82 22 4 1 0 
0 33 288 433 154 79 34 3 0 4 224 459 200 86 47 4 1 225 444 184 75 59 33 3 
0 29 188 320 273 109 70 35 0 16 132 303 314 135 83 41 15 70 229 310 181 106 58 55 
0 48 208 331 174 75 93 95 0 28 141 316 242 95 87 115 1 57 279 261 141 70 65 150 
0 6 111 215 193 152 162 185 0 0 69 182 211 174 163 225 0 0 57 180 202 159 131 295 
0 0 0 0 1 5 6 1012 0 0 0 0 0 5 7 1012 0 0 0 0 0 2 6 1016 
0 0 0 0 0 0 0 1024 0 0 0 0 0 0 0 1024 0 0 0 0 0 0 0 1024 
0 0 0 0 0 0 0 1024 0 0 0 0 0 0 0 1024 0 0 0 0 0 0 0 1024 
0 0 0 0 0 0 0 1024 0 0 0 0 0 0 0 1024 0 0 0 0 0 0 0 1024 
0 0 0 0 0 0 0 1024 0 0 0 0 0 0 0 1024 0 0 0 0 0 0 0 1024 
0 0 0 4 12 21 15 972 0 0 0 4 10 23 15 972 0 0 0 4 10 23 14 973 
0 0 0 0 0 0 0 1024 0 0 0 0 0 0 0 1024 0 0 0 0 0 0 0 1024 
0 0 10 22 19 26 49 898 0 0 0 21 21 27 39 916 0 0 0 7 24 24 27 942 
0 11 88 85 60 77 131 572 0 4 57 98 66 72 114 613 0 0 9 78 97 61 92 687 
13 192 253 194 95 96 105 76 8 133 277 202 113 86 108 97 0 54 235 246 136 89 111 153 
76 341 132 197 187 73 13 5 84 326 143 215 182 56 13 5 67 297 149 229 207 54 10 11 
34 567 266 36 27 70 23 1 36 576 259 38 24 76 15 0 53 552 234 69 42 69 5 0 
76 470 293 106 50 19 10 0 45 447 322 120 55 22 11 2 79 517 241 96 46 23 16 6 
48 542 291 90 26 13 11 3 23 476 349 106 37 16 11 6 125 575 206 55 21 15 16 11 
67 562 260 77 25 26 7 0 88 549 257 73 31 22 4 0 175 547 185 58 29 22 8 0 
74 443 302 116 51 29 7 2 89 425 294 123 58 27 6 2 112 467 246 106 50 34 7 2 
30 273 322 180 94 72 41 12 53 239 315 189 99 68 48 13 42 281 288 178 93 64 55 23 
15 151 191 191 135 116 114 111 20 152 190 185 136 118 112 111 14 131 150 177 158 106 113 175 
8 221 396 170 81 68 33 47 20 189 395 190 83 69 32 46 25 289 334 126 87 55 43 65 
8 171 476 253 70 32 13 1 4 135 425 323 81 39 16 1 19 324 430 146 64 25 14 2 
0 26 153 152 115 114 190 274 0 14 118 165 121 112 181 313 0 7 88 153 135 122 131 388 
0 55 181 136 114 123 204 211 0 26 163 153 122 121 182 257 0 2 77 160 140 112 135 398 
2 50 179 203 150 167 211 62 1 16 139 198 163 151 178 178 0 1 96 177 153 151 148 298 
1 94 184 146 153 165 206 75 0 42 176 142 160 135 177 192 0 19 106 136 128 157 153 325 
7 299 386 196 75 42 18 1 0 222 408 213 100 49 26 6 0 168 432 193 116 57 42 16 
1 205 390 183 109 64 61 11 1 186 349 207 110 78 61 32 0 120 371 226 107 87 54 59 
147 357 228 139 100 48 5 0 43 338 291 150 90 80 30 2 75 294 266 128 89 72 72 28 
4 232 433 250 81 19 5 0 0 77 376 367 145 48 9 2 9 215 382 237 104 53 20 4 
0 58 313 436 146 54 17 0 0 19 164 401 301 89 48 2 34 251 382 188 92 27 28 22 
1 41 154 275 301 198 51 3 0 24 87 246 307 271 80 9 3 43 152 276 263 203 74 10 
0 13 104 324 346 181 53 3 0 5 42 245 366 255 100 11 1 71 198 275 258 128 78 15 
0 21 210 432 214 107 36 4 0 10 116 362 324 139 63 10 16 191 374 206 91 97 40 9 
0 48 310 409 178 54 23 2 0 16 201 391 292 84 36 4 17 315 384 153 63 53 34 5 
0 1 55 423 365 101 65 14 0 0 32 289 473 140 76 14 8 115 410 199 115 71 74 32 
5 91 157 221 178 155 151 66 4 99 135 241 176 129 155 85 25 113 174 187 129 92 134 170 
0 120 299 339 169 69 26 2 1 101 254 345 192 87 41 3 14 127 313 283 156 68 45 18 
1 23 250 492 203 47 8 0 1 21 184 472 275 53 17 1 3 148 519 253 55 28 9 9 
0 97 288 380 152 63 34 10 1 92 220 399 191 62 46 13 18 236 413 179 58 56 32 32 
1 54 339 479 130 19 1 1 1 36 241 528 191 24 2 1 4 105 526 309 61 18 0 1 
0 0 62 265 164 121 158 254 0 0 27 218 212 104 164 299 0 0 68 237 136 99 126 358 
0 0 0 0 0 0 16 1008 0 0 0 0 0 0 13 1011 0 0 0 0 0 0 7 1017 
0 0 0 0 0 0 0 1024 0 0 0 0 0 0 0 1024 0 0 0 0 0 0 0 1024 
0 0 0 0 0 0 0 1024 0 0 0 0 0 0 0 1024 0 0 0 0 0 0 0 1024 
0 0 0 1 2 2 3 1016 0 0 0 0 3 1 4 1016 0 0 0 0 2 2 3 1017 
0 0 0 0 0 0 0 1024 0 0 0 0 0 0 0 1024 0 0 0 0 0 0 0 1024 
0 0 0 8 21 6 12 977 0 0 0 5 22 6 12 979 0 0 0 2 23 5 10 984 
0 0 0 0 0 0 0 1024 0 0 0 0 0 0 0 1024 0 0 0 0 0 0 0 1024 
0 6 16 8 13 22 35 924 0 2 8 17 14 12 32 939 0 0 5 17 9 16 20 957 
8 105 264 180 95 92 166 114 3 69 180 248 112 98 127 187 0 21 93 296 125 100 97 292 
12 507 220 253 9 9 2 12 6 499 181 304 9 9 4 12 1 460 119 392 20 9 9 14 
183 823 12 3 3 0 0 0 165 828 25 3 3 0 0 0 42 920 55 4 3 0 0 0 
33 938 30 16 4 3 0 0 147 840 17 14 4 2 0 0 188 804 10 17 3 2 0 0 
25 492 407 44 42 10 4 0 27 539 359 47 38 12 2 0 72 513 320 69 37 11 2 0 
94 428 317 94 43 32 12 4 99 431 304 97 42 33 9 9 81 425 285 111 52 34 24 12 
134 610 163 51 29 23 13 1 189 578 156 39 33 21 8 0 210 577 139 41 32 17 8 0 
46 370 306 137 68 46 34 17 55 367 302 136 67 46 33 18 76 401 245 123 71 46 33 29 
9 238 332 218 116 70 30 11 7 192 345 233 115 85 33 14 17 243 318 198 113 70 44 21 
21 259 234 135 76 73 76 150 7 232 250 146 83 77 73 156 17 253 230 128 73 77 74 172 
6 272 451 173 69 25 18 10 4 229 455 205 72 31 15 13 16 408 370 117 61 23 16 13 
2 309 472 150 35 18 21 17 1 172 542 195 52 14 19 29 32 499 346 65 23 21 14 24 
0 54 213 182 133 119 165 158 0 36 172 196 147 123 162 188 0 9 100 228 159 113 132 283 
1 29 122 140 126 137 206 263 0 12 103 142 139 127 165 336 0 3 65 133 127 126 149 421 
2 88 168 166 138 127 148 187 1 59 167 174 146 129 148 200 0 13 126 172 146 151 130 286 
8 207 298 188 97 101 82 43 3 160 301 203 112 103 82 60 1 59 284 236 136 102 100 106 
13 315 331 186 86 51 31 11 14 289 315 204 100 56 34 12 4 211 334 214 117 70 44 30 
44 467 280 103 67 40 17 6 20 440 306 114 64 47 22 11 7 357 365 124 69 51 33 18 
18 555 359 73 17 2 0 0 1 290 536 160 29 8 0 0 147 583 204 51 29 9 1 0 
0 149 492 319 63 1 0 0 0 33 324 457 187 23 0 0 27 378 356 203 51 9 0 0 
1 8 224 655 132 4 0 0 0 2 39 402 524 56 1 0 18 330 509 146 20 1 0 0 
1 26 193 397 227 140 40 0 0 5 98 256 370 203 80 12 4 172 332 163 130 126 68 29 
1 59 237 462 215 38 11 1 0 21 136 387 365 95 18 2 3 151 442 257 95 48 21 7 
7 136 287 304 145 78 33 34 2 113 274 291 186 86 36 36 43 278 296 182 86 69 35 35 
4 185 439 226 107 44 16 3 3 133 395 283 137 55 15 3 29 346 313 182 92 49 8 5 
0 39 176 207 186 206 152 58 0 30 155 207 197 206 153 76 1 50 176 172 166 151 173 135 
1 59 259 233 169 150 110 43 0 32 205 268 180 149 128 62 1 65 248 185 155 132 128 110 
3 98 245 210 138 114 161 55 1 23 258 220 155 119 137 111 0 102 193 165 165 109 101 189 
0 49 270 306 195 99 87 18 0 17 213 326 224 100 103 41 0 49 224 254 185 128 85 99 
0 34 161 254 216 193 126 40 0 15 116 186 250 193 177 87 1 19 160 194 155 145 150 200 
0 5 34 99 131 171 576 8 0 1 25 63 125 116 227 467 0 0 17 59 94 107 130 617 
0 26 47 43 36 82 455 335 0 3 54 52 36 78 31 770 0 0 31 60 35 86 26 786 
0 14 125 142 261 248 30 204 0 1 105 125 277 272 22 222 0 0 17 186 209 330 55 227 
0 36 84 115 200 347 22 220 0 23 61 144 198 336 35 227 0 0 54 112 173 360 93 232 
0 34 32 26 159 430 49 294 0 21 42 25 140 455 46 295 0 0 50 24 83 437 129 301 
0 25 16 30 181 340 50 382 0 12 25 32 193 327 49 386 0 1 30 20 118 339 128 388 
0 28 18 13 140 369 33 423 0 18 25 13 135 379 31 423 0 0 35 14 55 376 119 425 
0 25 24 52 153 328 34 408 0 23 24 46 157 328 35 411 0 7 26 43 77 366 91 414 
0 0 11 17 184 247 28 537 0 0 11 17 190 237 31 538 0 0 4 14 85 302 73 546 
7 113 199 269 102 83 66 185 5 83 185 296 104 85 58 208 0 29 135 345 113 99 65 238 
5 245 225 299 82 105 61 2 4 264 177 351 87 100 40 1 7 181 209 419 102 86 19 1 
5 631 116 80 45 74 60 13 1 621 105 107 66 70 50 4 2 387 300 130 94 80 28 3 
199 529 212 84 0 0 0 0 180 501 198 131 14 0 0 0 78 528 164 181 70 3 0 0 
63 757 185 19 0 0 0 0 48 743 187 46 0 0 0 0 5 730 160 127 2 0 0 0 
13 783 207 2 4 2 12 1 145 722 136 4 2 3 12 0 188 686 130 5 0 8 7 0 
49 499 343 75 37 13 8 0 70 517 309 75 34 12 6 1 101 485 296 90 32 14 5 1 
56 535 202 84 55 51 27 14 136 507 173 74 55 49 20 10 175 470 165 84 51 41 22 16 
25 355 334 129 63 40 36 42 33 378 310 128 57 42 34 42 63 408 260 116 57 39 36 45 
3 183 356 194 90 71 73 54 8 210 349 176 88 67 76 50 18 262 290 157 84 62 62 89 
10 170 490 250 61 28 13 2 10 188 489 242 55 25 14 1 51 429 374 100 35 24 9 2 
1 171 584 241 22 4 1 0 1 124 581 286 27 4 1 0 55 544 373 45 2 5 0 0 
5 179 551 206 37 21 15 10 2 150 547 228 45 25 16 11 38 494 350 68 25 23 15 11 
9 284 411 180 73 39 17 11 2 169 459 225 95 40 21 13 6 232 412 208 83 41 27 15 
0 51 169 147 114 114 161 268 0 24 147 167 124 111 141 310 0 24 146 156 100 109 126 363 
2 130 211 184 157 104 128 108 0 83 225 200 148 120 124 124 0 40 180 189 174 142 107 192 
8 227 200 140 103 81 83 182 3 169 243 149 92 99 79 190 3 144 249 138 110 75 75 230 
20 370 270 141 87 59 44 33 19 373 262 140 86 58 47 39 15 319 294 152 84 68 45 47 
21 559 369 63 9 3 0 0 23 521 380 89 9 1 1 0 44 617 318 33 9 2 1 0 
97 622 270 25 7 3 0 0 29 535 379 67 5 7 2 0 246 648 105 10 6 5 4 0 
1 202 472 337 12 0 0 0 0 110 368 423 120 3 0 0 120 626 276 2 0 0 0 0 
23 338 349 276 38 0 0 0 3 204 302 350 162 3 0 0 336 497 181 10 0 0 0 0 
60 696 239 26 3 0 0 0 8 514 409 83 9 1 0 0 503 437 67 14 3 0 0 0 
9 378 525 103 8 1 0 0 0 173 531 296 19 5 0 0 304 609 78 27 4 2 0 0 
0 10 367 474 148 20 5 0 0 0 67 600 289 61 6 1 37 576 304 74 22 5 6 0 
1 106 182 267 271 134 50 13 2 92 154 260 286 147 69 14 14 203 238 235 170 92 54 18 
0 27 92 217 244 165 166 113 0 19 84 130 269 218 155 149 0 32 233 244 105 78 98 234 
0 71 165 303 272 140 62 11 0 45 132 234 292 220 72 29 1 82 259 303 169 101 65 44 
1 26 148 292 320 125 89 23 0 6 103 223 335 218 103 36 4 64 235 262 198 122 93 46 
0 7 168 449 259 98 37 6 0 1 72 274 445 162 60 10 3 95 430 244 119 89 34 10 
0 4 68 323 340 130 97 62 0 3 11 170 436 203 107 94 0 29 273 295 142 96 81 108 
0 7 71 270 254 211 182 29 0 0 27 165 281 249 197 105 0 17 174 196 168 179 158 132 
0 63 134 278 182 138 187 42 0 13 111 196 234 174 125 171 0 69 291 216 71 100 78 199 
0 34 430 441 113 6 0 0 0 3 184 522 288 26 1 0 12 259 484 249 19 1 0 0 
0 11 195 480 279 46 9 4 0 1 89 429 407 84 9 5 9 147 482 314 57 8 5 2 
11 146 191 163 251 249 13 0 22 127 165 163 277 254 16 0 26 182 178 200 174 241 23 0 
4 250 233 75 200 216 28 18 7 223 260 93 198 204 28 11 8 207 153 209 163 241 36 7 
6 182 220 58 281 268 7 2 4 176 217 76 329 218 4 0 2 166 92 205 229 319 11 0 
4 178 243 90 266 235 8 0 6 151 264 99 288 212 4 0 2 118 206 175 207 299 17 0 
6 142 71 329 283 186 7 0 6 141 71 345 289 169 3 0 6 128 76 351 226 226 11 0 
0 268 387 332 37 0 0 0 0 266 407 325 26 0 0 0 0 274 422 323 4 1 0 0 
0 236 115 199 253 156 62 3 1 242 115 247 235 136 46 2 2 223 150 309 200 116 22 2 
5 144 461 214 78 77 40 5 5 81 430 311 91 80 22 4 6 52 199 491 194 68 10 4 
104 530 335 55 0 0 0 0 31 393 422 174 4 0 0 0 0 180 401 337 104 2 0 0 
323 459 208 34 0 0 0 0 188 530 226 80 0 0 0 0 37 560 253 171 3 0 0 0 
14 155 855 0 0 0 0 0 19 172 833 0 0 0 0 0 5 148 850 21 0 0 0 0 
10 993 21 0 0 0 0 0 113 897 14 0 0 0 0 0 311 702 11 0 0 0 0 0 
18 497 358 67 23 11 43 7 83 517 285 60 20 11 44 4 106 495 287 63 15 19 38 1 
36 404 366 115 56 23 13 11 55 405 346 114 56 23 17 8 97 466 282 86 48 20 16 9 
4 168 369 201 111 70 52 49 7 172 355 209 111 75 50 45 31 275 290 158 99 64 42 65 
7 126 658 212 20 1 0 0 11 149 634 210 19 1 0 0 63 609 311 39 2 0 0 0 
10 306 531 159 16 1 1 0 9 277 548 170 18 1 1 0 135 610 248 26 4 1 0 0 
0 130 555 261 59 15 3 1 0 107 552 279 67 15 3 1 39 497 348 110 22 4 4 0 
5 242 425 157 57 54 53 31 10 203 416 194 67 50 55 29 6 359 373 102 45 47 52 40 
1 21 136 180 131 120 166 269 0 13 111 198 131 121 172 278 1 35 127 178 112 118 132 321 
0 54 190 168 154 132 161 165 0 47 186 167 157 133 161 173 0 26 165 172 128 140 143 250 
60 465 240 138 61 36 19 5 26 424 282 150 74 38 25 5 9 421 294 143 74 44 30 9 
62 541 235 73 49 23 21 20 33 549 254 73 46 23 20 26 61 532 227 73 46 29 24 32 
89 604 212 66 27 14 7 5 91 623 203 57 24 15 7 4 124 627 154 69 25 13 8 4 
111 311 126 99 111 138 118 10 16 315 172 86 109 106 149 71 6 265 204 71 84 103 104 187 
228 424 141 97 72 42 16 4 134 437 171 98 90 55 29 10 222 377 116 92 93 64 40 20 
174 621 167 51 8 3 0 0 181 569 194 53 24 3 0 0 539 412 51 15 6 1 0 0 
64 724 236 0 0 0 0 0 42 615 360 7 0 0 0 0 545 467 12 0 0 0 0 0 
3 392 478 147 4 0 0 0 1 177 530 268 48 0 0 0 288 653 82 1 0 0 0 0 
1 13 196 538 271 5 0 0 0 4 59 382 484 95 0 0 40 474 460 49 1 0 0 0 
2 54 301 460 183 21 3 0 1 22 133 416 358 88 5 1 88 418 403 97 16 2 0 0 
3 95 416 419 86 5 0 0 0 28 292 455 232 17 0 0 82 467 400 69 6 0 0 0 
7 154 511 290 62 0 0 0 2 92 294 488 134 14 0 0 142 530 299 52 1 0 0 0 
0 122 401 333 146 22 0 0 0 26 348 352 238 56 4 0 97 421 331 133 36 6 0 0 
0 7 167 578 258 13 1 0 0 0 32 317 579 92 4 0 7 247 604 153 13 0 0 0 
0 8 152 428 263 99 50 24 0 1 49 285 403 182 65 39 9 234 366 193 100 49 34 39 
4 46 232 319 201 134 56 32 1 16 111 298 282 187 82 47 8 115 285 245 171 96 64 40 
0 34 298 417 171 50 36 18 0 10 125 404 313 107 41 24 4 171 435 254 72 30 22 36 
2 124 427 336 92 21 12 10 0 50 317 392 208 33 8 16 25 352 462 118 27 15 8 17 
2 188 463 298 60 9 3 1 1 64 440 355 146 14 3 1 39 546 369 56 10 3 1 0 
4 812 124 60 22 2 0 0 7 800 115 66 32 4 0 0 28 866 100 28 2 0 0 0 
0 1024 0 0 0 0 0 0 1 1023 0 0 0 0 0 0 0 1024 0 0 0 0 0 0 
25 897 69 5 18 10 0 0 27 870 95 9 16 7 0 0 0 876 116 8 21 3 0 0 
56 468 62 162 229 47 0 0 35 495 58 216 198 22 0 0 8 510 73 232 196 5 0 0 
0 820 101 74 29 0 0 0 0 820 103 81 20 0 0 0 0 839 84 82 19 0 0 0 
0 157 618 239 10 0 0 0 0 174 669 180 1 0 0 0 0 203 728 93 0 0 0 0 
0 381 281 241 112 9 0 0 0 374 324 234 90 2 0 0 2 336 232 371 82 1 0 0 
90 207 156 167 263 106 33 2 46 254 156 183 270 83 30 2 8 285 70 272 273 70 39 7 
437 408 76 26 24 17 25 11 277 572 68 29 24 17 27 10 24 775 89 48 30 16 25 17 
614 134 208 68 0 0 0 0 552 188 147 137 0 0 0 0 343 372 86 221 2 0 0 0 
32 55 919 18 0 0 0 0 32 51 912 29 0 0 0 0 14 53 908 49 0 0 0 0 
0 1024 0 0 0 0 0 0 3 1021 0 0 0 0 0 0 0 1024 0 0 0 0 0 0 
7 979 29 3 0 0 4 2 272 734 11 1 0 0 5 1 378 636 4 0 0 3 3 0 
16 442 335 106 56 50 19 0 66 476 272 97 56 45 12 0 121 446 254 100 60 38 5 0 
19 226 316 181 92 58 60 72 29 264 302 156 89 62 61 61 61 282 274 152 78 56 60 61 
12 316 483 150 35 15 6 7 12 311 465 172 37 16 6 5 96 561 256 65 23 10 7 6 
12 193 376 194 104 69 53 23 12 180 398 190 98 68 56 22 50 336 291 120 83 55 57 32 
25 493 382 99 9 8 6 2 13 411 457 117 10 8 6 2 167 640 162 33 8 1 10 3 
64 292 415 144 41 30 22 16 66 266 425 157 47 27 24 12 146 484 241 58 32 27 23 13 
24 511 334 93 24 17 7 14 6 357 460 126 32 20 8 15 57 627 216 70 21 13 6 14 
29 177 230 170 135 101 115 67 22 151 213 186 152 103 118 79 22 150 210 175 128 118 95 126 
82 550 207 88 41 30 24 2 25 526 262 98 47 34 25 7 69 495 244 92 51 36 24 13 
260 392 219 77 35 21 16 4 181 454 215 89 43 20 17 5 225 437 195 75 33 30 23 6 
128 455 253 108 47 28 3 2 172 426 247 98 52 24 3 2 152 431 245 109 50 28 7 2 
15 36 32 93 171 299 329 49 3 36 27 55 130 238 355 180 0 16 34 30 77 168 297 402 
59 185 164 191 162 164 91 8 8 181 146 196 164 166 132 31 2 133 145 175 158 159 146 106 
95 589 190 83 34 20 11 2 49 591 221 82 38 19 17 7 149 600 139 58 33 19 13 13 
24 504 352 118 21 4 1 0 9 324 467 166 51 6 1 0 157 572 217 59 15 3 1 0 
24 194 244 387 162 13 0 0 27 188 188 307 266 47 1 0 197 345 346 121 14 1 0 0 
39 279 373 237 63 19 12 2 27 252 301 325 77 21 16 5 300 400 221 47 21 18 14 3 
52 358 463 111 23 15 2 0 60 297 449 172 22 21 3 0 353 518 109 18 14 12 0 0 
37 331 444 193 19 0 0 0 51 283 419 242 29 0 0 0 299 510 198 17 0 0 0 0 
34 522 389 75 4 0 0 0 63 372 469 112 8 0 0 0 435 505 81 3 0 0 0 0 
13 473 453 81 4 0 0 0 14 320 509 166 15 0 0 0 386 556 76 6 0 0 0 0 
0 72 432 417 100 3 0 0 0 24 252 459 265 24 0 0 100 532 358 34 0 0 0 0 
5 379 397 196 45 2 0 0 0 135 510 244 117 18 0 0 98 661 241 22 2 0 0 0 
3 57 269 205 98 104 135 153 0 22 189 269 137 97 141 169 0 134 236 164 81 89 115 205 
0 19 42 43 91 152 284 393 0 11 40 42 90 139 264 438 0 2 34 40 74 115 223 536 
2 172 337 70 31 98 174 140 0 85 384 112 49 91 151 152 0 76 380 126 108 59 118 157 
0 339 203 91 84 307 0 0 0 220 293 117 308 86 0 0 2 224 380 49 367 2 0 0 
0 646 117 129 99 33 0 0 0 640 134 131 113 6 0 0 0 591 202 151 80 0 0 0 
6 638 165 192 22 1 0 0 9 637 183 177 17 1 0 0 9 624 186 187 17 1 0 0 
3 268 310 125 189 127 2 0 7 267 316 155 187 92 0 0 10 296 281 196 188 53 0 0 
0 637 353 15 13 6 0 0 0 693 298 15 15 3 0 0 1 755 236 18 12 2 0 0 
0 351 477 196 0 0 0 0 0 363 594 67 0 0 0 0 0 421 600 3 0 0 0 0 
0 298 720 6 0 0 0 0 0 298 722 4 0 0 0 0 0 319 705 0 0 0 0 0 
3 440 366 46 105 59 5 0 4 450 363 43 128 36 0 0 13 430 382 53 131 15 0 0 
53 238 281 323 102 26 1 0 38 260 287 316 94 27 2 0 32 322 250 300 93 26 1 0 
129 221 353 217 77 25 2 0 170 218 368 175 76 15 1 1 161 284 333 184 54 8 0 0 
174 152 191 227 198 53 27 2 186 157 186 247 190 31 22 5 208 165 188 284 158 21 0 0 
18 187 541 150 46 75 7 0 21 194 525 160 62 61 1 0 24 201 512 173 77 37 0 0 
0 1024 0 0 0 0 0 0 0 1024 0 0 0 0 0 0 0 1024 0 0 0 0 0 0 
0 1024 0 0 0 0 0 0 0 1024 0 0 0 0 0 0 0 1024 0 0 0 0 0 0 
104 889 28 2 1 0 0 0 316 702 3 2 1 0 0 0 403 617 2 1 1 0 0 0 
48 474 269 78 68 38 37 12 83 504 212 77 64 41 32 11 161 423 226 80 55 44 26 9 
6 383 472 129 24 9 1 0 9 355 503 127 22 7 1 0 114 616 229 50 9 5 1 0 
5 193 495 259 60 8 3 1 4 162 492 293 59 10 3 1 88 479 353 79 19 3 2 1 
18 363 460 140 26 13 4 0 12 277 519 172 29 13 2 0 206 564 196 29 16 11 2 0 
92 294 363 148 55 35 22 15 102 239 370 189 55 33 23 13 217 443 167 83 47 35 19 13 
66 489 325 87 25 14 11 7 41 506 336 85 28 11 11 6 136 533 234 63 24 16 10 8 
117 483 245 93 45 18 13 10 58 483 283 110 46 21 12 11 194 485 154 99 44 23 11 14 
108 331 250 126 86 65 40 18 75 328 260 144 90 72 39 16 68 299 272 138 99 72 50 26 
257 437 182 77 45 16 9 1 259 417 188 84 46 20 9 1 244 453 176 77 41 24 9 0 
171 355 126 122 81 76 57 36 245 289 117 118 83 75 59 38 176 286 139 117 108 69 78 51 
0 51 204 294 216 141 96 22 0 4 129 278 253 177 140 43 0 0 85 218 248 203 143 127 
0 11 69 101 182 227 346 88 0 1 48 90 153 204 314 214 0 0 30 54 109 174 250 407 
39 484 206 80 42 49 106 18 1 498 206 80 53 51 73 62 22 517 166 74 48 39 62 96 
19 228 351 182 91 87 48 18 16 170 342 221 108 76 62 29 89 363 223 100 73 61 64 51 
0 36 346 451 172 16 3 0 0 5 200 454 297 62 6 0 72 473 397 62 12 5 3 0 
12 83 278 442 182 26 1 0 3 44 173 421 323 55 5 0 140 438 348 69 24 5 0 0 
5 85 433 370 111 20 0 0 3 66 309 399 216 30 1 0 131 530 292 55 16 0 0 0 
0 59 326 212 179 113 92 43 0 26 269 262 192 130 95 50 36 252 243 168 80 75 96 74 
4 398 292 118 75 55 63 19 4 323 349 127 70 66 56 29 178 383 150 85 69 61 45 53 
5 343 288 105 91 83 80 29 3 261 350 107 91 96 75 41 147 387 111 83 77 72 87 60 
3 233 409 240 82 31 24 2 1 96 425 310 120 39 29 4 78 475 264 99 46 30 26 6 
0 266 426 199 69 36 20 8 0 133 499 230 89 41 24 8 8 476 355 96 41 19 18 11 
0 9 94 122 96 95 143 465 0 3 64 139 106 87 143 482 0 34 85 98 85 88 116 518 
1 22 37 27 22 21 47 847 0 6 42 34 26 18 44 854 0 1 31 40 25 24 36 867 
0 49 338 41 75 203 253 65 0 30 325 71 138 168 223 69 0 3 266 158 233 172 126 66 
0 0 32 319 400 273 0 0 0 0 57 338 585 44 0 0 0 0 103 416 504 1 0 0 
2 39 193 576 173 38 3 0 4 42 220 603 124 29 2 0 4 51 281 578 88 22 0 0 
1 181 330 512 0 0 0 0 1 202 441 380 0 0 0 0 3 234 548 239 0 0 0 0 
0 222 760 42 0 0 0 0 0 301 720 3 0 0 0 0 0 476 547 1 0 0 0 0 
0 163 731 130 0 0 0 0 0 184 763 77 0 0 0 0 0 258 765 1 0 0 0 0 
0 76 635 313 0 0 0 0 0 96 754 174 0 0 0 0 0 160 815 49 0 0 0 0 
0 141 753 130 0 0 0 0 0 126 819 79 0 0 0 0 0 233 769 22 0 0 0 0 
0 368 493 163 0 0 0 0 0 365 609 50 0 0 0 0 0 414 591 19 0 0 0 0 
8 975 41 0 0 0 0 0 46 936 42 0 0 0 0 0 68 921 35 0 0 0 0 0 
3 1018 3 0 0 0 0 0 166 858 0 0 0 0 0 0 240 784 0 0 0 0 0 0 
10 424 88 95 358 48 1 0 60 401 78 144 333 8 0 0 154 338 67 338 126 1 0 0 
0 142 70 165 367 279 1 0 0 156 65 178 606 19 0 0 0 154 107 247 514 2 0 0 
0 929 62 33 0 0 0 0 0 930 68 26 0 0 0 0 0 931 80 13 0 0 0 0 
0 1024 0 0 0 0 0 0 0 1024 0 0 0 0 0 0 0 1024 0 0 0 0 0 0 
6 1018 0 0 0 0 0 0 18 1006 0 0 0 0 0 0 32 992 0 0 0 0 0 0 
223 794 5 1 1 0 0 0 473 547 2 1 1 0 0 0 539 482 2 1 0 0 0 0 
64 534 225 82 37 43 37 2 95 551 185 79 39 43 30 2 206 444 204 69 30 52 19 0 
1 194 485 279 54 8 3 0 2 184 463 307 58 7 3 0 55 527 342 74 20 6 0 0 
31 358 469 125 17 11 11 2 18 311 491 157 23 13 9 2 214 557 187 30 12 15 7 2 
43 456 353 114 33 11 8 6 33 390 359 176 39 12 8 7 275 544 127 37 20 11 6 4 
43 466 411 84 9 8 3 0 31 392 451 129 10 8 3 0 223 619 150 18 9 4 1 0 
49 437 412 100 17 8 1 0 48 410 426 112 20 7 1 0 212 546 207 40 14 5 0 0 
100 555 222 63 33 21 20 10 80 539 241 80 33 19 22 10 205 532 148 50 36 24 18 11 
142 645 191 36 9 1 0 0 127 631 215 37 13 1 0 0 339 554 103 21 7 0 0 0 
113 467 135 77 64 51 53 64 94 440 167 86 63 51 56 67 257 341 120 73 59 52 48 74 
0 4 96 83 75 199 564 3 0 0 40 106 67 181 538 92 0 0 44 82 65 91 384 358 
0 0 13 27 91 179 647 67 0 0 3 29 93 147 529 223 0 0 3 33 86 102 316 484 
67 320 133 97 84 135 153 35 8 406 128 76 78 136 111 81 8 391 146 74 61 100 121 123 
0 23 90 144 221 285 215 46 0 12 64 144 228 261 236 79 0 5 80 120 185 223 243 168 
3 180 405 226 101 64 44 1 2 124 349 292 131 61 61 4 48 377 237 145 90 54 61 12 
17 168 357 275 95 60 45 7 7 139 285 343 135 62 45 8 101 435 224 109 63 47 36 9 
7 241 482 224 56 11 3 0 6 186 444 317 58 11 2 0 155 574 204 61 18 12 0 0 
17 139 293 210 181 110 52 22 8 111 299 250 179 111 41 25 34 225 235 184 162 106 43 35 
0 48 197 322 215 136 89 17 1 50 182 336 220 146 70 19 10 77 277 269 165 136 67 23 
0 13 72 136 204 279 271 49 0 10 64 136 212 284 276 42 0 20 89 126 184 249 282 74 
0 40 146 316 291 158 61 12 0 17 152 310 309 155 66 15 0 54 199 327 250 123 51 20 
4 145 363 278 149 51 30 4 2 103 366 299 165 57 28 4 10 273 315 228 118 42 33 5 
2 44 127 394 284 95 63 15 0 42 98 370 330 104 64 16 0 57 289 390 150 73 50 15 
0 1 36 102 109 85 192 499 0 1 31 100 113 87 206 486 0 8 55 128 74 74 128 557 
0 46 455 168 106 65 97 87 0 11 413 254 109 68 75 94 0 1 269 427 107 83 24 113 
1 45 178 406 327 64 3 0 0 54 187 495 245 43 0 0 1 70 185 561 188 19 0 0 
1 113 278 440 153 39 0 0 1 177 284 405 134 23 0 0 7 272 369 248 115 13 0 0 
0 75 767 182 0 0 0 0 0 103 786 135 0 0 0 0 0 336 674 14 0 0 0 0 
0 304 720 0 0 0 0 0 0 307 717 0 0 0 0 0 0 582 442 0 0 0 0 0 
0 335 549 120 20 0 0 0 0 354 549 112 9 0 0 0 0 487 466 71 0 0 0 0 
0 32 507 468 17 0 0 0 0 47 666 297 14 0 0 0 0 64 828 132 0 0 0 0 
0 151 508 355 10 0 0 0 0 150 574 299 1 0 0 0 0 185 667 171 1 0 0 0 
0 675 203 146 0 0 0 0 0 672 228 124 0 0 0 0 1 688 266 69 0 0 0 0 
0 728 183 86 27 0 0 0 0 723 228 54 19 0 0 0 1 750 220 52 1 0 0 0 
0 437 46 59 446 36 0 0 0 441 48 84 449 2 0 0 2 452 62 355 153 0 0 0 
0 5 128 332 534 25 0 0 0 13 165 390 454 2 0 0 0 34 254 582 154 0 0 0 
4 106 330 266 278 40 0 0 26 90 373 248 274 13 0 0 22 118 462 283 139 0 0 0 
0 612 354 58 0 0 0 0 0 607 373 44 0 0 0 0 0 633 368 23 0 0 0 0 
0 869 42 72 41 0 0 0 0 870 45 98 11 0 0 0 0 870 58 95 1 0 0 0 
0 1024 0 0 0 0 0 0 0 1024 0 0 0 0 0 0 0 1024 0 0 0 0 0 0 
32 992 0 0 0 0 0 0 29 995 0 0 0 0 0 0 52 972 0 0 0 0 0 0 
458 561 3 1 1 0 0 0 590 431 2 0 1 0 0 0 646 376 1 1 0 0 0 0 
91 511 248 25 18 73 58 0 109 539 202 26 21 82 45 0 247 478 142 18 42 84 12 1 
69 604 307 38 0 4 1 1 55 610 307 46 1 3 2 0 361 559 91 7 0 4 2 0 
116 572 277 46 7 6 0 0 90 538 324 59 7 6 0 0 401 513 90 12 5 3 0 0 
151 499 294 63 11 3 3 0 130 493 297 89 9 4 2 0 381 475 142 16 6 4 0 0 
104 695 201 24 0 0 0 0 43 636 305 37 3 0 0 0 496 469 56 3 0 0 0 0 
208 592 194 23 5 1 1 0 96 663 230 29 4 1 1 0 494 416 96 14 2 1 1 0 
265 506 189 53 6 3 2 0 194 567 198 54 6 3 2 0 496 340 139 38 6 4 1 0 
282 496 168 49 12 11 4 2 244 498 186 64 8 13 8 3 468 363 129 36 12 10 4 2 
0 0 10 100 403 445 66 0 0 0 15 125 465 356 63 0 0 0 23 175 477 280 67 2 
0 4 47 108 436 401 28 0 0 4 46 124 481 352 17 0 0 23 66 183 529 212 11 0 
79 550 197 109 77 12 0 0 14 534 251 127 84 14 0 0 113 617 152 97 41 4 0 0 
27 440 292 170 78 17 0 0 21 408 329 185 66 15 0 0 95 476 245 143 54 11 0 0 
67 469 305 144 29 10 0 0 107 433 324 123 30 7 0 0 198 514 218 75 19 0 0 0 
5 312 348 220 120 16 3 0 14 323 365 224 89 9 0 0 81 503 302 110 26 2 0 0 
1 96 300 318 204 88 17 0 2 96 323 333 198 67 5 0 44 356 258 210 112 43 1 0 
1 150 364 309 141 51 8 0 1 149 381 308 131 47 6 1 31 305 354 191 108 31 4 0 
5 132 395 362 100 23 5 2 3 112 414 377 93 18 5 2 45 343 431 152 40 10 2 1 
0 28 259 424 151 80 66 16 0 19 259 422 164 82 67 11 5 170 382 247 84 60 60 16 
0 24 135 327 344 137 54 3 0 24 139 366 324 126 42 3 3 56 247 387 218 86 24 3 
1 2 54 274 314 244 117 18 1 6 62 299 311 225 105 15 1 11 149 278 267 203 96 19 
0 4 67 389 474 80 9 1 0 5 88 473 394 59 5 0 0 20 249 547 171 33 3 1 
0 4 42 252 375 259 85 7 0 9 48 281 394 230 61 1 0 21 169 347 242 185 53 7 
0 177 430 193 124 78 21 1 0 215 405 215 114 54 20 1 0 229 352 276 97 46 20 4 
0 34 282 218 190 218 82 0 0 116 284 166 213 237 8 0 7 139 316 177 208 173 4 0 
0 220 742 62 0 0 0 0 0 457 532 35 0 0 0 0 0 819 204 1 0 0 0 0 
0 574 431 19 0 0 0 0 0 768 245 11 0 0 0 0 0 891 132 1 0 0 0 0 
0 94 462 187 217 64 0 0 0 111 484 183 240 6 0 0 0 188 484 203 149 0 0 0 
0 4 56 131 791 42 0 0 0 15 63 240 699 7 0 0 0 34 81 590 319 0 0 0 
0 38 659 266 61 0 0 0 0 55 690 256 23 0 0 0 0 81 725 217 1 0 0 0 
30 258 727 9 0 0 0 0 32 273 716 3 0 0 0 0 29 348 646 1 0 0 0 0 
0 654 294 76 0 0 0 0 242 469 251 62 0 0 0 0 258 464 286 16 0 0 0 0 
0 287 417 136 182 2 0 0 152 348 274 139 111 0 0 0 201 367 229 214 13 0 0 0 
4 95 334 246 294 51 0 0 63 214 299 212 230 6 0 0 109 264 253 310 86 2 0 0 
46 392 288 143 151 4 0 0 67 381 302 156 118 0 0 0 74 416 299 193 42 0 0 0 
28 575 369 35 16 1 0 0 88 599 293 33 11 0 0 0 87 631 267 38 1 0 0 0 
0 164 345 432 83 0 0 0 0 170 389 424 41 0 0 0 0 191 487 337 9 0 0 0 
0 90 224 473 237 0 0 0 0 93 277 479 175 0 0 0 0 118 433 449 24 0 0 0 
0 834 29 43 113 5 0 0 0 840 34 55 95 0 0 0 0 834 41 102 47 0 0 0 
0 1024 0 0 0 0 0 0 0 1024 0 0 0 0 0 0 0 1024 0 0 0 0 0 0 
85 939 0 0 0 0 0 0 72 952 0 0 0 0 0 0 95 929 0 0 0 0 0 0 
651 365 7 0 0 1 0 0 676 344 3 0 0 1 0 0 648 375 0 0 1 0 0 0 
6 510 178 51 108 142 29 0 3 533 156 67 149 93 23 0 96 498 113 84 169 53 11 0 
114 315 356 168 47 17 6 1 128 331 343 157 44 15 6 0 197 431 252 93 32 14 5 0 
426 535 61 2 0 0 0 0 312 620 89 3 0 0 0 0 707 298 19 0 0 0 0 0 
197 683 132 7 0 4 1 0 165 674 170 10 0 5 0 0 595 385 36 3 1 4 0 0 
486 464 65 6 2 1 0 0 395 529 92 6 1 1 0 0 725 270 23 4 1 1 0 0 
249 584 139 28 17 6 1 0 234 560 177 28 18 6 1 0 481 425 74 22 13 8 1 0 
377 517 125 5 0 0 0 0 409 455 154 6 0 0 0 0 631 344 47 2 0 0 0 0 
0 0 5 230 585 188 15 1 0 0 12 329 557 116 10 0 0 0 54 500 396 70 4 0 
0 0 71 424 448 81 0 0 0 1 125 487 373 38 0 0 0 15 252 526 215 16 0 0 
293 303 145 160 107 16 0 0 307 305 131 189 87 5 0 0 418 238 155 165 47 1 0 0 
30 364 274 245 107 4 0 0 7 372 302 260 82 1 0 0 109 420 294 175 26 0 0 0 
100 557 208 102 40 14 3 0 95 583 223 95 22 6 0 0 343 430 174 55 18 4 0 0 
30 282 239 236 161 61 15 0 40 312 240 232 152 48 0 0 115 332 247 212 99 19 0 0 
9 150 277 309 176 86 15 2 5 206 306 306 147 44 10 0 69 262 351 220 102 17 3 0 
91 536 266 112 18 1 0 0 72 564 282 91 14 1 0 0 226 530 205 59 3 1 0 0 
5 231 444 295 38 4 5 2 1 242 483 259 29 6 2 2 68 402 458 79 9 5 3 0 
0 27 289 473 194 30 11 0 0 30 328 473 159 25 9 0 4 131 506 316 47 17 3 0 
0 6 138 466 318 54 33 9 0 10 195 495 241 43 31 9 1 38 343 463 123 36 19 1 
0 16 251 545 150 50 7 5 0 17 304 524 123 44 10 2 5 126 561 250 56 17 9 0 
0 6 168 570 243 31 6 0 0 11 235 581 169 25 3 0 1 79 474 391 66 12 1 0 
1 401 248 327 37 8 2 0 3 457 270 255 32 5 2 0 64 448 387 109 12 2 2 0 
3 739 268 14 0 0 0 0 4 912 98 10 0 0 0 0 114 868 41 1 0 0 0 0 
0 243 482 258 41 0 0 0 0 485 271 239 29 0 0 0 0 654 173 197 0 0 0 0 
0 428 285 264 47 0 0 0 0 573 177 256 18 0 0 0 1 647 129 244 3 0 0 0 
40 116 144 174 293 163 69 25 18 158 150 225 257 127 70 19 15 183 145 282 237 80 67 15 
226 427 24 48 71 95 91 42 266 394 28 45 118 51 101 21 161 496 40 56 109 50 95 17 
145 476 68 100 119 39 71 6 332 294 68 113 104 48 65 0 105 518 85 165 38 45 67 1 
48 89 558 231 77 15 6 0 45 98 610 184 68 14 5 0 53 108 567 207 67 16 6 0 
74 285 532 128 5 0 0 0 77 376 485 84 2 0 0 0 89 402 461 72 0 0 0 0 
0 322 198 157 113 100 87 47 30 318 221 135 124 101 75 20 22 350 227 131 138 82 73 1 
24 276 230 76 56 122 153 87 60 350 154 56 77 120 145 62 77 361 135 61 104 131 117 38 
13 214 232 194 138 119 85 29 39 219 255 196 124 115 58 18 50 240 260 192 119 110 45 8 
0 863 128 31 2 0 0 0 0 842 151 31 0 0 0 0 0 855 151 18 0 0 0 0 
0 304 514 124 60 19 3 0 1 299 555 102 45 19 3 0 7 345 543 93 25 11 0 0 
2 18 145 266 128 207 223 35 4 32 151 275 162 214 164 22 4 43 193 267 188 253 64 12 
9 379 62 68 329 48 62 67 23 391 44 114 284 44 64 60 18 374 74 220 175 39 68 56 
7 520 154 160 97 25 55 6 67 467 164 176 67 25 56 2 16 513 198 166 42 30 58 1 
2 488 177 52 47 106 139 13 4 500 165 54 53 163 81 4 9 500 162 57 65 179 48 4 
3 957 39 3 3 6 13 0 5 959 35 4 3 8 10 0 3 955 41 3 3 9 10 0 
154 870 0 0 0 0 0 0 224 800 0 0 0 0 0 0 149 875 0 0 0 0 0 0 
38 479 384 60 13 47 3 0 42 434 364 119 34 28 3 0 217 653 82 11 56 5 0 0 
225 353 326 81 19 17 3 0 209 300 344 130 21 18 2 0 413 459 106 21 12 12 1 0 
301 565 154 4 0 0 0 0 226 553 223 22 0 0 0 0 678 325 21 0 0 0 0 0 
417 514 92 1 0 0 0 0 410 523 90 1 0 0 0 0 689 316 18 1 0 0 0 0 
292 556 138 31 4 3 0 0 239 604 143 31 4 3 0 0 547 383 66 23 3 2 0 0 
231 566 168 48 6 5 0 0 177 618 170 51 6 2 0 0 481 414 93 31 3 2 0 0 
477 513 34 0 0 0 0 0 425 555 44 0 0 0 0 0 767 251 6 0 0 0 0 0 
0 19 307 526 167 5 0 0 0 52 388 459 120 5 0 0 0 126 547 317 34 0 0 0 
0 38 451 476 56 3 0 0 0 76 556 369 22 1 0 0 7 306 570 135 5 1 0 0 
392 217 89 204 115 7 0 0 456 171 113 232 51 1 0 0 490 161 189 163 21 0 0 0 
0 5 129 502 366 20 2 0 0 15 217 615 168 9 0 0 1 62 410 504 45 2 0 0 
66 332 192 219 133 66 15 1 131 333 191 232 96 38 3 0 174 315 220 211 86 16 2 0 
55 390 181 249 120 24 5 0 167 337 182 242 74 18 4 0 212 307 214 217 59 12 3 0 
11 247 193 279 138 111 41 4 1 289 263 269 122 70 10 0 131 213 305 208 122 42 3 0 
52 603 190 132 47 0 0 0 42 606 244 128 4 0 0 0 211 551 177 82 3 0 0 0 
68 238 461 205 45 6 1 0 69 305 498 130 19 3 0 0 159 390 394 69 10 2 0 0 
2 206 512 252 29 20 3 0 2 268 552 158 25 16 3 0 8 457 454 71 21 11 2 0 
0 45 539 363 60 16 1 0 0 109 601 258 44 12 0 0 1 247 609 128 33 6 0 0 
0 79 590 324 18 10 3 0 0 149 659 189 14 10 3 0 1 337 588 80 10 7 1 0 
0 22 379 476 103 24 16 4 0 69 520 351 51 20 11 2 5 219 566 178 27 18 10 1 
4 172 550 239 55 3 1 0 12 332 466 182 29 3 0 0 48 512 338 116 7 3 0 0 
27 366 538 72 15 6 0 0 31 627 288 61 12 5 0 0 55 758 155 44 9 3 0 0 
0 68 671 285 0 0 0 0 0 324 455 245 0 0 0 0 0 529 365 130 0 0 0 0 
0 200 376 103 189 156 0 0 0 207 390 152 183 92 0 0 0 274 334 172 233 11 0 0 
40 129 25 202 371 233 24 0 35 139 24 297 351 154 24 0 13 162 21 330 381 89 27 1 
170 445 120 136 25 29 32 67 204 423 126 119 25 28 33 66 110 511 122 129 25 27 31 69 
341 529 18 41 61 12 11 11 420 449 27 33 59 14 11 11 386 477 27 23 63 24 12 12 
50 95 103 255 151 177 165 28 37 112 151 228 165 218 92 21 34 144 105 261 201 228 37 14 
0 2 74 464 219 175 90 0 0 5 114 501 172 232 0 0 0 21 234 443 140 186 0 0 
16 300 107 157 92 101 174 77 25 318 122 145 91 132 173 18 37 317 171 120 105 155 114 5 
90 584 267 63 18 2 0 0 169 570 215 51 17 2 0 0 198 567 192 53 13 1 0 0 
50 309 200 310 113 30 12 0 101 284 185 337 87 25 5 0 114 285 230 309 64 22 0 0 
2 121 586 289 26 0 0 0 3 164 575 273 9 0 0 0 5 258 617 144 0 0 0 0 
0 191 54 173 446 103 57 0 0 203 60 268 425 16 52 0 8 194 86 492 182 60 2 0 
0 14 48 15 150 411 341 45 0 29 35 35 214 476 199 36 0 37 33 35 304 509 73 33 
1 749 63 21 15 44 33 98 0 794 31 17 14 37 35 96 0 725 92 24 7 44 31 101 
94 774 6 3 28 42 59 18 209 662 3 5 31 39 65 10 10 859 5 2 26 37 68 17 
8 55 100 54 93 476 223 15 9 64 102 51 173 529 83 13 12 85 81 60 298 422 56 10 
0 824 35 25 37 103 0 0 0 838 31 19 81 55 0 0 0 835 35 18 108 28 0 0 
13 692 51 112 156 0 0 0 10 696 65 122 131 0 0 0 66 656 83 211 8 0 0 0 
455 199 114 38 44 165 9 0 481 185 109 35 59 152 3 0 544 182 60 45 129 64 0 0 
641 241 133 9 0 0 0 0 673 207 128 16 0 0 0 0 765 226 31 2 0 0 0 0 
472 400 139 13 0 0 0 0 364 449 185 25 1 0 0 0 739 260 20 5 0 0 0 0 
240 439 300 41 4 0 0 0 271 385 316 48 4 0 0 0 497 435 84 7 1 0 0 0 
76 596 288 57 6 1 0 0 81 622 274 41 6 0 0 0 352 521 128 20 3 0 0 0 
291 467 198 53 11 4 0 0 268 478 218 50 6 4 0 0 541 346 105 26 4 2 0 0 
445 497 80 2 0 0 0 0 357 588 77 2 0 0 0 0 763 245 16 0 0 0 0 0 
0 36 520 441 27 0 0 0 2 110 719 193 0 0 0 0 3 210 729 82 0 0 0 0 
12 101 522 379 10 0 0 0 18 248 627 129 2 0 0 0 45 346 600 33 0 0 0 0 
345 104 110 373 91 1 0 0 422 52 262 262 26 0 0 0 418 88 375 141 2 0 0 0 
0 3 111 629 281 0 0 0 0 26 344 631 23 0 0 0 1 50 517 454 2 0 0 0 
257 497 119 125 26 0 0 0 509 284 119 112 0 0 0 0 545 269 126 84 0 0 0 0 
46 379 233 262 94 10 0 0 145 393 232 232 20 2 0 0 174 381 269 189 10 1 0 0 
0 23 33 211 597 107 50 3 0 34 51 720 133 73 13 0 0 41 98 721 105 56 3 0 
0 0 0 76 945 3 0 0 0 0 2 985 37 0 0 0 0 0 42 982 0 0 0 0 
0 0 4 105 914 1 0 0 0 0 26 975 23 0 0 0 0 1 59 964 0 0 0 0 
0 2 16 180 819 4 3 0 0 5 61 931 22 4 1 0 0 8 97 908 8 2 1 0 
0 0 10 214 796 3 1 0 0 0 75 914 33 1 1 0 0 0 124 894 5 1 0 0 
0 0 5 253 766 0 0 0 0 0 45 960 19 0 0 0 0 1 125 894 4 0 0 0 
0 2 56 523 427 14 2 0 0 5 242 710 61 5 1 0 1 22 368 594 36 3 0 0 
113 303 281 308 19 0 0 0 156 337 359 171 1 0 0 0 167 402 385 69 1 0 0 0 
73 543 380 28 0 0 0 0 100 798 107 19 0 0 0 0 102 864 44 14 0 0 0 0 
3 29 431 399 156 6 0 0 5 267 289 321 142 0 0 0 7 306 439 184 88 0 0 0 
1 272 197 331 143 80 0 0 4 296 200 332 175 17 0 0 22 324 296 230 150 2 0 0 
31 162 219 201 245 130 36 0 50 174 225 230 218 96 31 0 54 192 243 240 223 47 24 1 
326 339 185 105 46 18 5 0 408 312 172 75 38 14 5 0 343 398 195 68 16 4 0 0 
110 402 124 100 59 89 49 91 137 392 126 91 58 86 50 84 180 426 136 82 80 91 28 1 
1 97 55 127 114 117 377 136 2 114 84 100 118 188 330 88 8 131 122 82 123 318 202 38 
0 78 223 171 232 238 82 0 0 109 244 175 225 254 17 0 0 157 236 287 150 191 3 0 
60 352 202 236 86 63 20 5 106 333 230 208 93 36 16 2 137 320 250 201 80 25 11 0 
146 660 198 15 3 2 0 0 310 541 159 9 3 2 0 0 340 521 150 8 3 2 0 0 
46 251 302 171 129 96 29 0 126 222 277 186 126 73 14 0 132 227 294 198 123 45 5 0 
2 64 246 334 292 85 1 0 2 84 255 345 320 18 0 0 6 165 311 320 217 5 0 0 
3 198 50 130 448 195 0 0 4 207 53 173 576 11 0 0 8 206 79 311 416 4 0 0 
2 51 163 86 395 266 44 17 21 50 160 156 355 235 35 12 31 68 140 291 322 141 22 9 
49 537 134 83 50 62 89 20 79 574 94 73 55 51 91 7 113 507 149 79 47 56 60 13 
30 411 142 94 110 86 82 69 52 454 126 98 89 69 77 59 98 445 162 109 93 84 30 3 
1 46 112 79 115 312 295 64 3 51 120 86 131 378 218 37 11 95 107 93 201 374 142 1 
0 109 53 194 509 109 50 0 0 114 62 344 370 118 16 0 3 118 112 609 89 92 1 0 
0 106 39 272 607 0 0 0 3 103 60 550 308 0 0 0 10 101 95 816 2 0 0 0 
52 490 165 55 53 162 41 6 117 489 130 36 73 163 15 1 405 295 59 31 108 125 1 0 
116 502 336 61 6 2 1 0 191 479 302 47 3 1 1 0 395 501 118 6 3 1 0 0 
212 325 327 141 17 2 0 0 224 315 295 166 22 2 0 0 462 440 104 13 4 1 0 0 
326 511 137 31 13 6 0 0 342 512 125 30 12 3 0 0 626 318 51 17 11 1 0 0 
63 671 257 28 4 1 0 0 84 683 233 21 2 1 0 0 436 514 66 6 2 0 0 0 
113 490 307 104 9 0 1 0 197 388 342 88 7 1 1 0 399 480 131 12 1 1 0 0 
297 244 354 118 11 0 0 0 311 262 353 92 6 0 0 0 416 373 216 19 0 0 0 0 
2 287 481 244 10 0 0 0 9 467 450 93 5 0 0 0 95 523 380 25 1 0 0 0 
77 230 483 226 8 0 0 0 126 290 526 82 0 0 0 0 161 424 416 23 0 0 0 0 
424 86 158 321 31 4 0 0 475 94 285 159 11 0 0 0 471 135 351 64 3 0 0 0 
0 16 301 654 53 0 0 0 0 84 655 284 1 0 0 0 2 140 742 140 0 0 0 0 
337 350 130 178 29 0 0 0 538 198 157 130 1 0 0 0 543 215 190 76 0 0 0 0 
25 245 215 348 163 27 1 0 133 241 240 364 40 6 0 0 149 247 330 267 29 2 0 0 
0 1 15 419 462 100 25 2 0 2 88 747 134 47 6 0 0 9 281 597 112 23 2 0 
0 0 0 459 564 1 0 0 0 0 37 960 27 0 0 0 0 0 297 726 1 0 0 0 
0 0 0 335 689 0 0 0 0 0 31 963 30 0 0 0 0 0 232 791 1 0 0 0 
0 0 0 263 761 0 0 0 0 0 5 957 62 0 0 0 0 0 153 871 0 0 0 0 
0 0 0 203 820 1 0 0 0 0 18 965 41 0 0 0 0 0 122 899 3 0 0 0 
0 0 0 168 856 0 0 0 0 0 11 983 30 0 0 0 0 0 103 920 1 0 0 0 
0 0 0 530 494 0 0 0 0 0 51 967 6 0 0 0 0 0 320 703 1 0 0 0 
77 515 262 158 12 0 0 0 113 623 210 77 1 0 0 0 152 606 230 36 0 0 0 0 
15 785 224 0 0 0 0 0 27 970 27 0 0 0 0 0 32 991 1 0 0 0 0 0 
58 369 447 136 14 0 0 0 58 457 425 77 7 0 0 0 92 499 373 59 1 0 0 0 
0 364 409 88 65 43 40 15 52 608 239 61 43 19 2 0 205 625 144 37 12 1 0 0 
5 201 202 181 113 121 110 91 52 341 244 160 158 66 3 0 247 357 266 119 27 4 2 2 
0 701 42 112 109 60 0 0 126 588 86 100 111 13 0 0 443 276 106 105 90 4 0 0 
3 560 98 81 29 155 90 8 93 482 112 67 56 198 16 0 222 404 107 31 94 156 10 0 
0 38 347 330 179 39 91 0 1 53 423 366 62 96 23 0 9 142 464 272 34 102 1 0 
0 101 797 123 3 0 0 0 0 118 832 73 1 0 0 0 0 166 837 21 0 0 0 0 
0 391 206 189 208 26 3 1 305 199 130 229 149 10 2 0 237 270 147 246 119 3 2 0 
0 884 104 26 3 6 1 0 802 174 29 9 4 5 1 0 753 218 34 10 4 4 1 0 
13 163 91 116 363 97 127 54 158 31 95 226 257 119 98 40 156 85 51 410 106 143 62 11 
0 11 68 128 730 87 0 0 0 23 70 163 754 14 0 0 6 64 98 586 270 0 0 0 
14 197 411 208 188 6 0 0 24 225 442 194 133 6 0 0 91 285 393 239 15 1 0 0 
0 667 158 137 61 1 0 0 3 675 161 174 10 1 0 0 29 705 163 126 0 1 0 0 
18 658 51 22 84 187 4 0 144 543 50 19 173 94 1 0 345 358 35 23 224 38 1 0 
7 516 78 69 107 92 154 1 65 466 74 115 65 190 49 0 275 287 80 121 56 196 9 0 
1 55 75 170 552 149 22 0 1 55 82 252 463 169 2 0 16 87 134 597 45 145 0 0 
0 1 73 302 648 0 0 0 0 7 96 575 346 0 0 0 1 27 143 844 9 0 0 0 
45 269 180 320 210 0 0 0 82 267 188 437 50 0 0 0 52 270 250 440 12 0 0 0 
30 422 249 106 89 74 26 28 210 441 106 86 85 67 26 3 479 235 92 83 87 43 5 0 
120 433 366 86 16 3 0 0 349 354 264 46 11 0 0 0 472 384 138 21 9 0 0 0 
132 311 353 207 16 5 0 0 238 278 371 121 14 2 0 0 400 423 179 15 5 2 0 0 
258 330 364 66 5 1 0 0 333 351 304 33 3 0 0 0 429 447 137 9 2 0 0 0 
26 453 466 72 6 1 0 0 52 523 411 34 3 1 0 0 253 621 137 12 0 1 0 0 
201 551 245 24 2 1 0 0 292 522 199 9 1 1 0 0 478 464 77 3 2 0 0 0 
123 124 414 341 21 1 0 0 137 144 543 196 4 0 0 0 196 343 423 61 1 0 0 0 
251 698 74 1 0 0 0 0 567 439 18 0 0 0 0 0 732 278 14 0 0 0 0 0 
134 442 334 113 1 0 0 0 263 439 299 23 0 0 0 0 351 460 208 5 0 0 0 0 
392 168 272 182 10 0 0 0 435 265 286 37 1 0 0 0 515 296 202 11 0 0 0 0 
127 45 339 503 10 0 0 0 150 63 671 140 0 0 0 0 158 234 617 15 0 0 0 0 
347 243 185 216 29 4 0 0 476 178 244 117 9 0 0 0 489 208 270 53 4 0 0 0 
58 289 174 295 185 23 0 0 231 205 217 316 53 2 0 0 297 201 330 167 29 0 0 0 
0 23 39 549 311 92 10 0 6 36 185 630 144 23 0 0 12 58 532 325 88 9 0 0 
0 0 11 883 130 0 0 0 0 0 405 618 1 0 0 0 0 25 885 114 0 0 0 0 
0 0 15 624 374 11 0 0 0 0 266 666 92 0 0 0 0 31 570 411 12 0 0 0 
0 0 32 786 202 4 0 0 0 2 351 646 25 0 0 0 0 26 706 287 5 0 0 0 
0 0 18 851 155 0 0 0 0 0 444 571 9 0 0 0 0 8 739 277 0 0 0 0 
0 0 20 770 233 1 0 0 0 3 374 635 12 0 0 0 0 31 676 316 1 0 0 0 
16 22 48 773 164 1 0 0 16 26 368 610 4 0 0 0 25 72 763 163 1 0 0 0 
373 598 39 12 2 0 0 0 393 593 27 9 2 0 0 0 391 598 28 6 1 0 0 0 
60 883 81 0 0 0 0 0 74 949 1 0 0 0 0 0 114 910 0 0 0 0 0 0 
28 573 312 63 39 9 0 0 33 573 325 56 37 0 0 0 90 551 314 52 17 0 0 0 
31 593 110 98 87 50 44 11 92 601 106 77 78 49 17 4 247 565 92 63 35 18 3 1 
2 87 151 174 137 135 154 184 38 167 163 137 164 126 121 108 441 253 176 103 21 16 10 4 
3 370 412 141 44 13 17 24 123 627 162 44 19 13 13 23 404 502 50 19 15 15 17 2 
1 142 673 129 43 29 7 0 29 504 402 75 14 0 0 0 124 647 229 24 0 0 0 0 
0 78 767 162 17 0 0 0 0 163 728 133 0 0 0 0 0 327 623 74 0 0 0 0 
0 52 262 543 157 10 0 0 0 79 293 621 26 5 0 0 7 109 516 377 14 1 0 0 
0 174 396 159 166 110 18 1 308 218 111 151 168 65 3 0 241 304 112 154 168 44 1 0 
0 530 389 87 17 1 0 0 578 377 67 2 0 0 0 0 489 439 94 2 0 0 0 0 
2 156 99 37 345 106 195 84 113 71 91 94 326 115 156 58 130 104 47 322 121 183 98 19 
34 167 113 128 562 20 0 0 66 137 120 246 454 1 0 0 150 136 89 541 108 0 0 0 
352 544 85 38 5 0 0 0 357 559 78 26 4 0 0 0 619 335 52 18 0 0 0 0 
0 937 34 13 38 2 0 0 1 936 34 19 34 0 0 0 4 955 20 34 11 0 0 0 
0 855 33 46 90 0 0 0 0 857 32 92 43 0 0 0 9 870 21 119 5 0 0 0 
4 255 162 161 429 13 0 0 14 280 154 277 297 2 0 0 74 297 174 436 43 0 0 0 
16 199 198 217 279 58 26 31 123 134 194 309 176 40 18 30 240 171 241 304 38 25 5 0 
68 27 111 709 109 0 0 0 83 28 176 724 13 0 0 0 84 63 521 356 0 0 0 0 
643 205 93 63 20 0 0 0 660 207 88 63 6 0 0 0 832 96 81 15 0 0 0 0 
269 471 176 55 33 17 3 0 506 304 126 43 31 12 2 0 797 136 39 30 19 3 0 0 
335 411 194 60 20 4 0 0 667 249 71 31 6 0 0 0 751 204 41 25 3 0 0 0 
302 318 335 68 1 0 0 0 428 289 269 38 0 0 0 0 526 409 87 2 0 0 0 0 
229 303 368 105 17 2 0 0 340 326 282 62 13 1 0 0 385 402 194 37 6 0 0 0 
9 266 603 129 9 7 1 0 46 480 431 54 8 5 0 0 112 612 272 15 10 3 0 0 
306 256 335 113 12 2 0 0 386 329 244 55 9 1 0 0 393 382 207 33 9 0 0 0 
77 116 521 297 13 0 0 0 98 203 586 134 3 0 0 0 139 358 498 28 1 0 0 0 
124 610 145 37 77 30 1 0 218 565 100 44 82 15 0 0 628 268 80 45 3 0 0 0 
14 202 507 232 65 4 0 0 63 407 406 131 17 0 0 0 292 563 158 11 0 0 0 0 
175 480 225 137 7 0 0 0 312 392 235 85 0 0 0 0 604 318 102 0 0 0 0 0 
306 297 320 99 2 0 0 0 306 326 364 28 0 0 0 0 471 433 116 4 0 0 0 0 
181 266 343 169 39 11 13 2 216 279 325 163 26 11 4 0 420 398 156 33 9 8 0 0 
47 293 294 195 145 39 10 1 55 288 320 258 83 18 2 0 324 374 229 71 23 3 0 0 
23 308 151 240 239 56 7 0 2 277 222 342 160 18 3 0 312 213 351 127 18 3 0 0 
107 365 41 355 153 3 0 0 0 463 122 360 79 0 0 0 439 108 435 42 0 0 0 0 
165 326 38 296 186 13 0 0 3 492 108 366 55 0 0 0 469 79 351 120 5 0 0 0 
72 338 74 346 181 13 0 0 0 428 264 303 29 0 0 0 346 167 412 98 1 0 0 0 
62 344 189 396 33 0 0 0 44 457 417 104 2 0 0 0 371 296 347 10 0 0 0 0 
142 208 194 420 57 3 0 0 80 344 484 113 3 0 0 0 328 318 369 9 0 0 0 0 
479 121 106 250 63 4 1 0 456 176 211 172 6 3 0 0 556 171 269 24 4 0 0 0 
649 375 0 0 0 0 0 0 695 329 0 0 0 0 0 0 705 319 0 0 0 0 0 0 
113 911 0 0 0 0 0 0 123 901 0 0 0 0 0 0 162 862 0 0 0 0 0 0 
61 322 361 111 87 82 0 0 121 339 332 96 95 41 0 0 170 429 232 86 103 4 0 0 
180 354 366 112 12 0 0 0 451 227 331 15 0 0 0 0 631 212 181 0 0 0 0 0 
63 286 262 189 57 46 41 80 329 357 147 56 48 56 30 1 622 247 81 52 22 0 0 0 
54 273 465 117 45 18 22 30 203 558 180 19 25 18 19 2 464 440 85 22 10 3 0 0 
22 125 501 322 51 3 0 0 134 166 595 123 6 0 0 0 188 464 351 21 0 0 0 0 
1 180 287 499 49 7 1 0 5 307 382 318 12 0 0 0 16 399 539 68 2 0 0 0 
50 232 347 245 97 42 10 1 115 312 290 231 57 17 2 0 161 380 263 168 45 7 0 0 
0 146 166 242 160 165 132 13 36 181 302 186 101 169 49 0 109 173 346 116 134 134 12 0 
1 127 127 353 100 175 110 31 70 132 271 223 39 238 48 3 112 155 360 82 125 152 35 3 
0 45 201 226 277 113 121 41 5 116 289 146 241 143 63 21 49 168 273 268 92 126 43 5 
46 90 199 191 462 33 3 0 110 75 237 297 302 3 0 0 117 194 238 460 14 1 0 0 
196 150 152 175 321 20 10 0 257 153 213 230 163 8 0 0 302 219 211 281 11 0 0 0 
0 0 129 156 646 77 16 0 0 49 219 188 555 13 0 0 0 99 252 633 40 0 0 0 
4 119 204 96 498 58 28 17 16 243 142 316 265 30 12 0 31 293 136 511 37 16 0 0 
123 379 252 141 61 19 38 11 242 439 169 86 36 37 15 0 286 451 163 64 32 28 0 0 
173 254 160 198 178 44 17 0 289 242 201 199 76 15 2 0 355 291 224 120 29 5 0 0 
150 205 184 330 150 5 0 0 245 184 220 352 23 0 0 0 291 183 314 234 2 0 0 0 
738 286 0 0 0 0 0 0 965 59 0 0 0 0 0 0 1017 7 0 0 0 0 0 0 
859 133 32 0 0 0 0 0 945 77 2 0 0 0 0 0 995 29 0 0 0 0 0 0 
885 125 14 0 0 0 0 0 883 127 14 0 0 0 0 0 887 113 24 0 0 0 0 0 
950 63 9 2 0 0 0 0 947 66 8 3 0 0 0 0 982 35 7 0 0 0 0 0 
164 452 222 95 78 13 0 0 196 464 196 98 63 7 0 0 492 320 138 67 7 0 0 0 
32 420 370 105 70 23 4 0 68 494 273 119 60 10 0 0 328 470 188 30 8 0 0 0 
239 353 290 74 53 11 4 0 288 352 239 84 53 8 0 0 516 362 110 29 7 0 0 0 
98 454 288 121 37 26 0 0 128 493 261 96 37 9 0 0 437 385 147 37 18 0 0 0 
0 26 474 434 79 11 0 0 0 46 385 510 82 1 0 0 37 644 314 29 0 0 0 0 
0 27 267 595 121 12 0 2 0 35 307 563 111 5 1 2 18 559 411 30 4 2 0 0 
0 109 420 307 98 84 6 0 0 81 390 412 128 13 0 0 83 582 284 71 4 0 0 0 
0 149 305 148 187 203 25 7 0 138 345 251 240 39 11 0 95 419 279 198 24 9 0 0 
0 7 173 202 329 255 49 9 0 24 239 306 355 86 12 2 30 301 371 266 44 11 1 0 
0 1 18 199 374 305 94 33 0 6 63 340 451 121 40 3 12 117 456 323 87 27 2 0 
0 0 1 52 278 486 170 37 0 1 47 263 500 173 33 7 0 53 318 496 125 26 6 0 
0 6 36 299 344 270 65 4 0 20 232 403 298 67 4 0 14 203 457 302 45 3 0 0 
7 234 180 355 209 34 5 0 6 280 356 312 61 8 1 0 178 410 357 72 6 1 0 0 
33 598 102 77 139 66 9 0 0 581 175 166 89 9 4 0 522 252 166 75 6 3 0 0 
264 544 110 69 37 0 0 0 2 773 111 64 71 3 0 0 780 162 80 2 0 0 0 0 
482 334 49 94 58 4 3 0 109 663 77 57 109 6 3 0 754 154 109 4 3 0 0 0 
586 210 190 38 0 0 0 0 237 478 187 121 1 0 0 0 789 231 4 0 0 0 0 0 
416 427 100 69 12 0 0 0 324 422 162 51 64 1 0 0 710 270 43 1 0 0 0 0 
330 663 24 7 0 0 0 0 339 634 32 16 3 0 0 0 702 320 2 0 0 0 0 0 
599 423 2 0 0 0 0 0 756 266 2 0 0 0 0 0 869 153 2 0 0 0 0 0 
303 447 33 180 45 0 12 4 632 217 158 1 0 13 3 0 729 278 0 1 8 8 0 0 
183 128 231 353 109 16 4 0 269 358 341 41 12 3 0 0 415 537 45 18 9 0 0 0 
205 537 261 18 3 0 0 0 674 319 27 4 0 0 0 0 800 209 15 0 0 0 0 0 
246 522 256 0 0 0 0 0 766 215 43 0 0 0 0 0 768 240 16 0 0 0 0 0 
271 507 226 20 0 0 0 0 753 121 150 0 0 0 0 0 773 153 98 0 0 0 0 0 
135 617 241 28 3 0 0 0 676 216 125 7 0 0 0 0 718 235 71 0 0 0 0 0 
15 704 259 46 0 0 0 0 643 135 246 0 0 0 0 0 684 163 177 0 0 0 0 0 
92 641 221 58 12 0 0 0 661 165 181 17 0 0 0 0 674 191 144 15 0 0 0 0 
250 549 188 37 0 0 0 0 690 208 123 3 0 0 0 0 695 231 98 0 0 0 0 0 
376 400 227 9 12 0 0 0 686 207 113 18 0 0 0 0 709 215 83 17 0 0 0 0 
583 246 186 9 0 0 0 0 756 196 68 4 0 0 0 0 759 203 59 3 0 0 0 0 
738 166 120 0 0 0 0 0 786 229 9 0 0 0 0 0 770 239 15 0 0 0 0 0 
779 197 48 0 0 0 0 0 812 198 14 0 0 0 0 0 806 205 13 0 0 0 0 0 
778 236 10 0 0 0 0 0 831 193 0 0 0 0 0 0 818 206 0 0 0 0 0 0 
898 110 16 0 0 0 0 0 931 91 2 0 0 0 0 0 927 95 2 0 0 0 0 0 
932 84 7 1 0 0 0 0 989 28 7 0 0 0 0 0 988 30 6 0 0 0 0 0 
844 166 4 10 0 0 0 0 979 33 12 0 0 0 0 0 993 19 12 0 0 0 0 0 
982 37 2 2 1 0 0 0 1006 14 1 2 1 0 0 0 1013 8 1 2 0 0 0 0 
876 111 30 6 1 0 0 0 894 95 27 7 1 0 0 0 901 85 32 6 0 0 0 0 
777 231 16 0 0 0 0 0 837 175 12 0 0 0 0 0 868 154 2 0 0 0 0 0 
239 666 36 17 35 30 1 0 339 585 23 25 47 5 0 0 143 797 20 51 13 0 0 0 
158 759 71 13 14 9 0 0 272 683 43 15 11 0 0 0 116 812 77 19 0 0 0 0 
243 676 99 3 3 0 0 0 350 582 87 5 0 0 0 0 132 771 118 3 0 0 0 0 
410 578 36 0 0 0 0 0 391 603 30 0 0 0 0 0 121 838 60 5 0 0 0 0 
0 0 21 188 582 205 26 2 0 0 25 80 718 188 13 0 0 88 614 303 17 2 0 0 
0 0 0 105 617 271 25 6 0 0 1 79 752 171 19 2 0 43 611 337 28 5 0 0 
0 0 0 41 652 311 17 3 0 0 0 91 787 137 9 0 0 24 633 351 14 2 0 0 
0 0 0 87 680 243 14 0 0 0 3 174 747 100 0 0 0 30 679 304 11 0 0 0 
0 0 3 22 286 607 92 14 0 3 15 185 673 132 15 1 2 25 337 575 74 9 2 0 
0 0 7 37 225 474 253 28 0 5 35 175 475 297 34 3 3 45 247 485 217 25 2 0 
0 0 5 67 267 428 230 27 0 4 58 243 391 288 36 4 5 70 283 421 219 24 2 0 
0 6 73 158 421 290 67 9 0 33 119 333 412 113 13 1 24 152 464 317 59 8 0 0 
0 36 188 225 374 156 28 17 0 81 220 308 316 73 18 8 45 332 443 155 33 13 3 0 
0 5 183 496 240 63 32 5 0 20 258 423 243 62 17 1 52 462 398 71 36 5 0 0 
0 3 105 249 265 265 110 27 0 24 216 297 283 166 38 0 43 267 339 269 95 11 0 0 
0 0 19 323 366 204 72 40 0 5 82 461 339 84 40 13 13 271 475 174 61 27 3 0 
0 0 76 383 274 230 57 4 0 0 47 416 404 147 9 1 14 320 412 231 44 3 0 0 
0 19 91 127 406 281 91 9 0 5 94 128 506 267 24 0 51 142 467 291 70 3 0 0 
3 96 52 77 327 394 71 4 0 64 96 85 393 365 21 0 105 96 417 349 54 3 0 0 
64 104 54 106 226 359 105 6 36 119 54 108 314 349 43 1 173 116 290 363 79 3 0 0 
98 77 63 91 251 311 101 32 136 67 59 101 339 244 68 10 190 101 302 316 94 20 1 0 
113 110 104 185 264 217 31 0 144 106 124 224 291 127 8 0 214 208 323 241 37 1 0 0 
132 187 133 277 213 70 12 0 214 141 276 246 124 23 0 0 307 263 323 120 11 0 0 0 
95 190 240 296 140 52 11 0 161 191 375 203 72 22 0 0 268 380 298 73 5 0 0 0 
126 246 356 240 53 3 0 0 174 342 399 99 10 0 0 0 300 530 187 7 0 0 0 0 
94 298 280 217 109 26 0 0 209 257 340 168 48 2 0 0 338 429 195 60 2 0 0 0 
11 533 258 99 97 26 0 0 365 268 211 120 54 6 0 0 376 286 281 78 3 0 0 0 
30 571 252 82 44 38 7 0 373 294 196 84 49 28 0 0 393 316 195 104 16 0 0 0 
160 544 192 47 45 29 7 0 435 317 164 51 38 16 3 0 440 342 172 53 14 3 0 0 
6 804 92 34 57 30 1 0 244 589 88 48 51 4 0 0 312 535 120 52 5 0 0 0 
191 511 120 177 25 0 0 0 391 331 218 84 0 0 0 0 327 468 220 9 0 0 0 0 
489 240 117 133 41 4 0 0 487 278 166 85 8 0 0 0 365 477 157 25 0 0 0 0 
413 424 172 15 0 0 0 0 442 505 75 2 0 0 0 0 370 612 42 0 0 0 0 0 
430 435 130 24 5 0 0 0 483 460 69 11 1 0 0 0 314 670 38 2 0 0 0 0 
293 464 207 59 1 0 0 0 322 544 131 26 1 0 0 0 327 625 71 1 0 0 0 0 
336 437 177 73 1 0 0 0 353 490 152 29 0 0 0 0 456 418 137 13 0 0 0 0 
380 492 108 39 4 1 0 0 448 481 80 12 3 0 0 0 386 543 89 5 1 0 0 0 
646 370 8 0 0 0 0 0 695 322 7 0 0 0 0 0 328 689 7 0 0 0 0 0 
521 490 13 0 0 0 0 0 601 406 17 0 0 0 0 0 179 805 40 0 0 0 0 0 
422 579 23 0 0 0 0 0 421 582 21 0 0 0 0 0 63 909 52 0 0 0 0 0 
200 822 2 0 0 0 0 0 154 869 1 0 0 0 0 0 1 1008 15 0 0 0 0 0 
100 898 26 0 0 0 0 0 45 948 31 0 0 0 0 0 0 945 79 0 0 0 0 0 
139 615 189 66 15 0 0 0 58 716 174 72 4 0 0 0 0 751 206 65 2 0 0 0 
138 328 264 228 66 0 0 0 33 435 331 204 21 0 0 0 0 425 366 218 15 0 0 0 
0 221 287 219 189 101 5 2 0 249 360 214 181 18 2 0 139 457 319 102 6 1 0 0 
0 28 156 186 351 290 13 0 0 16 190 247 500 70 1 0 16 262 425 310 11 0 0 0 
0 7 42 121 462 385 7 0 0 3 45 150 702 124 0 0 8 107 467 432 10 0 0 0 
0 0 1 88 587 337 11 0 0 0 6 181 748 87 2 0 0 38 535 427 24 0 0 0 
0 0 0 19 472 511 22 0 0 0 0 60 796 164 4 0 0 14 445 536 29 0 0 0 
0 0 0 19 465 512 26 2 0 0 1 80 758 179 6 0 0 12 489 502 19 2 0 0 
0 0 0 23 298 602 101 0 0 0 1 68 710 243 2 0 0 9 328 635 52 0 0 0 
0 0 0 14 405 517 81 7 0 0 0 90 727 200 5 2 0 17 447 501 55 4 0 0 
0 0 0 31 408 498 83 4 0 0 2 103 632 271 14 2 0 24 418 518 60 4 0 0 
0 0 0 43 356 502 114 9 0 0 6 94 589 311 23 1 1 31 399 505 82 6 0 0 
0 0 14 118 365 390 133 4 0 0 10 142 528 323 20 1 7 110 423 420 63 1 0 0 
0 0 8 194 437 299 76 10 0 0 5 134 599 249 36 1 8 139 510 303 59 5 0 0 
0 1 14 268 555 162 18 6 0 1 5 123 675 200 15 5 6 180 611 203 19 5 0 0 
0 0 2 212 403 277 120 10 0 0 1 108 619 272 20 4 1 160 473 306 78 6 0 0 
0 0 26 273 353 282 81 9 0 0 13 202 575 214 17 3 7 191 459 299 63 5 0 0 
0 0 82 326 353 190 69 4 0 0 85 347 440 133 18 1 7 276 457 219 61 4 0 0 
0 1 157 276 370 182 34 4 0 0 158 361 379 117 9 0 9 304 465 206 37 3 0 0 
0 2 160 304 413 123 22 0 0 7 210 401 323 77 6 0 13 329 488 172 22 0 0 0 
0 201 192 279 228 115 9 0 0 168 307 279 231 37 2 0 88 442 361 125 8 0 0 0 
0 342 270 197 131 83 1 0 0 365 347 165 124 23 0 0 183 529 229 83 0 0 0 0 
0 339 288 134 159 88 16 0 0 431 259 119 160 52 3 0 94 602 214 102 12 0 0 0 
0 377 209 152 196 84 5 1 2 463 204 157 164 31 3 0 123 548 245 101 5 2 0 0 
0 310 336 44 147 178 9 0 1 466 202 82 224 49 0 0 39 628 175 177 5 0 0 0 
2 472 119 57 144 184 40 6 9 534 81 82 235 75 8 0 138 476 182 191 32 5 0 0 
10 536 119 138 117 74 27 3 7 588 144 143 99 40 3 0 302 433 173 90 26 0 0 0 
1 587 149 143 129 15 0 0 1 634 158 160 71 0 0 0 257 549 179 39 0 0 0 0 
0 579 251 173 21 0 0 0 0 655 298 65 6 0 0 0 112 798 109 5 0 0 0 0 
14 667 148 185 10 0 0 0 0 760 226 38 0 0 0 0 180 717 126 1 0 0 0 0 
21 644 182 143 34 0 0 0 5 748 177 90 4 0 0 0 349 538 126 11 0 0 0 0 
13 792 123 68 28 0 0 0 14 851 89 63 7 0 0 0 416 521 66 21 0 0 0 0 
16 662 199 142 5 0 0 0 8 717 240 59 0 0 0 0 374 540 107 3 0 0 0 0 
35 785 186 18 0 0 0 0 21 828 167 8 0 0 0 0 408 593 23 0 0 0 0 0 
187 798 37 2 0 0 0 0 114 868 41 1 0 0 0 0 658 362 4 0 0 0 0 0 
319 693 12 0 0 0 0 0 225 785 14 0 0 0 0 0 774 250 0 0 0 0 0 0 
182 730 97 15 0 0 0 0 164 751 101 8 0 0 0 0 594 412 18 0 0 0 0 0 
144 624 219 36 1 0 0 0 101 705 199 19 0 0 0 0 288 670 64 2 0 0 0 0 
131 492 275 114 12 0 0 0 40 650 265 66 3 0 0 0 49 779 187 9 0 0 0 0 
101 857 64 2 0 0 0 0 73 907 44 0 0 0 0 0 84 879 61 0 0 0 0 0 
75 893 43 13 0 0 0 0 30 956 38 0 0 0 0 0 14 902 97 11 0 0 0 0 
58 809 132 25 0 0 0 0 13 898 110 3 0 0 0 0 0 722 274 28 0 0 0 0 
0 0 0 0 157 730 134 3 0 0 0 60 740 212 12 0 0 1 183 718 120 2 0 0 
0 0 0 2 217 720 82 3 0 0 2 80 775 160 7 0 0 3 229 712 77 3 0 0 
0 0 0 0 154 796 68 6 0 0 0 88 806 121 9 0 0 1 227 750 41 5 0 0 
0 0 0 6 255 695 67 1 0 0 0 118 773 132 1 0 0 7 289 688 39 1 0 0 
0 0 0 10 310 656 47 1 0 0 2 98 757 161 6 0 0 14 360 616 34 0 0 0 
0 0 0 5 266 670 81 2 0 0 0 66 700 249 9 0 0 6 366 596 56 0 0 0 
0 0 0 6 275 663 80 0 0 0 1 82 661 278 2 0 0 7 381 602 34 0 0 0 
0 0 0 12 281 565 162 4 0 0 0 33 665 318 8 0 0 9 326 605 83 1 0 0 
0 0 0 15 357 589 59 4 0 0 0 41 653 316 12 2 0 18 421 547 35 3 0 0 
0 0 3 47 468 427 59 20 0 0 3 69 637 281 18 16 1 30 480 461 34 12 6 0 
0 0 2 111 574 286 49 2 0 0 0 86 628 298 11 1 0 64 562 366 31 1 0 0 
0 0 5 62 620 313 20 4 0 0 6 57 670 273 16 2 6 42 616 336 21 3 0 0 
0 0 0 80 563 340 37 4 0 0 2 73 602 322 24 1 2 80 615 303 23 1 0 0 
0 0 95 349 485 86 8 1 0 0 78 274 534 130 7 1 13 287 611 105 7 1 0 0 
0 28 368 255 207 128 35 3 0 16 360 246 238 143 20 1 9 562 296 129 26 1 1 0 
0 234 337 112 175 133 29 4 0 107 429 128 194 135 28 3 78 569 235 114 25 3 0 0 
3 465 190 68 164 111 23 0 0 349 290 81 184 109 11 0 238 462 183 123 18 0 0 0 
0 551 143 87 112 112 17 2 0 489 200 97 148 84 6 0 270 480 155 104 14 1 0 0 
1 536 145 77 103 147 15 0 1 546 140 97 148 88 4 0 214 491 161 149 9 0 0 0 
1 656 90 104 104 61 8 0 1 649 83 116 126 44 5 0 294 489 164 68 9 0 0 0 
26 669 115 172 38 4 0 0 26 673 118 178 28 1 0 0 220 667 131 6 0 0 0 0 
0 699 191 129 5 0 0 0 0 698 223 101 2 0 0 0 206 736 81 1 0 0 0 0 
4 749 264 6 1 0 0 0 3 746 271 4 0 0 0 0 201 813 9 1 0 0 0 0 
3 996 25 0 0 0 0 0 1 987 36 0 0 0 0 0 317 707 0 0 0 0 0 0 
22 1002 0 0 0 0 0 0 18 1004 2 0 0 0 0 0 388 636 0 0 0 0 0 0 
62 962 0 0 0 0 0 0 44 980 0 0 0 0 0 0 421 603 0 0 0 0 0 0 
25 998 1 0 0 0 0 0 14 1010 0 0 0 0 0 0 428 596 0 0 0 0 0 0 
40 984 0 0 0 0 0 0 9 1015 0 0 0 0 0 0 609 415 0 0 0 0 0 0 
74 949 1 0 0 0 0 0 61 961 2 0 0 0 0 0 540 484 0 0 0 0 0 0 
70 954 0 0 0 0 0 0 47 977 0 0 0 0 0 0 500 524 0 0 0 0 0 0 
171 853 0 0 0 0 0 0 123 901 0 0 0 0 0 0 509 515 0 0 0 0 0 0 
74 950 0 0 0 0 0 0 53 971 0 0 0 0 0 0 463 561 0 0 0 0 0 0 
58 960 6 0 0 0 0 0 64 956 4 0 0 0 0 0 497 527 0 0 0 0 0 0 
68 950 6 0 0 0 0 0 54 966 4 0 0 0 0 0 748 276 0 0 0 0 0 0 
357 625 40 2 0 0 0 0 95 867 60 2 0 0 0 0 778 244 2 0 0 0 0 0 
181 609 216 17 1 0 0 0 25 772 218 8 1 0 0 0 427 561 34 2 0 0 0 0 
8 851 156 9 0 0 0 0 9 854 157 4 0 0 0 0 116 894 14 0 0 0 0 0 
7 975 42 0 0 0 0 0 5 978 41 0 0 0 0 0 171 850 3 0 0 0 0 0 
46 599 370 9 0 0 0 0 50 709 265 0 0 0 0 0 145 836 43 0 0 0 0 0 
57 482 431 54 0 0 0 0 57 623 335 9 0 0 0 0 59 767 198 0 0 0 0 0 
0 9 15 7 47 697 242 3 0 9 16 18 577 387 14 0 13 14 51 717 221 5 0 0 
0 0 8 23 73 774 143 0 0 0 8 44 642 327 1 0 0 14 89 813 107 0 0 0 
0 9 8 2 76 804 122 0 0 9 8 30 656 312 5 0 14 4 72 801 126 2 2 0 
0 7 22 5 160 763 65 0 0 9 19 60 739 187 6 0 12 17 172 749 69 3 0 0 
0 14 20 0 175 758 51 3 0 13 22 26 759 198 4 0 19 15 175 761 48 3 0 0 
0 7 28 34 375 523 48 6 0 9 27 68 694 209 13 1 22 47 413 507 28 4 0 0 
0 15 16 3 259 704 25 0 0 13 19 9 646 332 2 0 24 9 366 614 8 0 0 0 
0 7 19 8 189 740 56 1 0 4 24 17 550 423 2 1 16 20 307 659 17 1 0 0 
0 1 17 40 535 399 20 8 0 0 17 51 646 291 12 4 3 49 556 391 18 4 0 0 
0 2 24 100 557 295 40 3 0 2 23 93 640 244 17 2 11 69 596 302 39 3 1 0 
0 0 19 233 579 169 16 4 0 0 12 93 702 199 13 2 3 105 662 227 22 3 0 0 
0 0 6 212 612 164 14 13 0 0 1 148 658 187 13 14 7 157 577 243 13 6 5 12 
0 0 4 187 526 220 40 44 0 0 3 125 603 225 26 39 0 147 525 257 51 13 3 25 
0 0 2 157 534 229 49 50 0 0 1 60 603 275 44 38 0 96 545 275 61 9 4 30 
0 0 6 177 527 220 39 51 0 0 3 112 603 218 39 46 5 111 542 271 41 12 3 35 
0 0 1 72 485 382 44 37 0 0 1 78 548 323 35 37 1 54 459 408 64 2 1 34 
0 0 0 29 368 482 97 46 0 0 0 52 517 357 51 44 0 18 359 488 109 9 3 34 
0 0 0 70 403 399 94 55 0 0 1 104 464 340 69 43 0 57 406 401 105 17 0 35 
0 0 2 92 493 327 67 40 0 0 5 151 550 243 35 37 0 59 462 378 76 11 2 34 
0 0 8 222 564 173 19 34 0 0 18 274 549 137 8 34 0 124 561 269 34 0 5 28 
0 1 51 368 461 98 7 35 0 2 102 440 361 77 4 35 3 220 574 166 23 0 2 33 
0 73 305 361 182 56 8 35 5 80 395 317 145 38 5 35 59 476 326 101 20 3 3 32 
0 237 306 262 150 30 1 35 0 268 301 275 126 16 0 35 97 504 313 67 6 0 0 35 
6 467 172 189 122 35 7 22 4 475 218 186 98 14 4 22 346 358 218 64 8 2 3 22 
1 461 196 205 114 35 3 6 5 484 224 215 77 11 0 6 198 563 192 56 4 2 3 3 
1 412 208 286 101 8 4 0 1 421 254 259 75 7 4 0 94 611 258 44 8 3 3 0 
18 443 220 238 94 7 0 0 7 470 324 192 27 2 0 0 232 531 222 30 4 1 0 0 
12 644 217 131 16 0 2 0 4 646 291 70 8 0 2 0 316 602 88 9 4 0 2 0 
18 600 350 44 6 1 2 0 12 647 322 34 3 2 2 0 325 627 58 5 3 1 2 0 
0 545 475 3 0 0 0 0 2 623 397 1 0 0 0 0 195 812 16 0 0 0 0 0 
5 634 366 16 1 0 0 0 5 708 302 6 1 0 0 0 248 739 34 2 0 0 0 0 
13 720 259 30 0 0 0 0 9 804 206 3 0 0 0 0 225 752 46 0 0 0 0 0 
8 865 129 13 4 2 1 0 13 905 83 13 4 1 1 1 328 660 17 9 3 0 2 1 
4 590 400 20 2 1 3 1 7 777 216 14 2 1 3 1 113 862 28 11 2 0 3 2 
62 668 259 15 0 4 11 2 65 732 203 5 0 3 5 8 291 679 30 3 1 1 6 9 
100 788 98 8 4 6 15 1 65 845 77 5 7 5 6 11 460 525 3 2 8 5 5 13 
52 894 40 3 1 9 8 12 23 930 35 3 1 6 9 14 387 595 5 1 3 4 11 15 
16 728 240 23 9 2 2 1 32 763 196 18 7 2 2 1 235 715 46 14 2 6 3 1 
8 713 286 14 0 0 0 0 5 700 308 8 0 0 0 0 165 790 66 2 0 0 0 0 
17 886 109 7 1 1 1 0 20 883 107 8 1 1 1 0 224 753 35 6 2 1 1 0 
