304 544 76 28 23 27 15 7 32 788 103 26 28 28 12 7 923 31 32 16 17 4 1 0 
47 243 126 120 131 131 122 104 63 198 129 100 129 146 127 132 366 167 138 140 93 92 25 3 
88 541 70 50 69 66 63 77 1 587 116 49 63 45 62 101 692 60 66 69 61 53 19 4 
5 233 142 132 113 126 144 129 0 97 198 132 119 112 131 235 236 154 147 129 139 112 50 57 
1 16 70 164 250 208 166 149 0 1 38 130 232 251 163 209 67 236 248 190 142 90 32 19 
1 35 88 131 202 221 192 154 0 11 46 102 173 235 201 256 96 241 164 189 102 117 54 61 
2 102 238 176 180 132 120 74 0 4 158 201 188 158 124 191 11 177 221 180 143 101 81 110 
0 37 157 179 215 150 157 129 0 1 70 163 218 179 170 223 32 186 211 184 177 144 64 26 
0 31 178 225 215 147 134 94 0 0 76 234 230 162 135 187 6 170 235 186 162 132 83 50 
0 9 73 163 133 137 387 122 0 0 11 125 124 121 123 520 0 11 75 109 84 97 102 546 
0 1 43 79 75 109 579 138 0 0 0 20 50 66 89 799 0 0 5 15 32 51 77 844 
1 95 340 165 110 98 153 62 0 2 129 286 147 109 107 244 0 17 186 150 137 96 116 322 
1 97 262 136 112 143 209 64 0 0 57 222 172 97 119 357 0 11 113 120 124 110 101 445 
8 179 251 157 117 108 143 61 0 0 97 246 161 142 121 257 2 42 157 137 122 122 111 331 
5 99 264 299 146 97 84 30 0 7 198 297 207 111 74 130 5 176 248 166 105 74 82 168 
8 325 310 168 86 56 36 35 0 46 351 292 137 81 48 69 70 507 210 91 56 42 25 23 
12 164 239 234 180 88 68 39 0 32 239 285 200 109 70 89 126 359 183 118 71 82 38 47 
1 9 101 257 357 201 60 38 0 4 93 436 321 84 52 34 363 399 138 66 30 15 5 8 
0 25 110 133 205 271 156 124 0 11 126 278 278 152 80 99 313 432 167 58 21 20 7 6 
1 6 60 135 278 283 161 100 0 1 40 245 344 182 111 101 216 374 168 92 57 51 32 34 
0 122 253 193 185 160 67 44 0 6 249 306 257 108 54 44 176 490 185 74 41 28 15 15 
2 144 329 288 134 60 40 27 0 21 179 351 221 120 67 65 92 517 193 71 47 34 22 48 
0 7 76 183 296 202 170 90 0 0 2 89 266 224 212 231 65 285 225 138 94 68 55 94 
0 0 4 55 199 255 304 207 0 0 0 74 218 183 180 369 79 231 189 123 75 59 56 212 
0 0 1 48 193 216 385 181 0 0 0 23 168 164 179 490 27 104 61 78 76 81 125 472 
0 0 3 66 296 258 204 197 0 0 2 100 306 176 166 274 39 290 207 115 67 95 64 147 
0 2 14 114 163 199 386 146 0 0 10 113 130 139 153 479 6 78 140 107 80 101 85 427 
0 5 70 254 249 183 209 54 0 0 63 398 143 88 88 244 0 21 299 202 84 80 68 270 
3 10 85 155 178 156 317 120 0 1 105 228 159 80 89 362 0 19 185 180 105 80 88 367 
9 102 350 259 115 79 94 16 0 92 344 220 119 70 60 119 0 62 282 194 150 92 77 167 
3 21 181 140 113 180 370 16 0 2 197 87 66 92 121 459 0 9 199 94 56 59 57 550 
90 367 274 179 86 14 14 0 6 430 243 163 147 18 6 11 136 547 203 90 12 9 9 18 
685 270 34 8 10 12 4 1 360 587 35 6 12 9 10 5 975 20 9 10 3 7 0 0 
387 300 53 103 73 48 33 27 291 387 32 62 111 59 47 35 761 94 68 42 32 20 6 1 
14 488 146 81 88 82 69 56 0 462 151 84 98 84 70 75 603 126 79 79 70 40 23 4 
0 53 169 177 185 159 141 140 0 13 109 187 199 169 186 161 87 206 199 175 146 112 62 37 
0 53 121 147 211 187 162 143 0 11 108 127 203 202 175 198 148 294 176 137 117 86 44 22 
11 115 149 104 149 128 181 187 0 38 143 96 137 143 146 321 48 216 162 154 137 124 73 110 
20 164 225 193 137 124 94 67 0 29 191 211 176 126 125 166 29 217 192 172 136 112 70 96 
2 175 277 204 138 93 74 61 0 24 237 250 177 129 89 118 59 370 236 147 112 50 35 15 
1 133 353 210 125 83 80 39 0 21 302 286 142 107 70 96 19 323 207 135 94 83 64 99 
0 4 114 165 131 194 281 135 0 0 20 118 121 133 166 466 0 17 61 93 112 114 163 464 
0 6 15 37 48 54 343 521 0 0 3 11 24 45 68 873 0 0 3 18 16 35 67 885 
0 17 119 116 141 137 272 222 0 0 8 67 121 117 131 580 0 0 20 39 78 89 130 668 
1 121 255 95 102 97 209 144 0 0 48 223 133 94 106 420 0 15 118 114 100 87 82 508 
10 268 312 162 77 79 83 33 0 7 208 314 185 75 75 160 3 200 266 121 93 68 59 214 
5 157 259 179 107 103 142 72 0 1 128 255 157 112 104 267 0 110 178 116 96 88 101 335 
5 323 293 142 103 41 73 44 1 184 353 181 107 50 27 121 24 446 158 111 56 64 33 132 
8 207 184 130 115 120 164 96 0 12 164 165 127 133 97 326 26 164 105 94 83 90 107 355 
4 325 345 162 120 47 13 8 0 29 406 343 150 60 29 7 242 533 134 54 35 17 6 3 
2 110 230 200 218 209 46 9 0 37 316 322 265 62 14 8 349 472 127 39 23 6 7 1 
2 33 222 276 241 128 87 35 0 6 144 347 226 154 95 52 155 384 184 99 83 61 24 34 
0 116 472 281 90 41 18 6 0 9 437 385 116 39 24 14 273 491 134 56 25 19 16 10 
2 151 541 229 59 25 15 2 0 20 402 414 111 40 25 12 243 519 116 67 31 23 11 14 
2 28 229 346 220 110 69 20 0 2 85 386 250 152 79 70 82 376 227 135 59 44 41 60 
0 2 51 210 243 197 172 149 0 0 14 211 289 150 143 217 121 413 212 101 58 26 28 65 
0 0 2 50 229 228 293 222 0 0 0 15 187 188 217 417 54 223 173 105 82 78 63 246 
0 0 16 157 258 209 254 130 0 0 0 177 240 137 127 343 17 168 176 121 70 65 70 337 
0 1 6 42 102 108 561 204 0 0 0 11 101 92 98 722 0 11 70 73 60 53 81 676 
0 4 17 148 204 101 457 93 0 1 36 128 146 98 77 538 0 11 134 103 76 63 66 571 
0 1 47 160 207 128 410 71 0 0 72 202 143 76 75 456 0 12 153 127 114 60 73 485 
0 29 282 377 150 89 84 13 0 34 366 311 118 55 45 95 0 89 417 241 62 50 46 119 
2 102 329 164 121 128 147 31 0 65 356 156 90 62 73 222 0 92 298 126 84 80 70 274 
147 610 128 108 22 5 3 1 0 690 152 114 51 10 2 5 68 747 157 34 5 6 2 5 
206 590 81 33 31 27 27 29 14 776 79 42 27 26 23 37 858 68 34 19 19 10 4 12 
53 332 75 75 146 140 111 92 5 357 74 61 116 155 142 114 515 120 148 104 66 36 23 12 
5 114 142 152 141 126 143 201 0 101 54 178 151 136 142 262 170 181 184 153 111 95 86 44 
2 108 197 168 169 133 115 132 0 12 204 186 181 148 122 171 126 243 175 141 124 110 65 40 
0 52 131 158 133 159 191 200 0 5 101 126 143 137 177 335 177 209 175 130 126 101 72 34 
0 4 26 96 150 225 260 263 0 0 4 30 121 188 260 421 40 148 188 185 183 141 79 60 
0 15 98 100 124 179 206 302 0 1 34 81 100 122 190 496 12 110 176 172 179 177 120 78 
1 222 385 187 95 55 45 34 0 34 315 327 144 86 52 66 73 445 237 113 65 54 22 15 
1 59 275 230 144 122 117 76 0 14 150 271 182 134 94 179 20 182 193 151 112 118 91 157 
1 38 135 162 150 183 236 119 0 2 30 117 151 141 161 422 0 33 83 92 116 92 124 484 
1 75 258 297 159 111 99 24 0 1 143 244 230 140 102 164 9 193 239 174 101 71 77 160 
0 12 130 152 165 177 238 150 0 0 5 70 153 140 180 476 3 65 108 85 81 92 109 481 
0 113 408 191 96 80 99 37 0 1 159 335 170 102 77 180 7 222 204 128 98 64 84 217 
5 148 244 201 130 132 115 49 0 0 83 271 206 138 128 198 2 50 166 168 160 105 117 256 
2 155 284 236 142 101 75 29 0 1 184 372 167 106 78 116 3 202 252 156 103 83 76 149 
25 321 243 137 113 107 65 13 0 75 309 235 148 112 77 68 26 279 180 154 108 120 63 94 
34 503 201 94 72 67 43 10 0 139 375 200 102 75 60 73 65 361 167 99 86 63 65 118 
38 344 285 144 91 65 40 17 0 75 317 251 155 95 66 65 152 398 140 96 76 55 51 56 
1 129 235 259 223 133 31 13 0 13 235 296 245 154 56 25 157 365 210 151 102 32 5 2 
1 108 179 201 203 154 123 55 0 2 130 286 269 174 95 68 234 340 197 111 57 44 21 20 
0 25 185 191 212 201 121 89 0 4 125 181 222 209 163 120 51 215 219 207 139 100 58 35 
0 217 290 241 146 80 39 11 0 18 343 343 174 70 46 30 103 374 230 137 81 42 21 36 
1 128 327 282 153 89 35 9 0 14 209 381 228 112 50 30 59 388 230 149 106 40 21 31 
0 1 119 346 321 149 60 28 0 0 24 312 433 160 57 38 105 457 300 101 39 16 4 2 
0 18 204 289 214 169 93 37 0 0 12 213 407 191 102 99 32 356 320 160 66 43 25 22 
0 13 134 233 178 156 222 88 0 0 1 127 273 155 116 352 0 57 201 166 97 71 66 366 
0 0 5 10 12 25 310 662 0 0 0 0 4 9 17 994 0 0 0 2 5 4 7 1006 
0 0 0 15 91 66 425 427 0 0 0 24 33 41 64 862 0 0 31 23 17 20 41 892 
0 0 0 31 80 60 577 276 0 0 0 27 70 53 34 840 0 0 36 30 18 42 40 858 
0 16 112 234 131 189 252 90 0 0 93 223 102 89 101 416 0 0 22 123 124 124 108 523 
0 24 170 166 122 197 307 38 0 10 185 157 129 97 87 359 0 14 157 206 82 74 69 422 
1 251 299 73 81 84 133 102 0 287 267 71 115 83 48 153 0 299 278 116 78 61 42 150 
30 417 82 89 101 111 103 91 0 400 122 72 116 109 99 106 555 111 112 95 71 43 23 14 
2 119 186 198 199 132 115 73 0 37 192 215 196 147 132 105 391 277 156 88 57 31 22 2 
1 37 125 163 187 190 172 149 0 2 90 173 170 191 209 189 179 258 208 141 95 73 45 25 
4 56 84 131 168 191 190 200 0 10 89 113 147 183 198 284 116 177 186 170 139 130 63 43 
4 25 72 146 211 204 209 153 0 3 49 104 200 202 217 249 195 265 209 140 118 60 22 15 
0 20 47 87 165 210 274 221 0 0 14 65 131 167 249 398 104 184 206 174 153 103 59 41 
0 4 47 117 187 240 209 220 0 0 11 60 174 216 211 352 33 124 176 193 168 153 109 68 
0 74 210 141 133 132 150 184 0 17 173 154 113 129 136 302 43 251 183 158 151 140 63 35 
2 93 245 176 115 127 110 156 0 6 111 258 151 115 99 284 10 154 166 160 104 117 78 235 
4 215 296 137 116 94 92 70 0 55 258 245 151 101 90 124 63 351 244 112 78 42 49 85 
4 285 318 174 108 63 48 24 0 78 398 240 142 74 60 32 157 520 185 80 49 25 7 1 
5 197 313 242 140 63 43 21 0 25 274 305 213 97 66 44 172 440 220 113 38 26 11 4 
14 238 405 187 97 39 31 13 0 23 315 359 161 94 40 32 154 474 254 88 38 14 2 0 
67 466 213 120 55 35 29 39 0 326 303 189 87 44 34 41 239 448 128 68 38 40 29 34 
16 271 116 175 226 126 69 25 0 192 157 189 198 147 88 53 216 255 164 167 106 67 30 19 
110 668 149 43 22 17 10 5 0 407 403 110 41 32 15 16 379 442 85 46 25 13 19 15 
22 255 263 157 122 86 72 47 2 112 181 196 190 119 94 130 108 321 193 106 86 63 43 104 
30 522 291 102 49 17 9 4 0 35 437 362 112 49 19 10 207 595 147 51 12 7 3 2 
11 413 269 160 95 39 27 10 0 43 365 312 155 77 39 33 225 502 182 69 28 15 3 0 
23 372 296 163 75 54 28 13 0 74 327 327 130 81 52 33 264 510 111 53 32 22 17 15 
0 13 182 220 228 189 166 26 0 0 12 148 207 249 193 215 137 206 134 100 93 82 77 195 
2 172 292 133 100 94 155 76 0 29 242 219 128 90 90 226 34 325 156 100 73 69 95 172 
3 111 339 249 146 89 59 28 0 6 212 368 209 102 52 75 12 298 256 151 110 58 58 81 
0 78 301 305 184 72 49 35 0 18 244 362 213 87 46 54 78 438 264 124 66 32 14 8 
0 33 254 283 181 117 92 64 0 0 148 280 210 163 101 122 33 366 328 171 71 27 19 9 
0 37 265 321 193 116 65 27 0 0 16 277 345 185 96 105 10 207 355 186 99 47 35 85 
0 11 166 222 157 112 167 189 0 0 10 152 220 143 102 397 0 26 144 163 117 87 80 407 
0 0 1 10 6 63 210 734 0 0 0 0 5 6 31 982 0 0 0 4 4 6 4 1006 
0 0 0 0 0 0 27 997 0 0 0 0 0 0 0 1024 0 0 0 0 0 0 0 1024 
0 1 23 40 50 113 435 362 0 0 0 34 38 27 61 864 0 0 0 0 3 47 42 932 
3 25 47 125 93 94 225 412 0 0 60 116 49 55 96 648 0 0 1 109 58 46 66 744 
0 27 394 33 15 17 9 529 0 12 423 28 13 12 10 526 0 52 316 49 27 20 21 539 
5 60 79 107 173 204 188 208 0 14 90 113 177 186 195 249 183 176 167 159 159 99 59 22 
0 10 36 107 261 239 203 168 0 1 25 76 258 230 238 196 216 238 166 164 116 91 24 9 
3 202 492 57 73 58 57 82 0 1 173 548 73 68 75 86 703 86 65 60 55 30 22 3 
1 57 158 174 170 169 149 146 0 5 118 205 175 169 169 183 207 241 177 153 107 76 45 18 
2 173 205 193 165 116 102 68 0 32 272 192 184 123 122 99 340 252 168 117 59 48 24 16 
2 86 236 292 161 123 81 43 0 17 153 263 239 158 90 104 257 254 183 116 79 56 35 44 
3 50 105 129 155 197 211 174 0 4 67 110 136 159 201 347 32 139 157 162 152 133 88 161 
12 267 245 219 119 61 48 53 0 164 237 220 175 78 65 85 183 330 197 140 75 46 32 21 
14 267 373 185 92 54 30 9 0 103 317 305 149 73 56 21 130 417 233 122 72 27 15 8 
1 119 294 258 155 115 45 37 0 33 218 320 197 120 69 67 236 419 209 90 44 18 8 0 
1 43 97 204 210 170 149 150 0 4 68 166 189 198 193 206 82 235 214 171 139 99 60 24 
0 16 110 264 180 150 151 153 0 1 72 214 187 166 152 232 84 217 229 143 154 103 77 17 
35 313 197 123 169 89 73 25 0 106 292 262 158 90 63 53 263 300 185 180 50 29 12 5 
35 441 220 84 191 33 15 5 0 269 353 218 62 28 58 36 539 289 123 62 11 0 0 0 
12 229 236 147 192 94 41 73 7 100 198 327 162 99 71 60 351 195 149 150 61 55 51 12 
0 60 244 188 191 128 106 107 9 123 66 235 190 148 103 150 189 189 241 176 104 46 50 29 
4 60 374 165 207 102 61 51 79 176 55 195 192 131 89 107 255 150 188 191 86 65 45 44 
0 248 342 148 173 51 38 24 57 140 242 292 127 60 44 62 192 284 260 164 52 24 14 34 
8 220 391 173 94 57 41 40 0 35 346 326 111 72 58 76 175 394 210 102 54 35 24 30 
13 259 310 212 108 60 42 20 0 31 247 332 182 124 58 50 119 446 203 98 53 45 26 34 
0 166 356 244 146 58 30 24 0 31 297 315 198 93 55 35 247 409 181 89 45 19 21 13 
0 207 380 164 108 61 63 41 0 18 324 252 153 118 73 86 257 378 156 50 47 38 37 61 
0 73 312 218 152 99 110 60 0 0 106 268 204 145 108 193 101 263 149 108 77 62 56 208 
2 121 305 237 145 108 82 24 0 33 286 256 139 118 97 95 12 264 190 156 112 99 83 108 
3 150 584 206 49 24 6 2 0 41 612 270 60 23 13 5 13 605 252 78 40 15 11 10 
0 50 304 451 154 41 16 8 0 1 162 485 250 74 34 18 3 341 410 144 57 35 18 16 
3 30 152 196 165 119 174 185 0 0 17 152 219 143 142 351 0 45 159 157 108 89 97 369 
0 0 0 12 27 20 34 931 0 0 0 0 4 20 22 978 0 0 0 12 12 10 19 971 
0 0 0 0 0 0 8 1016 0 0 0 0 0 0 0 1024 0 0 0 0 0 0 0 1024 
0 0 0 4 6 52 398 564 0 0 0 0 1 6 18 999 0 0 0 0 0 0 7 1017 
1 26 46 123 123 134 162 409 0 0 22 150 71 76 80 625 0 0 0 53 112 73 75 711 
0 140 190 30 15 11 40 598 0 44 299 24 11 10 12 624 0 39 229 48 34 18 16 640 
37 326 124 116 117 93 108 103 11 299 192 127 95 104 89 107 472 118 154 107 81 71 12 9 
25 349 190 84 96 121 84 75 28 382 162 61 108 109 91 83 583 142 118 73 58 39 7 4 
43 479 437 19 8 10 10 18 0 216 283 472 4 11 14 24 940 23 25 17 7 9 2 1 
14 575 230 88 49 24 23 21 0 73 516 258 93 34 26 24 763 99 61 44 30 22 5 0 
0 510 439 29 18 9 9 10 0 74 848 48 21 17 6 10 922 38 23 14 14 8 2 3 
0 216 581 71 58 31 27 40 172 158 433 99 60 42 23 37 800 72 52 43 19 22 11 5 
0 204 421 136 104 61 65 33 238 261 199 126 52 44 48 56 639 98 134 69 37 26 15 6 
0 156 537 225 88 9 5 4 404 293 180 109 18 11 4 5 701 133 129 42 12 5 2 0 
0 95 538 181 45 31 19 115 439 300 79 50 37 26 42 51 725 97 62 42 45 53 0 0 
0 66 531 275 50 25 20 57 464 309 85 66 33 15 28 24 734 115 62 52 21 39 1 0 
0 64 510 368 57 8 13 4 416 322 199 66 13 6 2 0 691 150 156 19 6 2 0 0 
0 65 521 341 97 0 0 0 440 299 229 56 0 0 0 0 685 120 187 32 0 0 0 0 
0 60 512 210 219 18 5 0 436 242 130 196 20 0 0 0 648 84 109 183 0 0 0 0 
0 72 494 243 215 0 0 0 446 254 114 210 0 0 0 0 662 79 98 167 18 0 0 0 
0 80 441 237 266 0 0 0 441 179 105 299 0 0 0 0 584 53 91 173 123 0 0 0 
0 86 394 196 348 0 0 0 415 155 116 338 0 0 0 0 542 65 87 161 169 0 0 0 
0 81 337 211 395 0 0 0 367 127 141 389 0 0 0 0 463 64 165 332 0 0 0 0 
27 320 368 220 89 0 0 0 273 334 352 65 0 0 0 0 552 146 301 25 0 0 0 0 
71 247 537 123 19 6 12 9 77 203 517 180 20 12 5 10 193 355 407 40 11 6 5 7 
7 258 324 233 91 44 36 31 0 64 294 336 161 76 48 45 159 344 179 163 65 42 39 33 
1 167 426 236 92 38 44 20 0 38 346 302 165 74 49 50 174 401 158 95 77 42 35 42 
0 198 399 209 123 60 23 12 0 20 376 310 162 100 36 20 222 404 187 94 54 28 18 17 
1 212 448 193 105 41 19 5 0 19 417 325 152 67 35 9 218 484 164 87 36 24 8 3 
1 179 344 196 125 67 77 35 0 6 302 279 165 99 83 90 15 348 210 122 103 84 56 86 
9 230 475 169 73 44 17 7 0 34 510 263 103 52 28 34 1 382 286 135 86 52 40 42 
7 150 338 203 141 101 67 17 0 2 268 298 156 106 90 104 0 141 257 159 119 107 84 157 
3 105 375 205 108 63 56 109 0 0 87 343 221 111 63 199 0 47 356 200 116 51 47 207 
0 21 110 44 38 67 107 637 0 0 0 52 75 45 44 808 0 1 103 36 43 34 45 762 
0 0 0 0 0 0 0 1024 0 0 0 0 0 0 0 1024 0 0 0 0 0 0 0 1024 
0 0 0 1 4 17 196 806 0 0 0 0 1 3 9 1011 0 0 0 0 0 0 2 1022 
2 33 64 161 94 125 215 330 0 0 51 155 69 62 95 592 0 0 1 48 105 110 84 676 
0 144 100 37 14 12 12 705 0 96 158 30 11 12 8 709 0 33 160 49 29 14 22 717 
5 297 166 455 101 0 0 0 44 521 433 26 0 0 0 0 648 376 0 0 0 0 0 0 
2 421 537 64 0 0 0 0 20 318 429 257 0 0 0 0 984 39 1 0 0 0 0 0 
96 651 272 5 0 0 0 0 0 530 408 86 0 0 0 0 1023 1 0 0 0 0 0 0 
22 873 98 30 1 0 0 0 4 530 470 20 0 0 0 0 972 50 2 0 0 0 0 0 
0 626 332 62 4 0 0 0 37 338 639 10 0 0 0 0 881 128 15 0 0 0 0 0 
0 271 390 134 229 0 0 0 82 181 502 259 0 0 0 0 668 90 251 15 0 0 0 0 
2 111 537 254 120 0 0 0 207 299 288 223 7 0 0 0 585 177 180 78 4 0 0 0 
0 3 347 300 374 0 0 0 279 230 199 316 0 0 0 0 494 103 215 212 0 0 0 0 
0 3 390 272 359 0 0 0 386 134 240 264 0 0 0 0 499 122 269 134 0 0 0 0 
0 0 529 92 403 0 0 0 483 65 215 261 0 0 0 0 539 31 263 191 0 0 0 0 
0 0 575 41 408 0 0 0 494 95 70 365 0 0 0 0 581 17 115 311 0 0 0 0 
0 3 622 29 370 0 0 0 589 44 31 360 0 0 0 0 622 21 83 298 0 0 0 0 
0 2 574 119 329 0 0 0 401 278 14 331 0 0 0 0 643 40 12 326 3 0 0 0 
0 117 522 102 283 0 0 0 572 140 30 282 0 0 0 0 716 9 37 262 0 0 0 0 
0 400 289 98 237 0 0 0 578 181 67 198 0 0 0 0 752 18 96 151 7 0 0 0 
0 148 559 124 193 0 0 0 619 181 111 113 0 0 0 0 787 29 126 78 4 0 0 0 
0 0 565 290 169 0 0 0 524 256 96 148 0 0 0 0 830 13 43 136 2 0 0 0 
0 74 570 280 100 0 0 0 581 361 82 0 0 0 0 0 980 31 13 0 0 0 0 0 
88 359 331 245 1 0 0 0 252 720 50 2 0 0 0 0 902 109 13 0 0 0 0 0 
7 255 296 324 55 39 27 21 65 285 155 338 67 48 39 27 348 175 151 239 32 29 20 30 
0 69 163 255 147 155 178 57 0 32 69 241 140 145 156 241 33 147 158 195 130 111 99 151 
0 68 239 196 150 152 159 60 0 3 113 245 170 163 160 170 67 233 155 157 135 97 81 99 
0 83 246 181 166 163 130 55 0 1 136 222 172 169 159 165 49 243 177 161 115 101 77 101 
0 10 50 81 107 179 384 213 0 0 14 52 63 95 190 610 3 27 51 82 88 135 143 495 
3 119 167 137 155 169 215 59 0 5 64 173 122 146 149 365 0 28 85 119 105 108 139 440 
9 115 175 140 138 151 181 115 0 0 65 143 147 137 149 383 0 15 86 111 124 103 135 450 
3 554 315 102 33 11 6 0 0 29 638 243 89 20 5 0 0 504 417 76 20 4 3 0 
8 79 96 62 47 64 62 606 0 0 62 71 61 46 45 739 0 46 107 53 32 25 45 716 
0 0 0 0 0 3 10 1011 0 0 0 0 0 0 0 1024 0 0 0 0 0 0 0 1024 
0 0 0 0 0 0 34 990 0 0 0 0 0 0 0 1024 0 0 0 0 0 0 0 1024 
2 21 91 139 92 96 205 378 0 0 40 138 95 74 68 609 0 0 0 43 113 88 93 687 
0 108 84 18 20 26 113 655 0 67 123 21 12 10 31 760 0 72 124 34 29 24 23 718 
61 627 202 130 4 0 0 0 197 620 203 4 0 0 0 0 998 23 3 0 0 0 0 0 
50 625 225 124 0 0 0 0 5 880 138 1 0 0 0 0 1017 5 2 0 0 0 0 0 
80 598 180 163 3 0 0 0 1 528 486 2 6 1 0 0 1012 4 0 1 3 4 0 0 
81 721 154 68 0 0 0 0 51 748 219 4 1 1 0 0 1012 7 2 1 1 1 0 0 
16 928 77 0 3 0 0 0 104 604 310 4 0 2 0 0 1017 5 1 1 0 0 0 0 
6 745 258 11 3 1 0 0 63 396 525 31 5 2 2 0 999 7 6 3 4 1 2 2 
61 380 534 49 0 0 0 0 488 365 47 124 0 0 0 0 1020 4 0 0 0 0 0 0 
46 221 740 17 0 0 0 0 989 35 0 0 0 0 0 0 1024 0 0 0 0 0 0 0 
0 43 972 9 0 0 0 0 897 127 0 0 0 0 0 0 1024 0 0 0 0 0 0 0 
0 31 987 6 0 0 0 0 918 106 0 0 0 0 0 0 1024 0 0 0 0 0 0 0 
8 101 909 6 0 0 0 0 960 64 0 0 0 0 0 0 1024 0 0 0 0 0 0 0 
42 125 836 21 0 0 0 0 912 112 0 0 0 0 0 0 1024 0 0 0 0 0 0 0 
113 541 370 0 0 0 0 0 1017 7 0 0 0 0 0 0 1024 0 0 0 0 0 0 0 
0 469 381 174 0 0 0 0 797 227 0 0 0 0 0 0 1024 0 0 0 0 0 0 0 
14 395 464 151 0 0 0 0 908 116 0 0 0 0 0 0 1024 0 0 0 0 0 0 0 
0 507 279 238 0 0 0 0 770 253 1 0 0 0 0 0 1024 0 0 0 0 0 0 0 
0 178 446 399 1 0 0 0 545 450 29 0 0 0 0 0 1024 0 0 0 0 0 0 0 
0 3 599 385 37 0 0 0 529 481 14 0 0 0 0 0 1024 0 0 0 0 0 0 0 
0 116 559 323 26 0 0 0 443 567 14 0 0 0 0 0 1024 0 0 0 0 0 0 0 
22 138 266 592 6 0 0 0 169 823 32 0 0 0 0 0 1008 16 0 0 0 0 0 0 
13 286 354 327 27 9 6 2 71 395 212 282 41 12 5 6 432 219 116 223 15 9 5 5 
0 45 147 289 154 148 174 67 0 9 54 244 261 155 164 137 7 151 166 255 127 120 91 107 
0 43 123 131 161 202 276 88 0 0 31 124 138 175 197 359 5 95 120 143 153 134 126 248 
0 0 9 50 92 180 419 274 0 0 0 2 32 101 224 665 0 2 24 68 88 105 179 558 
10 165 203 97 86 93 173 197 0 0 155 213 79 78 110 389 0 13 221 131 85 71 97 406 
46 274 322 83 70 64 68 97 0 0 231 311 115 83 66 218 0 117 270 154 103 66 60 254 
32 577 263 46 45 25 19 17 0 20 544 257 67 43 36 57 2 488 305 63 31 36 36 63 
5 62 343 121 93 83 83 234 0 0 14 281 176 75 85 393 0 172 202 81 68 46 63 392 
0 13 191 152 109 127 165 267 0 0 3 155 131 111 103 521 0 76 233 83 67 66 72 427 
0 0 0 0 1 6 16 1001 0 0 0 0 0 0 0 1024 0 0 0 0 0 6 7 1011 
0 22 70 163 75 98 148 448 0 0 25 165 93 71 54 616 0 0 0 65 104 96 80 679 
0 49 71 46 95 149 195 419 0 47 71 16 39 79 156 616 0 70 64 72 91 98 94 535 
41 696 124 158 4 1 0 0 1 625 389 3 6 0 0 0 1000 11 5 3 4 1 0 0 
238 346 98 340 2 0 0 0 38 644 319 19 4 0 0 0 939 49 30 6 0 0 0 0 
114 410 202 296 2 0 0 0 22 508 473 12 7 2 0 0 962 40 10 6 4 1 1 0 
128 501 175 220 0 0 0 0 1 686 317 18 2 0 0 0 1020 4 0 0 0 0 0 0 
146 275 436 167 0 0 0 0 9 253 563 199 0 0 0 0 1024 0 0 0 0 0 0 0 
27 333 300 357 7 0 0 0 202 339 389 94 0 0 0 0 1024 0 0 0 0 0 0 0 
170 234 222 381 17 0 0 0 435 316 269 4 0 0 0 0 1009 15 0 0 0 0 0 0 
69 338 162 441 14 0 0 0 437 337 250 0 0 0 0 0 1024 0 0 0 0 0 0 0 
22 375 148 445 34 0 0 0 416 301 307 0 0 0 0 0 1024 0 0 0 0 0 0 0 
1 334 180 494 15 0 0 0 391 324 309 0 0 0 0 0 1024 0 0 0 0 0 0 0 
51 330 48 583 12 0 0 0 384 288 352 0 0 0 0 0 1024 0 0 0 0 0 0 0 
26 282 104 585 27 0 0 0 352 228 444 0 0 0 0 0 1024 0 0 0 0 0 0 0 
53 214 144 589 24 0 0 0 320 275 423 6 0 0 0 0 1012 12 0 0 0 0 0 0 
28 263 237 479 17 0 0 0 288 422 314 0 0 0 0 0 1024 0 0 0 0 0 0 0 
257 438 142 187 0 0 0 0 689 250 85 0 0 0 0 0 1024 0 0 0 0 0 0 0 
16 331 449 228 0 0 0 0 924 100 0 0 0 0 0 0 1024 0 0 0 0 0 0 0 
1 547 229 247 0 0 0 0 979 45 0 0 0 0 0 0 1024 0 0 0 0 0 0 0 
0 550 285 189 0 0 0 0 828 196 0 0 0 0 0 0 1024 0 0 0 0 0 0 0 
0 380 472 172 0 0 0 0 710 314 0 0 0 0 0 0 1024 0 0 0 0 0 0 0 
0 249 502 265 8 0 0 0 734 290 0 0 0 0 0 0 1024 0 0 0 0 0 0 0 
6 310 248 460 0 0 0 0 363 643 18 0 0 0 0 0 1018 6 0 0 0 0 0 0 
17 290 290 261 99 22 20 25 116 439 183 80 135 24 25 22 534 221 43 131 40 19 25 11 
0 47 175 217 235 118 143 89 0 18 50 231 284 138 138 165 10 178 179 279 189 98 60 31 
0 0 20 64 115 222 334 269 0 0 0 3 58 86 184 693 1 32 94 127 153 107 90 420 
0 1 17 18 28 118 214 628 0 0 0 3 12 24 56 929 0 0 2 16 41 59 60 846 
4 280 177 184 179 39 37 124 0 7 308 170 257 57 40 185 0 219 210 256 55 33 45 206 
18 554 288 65 30 29 24 16 0 67 484 265 79 38 35 56 2 658 148 58 34 37 25 62 
16 110 462 114 80 79 70 93 0 0 68 422 140 86 94 214 0 260 184 111 84 76 78 231 
0 13 119 117 74 108 113 480 0 0 9 62 96 86 105 666 0 46 111 59 67 57 51 633 
0 3 5 18 17 19 38 924 0 0 0 0 11 7 22 984 0 0 0 3 10 15 26 970 
0 5 51 123 101 111 132 501 0 0 44 117 90 80 76 617 0 0 57 132 115 165 142 413 
0 2 52 59 84 141 225 461 0 3 25 14 50 74 132 726 0 4 29 32 84 171 161 543 
147 167 121 589 0 0 0 0 160 537 327 0 0 0 0 0 989 34 1 0 0 0 0 0 
51 198 59 716 0 0 0 0 3 321 700 0 0 0 0 0 1021 3 0 0 0 0 0 0 
39 390 100 484 11 0 0 0 8 476 535 5 0 0 0 0 981 43 0 0 0 0 0 0 
68 597 160 190 9 0 0 0 11 685 320 8 0 0 0 0 1010 14 0 0 0 0 0 0 
37 713 164 67 43 0 0 0 1 680 267 76 0 0 0 0 988 25 8 2 1 0 0 0 
2 284 89 409 240 0 0 0 0 301 545 178 0 0 0 0 939 85 0 0 0 0 0 0 
0 0 13 799 212 0 0 0 0 42 854 128 0 0 0 0 910 109 5 0 0 0 0 0 
0 0 29 878 117 0 0 0 0 119 833 72 0 0 0 0 871 153 0 0 0 0 0 0 
0 0 11 962 51 0 0 0 0 47 944 33 0 0 0 0 873 151 0 0 0 0 0 0 
0 0 76 907 41 0 0 0 0 147 862 15 0 0 0 0 929 95 0 0 0 0 0 0 
0 0 59 933 32 0 0 0 0 134 855 35 0 0 0 0 860 164 0 0 0 0 0 0 
0 3 221 788 12 0 0 0 0 299 708 17 0 0 0 0 844 180 0 0 0 0 0 0 
0 15 313 684 12 0 0 0 13 421 572 18 0 0 0 0 850 171 3 0 0 0 0 0 
0 145 354 523 2 0 0 0 141 480 402 1 0 0 0 0 947 77 0 0 0 0 0 0 
191 515 166 149 3 0 0 0 662 274 88 0 0 0 0 0 980 44 0 0 0 0 0 0 
29 460 75 434 26 0 0 0 477 320 225 2 0 0 0 0 1023 1 0 0 0 0 0 0 
34 481 253 240 16 0 0 0 863 127 34 0 0 0 0 0 1024 0 0 0 0 0 0 0 
1 338 257 428 0 0 0 0 896 128 0 0 0 0 0 0 1024 0 0 0 0 0 0 0 
0 500 339 185 0 0 0 0 715 309 0 0 0 0 0 0 1023 1 0 0 0 0 0 0 
0 152 631 226 15 0 0 0 759 256 9 0 0 0 0 0 1024 0 0 0 0 0 0 0 
0 227 521 264 12 0 0 0 737 284 3 0 0 0 0 0 1024 0 0 0 0 0 0 0 
0 359 433 211 21 0 0 0 583 399 42 0 0 0 0 0 1021 3 0 0 0 0 0 0 
4 285 431 190 84 5 14 11 124 578 162 52 77 8 12 11 683 190 30 80 14 9 11 7 
0 52 168 204 308 113 102 77 7 62 70 128 348 153 139 117 45 149 199 210 230 94 69 28 
0 5 51 136 171 247 206 208 0 0 0 30 79 147 217 551 0 9 60 121 156 164 148 366 
7 86 194 139 111 67 90 330 0 2 114 150 111 83 75 489 0 37 125 132 84 61 79 506 
5 279 328 80 74 66 97 95 0 14 291 236 112 84 81 206 3 303 263 97 79 73 72 134 
9 176 301 110 106 85 89 148 0 0 79 312 172 112 96 253 3 106 244 207 133 93 70 168 
0 3 48 55 58 80 115 665 0 0 0 10 50 47 57 860 0 0 6 45 49 38 45 841 
0 0 0 0 17 59 87 861 0 0 0 0 1 3 53 967 0 0 7 26 26 21 47 897 
0 1 5 56 136 281 330 215 0 0 2 25 55 124 325 493 0 9 129 257 235 164 65 165 
1 27 91 128 197 282 214 84 0 2 23 92 153 198 314 242 2 82 259 289 232 117 35 8 
202 273 386 163 0 0 0 0 9 832 183 0 0 0 0 0 1018 3 3 0 0 0 0 0 
100 215 243 466 0 0 0 0 47 351 563 63 0 0 0 0 930 72 22 0 0 0 0 0 
7 212 120 325 360 0 0 0 17 206 364 437 0 0 0 0 824 188 12 0 0 0 0 0 
31 117 124 130 622 0 0 0 3 167 182 672 0 0 0 0 420 596 7 1 0 0 0 0 
2 19 14 77 912 0 0 0 0 27 58 939 0 0 0 0 275 749 0 0 0 0 0 0 
0 7 8 652 357 0 0 0 0 7 680 337 0 0 0 0 568 456 0 0 0 0 0 0 
0 18 93 691 222 0 0 0 16 130 665 211 2 0 0 0 600 390 34 0 0 0 0 0 
0 31 283 586 124 0 0 0 37 309 545 133 0 0 0 0 734 290 0 0 0 0 0 0 
0 0 479 464 81 0 0 0 0 507 415 102 0 0 0 0 747 277 0 0 0 0 0 0 
4 115 452 390 63 0 0 0 120 476 355 73 0 0 0 0 786 238 0 0 0 0 0 0 
356 209 126 305 28 0 0 0 551 164 250 58 1 0 0 0 862 157 5 0 0 0 0 0 
291 508 125 83 14 3 0 0 784 141 76 15 8 0 0 0 988 23 13 0 0 0 0 0 
194 801 25 4 0 0 0 0 996 28 0 0 0 0 0 0 1023 1 0 0 0 0 0 0 
211 775 29 9 0 0 0 0 986 26 11 1 0 0 0 0 1004 18 2 0 0 0 0 0 
12 966 34 12 0 0 0 0 602 400 22 0 0 0 0 0 727 290 7 0 0 0 0 0 
11 201 52 743 17 0 0 0 223 151 646 4 0 0 0 0 1022 2 0 0 0 0 0 0 
0 142 98 758 26 0 0 0 137 385 502 0 0 0 0 0 1023 1 0 0 0 0 0 0 
42 557 139 249 37 0 0 0 687 196 141 0 0 0 0 0 1024 0 0 0 0 0 0 0 
28 291 403 302 0 0 0 0 652 372 0 0 0 0 0 0 1024 0 0 0 0 0 0 0 
0 407 246 371 0 0 0 0 794 230 0 0 0 0 0 0 1024 0 0 0 0 0 0 0 
0 304 484 231 5 0 0 0 726 292 6 0 0 0 0 0 1024 0 0 0 0 0 0 0 
0 56 656 302 10 0 0 0 681 343 0 0 0 0 0 0 1024 0 0 0 0 0 0 0 
0 257 424 311 32 0 0 0 603 351 67 3 0 0 0 0 1012 12 0 0 0 0 0 0 
0 289 382 244 98 8 1 2 163 601 150 65 31 11 0 3 757 202 16 18 26 2 2 1 
1 102 210 196 217 135 98 65 5 148 120 145 219 119 124 144 101 196 87 189 219 108 67 57 
0 8 74 174 90 95 127 456 0 0 13 107 126 49 88 641 0 6 93 163 73 57 65 567 
0 26 222 141 117 127 171 220 0 0 6 187 174 98 137 422 0 65 204 146 94 84 93 338 
0 20 91 116 138 165 258 236 0 0 8 75 61 149 183 548 0 61 56 90 143 164 177 333 
0 0 0 7 12 36 38 931 0 0 0 0 2 7 17 998 0 0 1 4 7 7 16 989 
0 0 36 93 86 137 139 533 0 0 0 32 69 99 123 701 0 14 96 108 85 62 46 613 
0 1 60 167 247 284 168 97 0 0 1 51 181 252 284 255 0 72 300 263 197 117 50 25 
1 13 59 162 236 258 201 94 0 0 18 78 148 260 288 232 10 163 295 277 164 82 31 2 
26 191 586 221 0 0 0 0 23 737 258 6 0 0 0 0 997 17 5 3 2 0 0 0 
259 287 125 341 12 0 0 0 65 489 384 83 1 2 0 0 818 193 6 5 0 2 0 0 
439 413 43 30 99 0 0 0 46 731 115 124 6 2 0 0 885 123 7 1 3 4 1 0 
64 545 169 93 152 1 0 0 20 437 265 244 54 4 0 0 805 212 4 0 2 1 0 0 
11 472 261 74 206 0 0 0 0 304 469 249 2 0 0 0 804 217 3 0 0 0 0 0 
9 720 159 79 57 0 0 0 0 514 438 72 0 0 0 0 951 73 0 0 0 0 0 0 
1 908 99 14 2 0 0 0 386 299 317 12 8 2 0 0 988 12 8 7 4 5 0 0 
141 799 84 0 0 0 0 0 942 81 1 0 0 0 0 0 1024 0 0 0 0 0 0 0 
52 434 538 0 0 0 0 0 519 505 0 0 0 0 0 0 1024 0 0 0 0 0 0 0 
0 56 968 0 0 0 0 0 66 958 0 0 0 0 0 0 1024 0 0 0 0 0 0 0 
0 105 895 12 11 1 0 0 97 903 5 15 4 0 0 0 1001 15 8 0 0 0 0 0 
225 426 366 3 4 0 0 0 641 373 5 1 4 0 0 0 1015 4 5 0 0 0 0 0 
401 614 9 0 0 0 0 0 1016 8 0 0 0 0 0 0 1024 0 0 0 0 0 0 0 
332 692 0 0 0 0 0 0 1024 0 0 0 0 0 0 0 1024 0 0 0 0 0 0 0 
88 936 0 0 0 0 0 0 515 509 0 0 0 0 0 0 627 397 0 0 0 0 0 0 
14 738 117 147 8 0 0 0 685 166 161 11 1 0 0 0 912 97 15 0 0 0 0 0 
0 365 69 578 12 0 0 0 368 191 462 3 0 0 0 0 1021 3 0 0 0 0 0 0 
1 7 120 876 20 0 0 0 8 430 586 0 0 0 0 0 1024 0 0 0 0 0 0 0 
29 439 220 299 37 0 0 0 442 356 221 5 0 0 0 0 1023 1 0 0 0 0 0 0 
6 481 204 320 13 0 0 0 804 203 17 0 0 0 0 0 1024 0 0 0 0 0 0 0 
0 206 386 432 0 0 0 0 881 143 0 0 0 0 0 0 1024 0 0 0 0 0 0 0 
21 133 660 188 22 0 0 0 804 196 24 0 0 0 0 0 1024 0 0 0 0 0 0 0 
0 1 663 330 25 5 0 0 626 359 32 7 0 0 0 0 1009 15 0 0 0 0 0 0 
0 23 596 324 81 0 0 0 552 335 106 31 0 0 0 0 968 56 0 0 0 0 0 0 
0 144 316 424 128 9 1 2 149 516 276 76 3 2 0 2 772 237 8 2 1 2 1 1 
0 114 304 413 127 40 15 11 7 227 226 293 194 38 25 14 233 276 205 227 47 20 11 5 
0 0 50 199 219 205 204 147 0 0 2 86 157 219 239 321 1 65 274 241 155 119 82 87 
0 1 37 150 172 154 199 311 0 0 0 37 145 167 185 490 0 41 172 171 152 138 93 257 
0 0 1 17 14 36 130 826 0 0 0 0 9 14 17 984 0 0 4 10 21 59 93 837 
0 0 12 47 57 122 246 540 0 0 0 11 44 62 107 800 0 10 48 65 106 169 218 408 
0 16 154 278 199 159 118 100 0 0 12 223 284 206 147 152 0 136 278 212 157 118 89 34 
2 67 268 238 151 153 90 55 0 0 112 321 203 165 118 105 13 355 316 155 96 52 26 11 
18 477 449 80 0 0 0 0 30 897 97 0 0 0 0 0 1017 7 0 0 0 0 0 0 
62 201 72 535 154 0 0 0 18 284 331 391 0 0 0 0 409 613 2 0 0 0 0 0 
479 190 60 66 229 0 0 0 235 414 92 283 0 0 0 0 678 337 9 0 0 0 0 0 
67 561 248 41 107 0 0 0 33 460 339 179 13 0 0 0 840 174 8 2 0 0 0 0 
21 268 151 70 502 8 4 0 0 352 116 520 30 4 2 0 448 545 30 1 0 0 0 0 
84 364 380 174 22 0 0 0 4 848 144 21 7 0 0 0 981 36 7 0 0 0 0 0 
11 711 302 0 0 0 0 0 2 816 206 0 0 0 0 0 1020 4 0 0 0 0 0 0 
218 609 195 2 0 0 0 0 571 249 48 156 0 0 0 0 1022 2 0 0 0 0 0 0 
161 681 182 0 0 0 0 0 661 363 0 0 0 0 0 0 1024 0 0 0 0 0 0 0 
215 739 70 0 0 0 0 0 964 60 0 0 0 0 0 0 1024 0 0 0 0 0 0 0 
0 503 521 0 0 0 0 0 531 493 0 0 0 0 0 0 1024 0 0 0 0 0 0 0 
0 74 950 0 0 0 0 0 85 939 0 0 0 0 0 0 1024 0 0 0 0 0 0 0 
25 151 848 0 0 0 0 0 203 821 0 0 0 0 0 0 1024 0 0 0 0 0 0 0 
48 825 151 0 0 0 0 0 896 128 0 0 0 0 0 0 1024 0 0 0 0 0 0 0 
0 1024 0 0 0 0 0 0 530 494 0 0 0 0 0 0 602 422 0 0 0 0 0 0 
55 936 21 12 0 0 0 0 836 168 20 0 0 0 0 0 989 35 0 0 0 0 0 0 
0 1024 0 0 0 0 0 0 1020 4 0 0 0 0 0 0 1024 0 0 0 0 0 0 0 
0 791 88 140 5 0 0 0 769 135 120 0 0 0 0 0 1024 0 0 0 0 0 0 0 
11 178 293 520 22 0 0 0 133 426 460 5 0 0 0 0 1008 16 0 0 0 0 0 0 
0 165 125 643 91 0 0 0 151 416 456 1 0 0 0 0 1023 1 0 0 0 0 0 0 
20 406 312 222 64 0 0 0 468 437 119 0 0 0 0 0 1024 0 0 0 0 0 0 0 
27 127 490 317 63 0 0 0 366 514 144 0 0 0 0 0 1024 0 0 0 0 0 0 0 
0 86 695 212 23 8 0 0 827 157 29 11 0 0 0 0 999 25 0 0 0 0 0 0 
0 4 801 183 36 0 0 0 799 180 31 14 0 0 0 0 1003 21 0 0 0 0 0 0 
0 21 830 160 12 1 0 0 761 209 53 1 0 0 0 0 1016 8 0 0 0 0 0 0 
0 93 488 280 153 10 0 0 353 360 229 82 0 0 0 0 805 219 0 0 0 0 0 0 
0 160 291 364 72 25 20 92 6 355 207 273 46 26 22 89 370 270 199 42 28 25 13 77 
0 1 51 148 31 17 21 755 0 5 70 130 39 11 30 739 0 58 165 39 31 17 49 665 
0 0 0 0 7 5 1 1011 0 0 0 0 10 3 4 1007 0 0 1 15 3 3 8 994 
0 0 0 2 2 18 25 977 0 0 0 0 1 35 53 935 0 0 3 30 68 268 314 341 
0 52 173 163 126 106 78 326 0 11 141 180 152 129 104 307 3 180 227 164 134 176 126 14 
1 150 258 195 163 123 93 41 0 23 217 267 171 154 112 80 20 336 338 180 88 48 14 0 
0 399 448 177 0 0 0 0 6 825 193 0 0 0 0 0 1003 21 0 0 0 0 0 0 
2 117 79 559 267 0 0 0 26 135 327 536 0 0 0 0 288 736 0 0 0 0 0 0 
23 199 221 176 405 0 0 0 29 366 159 461 5 4 0 0 503 489 20 2 5 4 1 0 
35 149 199 234 407 0 0 0 5 206 209 461 143 0 0 0 458 553 13 0 0 0 0 0 
17 224 97 128 551 7 0 0 1 199 78 645 97 4 0 0 375 534 85 12 10 8 0 0 
5 255 212 400 147 5 0 0 0 670 163 167 24 0 0 0 788 123 91 22 0 0 0 0 
1 508 515 0 0 0 0 0 157 741 126 0 0 0 0 0 798 226 0 0 0 0 0 0 
153 829 42 0 0 0 0 0 791 232 1 0 0 0 0 0 1024 0 0 0 0 0 0 0 
92 446 486 0 0 0 0 0 408 616 0 0 0 0 0 0 1013 11 0 0 0 0 0 0 
338 686 0 0 0 0 0 0 1024 0 0 0 0 0 0 0 1024 0 0 0 0 0 0 0 
45 820 159 0 0 0 0 0 569 455 0 0 0 0 0 0 1024 0 0 0 0 0 0 0 
96 884 44 0 0 0 0 0 981 43 0 0 0 0 0 0 1024 0 0 0 0 0 0 0 
147 430 447 0 0 0 0 0 602 422 0 0 0 0 0 0 1024 0 0 0 0 0 0 0 
29 828 167 0 0 0 0 0 863 161 0 0 0 0 0 0 1024 0 0 0 0 0 0 0 
0 1024 0 0 0 0 0 0 585 439 0 0 0 0 0 0 652 372 0 0 0 0 0 0 
141 830 23 17 11 2 0 0 546 433 24 18 3 0 0 0 881 130 13 0 0 0 0 0 
0 962 62 0 0 0 0 0 498 526 0 0 0 0 0 0 1024 0 0 0 0 0 0 0 
0 797 209 14 4 0 0 0 317 650 41 13 3 0 0 0 993 25 6 0 0 0 0 0 
0 787 165 56 16 0 0 0 73 878 67 6 0 0 0 0 1024 0 0 0 0 0 0 0 
0 232 138 592 62 0 0 0 5 502 509 8 0 0 0 0 1022 2 0 0 0 0 0 0 
0 12 169 751 92 0 0 0 7 475 528 14 0 0 0 0 1023 1 0 0 0 0 0 0 
4 50 654 218 93 4 1 0 45 740 232 3 2 2 0 0 1018 3 3 0 0 0 0 0 
45 276 142 346 49 36 107 23 534 182 92 42 38 100 32 4 782 75 97 61 8 1 0 0 
0 152 592 215 16 16 8 25 823 116 25 20 7 7 26 0 951 32 12 29 0 0 0 0 
0 42 876 73 28 5 0 0 858 124 33 9 0 0 0 0 990 34 0 0 0 0 0 0 
0 15 881 121 7 0 0 0 806 196 22 0 0 0 0 0 1008 16 0 0 0 0 0 0 
0 9 660 264 77 14 0 0 489 339 137 49 10 0 0 0 887 133 4 0 0 0 0 0 
0 115 298 427 92 44 25 23 34 405 239 223 58 25 21 19 501 282 150 21 24 22 16 8 
0 17 36 103 127 52 56 633 0 34 25 130 110 43 55 627 37 45 101 106 54 49 64 568 
0 0 0 0 0 0 3 1021 0 0 0 0 0 2 14 1008 0 0 2 6 19 317 236 444 
0 6 85 92 38 17 30 756 0 2 36 144 44 35 40 723 1 60 138 59 71 416 272 7 
15 253 453 181 69 33 13 7 0 116 328 378 118 50 22 12 62 404 368 122 40 13 12 3 
0 156 434 434 0 0 0 0 18 524 482 0 0 0 0 0 1004 20 0 0 0 0 0 0 
0 20 70 619 315 0 0 0 0 3 204 817 0 0 0 0 166 858 0 0 0 0 0 0 
37 432 120 201 234 0 0 0 12 402 111 469 30 0 0 0 617 375 31 1 0 0 0 0 
7 372 106 175 362 2 0 0 0 360 157 482 25 0 0 0 509 427 88 0 0 0 0 0 
0 18 29 43 934 0 0 0 0 0 37 777 210 0 0 0 64 752 208 0 0 0 0 0 
0 0 80 784 160 0 0 0 0 581 259 116 68 0 0 0 831 100 93 0 0 0 0 0 
0 176 826 22 0 0 0 0 81 494 443 6 0 0 0 0 360 658 6 0 0 0 0 0 
56 899 69 0 0 0 0 0 787 220 17 0 0 0 0 0 917 107 0 0 0 0 0 0 
24 664 336 0 0 0 0 0 518 506 0 0 0 0 0 0 1014 10 0 0 0 0 0 0 
301 723 0 0 0 0 0 0 996 28 0 0 0 0 0 0 1024 0 0 0 0 0 0 0 
0 449 575 0 0 0 0 0 296 728 0 0 0 0 0 0 1024 0 0 0 0 0 0 0 
66 934 24 0 0 0 0 0 902 122 0 0 0 0 0 0 1024 0 0 0 0 0 0 0 
376 624 24 0 0 0 0 0 613 411 0 0 0 0 0 0 1024 0 0 0 0 0 0 0 
27 997 0 0 0 0 0 0 1021 3 0 0 0 0 0 0 1024 0 0 0 0 0 0 0 
0 1024 0 0 0 0 0 0 637 387 0 0 0 0 0 0 710 311 3 0 0 0 0 0 
0 1007 17 0 0 0 0 0 398 626 0 0 0 0 0 0 822 202 0 0 0 0 0 0 
0 713 311 0 0 0 0 0 187 837 0 0 0 0 0 0 1024 0 0 0 0 0 0 0 
0 100 710 164 35 10 5 0 3 510 275 175 44 14 3 0 717 233 53 14 7 0 0 0 
0 301 717 6 0 0 0 0 0 934 86 4 0 0 0 0 996 28 0 0 0 0 0 0 
0 15 1009 0 0 0 0 0 0 1024 0 0 0 0 0 0 1024 0 0 0 0 0 0 0 
0 24 722 248 30 0 0 0 1 788 231 4 0 0 0 0 1023 1 0 0 0 0 0 0 
0 0 513 383 128 0 0 0 0 673 301 50 0 0 0 0 1024 0 0 0 0 0 0 0 
5 39 170 473 237 84 14 2 23 73 424 257 142 74 27 4 607 219 113 64 18 3 0 0 
30 397 152 290 31 24 22 78 444 227 198 31 21 26 76 1 841 63 27 51 42 0 0 0 
6 191 505 120 43 30 69 60 594 174 41 23 48 71 46 27 809 35 47 84 39 10 0 0 
0 260 743 21 0 0 0 0 933 88 3 0 0 0 0 0 1021 3 0 0 0 0 0 0 
0 109 900 15 0 0 0 0 939 85 0 0 0 0 0 0 1024 0 0 0 0 0 0 0 
0 42 791 147 34 10 0 0 732 166 88 34 4 0 0 0 943 76 5 0 0 0 0 0 
0 158 335 331 123 51 14 12 152 403 220 137 66 20 17 9 681 188 84 33 20 1 13 4 
0 73 146 295 71 24 17 398 1 132 128 280 54 18 21 390 128 139 293 47 31 267 51 68 
0 0 12 26 19 30 38 899 0 0 8 29 24 31 50 882 0 16 30 28 61 749 116 24 
10 354 304 169 79 53 30 25 0 178 367 226 124 60 36 33 41 463 256 123 66 36 20 19 
16 12 471 523 2 0 0 0 13 439 546 24 2 0 0 0 914 94 12 4 0 0 0 0 
208 91 80 242 403 0 0 0 136 64 139 654 31 0 0 0 193 681 57 57 28 8 0 0 
1 69 98 177 679 0 0 0 0 8 158 851 7 0 0 0 134 831 55 3 1 0 0 0 
0 122 203 215 482 2 0 0 0 76 269 620 59 0 0 0 313 593 118 0 0 0 0 0 
0 1 13 51 957 2 0 0 0 1 19 648 356 0 0 0 10 540 474 0 0 0 0 0 
0 0 118 733 173 0 0 0 0 277 555 136 56 0 0 0 825 93 106 0 0 0 0 0 
0 2 1022 0 0 0 0 0 0 94 930 0 0 0 0 0 0 1024 0 0 0 0 0 0 
34 683 307 0 0 0 0 0 617 273 134 0 0 0 0 0 671 352 1 0 0 0 0 0 
0 422 602 0 0 0 0 0 320 456 248 0 0 0 0 0 615 409 0 0 0 0 0 0 
308 700 16 0 0 0 0 0 894 117 13 0 0 0 0 0 1002 22 0 0 0 0 0 0 
39 696 289 0 0 0 0 0 451 573 0 0 0 0 0 0 1024 0 0 0 0 0 0 0 
60 914 50 0 0 0 0 0 927 97 0 0 0 0 0 0 1024 0 0 0 0 0 0 0 
311 556 157 0 0 0 0 0 458 566 0 0 0 0 0 0 1024 0 0 0 0 0 0 0 
52 954 18 0 0 0 0 0 990 34 0 0 0 0 0 0 1024 0 0 0 0 0 0 0 
0 1020 4 0 0 0 0 0 641 383 0 0 0 0 0 0 739 282 3 0 0 0 0 0 
0 956 68 0 0 0 0 0 96 928 0 0 0 0 0 0 784 230 10 0 0 0 0 0 
0 243 781 0 0 0 0 0 12 1012 0 0 0 0 0 0 1024 0 0 0 0 0 0 0 
0 149 761 86 18 10 0 0 1 595 295 94 21 12 6 0 832 151 28 11 2 0 0 0 
0 341 655 22 6 0 0 0 0 451 539 28 6 0 0 0 877 134 7 6 0 0 0 0 
0 0 1024 0 0 0 0 0 0 1024 0 0 0 0 0 0 1024 0 0 0 0 0 0 0 
0 0 748 276 0 0 0 0 0 820 204 0 0 0 0 0 1005 19 0 0 0 0 0 0 
0 0 171 771 77 5 0 0 0 209 591 181 35 8 0 0 822 182 16 4 0 0 0 0 
5 73 192 385 278 75 16 0 11 83 250 320 227 85 44 4 406 387 152 67 12 0 0 0 
0 35 284 452 173 56 20 4 0 259 362 171 141 68 20 3 656 210 100 41 14 3 0 0 
8 171 127 259 187 147 91 34 112 104 193 184 166 135 85 45 440 223 147 118 78 18 0 0 
11 242 289 221 140 73 45 3 321 209 136 104 98 77 49 30 668 162 94 69 31 0 0 0 
0 310 329 117 121 110 29 8 511 121 44 56 77 107 83 25 672 100 117 97 35 3 0 0 
1 353 381 142 64 56 24 3 537 178 111 43 50 57 38 10 795 96 59 54 18 2 0 0 
0 299 418 140 66 55 39 7 502 218 83 50 51 59 41 20 796 85 69 43 26 5 0 0 
0 346 316 268 94 0 0 0 351 401 192 77 3 0 0 0 881 116 20 7 0 0 0 0 
2 207 315 251 42 20 14 173 20 301 241 230 36 20 23 153 337 246 224 37 32 129 16 3 
1 75 251 224 116 80 73 204 0 33 182 262 160 88 83 216 23 280 292 158 143 98 27 3 
72 33 447 464 8 0 0 0 60 435 477 52 0 0 0 0 885 132 7 0 0 0 0 0 
778 80 21 35 110 0 0 0 498 363 43 120 0 0 0 0 746 277 1 0 0 0 0 0 
0 3 44 151 826 0 0 0 0 3 52 959 10 0 0 0 18 877 129 0 0 0 0 0 
0 39 132 181 671 1 0 0 0 50 153 749 72 0 0 0 106 753 165 0 0 0 0 0 
0 14 100 163 742 5 0 0 0 0 115 599 310 0 0 0 107 393 523 1 0 0 0 0 
0 0 295 559 170 0 0 0 0 188 644 122 70 0 0 0 824 65 135 0 0 0 0 0 
0 298 726 0 0 0 0 0 220 285 519 0 0 0 0 0 311 713 0 0 0 0 0 0 
9 710 305 0 0 0 0 0 640 248 136 0 0 0 0 0 720 303 1 0 0 0 0 0 
0 402 622 0 0 0 0 0 320 272 432 0 0 0 0 0 367 657 0 0 0 0 0 0 
241 727 56 0 0 0 0 0 764 207 53 0 0 0 0 0 953 71 0 0 0 0 0 0 
0 458 566 0 0 0 0 0 212 788 24 0 0 0 0 0 843 181 0 0 0 0 0 0 
43 945 36 0 0 0 0 0 921 103 0 0 0 0 0 0 1024 0 0 0 0 0 0 0 
283 687 54 0 0 0 0 0 624 400 0 0 0 0 0 0 1024 0 0 0 0 0 0 0 
53 967 4 0 0 0 0 0 922 102 0 0 0 0 0 0 1024 0 0 0 0 0 0 0 
0 1021 3 0 0 0 0 0 453 571 0 0 0 0 0 0 770 254 0 0 0 0 0 0 
0 767 257 0 0 0 0 0 43 981 0 0 0 0 0 0 723 298 3 0 0 0 0 0 
0 65 959 0 0 0 0 0 0 1023 1 0 0 0 0 0 1024 0 0 0 0 0 0 0 
0 222 802 0 0 0 0 0 0 584 438 2 0 0 0 0 1017 7 0 0 0 0 0 0 
0 317 700 7 0 0 0 0 0 303 712 9 0 0 0 0 916 108 0 0 0 0 0 0 
0 0 1014 10 0 0 0 0 0 999 25 0 0 0 0 0 1024 0 0 0 0 0 0 0 
0 0 637 387 0 0 0 0 0 472 552 0 0 0 0 0 1024 0 0 0 0 0 0 0 
0 0 231 657 101 23 10 2 0 2 424 412 146 27 13 0 466 407 113 25 9 4 0 0 
0 9 303 481 192 29 10 0 0 0 46 456 422 80 18 2 112 634 235 35 8 0 0 0 
1 23 116 386 314 130 41 13 0 8 51 234 409 253 57 12 130 387 325 133 37 12 0 0 
0 0 12 110 305 317 223 57 0 0 11 49 185 333 303 143 40 130 322 309 189 34 0 0 
0 2 15 70 196 279 323 139 0 0 5 51 111 211 296 350 36 116 211 280 309 71 1 0 
2 19 97 148 243 271 178 66 0 33 53 159 242 243 179 115 103 232 297 246 117 25 4 0 
0 33 126 68 103 220 185 289 78 53 29 59 170 168 259 208 174 110 207 302 187 40 4 0 
0 136 162 62 64 80 269 251 222 48 33 68 205 100 207 141 350 278 102 185 86 11 7 5 
0 250 222 51 107 154 114 126 427 23 29 12 101 141 127 164 621 178 97 51 34 27 14 2 
17 210 112 106 195 87 89 208 172 136 74 52 156 92 78 264 424 319 119 73 41 20 20 8 
0 34 112 193 171 171 143 200 0 12 61 78 194 183 211 285 286 287 157 115 89 51 29 10 
30 52 147 523 272 0 0 0 0 304 447 273 0 0 0 0 773 251 0 0 0 0 0 0 
128 172 45 44 635 0 0 0 57 151 146 670 0 0 0 0 142 882 0 0 0 0 0 0 
0 5 14 30 975 0 0 0 0 2 23 985 14 0 0 0 21 933 70 0 0 0 0 0 
0 93 161 262 507 1 0 0 0 87 229 635 73 0 0 0 189 588 247 0 0 0 0 0 
4 61 86 101 767 5 0 0 0 36 123 694 171 0 0 0 136 378 510 0 0 0 0 0 
0 0 544 317 163 0 0 0 0 100 735 166 23 0 0 0 820 106 98 0 0 0 0 0 
0 122 902 0 0 0 0 0 0 289 735 0 0 0 0 0 39 727 258 0 0 0 0 0 
0 709 315 0 0 0 0 0 558 355 111 0 0 0 0 0 721 293 10 0 0 0 0 0 
134 777 113 0 0 0 0 0 622 325 77 0 0 0 0 0 762 262 0 0 0 0 0 0 
114 777 133 0 0 0 0 0 495 503 26 0 0 0 0 0 989 35 0 0 0 0 0 0 
0 562 462 0 0 0 0 0 243 644 137 0 0 0 0 0 538 486 0 0 0 0 0 0 
14 946 64 0 0 0 0 0 640 384 0 0 0 0 0 0 1015 9 0 0 0 0 0 0 
212 635 177 0 0 0 0 0 337 687 0 0 0 0 0 0 1016 8 0 0 0 0 0 0 
90 912 22 0 0 0 0 0 478 546 0 0 0 0 0 0 1024 0 0 0 0 0 0 0 
0 824 162 13 25 0 0 0 113 856 16 14 25 0 0 0 758 217 17 32 0 0 0 0 
0 525 407 19 70 3 0 0 7 907 17 26 67 0 0 0 632 296 36 60 0 0 0 0 
0 0 1024 0 0 0 0 0 0 1024 0 0 0 0 0 0 1024 0 0 0 0 0 0 0 
0 177 847 0 0 0 0 0 0 619 405 0 0 0 0 0 1024 0 0 0 0 0 0 0 
0 117 547 112 158 54 36 0 0 286 633 105 0 0 0 0 806 197 21 0 0 0 0 0 
0 0 289 244 104 73 58 256 0 373 215 129 106 112 89 0 533 110 151 142 80 8 0 0 
0 0 621 332 9 32 13 17 0 35 881 82 20 6 0 0 784 201 21 17 1 0 0 0 
0 0 461 463 90 10 0 0 0 0 325 518 163 18 0 0 310 600 102 12 0 0 0 0 
1 42 209 471 257 44 0 0 0 6 90 484 381 63 0 0 151 603 229 40 1 0 0 0 
0 25 148 456 302 75 14 4 0 1 62 338 411 181 29 2 90 481 343 96 13 1 0 0 
0 0 4 82 264 324 216 134 0 0 0 44 160 296 362 162 6 120 300 354 178 54 12 0 
0 0 0 1 26 158 478 361 0 0 0 0 7 56 251 710 0 5 51 238 574 147 9 0 
0 2 4 13 49 187 595 174 0 1 1 8 15 51 227 721 5 20 66 280 564 65 8 16 
0 0 0 1 18 118 398 489 0 0 0 1 14 68 186 755 1 7 60 299 501 52 55 49 
0 1 3 20 108 184 262 446 0 0 3 25 207 184 327 278 60 174 205 246 162 28 45 104 
0 0 1 20 240 76 193 494 0 56 175 29 56 62 139 507 205 260 127 103 67 71 60 131 
0 0 4 249 478 36 75 182 0 142 114 55 384 91 43 195 210 573 44 24 8 8 29 128 
0 4 19 259 104 64 124 450 0 156 114 29 74 71 92 488 192 235 147 128 75 50 45 152 
4 27 32 347 528 47 33 6 0 42 410 491 50 28 3 0 553 405 45 17 3 1 0 0 
82 164 31 25 707 15 0 0 0 144 135 745 0 0 0 0 59 947 18 0 0 0 0 0 
0 1 7 15 1001 0 0 0 0 2 8 1009 5 0 0 0 10 824 190 0 0 0 0 0 
2 142 142 206 530 2 0 0 3 167 189 614 51 0 0 0 222 475 327 0 0 0 0 0 
0 0 11 21 992 0 0 0 0 0 20 986 18 0 0 0 14 140 870 0 0 0 0 0 
0 0 232 632 160 0 0 0 0 15 817 186 6 0 0 0 821 74 129 0 0 0 0 0 
0 143 881 0 0 0 0 0 0 208 816 0 0 0 0 0 0 407 617 0 0 0 0 0 
0 697 327 0 0 0 0 0 562 258 204 0 0 0 0 0 640 287 97 0 0 0 0 0 
7 1017 0 0 0 0 0 0 385 639 0 0 0 0 0 0 481 543 0 0 0 0 0 0 
136 514 374 0 0 0 0 0 412 612 0 0 0 0 0 0 1018 6 0 0 0 0 0 0 
10 747 267 0 0 0 0 0 260 760 4 0 0 0 0 0 881 143 0 0 0 0 0 0 
234 741 47 2 0 0 0 0 835 188 1 0 0 0 0 0 1015 9 0 0 0 0 0 0 
187 798 39 0 0 0 0 0 461 563 0 0 0 0 0 0 998 26 0 0 0 0 0 0 
102 837 85 0 0 0 0 0 428 596 0 0 0 0 0 0 1024 0 0 0 0 0 0 0 
0 52 79 34 856 3 0 0 0 122 17 35 850 0 0 0 128 15 57 824 0 0 0 0 
0 0 7 316 701 0 0 0 0 4 6 464 550 0 0 0 4 8 598 414 0 0 0 0 
0 0 965 28 31 0 0 0 0 944 26 31 23 0 0 0 945 25 37 17 0 0 0 0 
0 0 910 62 51 1 0 0 0 978 46 0 0 0 0 0 1023 1 0 0 0 0 0 0 
0 0 110 372 372 113 53 4 0 491 399 126 8 0 0 0 713 276 35 0 0 0 0 0 
0 0 0 437 350 99 117 21 0 499 352 137 36 0 0 0 658 305 61 0 0 0 0 0 
0 0 110 463 205 205 39 2 0 159 707 144 14 0 0 0 723 277 24 0 0 0 0 0 
0 0 281 491 180 43 19 10 0 0 347 398 208 53 14 4 332 550 95 22 14 9 2 0 
0 0 64 748 197 13 2 0 0 0 40 699 274 11 0 0 298 637 83 6 0 0 0 0 
0 0 112 671 208 32 1 0 0 0 82 457 402 76 7 0 226 586 182 30 0 0 0 0 
0 0 12 298 363 167 120 64 0 0 2 188 432 241 121 40 110 383 317 109 86 19 0 0 
0 0 0 6 71 321 497 129 0 0 0 15 82 216 381 330 12 72 195 352 345 35 10 3 
0 0 0 0 8 120 727 169 0 0 0 0 0 28 219 777 0 0 22 213 740 49 0 0 
0 0 0 8 73 267 581 95 0 0 0 5 36 135 277 571 9 27 142 337 485 24 0 0 
0 1 17 71 303 454 164 14 0 4 19 77 214 353 294 63 65 162 325 341 119 10 2 0 
0 1 187 345 361 73 42 15 150 389 244 94 77 50 18 2 635 208 90 65 19 7 0 0 
0 0 261 492 268 3 0 0 330 400 288 6 0 0 0 0 733 169 122 0 0 0 0 0 
0 9 286 532 197 0 0 0 349 388 287 0 0 0 0 0 740 284 0 0 0 0 0 0 
52 83 179 263 163 246 38 0 113 79 273 432 118 9 0 0 261 549 209 5 0 0 0 0 
119 307 235 43 75 242 3 0 39 185 301 360 137 2 0 0 444 510 68 2 0 0 0 0 
25 323 229 79 272 87 7 2 10 155 349 332 170 8 0 0 370 429 220 5 0 0 0 0 
44 674 120 88 98 0 0 0 5 66 613 333 7 0 0 0 608 347 69 0 0 0 0 0 
47 576 93 69 239 0 0 0 9 39 488 482 6 0 0 0 556 316 152 0 0 0 0 0 
23 468 302 146 69 10 4 2 1 64 657 274 18 7 3 0 693 247 70 8 4 2 0 0 
43 665 309 7 0 0 0 0 32 141 677 171 3 0 0 0 465 382 177 0 0 0 0 0 
70 786 148 17 3 0 0 0 189 217 466 125 26 1 0 0 693 260 71 0 0 0 0 0 
9 887 74 21 32 1 0 0 133 305 430 156 0 0 0 0 557 432 30 5 0 0 0 0 
141 683 196 4 0 0 0 0 237 248 311 221 7 0 0 0 735 276 12 1 0 0 0 0 
147 579 273 25 0 0 0 0 151 416 294 155 7 1 0 0 722 282 19 1 0 0 0 0 
155 805 59 5 0 0 0 0 316 211 385 112 0 0 0 0 800 205 15 4 0 0 0 0 
131 819 74 0 0 0 0 0 199 338 403 84 0 0 0 0 766 252 6 0 0 0 0 0 
103 751 138 20 10 2 0 0 129 401 396 88 10 0 0 0 741 232 48 3 0 0 0 0 
117 405 69 53 367 13 0 0 0 129 366 164 355 9 1 0 475 160 87 300 2 0 0 0 
8 275 117 275 322 20 7 0 0 0 183 454 327 48 11 1 274 315 234 191 7 3 0 0 
1 147 612 190 53 13 6 2 0 272 194 317 175 43 15 8 587 290 98 33 11 4 1 0 
0 85 779 115 40 5 0 0 0 414 210 255 112 32 1 0 702 266 51 5 0 0 0 0 
3 319 556 135 10 1 0 0 129 512 202 132 39 9 0 1 924 81 17 2 0 0 0 0 
9 159 381 346 53 46 26 4 179 505 79 63 55 56 51 36 783 135 60 31 11 3 1 0 
0 69 298 628 20 6 2 1 0 272 546 142 45 12 3 4 856 138 21 9 0 0 0 0 
0 10 389 486 95 25 7 12 0 24 519 311 101 23 20 26 560 396 34 11 9 7 4 3 
0 29 207 365 225 183 13 2 0 0 146 508 341 23 3 3 349 554 105 11 2 3 0 0 
0 0 63 309 297 338 17 0 0 0 44 390 539 51 0 0 194 624 198 8 0 0 0 0 
0 0 10 183 473 220 58 80 0 0 9 381 360 155 62 57 367 378 150 50 42 37 0 0 
0 0 0 0 53 430 428 113 0 0 0 16 110 323 427 148 36 111 291 356 211 19 0 0 
0 0 1 9 81 333 528 72 0 0 0 3 82 235 383 321 4 61 201 404 343 11 0 0 
0 0 0 1 50 356 546 71 0 0 0 0 7 163 516 338 0 9 150 521 334 10 0 0 
0 0 0 32 308 478 179 27 0 0 19 91 257 408 203 46 74 217 375 276 72 10 0 0 
0 0 2 157 619 193 51 2 0 40 176 337 257 152 62 0 444 288 187 92 13 0 0 0 
0 0 61 369 532 60 2 0 0 120 635 223 31 9 6 0 909 98 9 8 0 0 0 0 
0 13 212 450 283 65 1 0 33 304 504 145 38 0 0 0 959 65 0 0 0 0 0 0 
320 290 311 78 23 2 0 0 209 494 174 138 9 0 0 0 824 165 35 0 0 0 0 0 
237 498 268 21 0 0 0 0 28 481 430 85 0 0 0 0 883 138 3 0 0 0 0 0 
191 599 232 2 0 0 0 0 161 676 185 2 0 0 0 0 679 334 11 0 0 0 0 0 
138 591 290 5 0 0 0 0 152 701 156 14 1 0 0 0 757 246 20 1 0 0 0 0 
412 567 45 0 0 0 0 0 301 541 172 10 0 0 0 0 892 125 7 0 0 0 0 0 
216 775 33 0 0 0 0 0 61 539 400 24 0 0 0 0 878 137 9 0 0 0 0 0 
307 669 47 1 0 0 0 0 44 465 478 37 0 0 0 0 788 217 19 0 0 0 0 0 
191 801 31 1 0 0 0 0 25 361 603 35 0 0 0 0 788 225 11 0 0 0 0 0 
98 842 83 1 0 0 0 0 1 185 735 103 0 0 0 0 695 302 27 0 0 0 0 0 
144 814 65 1 0 0 0 0 1 165 653 202 3 0 0 0 544 408 64 8 0 0 0 0 
64 807 152 1 0 0 0 0 3 219 682 120 0 0 0 0 624 383 17 0 0 0 0 0 
104 736 110 35 38 1 0 0 0 155 689 175 5 0 0 0 604 329 87 4 0 0 0 0 
140 827 51 5 1 0 0 0 0 100 691 225 8 0 0 0 710 278 35 1 0 0 0 0 
166 837 21 0 0 0 0 0 4 111 790 119 0 0 0 0 779 238 7 0 0 0 0 0 
124 867 33 0 0 0 0 0 0 69 832 123 0 0 0 0 745 264 15 0 0 0 0 0 
190 816 18 0 0 0 0 0 0 80 810 134 0 0 0 0 751 270 3 0 0 0 0 0 
49 416 118 131 112 81 64 53 0 5 341 214 143 123 87 111 517 269 115 80 36 7 0 0 
7 77 353 317 154 69 33 14 0 0 33 354 360 162 74 41 343 449 147 38 30 13 4 0 
0 105 196 309 243 120 40 11 0 0 67 177 318 288 143 31 294 361 215 115 31 8 0 0 
0 5 65 153 330 291 164 16 0 0 0 44 128 311 356 185 250 346 246 119 55 7 1 0 
1 28 130 295 273 175 92 30 0 0 7 97 288 319 199 114 356 349 177 87 40 14 1 0 
8 337 311 153 90 57 51 17 0 49 251 356 175 92 54 47 607 262 84 37 18 13 2 1 
0 188 470 234 84 46 2 0 0 11 143 543 290 30 5 2 591 321 96 12 3 1 0 0 
0 60 199 215 190 288 72 0 0 0 46 241 521 174 40 2 357 315 300 46 6 0 0 0 
0 1 51 128 469 271 85 19 0 0 12 381 297 203 101 30 395 331 197 65 20 12 4 0 
0 0 2 6 29 499 347 141 0 0 0 8 322 415 222 57 10 263 374 250 96 27 4 0 
1 21 33 56 161 467 250 35 16 13 27 59 331 372 189 17 57 204 339 325 94 5 0 0 
0 0 0 8 115 358 419 124 0 0 0 20 154 315 407 128 39 204 291 324 152 14 0 0 
0 0 3 40 123 314 425 119 0 0 10 28 118 242 309 317 32 116 215 319 304 35 3 0 
0 4 61 352 308 198 94 7 0 3 132 268 296 191 111 23 273 352 220 125 52 2 0 0 
0 208 383 162 119 115 33 4 0 222 343 110 154 103 87 5 607 149 139 108 21 0 0 0 
0 13 695 253 52 10 1 0 0 439 222 282 69 10 2 0 667 307 41 6 3 0 0 0 
54 304 482 182 2 0 0 0 52 521 331 120 0 0 0 0 923 99 2 0 0 0 0 0 
365 443 187 13 8 8 0 0 320 443 244 17 0 0 0 0 985 39 0 0 0 0 0 0 
90 354 357 187 35 1 0 0 233 547 201 34 9 0 0 0 869 127 18 10 0 0 0 0 
307 574 140 3 0 0 0 0 522 468 34 0 0 0 0 0 993 31 0 0 0 0 0 0 
524 482 18 0 0 0 0 0 291 549 176 8 0 0 0 0 858 147 19 0 0 0 0 0 
405 589 30 0 0 0 0 0 628 289 106 1 0 0 0 0 856 93 66 9 0 0 0 0 
363 647 14 0 0 0 0 0 260 513 247 4 0 0 0 0 878 111 34 1 0 0 0 0 
169 798 56 1 0 0 0 0 10 375 600 38 1 0 0 0 762 249 12 1 0 0 0 0 
175 764 85 0 0 0 0 0 82 460 440 42 0 0 0 0 745 264 15 0 0 0 0 0 
242 739 43 0 0 0 0 0 64 391 516 52 1 0 0 0 775 235 13 1 0 0 0 0 
117 793 114 0 0 0 0 0 18 333 596 77 0 0 0 0 707 308 9 0 0 0 0 0 
215 752 57 0 0 0 0 0 12 263 649 100 0 0 0 0 696 314 14 0 0 0 0 0 
302 689 32 1 0 0 0 0 0 237 717 68 2 0 0 0 737 267 16 4 0 0 0 0 
289 724 11 0 0 0 0 0 1 312 673 36 2 0 0 0 827 184 12 1 0 0 0 0 
258 712 54 0 0 0 0 0 8 186 689 138 3 0 0 0 785 224 15 0 0 0 0 0 
60 832 125 7 0 0 0 0 0 49 714 252 9 0 0 0 733 270 19 2 0 0 0 0 
57 703 228 36 0 0 0 0 0 58 590 341 35 0 0 0 697 287 40 0 0 0 0 0 
73 800 75 20 17 16 12 11 0 20 646 274 29 16 18 21 711 259 24 13 10 7 0 0 
19 428 130 86 84 98 118 61 0 4 278 279 86 83 108 186 469 251 104 104 74 14 4 4 
7 90 125 163 151 147 183 158 0 16 55 140 165 144 139 365 256 261 200 157 101 36 6 7 
0 15 85 194 275 194 191 70 0 0 6 58 197 280 210 273 273 275 237 153 69 16 1 0 
3 119 190 252 223 130 88 19 0 0 73 200 251 244 169 87 373 333 167 102 40 6 3 0 
0 22 94 144 226 274 192 72 0 3 17 70 136 230 296 272 192 279 236 197 77 34 9 0 
0 73 140 225 167 133 165 121 0 3 64 120 214 196 138 289 277 300 145 146 108 39 9 0 
0 159 249 253 194 100 50 19 0 2 103 273 311 190 86 59 432 332 158 65 25 9 3 0 
0 230 374 126 100 139 52 3 0 0 85 513 271 119 31 5 582 256 138 34 11 3 0 0 
8 76 111 142 100 237 192 158 33 55 50 99 294 170 129 194 241 256 210 142 113 52 10 0 
0 0 1 7 72 401 353 190 0 0 1 14 231 394 286 98 17 172 403 265 131 36 0 0 
0 1 10 65 202 316 282 148 0 1 15 46 161 319 318 164 42 152 292 298 185 49 6 0 
0 6 94 388 261 165 79 31 0 15 46 291 316 201 89 66 205 416 210 120 52 12 8 1 
0 13 227 195 221 254 101 13 0 73 127 151 182 243 209 39 263 223 232 241 58 7 0 0 
0 13 620 236 125 24 4 2 0 187 339 274 161 53 10 0 556 314 118 30 5 1 0 0 
57 529 348 80 10 0 0 0 30 650 320 23 1 0 0 0 937 85 2 0 0 0 0 0 
207 443 298 69 7 0 0 0 347 452 192 31 2 0 0 0 786 220 11 5 2 0 0 0 
190 435 330 63 6 0 0 0 446 451 90 37 0 0 0 0 927 53 15 15 14 0 0 0 
720 302 2 0 0 0 0 0 338 642 42 2 0 0 0 0 992 32 0 0 0 0 0 0 
683 338 3 0 0 0 0 0 330 561 125 8 0 0 0 0 962 59 3 0 0 0 0 0 
224 644 107 48 1 0 0 0 438 452 94 40 0 0 0 0 911 65 22 26 0 0 0 0 
117 739 158 10 0 0 0 0 373 457 171 23 0 0 0 0 830 150 41 3 0 0 0 0 
319 695 10 0 0 0 0 0 319 471 234 0 0 0 0 0 837 154 33 0 0 0 0 0 
157 795 70 1 1 0 0 0 146 524 325 27 2 0 0 0 876 142 6 0 0 0 0 0 
61 511 300 121 29 2 0 0 51 297 409 215 47 5 0 0 729 263 30 2 0 0 0 0 
149 719 114 37 4 0 1 0 20 277 515 178 33 0 1 0 770 227 24 2 0 1 0 0 
190 740 93 1 0 0 0 0 20 350 548 105 1 0 0 0 832 183 9 0 0 0 0 0 
99 522 249 100 31 13 6 4 1 154 478 262 76 30 14 9 673 267 58 16 4 5 1 0 
59 270 240 193 164 70 21 7 0 51 284 225 210 168 69 17 466 341 138 55 17 7 0 0 
7 207 265 315 169 49 11 1 0 21 164 247 357 197 33 5 468 369 138 40 8 1 0 0 
6 229 315 259 128 58 23 6 1 28 159 364 270 131 54 17 467 354 108 50 35 10 0 0 
9 322 390 164 82 39 15 3 0 61 368 408 111 43 27 6 422 438 108 40 12 3 1 0 
171 794 59 0 0 0 0 0 1 253 712 58 0 0 0 0 787 222 15 0 0 0 0 0 
219 773 32 0 0 0 0 0 5 229 708 82 0 0 0 0 760 245 18 1 0 0 0 0 
48 825 120 15 8 7 1 0 0 80 683 233 18 9 1 0 769 237 16 2 0 0 0 0 
48 643 160 73 61 27 10 2 0 86 534 233 70 68 28 5 733 236 46 6 3 0 0 0 
19 254 126 90 148 120 167 100 0 25 195 190 90 139 144 241 454 272 144 86 46 16 5 1 
0 4 15 33 47 88 327 510 0 0 0 23 28 56 100 817 91 189 277 263 139 44 18 3 
0 0 0 7 35 81 280 621 0 0 0 0 2 30 81 911 55 155 243 276 214 57 18 6 
0 1 4 16 55 62 210 676 0 0 0 3 12 52 61 896 22 93 189 326 247 107 35 5 
0 17 60 141 196 133 147 330 0 0 5 74 165 189 116 475 89 239 222 194 155 81 26 18 
0 33 184 339 270 112 58 28 0 0 4 164 367 285 127 77 222 391 256 83 45 23 4 0 
0 0 46 110 120 99 224 425 0 0 0 24 161 115 105 619 70 207 223 252 167 67 36 2 
0 1 25 73 95 148 223 459 0 5 32 84 103 106 100 594 100 117 191 237 221 118 34 6 
0 233 173 140 150 144 116 68 28 319 91 122 97 116 110 141 483 152 128 115 93 44 9 0 
0 55 613 170 113 63 8 2 24 467 255 101 120 49 7 1 764 125 100 28 6 1 0 0 
0 0 25 157 263 292 179 108 0 0 13 109 241 312 264 85 22 212 278 292 170 46 4 0 
334 479 168 41 2 0 0 0 444 537 40 2 1 0 0 0 977 45 2 0 0 0 0 0 
105 788 111 19 1 0 0 0 526 479 19 0 0 0 0 0 999 25 0 0 0 0 0 0 
430 469 61 35 19 8 2 0 364 551 73 33 3 0 0 0 968 50 6 0 0 0 0 0 
84 447 290 120 66 17 0 0 92 521 309 93 9 0 0 0 788 212 20 4 0 0 0 0 
263 653 45 50 13 0 0 0 354 527 107 35 1 0 0 0 884 99 39 2 0 0 0 0 
257 530 130 84 16 2 5 0 214 548 228 31 3 0 0 0 790 206 26 2 0 0 0 0 
390 399 181 40 6 3 3 2 114 602 277 27 4 0 0 0 868 147 8 1 0 0 0 0 
425 555 36 8 0 0 0 0 73 596 310 41 4 0 0 0 935 81 8 0 0 0 0 0 
138 515 245 88 35 3 0 0 72 216 355 321 52 8 0 0 739 233 47 5 0 0 0 0 
172 696 126 21 8 1 0 0 173 477 289 70 15 0 0 0 855 154 14 1 0 0 0 0 
202 704 91 25 1 0 1 0 33 477 425 77 11 0 1 0 868 146 9 1 0 0 0 0 
252 610 127 32 3 0 0 0 8 325 480 176 34 1 0 0 878 131 15 0 0 0 0 0 
238 507 172 75 20 7 3 2 8 225 452 214 101 14 7 3 701 258 52 10 2 1 0 0 
90 365 159 120 98 123 52 17 0 116 317 190 141 117 90 53 543 265 118 53 34 11 0 0 
20 164 227 254 226 105 23 5 2 42 144 270 312 170 67 17 429 361 158 54 13 7 2 0 
4 132 413 347 110 18 0 0 0 14 154 571 267 18 0 0 482 434 96 12 0 0 0 0 
39 417 362 158 36 9 3 0 8 123 416 356 111 10 0 0 590 374 57 3 0 0 0 0 
63 806 151 4 0 0 0 0 1 261 610 144 8 0 0 0 766 239 19 0 0 0 0 0 
159 806 57 2 0 0 0 0 2 222 707 93 0 0 0 0 777 235 12 0 0 0 0 0 
142 847 35 0 0 0 0 0 2 174 754 92 2 0 0 0 800 214 10 0 0 0 0 0 
120 867 37 0 0 0 0 0 5 152 790 77 0 0 0 0 807 213 4 0 0 0 0 0 
138 850 36 0 0 0 0 0 1 154 758 111 0 0 0 0 816 200 8 0 0 0 0 0 
25 307 242 174 82 63 52 79 0 45 271 295 197 72 51 93 546 260 100 74 33 7 4 0 
0 141 81 99 77 76 150 400 0 0 108 160 131 66 76 483 278 201 183 181 111 44 20 6 
0 2 22 45 25 53 209 668 0 0 7 39 34 35 56 853 106 150 237 242 153 87 37 12 
0 0 0 0 2 7 144 871 0 0 0 0 0 0 9 1015 25 84 179 273 245 124 61 33 
0 1 2 22 42 98 275 584 0 0 0 0 18 35 87 884 33 96 230 263 245 97 42 18 
0 1 44 230 243 108 233 165 0 0 0 18 257 245 79 425 87 323 284 163 107 49 7 4 
0 0 18 124 181 143 193 365 0 0 0 11 129 187 153 544 75 223 251 242 171 53 9 0 
0 10 12 11 14 12 95 870 0 9 7 9 5 16 11 967 21 37 104 304 325 157 69 7 
0 2 48 96 112 98 161 507 0 16 63 84 77 93 91 600 80 153 166 292 214 97 21 1 
0 0 0 44 93 105 281 501 0 0 41 129 134 74 232 414 12 111 277 322 240 49 12 1 
