0 0 0 0 695 329 0 0 0 0 0 0 0 1024 0 0 0 0 0 0 0 0 1024 0 
0 0 0 0 1023 1 0 0 0 0 0 0 0 1024 0 0 0 0 0 0 0 0 1024 0 
0 0 0 0 1024 0 0 0 0 0 0 0 0 1024 0 0 0 0 0 0 0 0 1024 0 
0 89 139 223 540 30 3 0 5 106 124 226 42 518 2 1 21 76 115 216 47 22 525 2 
6 54 298 353 287 25 1 0 5 201 156 355 39 267 1 0 17 247 97 324 61 12 265 1 
1 44 329 447 158 38 5 2 2 167 277 391 56 122 6 3 18 304 153 358 52 21 112 6 
0 43 282 534 113 37 6 9 1 229 294 371 57 55 10 7 56 351 157 332 51 16 54 7 
0 98 108 126 108 537 31 16 0 133 139 70 25 610 33 14 8 180 120 31 27 30 608 20 
0 0 13 75 63 873 0 0 0 0 7 61 50 904 2 0 0 0 12 55 33 47 877 0 
0 84 39 126 82 693 0 0 0 78 31 112 92 703 8 0 0 31 86 110 61 45 584 107 
0 0 0 0 36 988 0 0 0 0 0 0 0 1024 0 0 0 0 0 0 0 0 1024 0 
0 0 0 0 636 388 0 0 0 0 0 0 0 1024 0 0 0 0 0 0 0 0 1024 0 
0 61 192 170 550 51 0 0 0 156 102 160 19 587 0 0 0 140 98 157 23 15 591 0 
7 349 602 64 2 0 0 0 37 884 43 59 1 0 0 0 275 651 37 60 0 1 0 0 
0 391 629 4 0 0 0 0 144 713 167 0 0 0 0 0 539 481 4 0 0 0 0 0 
156 311 507 50 0 0 0 0 247 606 171 0 0 0 0 0 461 481 82 0 0 0 0 0 
0 7 915 102 0 0 0 0 3 844 177 0 0 0 0 0 613 405 6 0 0 0 0 0 
0 58 590 313 35 7 3 18 7 645 299 36 12 7 2 16 423 485 73 12 10 5 8 8 
18 215 335 296 81 36 14 29 47 282 329 234 59 32 18 23 146 360 269 137 47 26 32 7 
15 894 54 50 7 2 2 0 136 776 47 53 7 3 2 0 34 851 100 31 4 2 2 0 
0 0 19 167 211 626 1 0 0 0 4 96 222 694 8 0 0 0 16 151 123 101 616 17 
0 57 134 189 207 433 1 3 0 73 106 159 132 547 4 3 0 61 101 191 75 68 519 9 
0 290 636 81 10 7 0 0 0 855 75 70 10 14 0 0 4 845 66 63 30 2 13 1 
193 629 200 2 0 0 0 0 342 637 45 0 0 0 0 0 481 529 14 0 0 0 0 0 
69 171 758 26 0 0 0 0 165 344 515 0 0 0 0 0 186 755 83 0 0 0 0 0 
58 300 427 231 8 0 0 0 124 363 527 10 0 0 0 0 189 549 286 0 0 0 0 0 
1 21 428 500 57 16 0 1 18 274 627 79 25 0 1 0 102 651 247 21 2 0 1 0 
0 1 308 445 59 34 33 144 1 310 407 70 49 24 32 131 252 418 128 37 32 41 93 23 
0 9 367 531 63 15 6 33 0 523 397 45 15 9 9 26 568 357 43 12 9 10 22 3 
6 253 229 287 157 31 24 37 9 375 315 87 151 35 20 32 168 454 113 131 87 33 35 3 
0 17 226 515 241 20 4 1 0 6 170 492 312 38 5 1 0 66 404 474 67 12 1 0 
0 342 344 228 102 8 0 0 0 331 313 214 150 16 0 0 1 479 303 200 40 1 0 0 
1 367 549 74 31 2 0 0 2 599 290 80 46 7 0 0 21 783 146 55 19 0 0 0 
45 326 651 2 0 0 0 0 89 527 408 0 0 0 0 0 160 751 113 0 0 0 0 0 
7 101 856 60 0 0 0 0 18 521 485 0 0 0 0 0 55 860 109 0 0 0 0 0 
8 35 591 340 24 14 1 11 9 235 718 30 15 5 7 5 22 744 220 13 12 5 7 1 
0 0 302 456 89 122 26 29 0 101 645 55 63 128 20 12 19 581 187 35 156 32 10 4 
0 1 111 193 62 228 59 370 0 33 245 54 65 231 105 291 15 174 138 55 161 224 240 17 
0 0 87 107 80 72 108 570 0 76 89 74 77 67 221 420 69 114 77 75 118 296 264 11 
0 92 227 243 199 81 51 131 0 199 253 123 180 110 68 91 137 324 167 174 83 82 47 10 
0 48 517 311 140 7 1 0 0 18 463 356 169 17 1 0 1 220 530 229 40 4 0 0 
0 287 556 115 44 14 6 2 0 286 560 105 50 17 3 3 3 615 296 73 25 8 1 3 
0 200 820 4 0 0 0 0 0 289 731 4 0 0 0 0 2 767 253 2 0 0 0 0 
0 47 946 31 0 0 0 0 1 124 827 72 0 0 0 0 5 424 558 37 0 0 0 0 
0 28 596 400 0 0 0 0 0 97 454 473 0 0 0 0 17 314 430 263 0 0 0 0 
0 74 140 603 207 0 0 0 3 143 181 429 268 0 0 0 52 197 157 543 75 0 0 0 
0 13 54 39 869 49 0 0 0 15 53 36 853 67 0 0 0 46 28 213 699 38 0 0 
0 0 1 124 475 424 0 0 0 0 3 119 448 454 0 0 0 3 6 196 498 321 0 0 
0 0 0 251 230 374 29 140 0 0 7 256 192 403 48 118 0 5 100 259 274 308 76 2 
0 0 25 40 266 159 103 431 0 7 37 46 262 175 214 283 5 47 46 140 310 252 182 42 
0 44 262 143 330 103 33 109 0 19 285 140 329 108 33 110 0 77 239 132 336 103 29 108 
0 14 225 334 394 53 4 0 0 17 188 350 407 59 3 0 0 44 166 374 403 35 2 0 
0 132 743 142 5 2 0 0 0 122 668 225 7 2 0 0 1 304 495 212 12 0 0 0 
0 280 507 221 12 4 0 0 0 255 500 251 12 3 3 0 11 469 272 125 140 4 3 0 
0 66 565 393 0 0 0 0 0 186 425 413 0 0 0 0 3 389 203 166 263 0 0 0 
16 344 256 395 13 0 0 0 15 319 493 196 1 0 0 0 141 322 523 38 0 0 0 0 
0 16 114 133 516 171 47 27 0 82 127 97 454 231 20 13 0 53 150 102 308 376 21 14 
0 0 7 186 257 537 34 3 0 0 26 101 227 607 56 7 0 20 27 118 295 500 57 7 
0 6 209 422 363 20 2 2 0 115 229 410 234 32 2 2 28 344 259 208 140 42 1 2 
0 0 6 115 358 184 33 328 0 0 41 100 164 337 50 332 0 38 183 292 145 21 30 315 
0 0 23 821 75 19 16 70 0 0 21 786 110 20 17 70 0 0 12 582 322 21 18 69 
0 1 354 468 95 10 9 87 0 0 287 484 146 11 6 90 0 0 264 403 251 10 10 86 
0 7 438 437 122 8 6 6 0 1 322 465 204 19 7 6 0 18 402 442 144 6 7 5 
0 20 368 250 224 101 42 19 0 5 237 345 244 128 43 22 0 17 292 375 214 68 53 5 
0 27 198 198 255 215 88 43 0 10 193 171 277 219 104 50 0 26 210 201 303 168 79 37 
0 31 105 324 196 85 99 184 0 24 115 278 218 96 100 193 0 33 203 253 174 96 92 173 
0 17 117 196 254 234 63 143 0 11 71 213 207 288 81 153 0 17 86 284 196 222 76 143 
0 0 2 57 232 223 130 380 0 0 2 29 190 268 148 387 0 0 49 186 158 135 123 373 
0 0 111 376 314 111 59 53 0 0 43 351 334 171 66 59 0 4 75 393 340 116 53 43 
2 368 97 147 250 127 21 12 0 318 101 147 172 238 33 15 18 392 202 241 126 32 11 2 
0 0 0 0 0 0 0 1024 0 0 0 0 0 0 0 1024 0 0 0 0 0 0 0 1024 
0 0 0 0 0 0 20 1004 0 0 0 0 0 0 16 1008 0 0 0 0 0 0 30 994 
0 0 0 38 170 166 96 554 0 0 0 34 140 192 92 566 0 0 8 70 212 98 136 500 
0 0 268 404 268 78 6 0 0 0 174 424 310 108 8 0 0 12 338 448 192 28 6 0 
4 204 402 298 60 34 20 2 0 80 460 322 102 34 24 2 14 368 292 266 40 28 16 0 
0 76 150 368 64 62 108 196 0 70 128 388 70 62 112 194 0 80 230 310 58 96 118 132 
2 50 132 216 226 174 134 90 2 42 108 216 234 184 132 106 2 76 120 260 238 112 124 92 
0 66 188 280 170 112 120 88 0 32 178 236 244 114 124 96 0 10 164 198 310 142 116 84 
0 166 574 222 62 0 0 0 0 86 560 230 148 0 0 0 0 24 478 282 188 52 0 0 
32 728 136 128 0 0 0 0 0 702 178 138 6 0 0 0 154 504 186 166 14 0 0 0 
