0 0 0 1024 0 0 0 0 0 0 0 0 0 1024 0 0 0 0 0 0 0 0 16 1008 
0 0 0 1024 0 0 0 0 0 0 0 0 0 1024 0 0 0 0 0 0 0 0 0 1024 
0 0 0 875 149 0 0 0 0 0 0 0 0 1024 0 0 0 0 0 0 0 0 0 1024 
0 0 0 672 352 0 0 0 0 0 0 0 0 1024 0 0 0 0 0 0 0 0 0 1024 
0 0 0 707 317 0 0 0 0 0 0 0 0 1024 0 0 0 0 0 0 0 0 0 1024 
0 0 0 704 320 0 0 0 0 0 0 0 0 1024 0 0 0 0 0 0 0 0 0 1024 
0 0 0 752 272 0 0 0 0 0 0 0 0 1024 0 0 0 0 0 0 0 0 0 1024 
0 0 0 832 192 0 0 0 0 0 0 0 0 1024 0 0 0 0 0 0 0 0 0 1024 
0 0 0 864 160 0 0 0 0 0 0 0 0 1024 0 0 0 0 0 0 0 0 0 1024 
0 0 0 896 128 0 0 0 0 0 0 0 0 1024 0 0 0 0 0 0 0 0 0 1024 
0 6 198 243 548 17 11 1 0 1 126 172 39 637 42 7 0 3 143 149 38 16 20 655 
0 0 194 274 357 26 30 143 0 0 78 323 55 381 43 144 0 0 109 303 46 16 26 524 
0 2 306 249 362 43 26 36 0 0 169 358 85 334 34 44 0 0 218 307 81 41 20 357 
0 1 183 246 443 65 44 42 0 0 119 280 107 399 70 49 0 0 120 261 117 71 61 394 
0 1 114 142 657 76 22 12 0 1 71 163 133 527 117 12 0 2 67 173 118 78 47 539 
0 0 38 70 880 26 9 1 0 0 18 71 60 570 303 2 0 0 23 62 55 26 25 833 
0 0 5 10 908 42 22 37 0 0 4 6 11 470 490 43 0 0 1 7 12 6 22 976 
0 0 0 4 879 37 40 64 0 0 0 2 12 475 460 75 0 0 0 2 6 12 34 970 
0 0 4 13 845 55 52 55 0 0 0 7 25 681 241 70 0 0 0 2 17 40 59 906 
0 0 10 72 821 50 29 40 0 0 2 45 72 613 245 45 0 0 0 8 58 85 58 813 
0 16 261 350 186 106 54 51 0 1 206 391 207 112 54 53 0 4 257 385 170 101 55 52 
0 24 354 374 176 69 16 11 0 11 295 410 202 72 21 13 0 25 345 372 179 68 22 13 
5 7 155 290 232 108 170 57 6 7 134 303 243 107 188 36 7 8 151 302 232 142 161 21 
49 54 246 229 116 108 127 95 83 112 225 213 151 57 123 60 104 140 263 187 115 67 142 6 
68 327 319 132 68 55 32 23 359 235 122 127 86 47 31 17 493 118 109 145 89 37 28 5 
5 32 321 367 164 70 44 21 15 26 242 408 191 75 43 24 26 14 236 431 174 82 38 23 
0 10 226 353 195 85 69 86 0 2 161 385 219 96 65 96 0 1 121 374 253 102 68 105 
0 21 184 256 248 124 107 84 0 1 135 265 269 146 112 96 0 0 97 267 298 132 108 122 
0 15 171 358 337 94 39 10 0 0 111 359 374 121 47 12 0 0 103 345 352 150 55 19 
0 18 210 341 245 72 66 69 0 0 117 354 290 114 50 96 0 0 72 408 221 144 80 98 
15 92 250 327 167 69 32 72 18 91 260 325 161 64 24 81 68 225 235 233 96 55 38 74 
85 130 176 165 133 61 208 66 102 174 150 136 122 74 201 65 188 206 100 93 94 213 80 50 
26 61 154 106 148 288 223 18 67 215 127 272 164 27 137 15 170 297 218 140 44 83 64 8 
43 36 53 69 423 272 128 0 76 78 121 606 108 3 22 10 101 165 627 85 14 3 23 6 
72 188 222 90 225 208 19 0 197 255 186 331 52 3 0 0 271 299 384 64 4 2 0 0 
83 373 241 62 100 87 37 41 362 304 58 94 85 52 30 39 515 194 67 78 64 50 19 37 
8 33 81 133 181 196 193 199 22 22 73 137 175 195 197 203 31 45 84 133 164 186 169 212 
0 31 79 144 164 146 149 311 0 21 73 139 171 125 155 340 4 48 65 140 147 123 134 363 
3 39 120 305 199 203 113 42 2 23 114 296 191 162 186 50 6 62 133 254 163 144 170 92 
58 77 56 296 157 226 114 37 61 66 50 290 128 168 200 58 90 69 56 293 82 125 229 77 
5 8 7 19 20 63 204 698 1 11 7 13 21 30 194 747 4 8 6 11 15 24 124 832 
6 42 41 42 79 33 76 705 6 59 52 72 32 31 66 706 14 87 67 42 29 17 32 736 
0 11 62 172 309 327 65 78 3 71 162 382 215 90 64 37 43 180 306 268 81 85 59 2 
17 52 97 233 265 272 58 30 58 111 210 367 194 50 28 6 131 243 305 247 54 16 21 7 
55 112 143 157 273 162 35 87 111 166 187 338 96 26 17 83 180 218 335 157 28 7 11 88 
24 32 121 213 335 171 63 65 34 90 171 388 166 79 35 61 85 169 339 218 87 40 26 60 
40 129 250 383 157 44 15 6 26 129 345 380 98 31 12 3 74 256 438 190 36 19 9 2 
339 469 153 39 14 9 1 0 175 528 238 53 16 10 4 0 439 445 103 13 13 8 3 0 
443 405 159 17 0 0 0 0 329 430 228 36 1 0 0 0 567 390 62 5 0 0 0 0 
592 328 104 0 0 0 0 0 464 434 117 8 0 0 0 0 744 245 34 0 0 0 0 0 
0 0 0 0 5 53 319 647 0 0 0 0 0 21 297 706 0 0 0 0 0 2 178 844 
0 0 0 0 95 123 181 625 0 0 0 0 2 161 178 683 0 0 0 0 0 10 226 788 
0 0 6 25 216 163 348 266 0 7 16 13 24 282 325 357 4 16 11 15 15 43 350 570 
1 1 5 11 136 277 367 226 2 7 3 6 21 249 435 301 5 6 5 6 6 9 367 620 
0 0 0 4 296 266 267 191 0 0 0 0 56 372 346 250 0 0 0 0 0 5 510 509 
0 0 0 16 349 124 194 341 0 0 0 0 48 382 191 403 0 0 0 0 0 1 464 559 
2 16 27 16 332 43 119 469 0 15 31 17 21 340 101 499 4 18 29 15 8 3 384 563 
118 99 54 51 163 34 102 403 69 126 63 27 46 171 97 425 93 104 56 26 20 22 223 480 
246 67 30 21 7 8 24 621 166 141 29 24 9 7 23 625 235 75 25 22 13 6 19 629 
274 109 16 16 0 0 18 589 205 168 24 10 8 0 10 597 256 128 13 13 5 0 10 597 
0 0 0 0 0 32 218 774 0 0 0 0 0 14 164 846 0 0 0 0 0 0 108 916 
0 0 0 0 0 34 297 693 0 0 0 0 0 9 242 773 0 0 0 0 0 1 154 869 
0 0 0 0 6 37 233 748 0 0 0 0 1 13 205 805 0 0 0 0 0 0 128 896 
0 0 0 36 224 122 240 402 0 0 0 0 70 238 230 486 0 0 0 0 0 7 390 627 
0 0 0 0 315 44 476 189 0 0 0 0 15 315 309 385 0 0 0 0 0 0 378 646 
0 0 0 3 230 34 273 484 0 0 0 0 12 230 172 610 0 0 0 0 0 2 261 761 
0 0 0 0 161 23 215 625 0 0 0 0 13 157 128 726 0 0 0 0 0 0 186 838 
0 0 0 22 163 52 172 615 0 0 0 0 29 176 156 663 0 0 0 0 0 4 299 721 
0 0 0 11 150 62 197 604 0 0 0 0 32 156 201 635 0 0 0 0 0 20 304 700 
0 0 0 5 128 122 213 554 0 0 0 0 40 149 226 608 0 0 0 0 2 66 237 717 
0 0 0 0 0 64 448 512 0 0 0 0 0 64 480 480 0 0 0 0 0 0 128 896 
0 0 0 0 0 32 352 640 0 0 0 0 0 0 384 640 0 0 0 0 0 0 96 928 
0 0 0 0 0 0 512 512 0 0 0 0 0 0 544 480 0 0 0 0 0 0 128 896 
0 0 0 0 0 96 320 608 0 0 0 0 0 96 352 576 0 0 0 0 0 0 96 928 
0 0 0 0 0 0 704 320 0 0 0 0 0 0 704 320 0 0 0 0 0 0 32 992 
0 0 0 0 0 64 544 416 0 0 0 0 0 64 608 352 0 0 0 0 0 0 128 896 
0 0 0 0 0 0 192 832 0 0 0 0 0 0 160 864 0 0 0 0 0 0 0 1024 
0 0 0 0 0 96 480 448 0 0 0 0 0 64 416 544 0 0 0 0 0 0 128 896 
0 0 0 0 0 0 128 896 0 0 0 0 0 0 128 896 0 0 0 0 0 0 0 1024 
0 0 0 0 0 0 0 1024 0 0 0 0 0 0 0 1024 0 0 0 0 0 0 0 1024 
