0 989 35 0 0 0 0 0 0 998 26 0 0 0 0 0 0 733 291 0 0 0 0 0 
0 738 286 0 0 0 0 0 0 816 208 0 0 0 0 0 0 267 757 0 0 0 0 0 
2 570 444 8 0 0 0 0 0 422 600 2 0 0 0 0 0 73 815 136 0 0 0 0 
371 553 100 0 0 0 0 0 0 402 622 0 0 0 0 0 0 41 381 602 0 0 0 0 
995 29 0 0 0 0 0 0 0 3 1021 0 0 0 0 0 0 0 0 1024 0 0 0 0 
861 162 1 0 0 0 0 0 368 322 334 0 0 0 0 0 145 445 98 330 6 0 0 0 
570 441 13 0 0 0 0 0 541 467 15 1 0 0 0 0 526 479 18 1 0 0 0 0 
550 350 123 1 0 0 0 0 161 348 511 4 0 0 0 0 142 276 182 418 6 0 0 0 
648 168 171 35 2 0 0 0 0 48 951 25 0 0 0 0 0 28 122 825 49 0 0 0 
403 179 205 199 38 0 0 0 1 130 806 87 0 0 0 0 5 173 275 516 55 0 0 0 
307 267 286 162 2 0 0 0 25 256 732 11 0 0 0 0 27 360 279 334 24 0 0 0 
121 188 678 34 3 0 0 0 0 292 728 4 0 0 0 0 0 346 317 358 3 0 0 0 
370 206 433 15 0 0 0 0 0 153 870 1 0 0 0 0 1 177 272 539 35 0 0 0 
709 192 123 0 0 0 0 0 0 44 980 0 0 0 0 0 0 19 120 845 40 0 0 0 
932 92 0 0 0 0 0 0 0 0 1024 0 0 0 0 0 0 0 0 956 68 0 0 0 
0 852 165 7 0 0 0 0 0 945 73 6 0 0 0 0 0 933 85 6 0 0 0 0 
0 784 239 1 0 0 0 0 2 971 51 0 0 0 0 0 5 946 73 0 0 0 0 0 
0 213 788 23 0 0 0 0 0 708 309 7 0 0 0 0 0 715 302 7 0 0 0 0 
1 238 765 20 0 0 0 0 0 627 391 6 0 0 0 0 0 573 405 46 0 0 0 0 
29 304 491 192 8 0 0 0 0 106 904 14 0 0 0 0 0 177 531 315 1 0 0 0 
39 184 779 22 0 0 0 0 41 731 252 0 0 0 0 0 49 821 131 23 0 0 0 0 
108 665 251 0 0 0 0 0 152 814 58 0 0 0 0 0 206 803 15 0 0 0 0 0 
33 263 708 20 0 0 0 0 72 539 413 0 0 0 0 0 89 694 241 0 0 0 0 0 
0 20 718 286 0 0 0 0 0 478 541 5 0 0 0 0 4 669 350 1 0 0 0 0 
3 229 603 182 7 0 0 0 9 572 393 50 0 0 0 0 76 740 200 8 0 0 0 0 
0 107 591 311 15 0 0 0 4 409 579 32 0 0 0 0 29 745 248 2 0 0 0 0 
0 21 396 559 48 0 0 0 0 338 644 42 0 0 0 0 1 729 294 0 0 0 0 0 
149 292 554 23 6 0 0 0 214 612 184 13 1 0 0 0 252 681 80 10 1 0 0 0 
181 312 468 48 10 2 2 1 191 435 377 8 8 3 2 0 276 527 192 19 6 2 2 0 
0 92 904 16 8 4 0 0 0 392 620 4 4 4 0 0 0 680 188 148 8 0 0 0 
0 828 166 29 1 0 0 0 0 940 72 12 0 0 0 0 8 948 62 6 0 0 0 0 
0 695 322 5 2 0 0 0 5 934 79 6 0 0 0 0 42 941 38 3 0 0 0 0 
0 224 773 27 0 0 0 0 0 736 276 12 0 0 0 0 1 874 141 8 0 0 0 0 
0 57 960 7 0 0 0 0 0 786 238 0 0 0 0 0 1 930 93 0 0 0 0 0 
0 44 601 352 24 3 0 0 13 344 621 41 5 0 0 0 23 638 339 21 3 0 0 0 
0 70 721 205 27 1 0 0 0 505 466 52 1 0 0 0 7 776 227 14 0 0 0 0 
8 578 405 32 1 0 0 0 29 770 220 5 0 0 0 0 81 856 86 1 0 0 0 0 
0 307 686 31 0 0 0 0 7 604 411 2 0 0 0 0 44 848 132 0 0 0 0 0 
0 47 741 236 0 0 0 0 0 326 695 3 0 0 0 0 6 800 218 0 0 0 0 0 
0 244 706 72 2 0 0 0 11 706 300 5 2 0 0 0 37 893 92 1 1 0 0 0 
0 32 454 521 16 1 0 0 5 238 731 47 2 1 0 0 24 643 347 9 1 0 0 0 
0 0 381 632 11 0 0 0 0 151 854 19 0 0 0 0 1 724 299 0 0 0 0 0 
110 529 345 38 2 0 0 0 254 550 214 6 0 0 0 0 349 598 75 2 0 0 0 0 
72 825 121 5 1 0 0 0 157 793 68 5 1 0 0 0 358 633 27 5 1 0 0 0 
0 400 596 28 0 0 0 0 12 732 264 16 0 0 0 0 16 892 112 4 0 0 0 0 
1 779 228 16 0 0 0 0 36 925 59 4 0 0 0 0 75 901 45 3 0 0 0 0 
0 472 541 11 0 0 0 0 14 908 101 1 0 0 0 0 63 903 57 1 0 0 0 0 
0 45 875 104 0 0 0 0 0 542 468 14 0 0 0 0 2 868 147 7 0 0 0 0 
0 146 834 41 2 1 0 0 3 808 203 9 1 0 0 0 14 943 61 5 1 0 0 0 
0 48 898 74 4 0 0 0 1 618 395 9 1 0 0 0 7 926 87 4 0 0 0 0 
0 107 588 278 24 17 10 0 0 425 528 40 15 15 1 0 30 740 209 20 16 9 0 0 
2 360 437 148 39 25 13 0 50 640 240 49 26 17 2 0 140 671 144 31 27 11 0 0 
62 291 554 57 29 25 6 0 250 457 240 33 30 13 1 0 309 557 94 29 27 8 0 0 
66 338 526 73 11 5 5 0 355 363 284 13 4 5 0 0 430 487 91 10 1 5 0 0 
0 58 825 140 1 0 0 0 28 492 499 5 0 0 0 0 58 836 129 1 0 0 0 0 
0 9 632 376 7 0 0 0 0 278 721 25 0 0 0 0 7 719 293 5 0 0 0 0 
0 0 343 655 26 0 0 0 0 124 854 46 0 0 0 0 0 639 384 1 0 0 0 0 
3 493 412 111 5 0 0 0 36 693 263 32 0 0 0 0 162 724 137 1 0 0 0 0 
5 679 331 9 0 0 0 0 27 859 135 3 0 0 0 0 87 887 50 0 0 0 0 0 
0 680 344 0 0 0 0 0 0 964 60 0 0 0 0 0 40 984 0 0 0 0 0 0 
0 808 214 2 0 0 0 0 50 924 50 0 0 0 0 0 135 867 22 0 0 0 0 0 
0 264 757 3 0 0 0 0 3 935 86 0 0 0 0 0 26 973 25 0 0 0 0 0 
0 15 968 40 1 0 0 0 0 791 229 4 0 0 0 0 0 959 63 2 0 0 0 0 
145 106 669 72 22 10 0 0 217 535 220 29 20 3 0 0 203 717 54 29 18 3 0 0 
382 234 214 67 37 38 25 27 569 214 100 44 37 26 27 7 603 225 68 43 32 27 25 1 
124 701 92 39 36 19 10 3 780 127 40 41 19 8 9 0 823 99 37 35 17 11 2 0 
211 679 54 18 46 16 0 0 859 97 68 0 0 0 0 0 907 107 10 0 0 0 0 0 
225 473 47 50 78 147 4 0 717 67 211 29 0 0 0 0 761 210 53 0 0 0 0 0 
66 716 108 35 23 42 25 9 757 129 66 31 12 15 14 0 811 115 49 14 14 14 7 0 
69 692 185 23 21 18 13 3 607 317 36 26 15 18 5 0 729 215 24 21 17 16 2 0 
40 618 277 70 15 3 1 0 558 315 122 22 6 1 0 0 642 282 80 17 2 1 0 0 
0 298 634 84 6 2 0 0 229 368 419 6 2 0 0 0 292 605 123 4 0 0 0 0 
0 319 667 37 1 0 0 0 1 748 268 7 0 0 0 0 16 905 102 1 0 0 0 0 
2 468 522 30 2 0 0 0 21 780 208 13 2 0 0 0 79 837 103 4 1 0 0 0 
0 340 684 0 0 0 0 0 12 844 168 0 0 0 0 0 28 956 40 0 0 0 0 0 
0 591 425 8 0 0 0 0 13 916 93 2 0 0 0 0 64 904 55 1 0 0 0 0 
0 227 699 82 13 3 0 0 2 753 221 42 6 0 0 0 14 840 137 27 6 0 0 0 
234 102 586 60 35 7 0 0 280 481 200 30 30 3 0 0 275 600 88 30 28 3 0 0 
852 132 20 3 10 6 1 0 978 11 16 5 9 5 0 0 969 29 7 8 6 5 0 0 
287 422 76 76 123 37 3 0 677 131 145 55 15 1 0 0 721 188 85 25 5 0 0 0 
0 128 91 192 337 215 54 7 156 207 434 183 37 6 1 0 245 518 222 31 7 1 0 0 
0 22 82 192 595 124 8 1 46 243 668 57 9 1 0 0 138 777 94 13 2 0 0 0 
89 452 85 96 208 87 7 0 521 163 304 31 5 0 0 0 598 359 61 6 0 0 0 0 
232 618 49 64 60 1 0 0 852 64 108 0 0 0 0 0 876 125 23 0 0 0 0 0 
27 179 182 145 259 190 25 17 216 296 423 49 21 19 0 0 406 477 102 17 21 1 0 0 
0 163 165 156 317 188 31 4 182 314 401 107 12 7 1 0 385 485 134 12 7 1 0 0 
67 721 77 59 63 14 16 7 794 105 92 16 13 4 0 0 841 137 28 14 4 0 0 0 
93 579 310 40 2 0 0 0 401 441 173 9 0 0 0 0 510 426 84 4 0 0 0 0 
0 264 680 72 8 0 0 0 3 641 341 35 4 0 0 0 50 805 154 12 3 0 0 0 
0 140 852 32 0 0 0 0 0 652 368 4 0 0 0 0 8 904 112 0 0 0 0 0 
0 529 494 1 0 0 0 0 0 985 39 0 0 0 0 0 36 975 13 0 0 0 0 0 
314 451 219 36 4 0 0 0 355 571 70 25 3 0 0 0 419 528 52 24 1 0 0 0 
954 54 4 7 5 0 0 0 999 11 5 7 2 0 0 0 997 13 5 8 1 0 0 0 
661 350 11 2 0 0 0 0 987 25 12 0 0 0 0 0 992 21 11 0 0 0 0 0 
29 382 139 264 136 38 13 23 339 96 188 345 21 13 14 8 358 109 354 165 12 7 18 1 
0 0 0 11 521 265 109 118 0 4 40 678 148 31 45 78 4 33 283 541 33 28 92 10 
0 0 0 12 442 339 112 119 0 4 69 519 281 38 51 62 4 63 357 440 32 36 83 9 
0 7 22 111 348 382 57 97 8 48 185 403 245 36 50 49 23 156 425 264 43 34 79 0 
26 80 77 184 288 211 43 115 110 116 232 309 103 33 37 84 160 220 326 130 52 32 65 39 
0 103 303 179 167 129 79 64 103 373 169 202 104 26 10 37 215 368 207 161 23 7 15 28 
0 141 360 235 118 60 71 39 126 454 240 66 71 57 10 0 237 503 147 80 50 7 0 0 
0 60 435 253 69 15 126 66 61 403 329 34 106 76 15 0 164 540 120 168 26 6 0 0 
6 346 562 101 7 2 0 0 83 555 341 43 2 0 0 0 189 664 156 13 2 0 0 0 
0 127 688 175 27 5 2 0 2 420 523 65 9 5 0 0 43 699 244 29 6 3 0 0 
0 32 724 224 44 0 0 0 0 292 636 92 4 0 0 0 12 744 256 12 0 0 0 0 
8 477 504 22 9 4 0 0 82 837 84 14 6 1 0 0 137 831 41 10 5 0 0 0 
400 614 10 0 0 0 0 0 767 254 3 0 0 0 0 0 755 266 3 0 0 0 0 0 
636 276 111 1 0 0 0 0 846 69 109 0 0 0 0 0 844 72 108 0 0 0 0 0 
24 230 770 0 0 0 0 0 197 83 744 0 0 0 0 0 194 334 496 0 0 0 0 0 
2 202 522 264 24 5 3 2 20 271 536 178 9 6 3 1 88 381 500 43 5 4 3 0 
12 171 113 498 222 8 0 0 127 105 122 648 18 4 0 0 153 143 531 192 5 0 0 0 
0 0 20 373 585 46 0 0 0 35 210 692 87 0 0 0 19 121 626 258 0 0 0 0 
0 0 6 209 420 389 0 0 0 9 149 458 408 0 0 0 5 77 482 430 30 0 0 0 
0 0 33 237 312 442 0 0 0 33 190 342 458 1 0 0 17 97 374 372 164 0 0 0 
0 0 39 56 165 211 84 469 0 43 78 158 157 103 66 419 4 91 125 167 116 64 98 359 
0 17 207 164 98 50 56 432 0 246 167 77 54 56 38 386 15 331 125 58 53 30 43 369 
0 83 400 72 25 117 54 273 5 396 180 90 54 35 34 230 51 482 127 50 41 27 50 196 
1 223 704 94 2 0 0 0 16 625 369 14 0 0 0 0 111 783 127 3 0 0 0 0 
0 65 565 250 90 39 15 0 1 224 564 141 65 22 7 0 52 576 245 94 42 15 0 0 
0 104 472 344 92 12 0 0 4 232 592 140 52 4 0 0 28 516 372 92 16 0 0 0 
5 449 405 114 35 14 2 0 52 662 214 64 23 7 2 0 110 687 154 52 16 3 2 0 
313 590 112 7 2 0 0 0 458 516 43 6 1 0 0 0 531 459 29 5 0 0 0 0 
202 551 270 1 0 0 0 0 393 441 190 0 0 0 0 0 422 481 121 0 0 0 0 0 
7 374 617 20 6 0 0 0 43 405 554 16 6 0 0 0 124 592 301 3 4 0 0 0 
22 674 308 13 5 1 1 0 95 716 201 8 3 0 1 0 324 592 101 4 2 1 0 0 
0 380 435 111 47 32 9 10 8 566 307 80 37 15 9 2 228 572 141 46 23 8 6 0 
0 50 177 156 147 194 103 197 0 129 224 229 125 97 110 110 40 259 278 112 94 101 99 41 
0 7 54 91 210 167 137 358 0 37 136 260 106 85 118 282 13 126 281 110 70 107 116 201 
0 1 39 104 317 178 116 269 1 38 167 318 115 97 107 181 17 125 356 131 85 101 104 105 
0 0 10 58 176 248 99 433 0 22 90 260 151 63 97 341 11 68 239 197 45 87 84 293 
0 0 8 131 121 67 102 595 0 36 150 98 70 70 43 557 5 112 149 77 71 26 83 501 
0 25 87 116 78 113 135 470 1 74 146 174 113 40 47 429 22 146 226 96 32 45 59 398 
0 160 696 136 13 11 8 0 6 563 410 23 15 7 0 0 49 859 88 22 6 0 0 0 
0 118 618 263 24 1 0 0 1 361 538 119 4 1 0 0 82 675 251 15 1 0 0 0 
0 76 604 304 32 8 0 0 0 324 592 100 8 0 0 0 48 716 248 12 0 0 0 0 
0 987 37 0 0 0 0 0 3 1017 4 0 0 0 0 0 92 932 0 0 0 0 0 0 
0 831 190 1 2 0 0 0 0 1014 8 1 1 0 0 0 60 957 5 1 1 0 0 0 
6 636 287 52 23 16 4 0 46 828 82 36 16 14 2 0 130 768 63 37 13 12 1 0 
25 650 326 15 7 1 0 0 97 794 116 11 5 1 0 0 276 701 34 11 1 1 0 0 
2 529 452 34 5 2 0 0 18 681 296 24 4 1 0 0 173 730 105 13 3 0 0 0 
11 640 360 13 0 0 0 0 60 745 212 7 0 0 0 0 265 717 39 3 0 0 0 0 
0 423 443 88 40 22 3 5 7 689 217 64 24 16 6 1 127 729 94 43 23 4 4 0 
0 439 334 64 34 30 30 93 26 674 116 38 41 27 35 67 159 621 67 35 31 29 36 46 
0 121 639 74 42 26 22 100 8 637 176 40 35 20 33 75 80 719 56 35 22 27 44 41 
0 1 512 96 15 22 27 351 0 424 183 14 23 19 49 312 1 577 39 22 10 34 62 279 
0 1 457 67 14 17 25 443 0 366 150 18 17 20 31 422 1 492 35 17 14 24 66 375 
0 51 466 120 30 18 23 316 0 404 217 42 19 21 35 286 29 527 91 22 19 20 68 248 
0 129 599 255 36 5 0 0 2 418 508 88 8 0 0 0 80 676 232 31 5 0 0 0 
0 174 578 215 56 1 0 0 2 500 371 141 10 0 0 0 60 681 247 35 1 0 0 0 
0 96 748 176 4 0 0 0 0 492 508 24 0 0 0 0 64 828 128 4 0 0 0 0 
0 253 311 115 59 62 102 122 1 416 223 59 60 71 116 78 1 521 127 58 63 57 128 69 
0 110 368 113 49 55 145 184 0 340 223 48 51 71 209 82 0 444 132 49 43 76 196 84 
0 113 288 314 123 58 89 39 0 232 411 160 67 64 80 10 1 436 305 94 48 62 73 5 
0 262 207 183 86 79 129 78 0 367 248 98 62 81 146 22 0 514 157 59 55 84 140 15 
0 158 526 81 64 122 67 6 0 477 244 67 71 130 32 3 17 618 99 68 80 117 23 2 
0 266 299 90 111 145 101 12 1 473 133 81 121 141 74 0 23 510 98 87 116 131 59 0 
0 103 465 79 59 103 179 36 0 433 182 59 68 135 143 4 9 538 88 54 76 147 110 2 
0 86 520 70 59 94 128 67 1 470 179 47 74 103 131 19 17 566 88 48 77 102 121 5 
0 93 588 151 46 73 53 20 1 494 307 53 52 70 41 6 35 661 137 42 65 49 33 2 
0 32 612 166 47 52 40 75 0 400 380 59 47 50 41 47 21 683 109 50 47 36 49 29 
0 2 463 151 85 72 44 207 0 248 355 87 71 40 47 176 10 520 156 64 41 33 85 115 
0 110 407 103 50 68 61 225 6 427 156 70 63 44 81 177 52 480 124 46 40 54 122 106 
0 34 293 322 170 82 39 84 1 186 389 242 81 32 49 44 40 442 318 96 22 30 54 22 
0 34 288 374 190 71 33 34 2 163 444 260 71 45 31 8 28 444 378 75 46 24 29 0 
0 144 464 64 80 80 136 56 0 496 148 48 104 84 140 4 32 576 76 84 76 132 48 0 
0 398 215 43 55 131 172 10 0 523 94 43 48 146 170 0 2 535 75 44 49 109 204 6 
0 256 284 68 75 130 112 99 0 396 163 55 68 143 119 80 0 455 101 54 67 132 137 78 
0 0 95 415 114 95 187 118 0 8 463 118 65 102 212 56 0 182 371 58 57 91 204 61 
0 8 322 324 114 65 89 102 0 71 507 151 63 54 132 46 1 303 374 71 57 46 119 53 
0 29 596 210 34 33 85 37 0 274 529 45 36 42 92 6 0 636 177 39 33 46 87 6 
0 299 488 65 61 65 32 14 0 653 158 45 60 60 48 0 4 716 95 39 56 51 63 0 
0 503 458 29 15 10 8 1 0 832 133 29 14 7 9 0 13 914 42 28 13 8 6 0 
17 675 242 42 19 21 6 2 52 804 86 36 22 18 5 1 102 793 54 32 20 20 3 0 
16 667 234 40 21 22 22 2 115 694 113 39 20 26 17 0 277 581 65 40 21 29 11 0 
0 416 570 32 4 2 0 0 3 793 214 11 1 2 0 0 108 866 41 6 2 1 0 0 
0 37 521 296 89 31 22 28 0 288 526 127 23 23 24 13 44 714 176 19 25 22 23 1 
0 1 45 455 343 109 42 29 0 20 456 366 102 45 21 14 12 476 370 87 39 22 18 0 
0 0 40 413 466 81 12 12 0 5 421 499 73 13 7 6 2 487 469 40 14 6 6 0 
0 0 10 298 571 123 19 3 0 8 327 572 100 15 2 0 7 362 567 71 14 3 0 0 
0 0 20 264 652 72 16 0 0 4 240 696 68 16 0 0 4 244 724 36 16 0 0 0 
0 0 0 2 41 371 523 87 0 0 0 2 26 409 561 26 0 0 0 0 14 187 723 100 
0 0 0 2 47 292 361 322 0 0 0 0 31 302 419 272 0 0 0 0 12 186 498 328 
0 0 0 0 13 198 443 370 0 0 0 0 14 219 511 280 0 0 0 0 1 135 535 353 
0 0 0 0 29 146 252 597 0 0 0 0 29 153 361 481 0 0 0 0 13 121 337 553 
0 0 0 0 9 55 413 547 0 0 0 0 13 69 626 316 0 0 0 0 13 54 551 406 
0 1 6 16 16 228 696 61 0 2 7 15 14 248 721 17 0 0 8 14 11 129 779 83 
0 77 76 40 118 324 385 4 0 86 68 49 78 339 398 6 0 96 59 42 42 275 465 45 
0 153 59 174 264 223 131 20 0 149 49 69 290 271 189 7 0 146 40 42 186 313 258 39 
39 257 116 292 178 129 13 0 15 222 103 148 313 183 40 0 24 161 112 110 236 252 126 3 
6 414 223 184 100 52 44 1 0 439 107 150 196 75 53 4 10 426 100 80 172 158 57 21 
0 101 370 266 111 113 61 2 0 243 218 164 218 115 66 0 13 354 118 61 276 129 69 4 
0 196 348 166 108 106 98 2 0 310 278 83 117 117 118 1 10 494 113 51 108 117 119 12 
0 81 218 236 195 264 26 4 0 123 307 152 84 311 47 0 1 362 183 61 54 236 127 0 
0 0 11 374 219 149 120 151 0 1 138 401 77 142 151 114 0 188 346 61 33 125 187 84 
0 0 0 436 216 8 88 276 0 0 236 412 4 20 116 236 0 188 428 32 4 32 100 240 
0 0 0 47 171 308 387 109 0 0 0 13 144 370 444 50 0 0 0 0 94 252 596 80 
0 0 0 28 86 101 306 500 0 0 0 15 79 122 510 297 0 0 0 0 54 112 493 363 
0 0 0 45 96 114 521 246 0 0 0 11 109 148 649 105 0 0 0 0 97 112 656 156 
0 0 0 9 22 97 336 557 0 0 0 0 26 109 438 449 0 0 0 0 20 79 384 540 
0 0 0 0 86 167 389 380 0 0 0 0 69 184 498 271 0 0 0 0 39 124 459 400 
0 0 0 0 77 500 325 120 0 0 0 0 52 506 350 114 0 0 0 0 26 312 528 156 
0 0 0 97 178 461 286 0 0 0 0 11 224 453 335 0 0 0 0 0 128 382 500 13 
0 0 0 35 244 592 150 0 0 0 0 5 146 630 240 0 0 0 0 0 50 478 495 0 
0 0 0 152 393 421 56 0 0 0 0 24 289 572 137 0 0 0 0 0 135 557 331 0 
0 0 47 576 272 118 9 0 0 0 0 237 532 207 47 0 0 0 0 0 478 419 122 3 
0 0 289 463 182 71 16 0 0 0 0 400 438 137 45 1 0 0 0 1 630 291 86 13 
0 0 348 265 295 114 0 0 0 0 0 421 327 242 32 0 0 0 0 0 560 348 114 0 
0 0 325 254 201 169 71 1 0 0 0 384 252 269 107 11 0 0 0 0 532 271 199 20 
0 0 329 197 261 205 30 0 0 0 0 389 195 344 94 0 0 0 0 0 480 361 182 0 
0 0 353 75 82 368 143 0 0 0 0 384 52 376 210 0 0 0 0 15 399 240 361 7 
