0 103 921 0 0 0 0 0 0 0 0 779 245 0 0 0 0 0 0 0 0 1024 0 0 
1 62 712 29 19 21 163 17 1 40 35 496 241 19 170 22 13 60 5 4 5 729 125 83 
0 134 500 26 12 16 193 143 8 131 38 408 82 14 185 158 35 132 11 5 9 484 143 205 
0 21 486 63 32 32 208 182 0 4 5 434 139 36 225 181 0 4 5 6 7 560 150 292 
0 60 754 44 19 15 38 94 0 0 0 727 141 19 35 102 0 0 0 2 10 857 26 129 
30 120 806 25 23 9 11 0 6 44 8 791 141 16 15 3 18 33 9 3 13 916 22 10 
0 152 605 30 62 120 48 7 0 2 5 764 114 93 40 6 3 25 33 18 27 856 57 5 
0 296 188 46 70 210 117 94 0 8 17 524 196 117 126 34 12 72 134 65 45 540 113 41 
4 28 557 189 23 33 190 0 2 46 44 21 676 35 198 2 13 74 6 5 3 581 272 70 
39 286 388 184 12 12 102 1 68 552 265 4 14 13 108 0 259 622 5 5 6 12 92 23 
10 207 452 351 4 0 0 0 20 558 436 10 0 0 0 0 218 787 19 0 0 0 0 0 
15 196 245 377 125 6 52 8 19 334 590 12 1 6 53 9 99 817 30 8 2 6 34 28 
0 70 402 134 80 6 137 195 0 400 253 22 12 6 145 186 122 516 27 12 11 5 89 242 
23 51 117 162 110 66 34 461 2 122 205 97 72 41 30 455 53 273 89 33 45 43 51 437 
0 4 45 101 158 207 111 398 0 10 75 157 183 132 78 389 9 77 180 109 115 86 74 374 
0 13 24 34 73 106 132 640 0 13 38 60 89 89 216 517 12 54 70 78 78 112 93 524 
58 209 316 270 16 17 135 3 74 417 328 9 33 18 140 5 217 589 16 6 5 26 142 23 
81 397 276 250 19 1 0 0 96 579 311 26 11 1 0 0 303 662 38 14 7 0 0 0 
76 483 389 46 22 8 0 0 90 700 182 26 21 5 0 0 364 585 38 19 15 3 0 0 
159 143 185 427 106 4 0 0 119 294 494 83 34 0 0 0 260 621 108 35 0 0 0 0 
0 4 438 473 99 10 0 0 0 381 526 89 27 1 0 0 102 775 96 44 7 0 0 0 
20 88 280 299 62 68 163 44 28 308 373 72 181 24 18 20 265 636 74 5 6 6 14 18 
0 9 80 100 100 69 139 527 0 56 176 78 140 25 67 482 58 291 76 30 15 20 58 476 
0 0 0 0 1 32 172 818 0 0 0 0 1 32 198 792 0 0 0 1 1 13 73 934 
38 103 235 159 45 47 105 292 26 189 225 108 35 54 113 274 70 298 132 56 41 60 128 239 
98 227 448 192 21 9 22 7 99 391 374 104 20 10 25 1 259 532 134 52 11 15 21 0 
30 146 511 238 17 19 54 9 34 365 475 41 28 20 58 3 173 641 65 42 29 18 55 1 
23 109 423 291 71 26 43 38 26 247 490 134 37 17 66 7 114 529 199 64 32 20 65 1 
0 54 303 225 138 124 108 72 2 149 358 129 138 86 146 16 52 366 175 111 117 74 117 12 
0 42 211 126 229 173 122 121 2 131 227 258 135 54 140 77 52 402 166 91 63 52 140 58 
0 0 0 47 164 338 174 301 0 4 56 346 162 80 128 248 23 250 221 77 53 51 159 190 
0 0 0 9 138 249 113 513 0 0 22 233 128 61 88 490 4 138 193 48 33 50 84 472 
57 108 226 228 71 52 85 197 49 147 194 111 186 62 91 184 112 183 120 76 112 150 93 178 
14 56 382 294 278 0 0 0 30 231 648 113 2 0 0 0 117 734 160 13 0 0 0 0 
2 104 155 364 327 63 9 0 2 177 380 306 117 34 8 0 82 466 290 115 28 34 9 0 
1 70 104 436 324 79 10 0 1 101 271 420 175 51 5 0 63 279 394 193 50 39 6 0 
394 214 50 51 225 49 14 27 215 404 107 169 78 9 18 24 406 388 73 89 22 4 6 36 
400 28 43 70 147 44 61 231 351 88 117 84 56 48 75 205 383 170 62 40 60 40 40 229 
0 0 23 18 19 17 273 674 0 1 26 19 19 40 403 516 0 10 30 19 29 163 260 513 
0 0 1 2 1 1 10 1006 0 0 1 2 1 1 14 1002 0 0 1 2 1 1 9 1008 
4 3 2 1 4 1 10 999 3 4 2 1 4 1 13 996 4 3 2 1 4 1 5 1004 
3 26 81 66 22 4 14 808 2 43 126 19 10 2 21 801 16 128 36 13 7 2 24 798 
1 7 25 145 83 6 28 729 0 7 60 158 36 10 27 726 6 36 128 80 12 17 23 722 
0 82 134 294 195 60 72 187 0 58 169 267 206 54 73 197 12 89 284 181 52 106 86 214 
0 21 13 21 38 160 721 50 0 14 20 27 31 141 753 38 0 22 22 32 20 20 645 263 
0 0 0 0 8 43 607 366 0 0 0 0 5 44 647 328 0 0 0 0 0 22 343 659 
0 0 0 0 2 48 404 570 0 0 0 0 2 45 456 521 0 0 0 0 0 7 186 831 
0 0 0 0 0 0 81 942 0 0 0 0 0 0 140 884 0 0 0 0 0 0 14 1009 
0 0 0 0 0 0 0 1024 0 0 0 0 0 0 0 1024 0 0 0 0 0 0 0 1024 
0 0 0 0 0 0 0 1024 0 0 0 0 0 0 0 1024 0 0 0 0 0 0 0 1024 
0 0 0 13 14 9 29 959 0 0 0 7 19 9 43 946 0 0 0 0 17 17 18 972 
0 0 0 579 137 181 78 49 0 0 0 53 638 133 156 44 0 0 0 0 80 640 247 57 
0 0 0 0 167 640 206 11 0 0 0 0 58 705 246 15 0 0 0 0 0 138 819 67 
0 0 0 25 221 502 259 17 0 0 0 4 150 552 301 17 0 0 0 0 2 225 658 139 
0 0 0 13 234 425 351 1 0 0 0 1 147 494 382 0 0 0 0 0 1 209 725 89 
0 0 0 0 198 292 502 30 0 0 0 0 86 360 566 10 0 0 0 0 0 110 660 253 
0 0 0 0 0 0 0 1024 0 0 0 0 0 0 0 1024 0 0 0 0 0 0 0 1024 
0 0 0 0 0 0 0 1024 0 0 0 0 0 0 0 1024 0 0 0 0 0 0 0 1024 
0 0 0 0 4 4 44 972 0 0 0 0 0 8 44 972 0 0 0 0 0 8 4 1012 
0 0 0 516 228 244 32 4 0 0 0 24 696 224 68 12 0 0 0 0 56 664 292 12 
0 0 0 0 4 620 400 0 0 0 0 0 0 576 448 0 0 0 0 0 0 12 996 16 
0 0 0 0 124 620 268 12 0 0 0 0 28 708 276 12 0 0 0 0 0 104 792 128 
0 0 0 0 688 336 0 0 0 0 0 0 208 812 4 0 0 0 0 0 0 484 540 0 
0 0 0 0 117 789 117 0 0 0 0 0 0 896 128 0 0 0 0 0 0 37 986 0 
