0 2 21 138 217 181 398 67 0 1 9 101 221 179 168 345 2 20 131 228 204 427 12 0 
0 1 417 324 102 96 84 0 0 12 631 134 81 69 85 12 0 298 463 125 84 54 0 0 
13 839 109 60 3 0 0 0 0 817 155 52 0 0 0 0 9 873 135 7 0 0 0 0 
1 814 185 23 1 0 0 0 0 743 233 45 3 0 0 0 22 830 153 19 0 0 0 0 
0 512 224 132 125 24 7 0 2 514 233 137 101 29 8 0 22 589 206 122 56 21 8 0 
31 655 277 45 15 1 0 0 0 459 441 97 23 4 0 0 95 723 189 17 0 0 0 0 
0 87 267 230 195 176 67 2 0 43 241 235 198 188 115 4 1 204 298 244 198 60 19 0 
3 74 393 253 113 25 86 77 0 28 280 362 144 34 29 147 2 167 444 178 31 25 39 138 
45 556 135 117 138 33 0 0 3 454 235 118 142 70 2 0 3 565 229 172 50 5 0 0 
41 314 253 193 126 90 7 0 0 251 224 246 149 101 53 0 16 380 267 206 131 24 0 0 
9 529 295 92 67 32 0 0 0 339 410 159 74 39 3 0 9 538 325 115 37 0 0 0 
3 180 227 250 231 99 28 6 0 68 235 259 250 141 46 25 0 148 220 282 203 84 55 32 
4 383 349 173 94 21 0 0 0 171 446 224 132 50 1 0 1 412 382 168 61 0 0 0 
7 225 360 282 133 17 0 0 0 80 371 323 189 57 4 0 5 279 441 254 40 5 0 0 
0 18 119 215 297 179 109 87 0 2 65 185 252 249 113 158 0 14 178 306 199 135 83 109 
0 24 68 153 335 286 122 36 0 2 49 118 235 355 144 121 0 18 114 234 312 145 93 108 
7 159 292 184 184 138 60 0 0 101 284 204 180 162 91 2 0 176 232 230 217 129 35 5 
252 528 146 42 28 17 11 0 17 650 231 63 30 18 14 1 68 639 200 58 30 15 14 0 
94 248 128 148 275 108 23 0 33 286 128 142 276 129 28 2 61 259 147 165 275 97 19 1 
277 328 195 110 60 35 19 0 29 473 221 140 76 50 27 8 37 449 195 146 83 57 40 17 
278 677 60 7 2 0 0 0 6 840 164 9 5 0 0 0 48 887 75 9 5 0 0 0 
393 602 29 0 0 0 0 0 9 894 121 0 0 0 0 0 89 851 84 0 0 0 0 0 
705 262 40 17 0 0 0 0 349 556 92 26 1 0 0 0 522 439 50 13 0 0 0 0 
729 288 7 0 0 0 0 0 20 990 12 2 0 0 0 0 78 935 10 1 0 0 0 0 
630 374 20 0 0 0 0 0 133 830 58 3 0 0 0 0 328 673 23 0 0 0 0 0 
892 132 0 0 0 0 0 0 674 348 2 0 0 0 0 0 729 295 0 0 0 0 0 0 
960 64 0 0 0 0 0 0 928 96 0 0 0 0 0 0 952 72 0 0 0 0 0 0 
530 478 16 0 0 0 0 0 436 558 28 2 0 0 0 0 622 393 9 0 0 0 0 0 
99 527 239 81 62 16 0 0 68 512 268 79 58 39 0 0 260 544 139 70 11 0 0 0 
335 366 157 84 71 11 0 0 239 427 169 71 86 32 0 0 443 343 138 97 3 0 0 0 
247 567 163 40 7 0 0 0 198 615 187 23 1 0 0 0 465 504 54 1 0 0 0 0 
0 102 246 253 227 187 9 0 0 80 229 200 256 221 38 0 55 268 286 257 157 1 0 0 
342 357 182 111 29 3 0 0 90 517 185 156 65 11 0 0 332 451 160 66 15 0 0 0 
284 494 116 74 34 22 0 0 47 609 194 85 59 30 0 0 337 493 111 60 23 0 0 0 
547 270 119 69 19 0 0 0 188 547 153 79 57 0 0 0 410 423 150 33 8 0 0 0 
276 309 155 143 132 9 0 0 135 402 145 122 146 74 0 0 397 299 179 143 6 0 0 0 
622 317 76 9 0 0 0 0 294 564 137 27 2 0 0 0 645 323 50 6 0 0 0 0 
971 49 4 0 0 0 0 0 971 49 4 0 0 0 0 0 971 49 4 0 0 0 0 0 
1024 0 0 0 0 0 0 0 1024 0 0 0 0 0 0 0 1024 0 0 0 0 0 0 0 
0 0 35 176 222 252 339 0 0 0 23 158 219 241 351 32 0 25 181 268 333 217 0 0 
0 3 121 186 197 201 300 16 0 7 146 145 186 161 315 64 0 79 221 211 268 243 2 0 
0 275 152 74 114 155 251 3 0 259 160 73 96 140 267 29 1 340 143 134 211 195 0 0 
12 818 124 54 16 0 0 0 10 805 125 59 25 0 0 0 28 843 125 28 0 0 0 0 
19 849 145 11 0 0 0 0 15 841 153 15 0 0 0 0 150 787 85 2 0 0 0 0 
22 731 263 8 0 0 0 0 1 637 364 21 1 0 0 0 28 874 116 6 0 0 0 0 
21 723 208 42 27 3 0 0 4 556 370 54 34 6 0 0 48 737 170 46 23 0 0 0 
54 353 283 177 122 35 0 0 12 264 327 221 140 58 2 0 60 426 301 168 43 20 6 0 
15 206 300 345 140 18 0 0 1 135 261 332 229 66 0 0 10 331 430 223 30 0 0 0 
113 330 112 151 212 104 2 0 18 354 135 107 206 193 11 0 54 412 177 265 114 2 0 0 
4 317 281 269 133 20 0 0 0 276 273 297 146 31 1 0 8 357 380 229 48 2 0 0 
22 780 135 70 17 0 0 0 1 620 275 85 41 2 0 0 31 698 204 68 17 6 0 0 
31 960 33 0 0 0 0 0 0 827 197 0 0 0 0 0 0 891 133 0 0 0 0 0 
65 790 148 16 5 0 0 0 2 710 265 41 5 1 0 0 15 815 175 15 4 0 0 0 
0 261 286 232 226 19 0 0 0 147 322 229 213 113 0 0 2 311 351 255 97 7 1 0 
12 140 256 315 246 48 7 0 2 92 207 303 259 148 13 0 3 161 344 358 141 15 2 0 
41 258 260 197 223 43 2 0 1 228 266 205 203 118 3 0 28 344 247 266 132 7 0 0 
235 219 189 107 256 18 0 0 221 176 220 143 262 2 0 0 229 209 216 139 229 2 0 0 
547 320 24 19 25 32 57 0 562 314 19 17 24 59 29 0 589 293 23 16 32 68 3 0 
41 166 104 110 229 241 131 2 84 105 94 129 216 214 139 43 71 129 82 158 217 182 119 66 
148 775 74 25 2 0 0 0 13 736 215 43 15 2 0 0 52 784 143 34 9 2 0 0 
642 382 0 0 0 0 0 0 237 783 4 0 0 0 0 0 309 715 0 0 0 0 0 0 
440 572 11 1 0 0 0 0 30 943 48 3 0 0 0 0 147 865 11 1 0 0 0 0 
235 583 138 52 14 2 0 0 1 673 245 68 31 6 0 0 154 687 128 46 9 0 0 0 
690 331 3 0 0 0 0 0 180 813 31 0 0 0 0 0 280 732 12 0 0 0 0 0 
892 132 0 0 0 0 0 0 535 483 6 0 0 0 0 0 724 298 2 0 0 0 0 0 
1002 22 0 0 0 0 0 0 736 288 0 0 0 0 0 0 904 120 0 0 0 0 0 0 
752 242 29 1 0 0 0 0 715 271 35 3 0 0 0 0 796 210 18 0 0 0 0 0 
641 356 26 1 0 0 0 0 585 409 29 1 0 0 0 0 649 363 12 0 0 0 0 0 
527 454 39 4 0 0 0 0 424 552 42 6 0 0 0 0 741 259 24 0 0 0 0 0 
311 464 107 71 42 24 5 0 301 500 122 57 37 7 0 0 575 311 94 37 7 0 0 0 
41 216 207 269 204 87 0 0 35 195 199 248 208 139 0 0 151 283 298 241 51 0 0 0 
78 451 221 123 105 43 3 0 30 366 276 141 109 75 27 0 148 346 204 142 85 80 19 0 
737 213 54 14 6 0 0 0 421 500 73 17 13 0 0 0 594 344 60 17 9 0 0 0 
929 95 0 0 0 0 0 0 767 250 7 0 0 0 0 0 861 158 5 0 0 0 0 0 
794 177 51 2 0 0 0 0 719 215 86 4 0 0 0 0 835 160 28 1 0 0 0 0 
511 289 160 63 1 0 0 0 357 378 148 124 17 0 0 0 621 277 107 19 0 0 0 0 
826 171 27 0 0 0 0 0 642 323 53 6 0 0 0 0 766 244 14 0 0 0 0 0 
896 128 0 0 0 0 0 0 896 128 0 0 0 0 0 0 896 128 0 0 0 0 0 0 
0 0 0 1 14 101 784 124 0 0 0 0 3 47 258 716 0 0 1 16 128 801 78 0 
0 0 0 0 25 313 666 20 0 0 0 0 7 183 649 185 0 0 2 83 424 509 6 0 
0 0 0 63 204 342 415 0 0 0 0 34 175 284 525 6 0 0 84 246 457 237 0 0 
0 17 479 327 163 38 0 0 0 0 268 450 197 109 0 0 0 156 560 279 29 0 0 0 
49 442 253 124 143 13 0 0 2 401 269 130 115 107 0 0 80 498 232 190 24 0 0 0 
10 295 271 212 146 84 6 0 0 163 345 227 159 109 21 0 4 325 404 195 91 5 0 0 
142 405 235 139 72 31 0 0 19 441 281 152 78 50 3 0 31 443 287 150 81 29 3 0 
27 112 212 274 227 164 8 0 0 97 150 263 229 225 59 1 11 140 264 266 156 146 39 2 
305 523 112 45 33 6 0 0 80 613 213 55 37 25 1 0 44 685 176 50 45 24 0 0 
49 260 258 193 189 64 11 0 1 197 274 211 183 139 19 0 15 350 325 224 99 11 0 0 
6 581 206 200 30 1 0 0 0 523 181 209 101 10 0 0 11 606 270 123 14 0 0 0 
17 830 159 18 0 0 0 0 0 602 386 34 2 0 0 0 21 825 161 17 0 0 0 0 
113 876 35 0 0 0 0 0 0 935 82 7 0 0 0 0 9 978 37 0 0 0 0 0 
13 651 213 75 58 14 0 0 0 404 426 111 63 20 0 0 29 722 188 66 19 0 0 0 
34 351 162 196 216 64 1 0 0 287 219 178 233 105 2 0 19 371 257 244 116 17 0 0 
29 568 278 59 51 32 7 0 0 475 368 75 55 34 17 0 8 539 302 63 45 45 21 1 
155 99 203 194 344 29 0 0 154 97 202 206 344 20 1 0 175 153 214 326 154 2 0 0 
505 463 13 14 29 0 0 0 505 463 13 14 29 0 0 0 505 463 13 14 29 0 0 0 
32 992 0 0 0 0 0 0 32 992 0 0 0 0 0 0 32 992 0 0 0 0 0 0 
52 877 18 23 54 0 0 0 72 859 19 60 14 0 0 0 86 848 22 63 5 0 0 0 
232 380 109 270 33 0 0 0 137 448 154 285 0 0 0 0 204 421 165 234 0 0 0 0 
364 660 0 0 0 0 0 0 14 935 75 0 0 0 0 0 168 854 2 0 0 0 0 0 
549 465 10 0 0 0 0 0 39 962 23 0 0 0 0 0 160 858 6 0 0 0 0 0 
470 453 67 33 1 0 0 0 37 815 113 47 12 0 0 0 218 726 60 20 0 0 0 0 
782 226 10 6 0 0 0 0 344 652 18 9 1 0 0 0 498 511 10 5 0 0 0 0 
647 255 32 24 43 20 3 0 488 411 34 20 43 23 5 0 571 339 39 43 28 4 0 0 
513 378 45 52 36 0 0 0 167 695 59 38 48 17 0 0 364 543 61 49 7 0 0 0 
646 361 16 1 0 0 0 0 607 396 20 1 0 0 0 0 754 262 8 0 0 0 0 0 
794 172 43 15 0 0 0 0 690 284 50 0 0 0 0 0 897 127 0 0 0 0 0 0 
249 559 146 59 11 0 0 0 235 550 155 73 11 0 0 0 379 513 102 22 8 0 0 0 
304 440 163 103 14 0 0 0 325 476 163 60 0 0 0 0 556 343 115 10 0 0 0 0 
233 439 195 105 51 1 0 0 185 468 185 117 65 4 0 0 443 385 134 59 3 0 0 0 
380 571 73 0 0 0 0 0 340 592 90 2 0 0 0 0 475 515 32 2 0 0 0 0 
530 313 111 60 10 0 0 0 459 348 123 71 23 0 0 0 501 337 108 68 10 0 0 0 
956 64 4 0 0 0 0 0 956 64 4 0 0 0 0 0 956 64 4 0 0 0 0 0 
1005 19 0 0 0 0 0 0 1005 19 0 0 0 0 0 0 1005 19 0 0 0 0 0 0 
768 223 31 2 0 0 0 0 680 285 55 4 0 0 0 0 787 167 64 6 0 0 0 0 
881 123 12 8 0 0 0 0 818 177 17 10 2 0 0 0 882 115 17 10 0 0 0 0 
832 192 0 0 0 0 0 0 800 224 0 0 0 0 0 0 960 64 0 0 0 0 0 0 
0 60 194 145 110 189 311 15 0 18 163 172 115 146 266 144 2 191 191 155 187 298 0 0 
0 0 223 165 177 341 118 0 0 12 209 150 156 268 221 8 0 165 247 222 349 41 0 0 
0 0 48 236 306 343 91 0 0 0 32 179 279 339 194 1 0 30 286 368 323 17 0 0 
0 44 157 265 315 231 12 0 0 34 123 217 307 320 23 0 5 127 294 436 160 2 0 0 
0 8 81 257 289 384 5 0 0 0 46 237 250 374 117 0 1 65 282 374 302 0 0 0 
0 3 142 329 332 208 10 0 0 0 45 297 365 230 87 0 1 61 324 385 240 13 0 0 
74 637 233 46 21 13 0 0 7 594 303 75 29 16 0 0 50 691 230 37 16 0 0 0 
124 698 154 41 7 0 0 0 26 656 252 70 20 0 0 0 49 772 164 37 2 0 0 0 
189 711 43 32 29 11 9 0 8 806 116 24 28 24 13 5 28 755 138 29 30 24 13 7 
41 469 288 81 119 26 0 0 5 307 392 140 74 106 0 0 50 522 268 129 55 0 0 0 
60 685 138 72 58 11 0 0 13 596 219 98 53 45 0 0 21 720 164 79 40 0 0 0 
65 864 71 22 2 0 0 0 3 856 113 43 9 0 0 0 7 897 102 18 0 0 0 0 
131 826 56 11 0 0 0 0 4 876 103 41 0 0 0 0 29 930 63 2 0 0 0 0 
105 432 296 125 66 0 0 0 0 468 331 141 82 2 0 0 28 626 273 91 6 0 0 0 
42 443 254 154 102 29 0 0 6 359 293 156 153 57 0 0 12 488 335 160 29 0 0 0 
106 135 259 194 229 66 34 1 101 75 265 257 219 34 66 7 114 141 281 270 113 40 52 13 
438 491 19 19 57 0 0 0 438 492 20 22 52 0 0 0 438 492 19 50 25 0 0 0 
32 992 0 0 0 0 0 0 32 992 0 0 0 0 0 0 32 992 0 0 0 0 0 0 
0 1024 0 0 0 0 0 0 0 1024 0 0 0 0 0 0 0 1024 0 0 0 0 0 0 
0 1024 0 0 0 0 0 0 0 1024 0 0 0 0 0 0 0 1024 0 0 0 0 0 0 
120 815 34 55 0 0 0 0 120 817 50 37 0 0 0 0 120 818 64 22 0 0 0 0 
234 450 256 84 0 0 0 0 94 577 353 0 0 0 0 0 219 541 264 0 0 0 0 0 
642 380 2 0 0 0 0 0 35 972 17 0 0 0 0 0 101 913 10 0 0 0 0 0 
668 356 0 0 0 0 0 0 118 906 0 0 0 0 0 0 197 827 0 0 0 0 0 0 
686 330 8 0 0 0 0 0 405 611 8 0 0 0 0 0 486 530 8 0 0 0 0 0 
357 616 27 22 2 0 0 0 314 628 51 18 13 0 0 0 445 539 22 18 0 0 0 0 
73 279 204 158 225 85 0 0 13 222 225 174 158 223 9 0 131 295 233 264 101 0 0 0 
688 157 45 33 34 67 0 0 669 172 44 37 25 71 6 0 751 121 41 50 61 0 0 0 
229 527 139 90 29 10 0 0 134 640 156 53 33 8 0 0 404 497 106 17 0 0 0 0 
279 705 39 1 0 0 0 0 234 739 50 1 0 0 0 0 572 441 11 0 0 0 0 0 
402 439 96 67 17 3 0 0 413 434 96 65 15 1 0 0 635 287 82 17 3 0 0 0 
414 468 131 11 0 0 0 0 384 476 148 16 0 0 0 0 560 401 63 0 0 0 0 0 
764 256 4 0 0 0 0 0 716 298 10 0 0 0 0 0 852 168 4 0 0 0 0 0 
707 210 66 35 6 0 0 0 629 239 93 51 12 0 0 0 665 246 62 41 10 0 0 0 
763 143 82 27 9 0 0 0 714 136 116 44 12 2 0 0 665 171 112 57 13 6 0 0 
938 70 9 5 2 0 0 0 923 84 8 7 2 0 0 0 928 79 10 5 2 0 0 0 
335 303 212 145 28 1 0 0 227 312 239 160 82 4 0 0 209 312 220 173 106 4 0 0 
974 50 0 0 0 0 0 0 798 226 0 0 0 0 0 0 903 121 0 0 0 0 0 0 
1024 0 0 0 0 0 0 0 1024 0 0 0 0 0 0 0 1024 0 0 0 0 0 0 0 
0 223 547 178 68 8 0 0 0 23 660 251 77 13 0 0 0 553 377 86 8 0 0 0 
0 65 560 318 73 8 0 0 0 112 674 201 31 6 0 0 0 596 405 23 0 0 0 0 
27 372 154 95 124 223 29 0 28 378 125 96 106 186 105 0 55 430 187 142 210 0 0 0 
0 35 218 138 233 330 70 0 0 20 206 113 208 328 149 0 6 191 235 336 248 8 0 0 
0 89 247 305 267 107 9 0 0 72 211 278 285 151 27 0 23 197 455 254 93 2 0 0 
0 0 76 152 348 398 50 0 0 0 17 152 259 463 133 0 0 21 208 476 270 49 0 0 
40 241 118 108 169 311 37 0 1 228 119 110 150 258 158 0 37 284 143 218 313 29 0 0 
142 581 169 98 34 0 0 0 1 594 252 100 69 8 0 0 101 659 168 80 16 0 0 0 
262 610 127 25 0 0 0 0 41 764 169 50 0 0 0 0 108 786 115 15 0 0 0 0 
35 411 219 196 156 7 0 0 9 327 263 199 162 64 0 0 124 428 266 187 19 0 0 0 
343 635 20 16 7 3 0 0 80 843 67 14 14 5 1 0 138 797 68 16 5 0 0 0 
166 759 72 27 0 0 0 0 31 860 99 34 0 0 0 0 47 887 74 16 0 0 0 0 
290 732 2 0 0 0 0 0 0 978 46 0 0 0 0 0 10 992 22 0 0 0 0 0 
78 513 305 106 22 0 0 0 1 394 428 147 53 1 0 0 26 599 300 84 15 0 0 0 
56 503 219 146 100 0 0 0 40 474 265 191 54 0 0 0 65 543 222 183 11 0 0 0 
338 526 38 40 82 0 0 0 347 524 42 66 45 0 0 0 361 523 38 89 13 0 0 0 
0 1024 0 0 0 0 0 0 0 1024 0 0 0 0 0 0 0 1024 0 0 0 0 0 0 
0 1024 0 0 0 0 0 0 0 1024 0 0 0 0 0 0 0 1024 0 0 0 0 0 0 
2 690 39 48 49 98 98 0 0 674 52 41 37 74 145 1 0 672 51 47 34 84 133 3 
0 1024 0 0 0 0 0 0 0 1024 0 0 0 0 0 0 0 1024 0 0 0 0 0 0 
0 1024 0 0 0 0 0 0 0 1024 0 0 0 0 0 0 0 1024 0 0 0 0 0 0 
175 765 69 15 0 0 0 0 175 774 73 2 0 0 0 0 175 768 79 2 0 0 0 0 
526 197 301 0 0 0 0 0 433 335 256 0 0 0 0 0 478 270 276 0 0 0 0 0 
556 468 0 0 0 0 0 0 102 912 10 0 0 0 0 0 228 796 0 0 0 0 0 0 
219 804 1 0 0 0 0 0 0 950 74 0 0 0 0 0 292 726 6 0 0 0 0 0 
914 105 5 0 0 0 0 0 158 854 12 0 0 0 0 0 239 780 5 0 0 0 0 0 
214 264 289 185 48 24 0 0 27 347 250 234 109 53 4 0 240 362 284 99 39 0 0 0 
2 27 113 210 394 277 1 0 1 14 90 174 353 376 16 0 28 117 228 433 218 0 0 0 
3 161 292 326 222 20 0 0 2 76 296 280 305 65 0 0 76 330 356 224 38 0 0 0 
47 452 333 154 38 0 0 0 24 337 346 227 77 13 0 0 243 443 275 61 2 0 0 0 
439 526 49 10 0 0 0 0 332 569 112 10 1 0 0 0 546 438 38 2 0 0 0 0 
665 303 43 13 0 0 0 0 662 305 43 14 0 0 0 0 668 302 40 14 0 0 0 0 
696 253 66 9 0 0 0 0 437 505 70 12 0 0 0 0 707 266 47 4 0 0 0 0 
652 347 25 0 0 0 0 0 546 448 30 0 0 0 0 0 854 159 11 0 0 0 0 0 
733 255 32 4 0 0 0 0 702 261 56 5 0 0 0 0 790 213 20 1 0 0 0 0 
996 20 6 2 0 0 0 0 994 22 6 2 0 0 0 0 1002 18 4 0 0 0 0 0 
375 311 238 93 7 0 0 0 303 310 262 130 17 2 0 0 388 253 248 121 13 1 0 0 
924 92 8 0 0 0 0 0 852 164 8 0 0 0 0 0 880 136 8 0 0 0 0 0 
1024 0 0 0 0 0 0 0 1024 0 0 0 0 0 0 0 1024 0 0 0 0 0 0 0 
0 248 308 126 183 137 22 0 0 99 406 147 167 157 48 0 9 354 327 263 66 5 0 0 
0 30 307 636 51 0 0 0 0 93 671 247 13 0 0 0 5 666 317 36 0 0 0 0 
39 844 140 1 0 0 0 0 6 808 204 6 0 0 0 0 84 886 54 0 0 0 0 0 
156 722 123 23 0 0 0 0 153 716 129 26 0 0 0 0 226 714 80 4 0 0 0 0 
12 530 237 145 73 27 0 0 3 519 218 172 71 41 0 0 201 518 201 82 22 0 0 0 
13 229 214 285 225 58 0 0 8 214 207 248 245 101 1 0 52 377 354 206 35 0 0 0 
20 187 63 103 304 345 2 0 6 186 62 76 204 440 50 0 123 121 118 311 318 33 0 0 
259 597 79 56 25 8 0 0 10 784 97 78 39 11 5 0 108 764 97 44 10 1 0 0 
401 573 44 6 0 0 0 0 10 908 85 21 0 0 0 0 76 900 48 0 0 0 0 0 
677 219 46 68 14 0 0 0 169 719 44 59 33 0 0 0 247 666 85 26 0 0 0 0 
638 381 5 0 0 0 0 0 384 625 14 1 0 0 0 0 434 581 9 0 0 0 0 0 
303 666 42 13 0 0 0 0 33 916 59 16 0 0 0 0 58 914 50 2 0 0 0 0 
198 734 87 5 0 0 0 0 13 904 100 7 0 0 0 0 23 933 68 0 0 0 0 0 
36 469 152 177 190 0 0 0 24 411 222 194 173 0 0 0 32 488 236 245 23 0 0 0 
76 696 46 65 141 0 0 0 88 688 46 80 119 3 0 0 122 664 58 146 34 0 0 0 
9 1015 0 0 0 0 0 0 9 1015 0 0 0 0 0 0 9 1015 0 0 0 0 0 0 
0 1024 0 0 0 0 0 0 0 1024 0 0 0 0 0 0 0 1024 0 0 0 0 0 0 
0 1024 0 0 0 0 0 0 0 1024 0 0 0 0 0 0 0 1024 0 0 0 0 0 0 
0 700 110 32 47 77 58 0 0 675 123 36 32 56 102 0 0 686 118 33 36 71 80 0 
0 1024 0 0 0 0 0 0 0 1024 0 0 0 0 0 0 0 1024 0 0 0 0 0 0 
0 1024 0 0 0 0 0 0 0 1024 0 0 0 0 0 0 0 1024 0 0 0 0 0 0 
0 1024 0 0 0 0 0 0 0 1024 0 0 0 0 0 0 0 1024 0 0 0 0 0 0 
450 495 79 0 0 0 0 0 443 521 60 0 0 0 0 0 520 489 15 0 0 0 0 0 
152 637 235 0 0 0 0 0 152 735 137 0 0 0 0 0 152 731 141 0 0 0 0 0 
555 437 21 11 0 0 0 0 489 500 23 12 0 0 0 0 509 491 24 0 0 0 0 0 
571 405 48 0 0 0 0 0 314 570 133 7 0 0 0 0 467 522 35 0 0 0 0 0 
525 382 104 12 1 0 0 0 238 531 225 25 5 0 0 0 557 380 80 7 0 0 0 0 
0 79 298 244 272 130 1 0 0 16 250 267 303 184 4 0 24 316 284 300 99 1 0 0 
16 220 193 205 293 97 0 0 0 183 216 199 264 162 0 0 131 255 235 321 82 0 0 0 
82 460 295 153 34 0 0 0 39 437 297 165 79 7 0 0 285 457 247 34 1 0 0 0 
97 839 64 20 4 0 0 0 80 861 69 14 0 0 0 0 447 544 30 3 0 0 0 0 
667 305 48 4 0 0 0 0 619 349 52 4 0 0 0 0 763 236 25 0 0 0 0 0 
280 562 167 15 0 0 0 0 222 594 171 37 0 0 0 0 436 500 88 0 0 0 0 0 
245 585 173 21 0 0 0 0 197 538 263 26 0 0 0 0 499 465 57 3 0 0 0 0 
547 382 84 11 0 0 0 0 473 420 109 22 0 0 0 0 626 329 59 10 0 0 0 0 
633 327 64 0 0 0 0 0 577 388 59 0 0 0 0 0 852 165 7 0 0 0 0 0 
135 587 276 26 0 0 0 0 109 573 310 32 0 0 0 0 343 544 132 5 0 0 0 0 
968 56 0 0 0 0 0 0 968 56 0 0 0 0 0 0 968 56 0 0 0 0 0 0 
1024 0 0 0 0 0 0 0 1024 0 0 0 0 0 0 0 1024 0 0 0 0 0 0 0 
0 83 152 223 312 212 42 0 0 43 154 208 319 225 75 0 5 152 298 390 141 38 0 0 
0 302 373 299 50 0 0 0 2 408 465 125 23 1 0 0 70 709 207 35 3 0 0 0 
80 292 140 108 138 251 15 0 53 279 144 107 111 263 67 0 110 338 128 156 273 19 0 0 
65 466 60 56 125 243 9 0 57 451 62 52 80 270 52 0 177 380 72 188 204 3 0 0 
6 347 224 137 176 134 0 0 1 333 233 129 135 189 4 0 135 394 194 231 70 0 0 0 
84 422 185 197 127 9 0 0 24 449 209 198 116 28 0 0 202 466 249 101 6 0 0 0 
583 397 17 22 5 0 0 0 76 900 14 23 11 0 0 0 267 734 23 0 0 0 0 0 
303 375 164 130 50 2 0 0 9 562 187 152 90 23 1 0 114 627 184 93 6 0 0 0 
117 530 155 151 53 18 0 0 27 523 192 140 113 29 0 0 67 617 210 110 20 0 0 0 
600 386 27 6 4 1 0 0 142 824 44 8 3 3 0 0 175 810 32 4 3 0 0 0 
334 560 95 33 2 0 0 0 85 775 119 41 4 0 0 0 122 771 105 26 0 0 0 0 
347 660 17 0 0 0 0 0 17 976 31 0 0 0 0 0 38 967 19 0 0 0 0 0 
45 798 73 42 65 1 0 0 51 799 74 59 41 0 0 0 73 784 80 66 21 0 0 0 
358 372 73 94 127 0 0 0 360 380 77 135 72 0 0 0 396 360 82 177 9 0 0 0 
41 983 0 0 0 0 0 0 41 983 0 0 0 0 0 0 41 983 0 0 0 0 0 0 
0 1024 0 0 0 0 0 0 0 1024 0 0 0 0 0 0 0 1024 0 0 0 0 0 0 
0 774 63 48 41 91 7 0 0 735 107 42 32 73 35 0 0 756 84 42 31 72 39 0 
0 298 116 105 125 379 1 0 0 284 123 91 124 246 156 0 0 315 126 81 116 321 65 0 
1 245 189 123 174 288 4 0 0 235 184 124 145 236 100 0 0 147 268 136 160 285 28 0 
3 180 133 437 197 74 0 0 0 214 109 118 483 90 10 0 0 213 140 72 509 87 3 0 
27 693 34 91 113 66 0 0 3 708 33 45 141 94 0 0 3 713 29 59 142 69 9 0 
64 960 0 0 0 0 0 0 0 1024 0 0 0 0 0 0 0 1024 0 0 0 0 0 0 
32 992 0 0 0 0 0 0 32 992 0 0 0 0 0 0 32 992 0 0 0 0 0 0 
138 806 80 0 0 0 0 0 136 846 42 0 0 0 0 0 230 794 0 0 0 0 0 0 
263 523 238 0 0 0 0 0 131 654 239 0 0 0 0 0 360 634 30 0 0 0 0 0 
265 669 56 31 3 0 0 0 38 791 144 35 16 0 0 0 325 636 45 18 0 0 0 0 
143 717 114 45 5 0 0 0 1 655 293 59 16 0 0 0 239 655 108 22 0 0 0 0 
93 583 236 99 13 0 0 0 0 523 318 143 40 0 0 0 243 568 171 42 0 0 0 0 
26 202 244 335 197 20 0 0 4 169 230 332 238 51 0 0 145 261 369 219 30 0 0 0 
31 440 323 144 83 3 0 0 13 416 332 149 101 13 0 0 240 476 215 90 3 0 0 0 
94 417 185 132 101 87 8 0 84 500 201 118 103 18 0 0 311 402 179 106 26 0 0 0 
669 353 2 0 0 0 0 0 246 769 9 0 0 0 0 0 730 293 1 0 0 0 0 0 
379 552 79 14 0 0 0 0 281 638 82 23 0 0 0 0 519 460 43 2 0 0 0 0 
371 526 114 13 0 0 0 0 168 694 141 21 0 0 0 0 541 429 54 0 0 0 0 0 
147 401 376 100 0 0 0 0 81 411 358 173 1 0 0 0 280 486 248 10 0 0 0 0 
904 110 10 0 0 0 0 0 893 121 9 1 0 0 0 0 943 75 6 0 0 0 0 0 
750 265 9 0 0 0 0 0 744 269 11 0 0 0 0 0 776 244 4 0 0 0 0 0 
1013 11 0 0 0 0 0 0 1010 14 0 0 0 0 0 0 1024 0 0 0 0 0 0 0 
832 192 0 0 0 0 0 0 736 288 0 0 0 0 0 0 1024 0 0 0 0 0 0 0 
83 649 135 57 63 36 1 0 14 592 238 57 59 49 15 0 101 705 118 70 30 0 0 0 
18 428 512 66 0 0 0 0 0 469 549 6 0 0 0 0 70 814 140 0 0 0 0 0 
108 782 61 22 34 17 0 0 86 811 45 22 23 35 2 0 192 748 25 33 25 1 0 0 
48 630 91 85 140 30 0 0 23 600 135 67 154 44 1 0 173 573 143 110 25 0 0 0 
16 173 266 224 257 88 0 0 0 217 283 164 248 96 16 0 88 387 287 203 59 0 0 0 
48 293 98 149 207 227 2 0 28 304 98 124 186 259 25 0 216 229 171 250 156 2 0 0 
79 380 300 217 31 17 0 0 9 413 277 244 62 19 0 0 210 541 228 33 12 0 0 0 
0 78 143 252 306 241 4 0 0 42 111 241 302 281 47 0 16 195 326 382 105 0 0 0 
0 23 132 308 412 148 1 0 0 17 93 283 404 223 4 0 4 159 396 401 64 0 0 0 
295 548 118 54 8 1 0 0 96 653 181 64 25 5 0 0 193 635 144 41 9 2 0 0 
467 541 7 4 5 0 0 0 314 690 7 7 4 2 0 0 375 629 8 6 6 0 0 0 
200 673 100 43 8 0 0 0 158 717 105 43 1 0 0 0 217 674 107 26 0 0 0 0 
307 367 83 109 158 0 0 0 324 362 93 135 110 0 0 0 337 360 102 180 45 0 0 0 
118 906 0 0 0 0 0 0 118 906 0 0 0 0 0 0 118 906 0 0 0 0 0 0 
0 1024 0 0 0 0 0 0 0 1024 0 0 0 0 0 0 0 1024 0 0 0 0 0 0 
0 1024 0 0 0 0 0 0 0 1024 0 0 0 0 0 0 0 1024 0 0 0 0 0 0 
0 591 88 62 136 112 35 0 0 570 106 74 123 86 65 0 0 581 101 107 104 128 3 0 
0 0 0 0 24 1000 0 0 0 0 0 0 8 304 712 0 0 0 0 0 32 784 208 0 
0 106 56 143 264 455 0 0 0 80 80 110 217 430 107 0 0 88 72 112 253 451 48 0 
0 0 0 608 416 0 0 0 0 0 0 0 1024 0 0 0 0 0 0 0 1024 0 0 0 
0 672 32 93 97 130 0 0 0 672 32 29 137 146 8 0 0 672 32 21 145 154 0 0 
0 1024 0 0 0 0 0 0 0 1024 0 0 0 0 0 0 0 1024 0 0 0 0 0 0 
0 1024 0 0 0 0 0 0 0 1024 0 0 0 0 0 0 0 1024 0 0 0 0 0 0 
896 128 0 0 0 0 0 0 896 128 0 0 0 0 0 0 896 128 0 0 0 0 0 0 
178 756 90 0 0 0 0 0 193 777 54 0 0 0 0 0 342 675 7 0 0 0 0 0 
202 417 379 26 0 0 0 0 192 547 252 32 1 0 0 0 296 627 88 13 0 0 0 0 
212 662 143 7 0 0 0 0 0 774 214 36 0 0 0 0 366 592 66 0 0 0 0 0 
256 723 45 0 0 0 0 0 0 863 150 11 0 0 0 0 408 586 30 0 0 0 0 0 
115 337 215 184 147 26 0 0 4 333 241 216 157 73 0 0 218 369 231 190 16 0 0 0 
37 281 281 238 171 16 0 0 1 262 280 244 194 43 0 0 167 385 325 140 7 0 0 0 
51 594 249 99 31 0 0 0 52 710 175 77 10 0 0 0 446 452 108 18 0 0 0 0 
571 429 14 6 4 0 0 0 356 641 16 7 4 0 0 0 731 278 9 6 0 0 0 0 
127 894 3 0 0 0 0 0 79 935 10 0 0 0 0 0 467 556 1 0 0 0 0 0 
716 303 5 0 0 0 0 0 633 386 5 0 0 0 0 0 916 105 3 0 0 0 0 0 
228 388 324 84 0 0 0 0 196 397 320 110 1 0 0 0 406 386 225 7 0 0 0 0 
783 240 1 0 0 0 0 0 750 273 1 0 0 0 0 0 911 113 0 0 0 0 0 0 
645 370 9 0 0 0 0 0 555 460 9 0 0 0 0 0 916 106 2 0 0 0 0 0 
929 95 0 0 0 0 0 0 926 98 0 0 0 0 0 0 978 46 0 0 0 0 0 0 
768 256 0 0 0 0 0 0 768 256 0 0 0 0 0 0 1024 0 0 0 0 0 0 0 
376 628 20 0 0 0 0 0 1 952 71 0 0 0 0 0 131 883 10 0 0 0 0 0 
137 883 4 0 0 0 0 0 45 947 32 0 0 0 0 0 401 620 3 0 0 0 0 0 
94 930 0 0 0 0 0 0 78 946 0 0 0 0 0 0 78 946 0 0 0 0 0 0 
11 849 159 5 0 0 0 0 8 822 185 9 0 0 0 0 248 748 26 2 0 0 0 0 
129 478 156 162 69 25 5 0 120 500 198 146 46 14 0 0 333 450 168 60 13 0 0 0 
32 237 151 132 157 122 137 56 32 266 175 184 129 121 113 4 132 312 188 143 125 114 10 0 
28 665 269 61 1 0 0 0 42 596 309 75 2 0 0 0 267 635 115 7 0 0 0 0 
21 350 406 208 39 0 0 0 13 250 418 263 80 0 0 0 109 586 297 32 0 0 0 0 
44 285 225 232 225 13 0 0 35 274 222 212 246 35 0 0 120 322 324 245 13 0 0 0 
445 417 139 23 0 0 0 0 74 700 197 52 1 0 0 0 242 656 115 11 0 0 0 0 
194 674 110 37 9 0 0 0 163 706 106 43 6 0 0 0 196 692 106 30 0 0 0 0 
304 349 95 130 146 0 0 0 340 345 93 171 75 0 0 0 377 336 106 199 6 0 0 0 
152 869 3 0 0 0 0 0 152 869 3 0 0 0 0 0 152 869 3 0 0 0 0 0 
0 1021 3 0 0 0 0 0 0 1021 3 0 0 0 0 0 0 1021 3 0 0 0 0 0 
0 960 64 0 0 0 0 0 0 960 64 0 0 0 0 0 0 960 64 0 0 0 0 0 
0 1008 16 0 0 0 0 0 0 1008 16 0 0 0 0 0 0 1008 16 0 0 0 0 0 
0 543 145 62 118 125 31 0 0 534 153 61 116 119 41 0 0 534 153 83 104 121 29 0 
7 112 27 15 169 694 0 0 0 115 27 15 38 828 1 0 0 116 28 13 63 804 0 0 
2 261 106 108 210 331 6 0 2 239 97 104 179 366 37 0 2 249 97 109 170 370 27 0 
0 162 86 523 245 8 0 0 0 184 65 57 675 43 0 0 0 191 63 66 681 23 0 0 
5 767 27 40 129 56 0 0 6 775 7 31 102 98 5 0 5 755 26 38 100 99 1 0 
0 1024 0 0 0 0 0 0 0 1024 0 0 0 0 0 0 0 1024 0 0 0 0 0 0 
32 992 0 0 0 0 0 0 32 992 0 0 0 0 0 0 32 992 0 0 0 0 0 0 
576 448 0 0 0 0 0 0 576 448 0 0 0 0 0 0 576 448 0 0 0 0 0 0 
480 544 0 0 0 0 0 0 480 544 0 0 0 0 0 0 480 544 0 0 0 0 0 0 
268 673 83 0 0 0 0 0 294 655 75 0 0 0 0 0 286 699 39 0 0 0 0 0 
133 667 216 8 0 0 0 0 136 648 229 11 0 0 0 0 218 754 47 5 0 0 0 0 
113 691 167 39 11 3 0 0 6 685 253 55 17 8 0 0 299 573 124 20 8 0 0 0 
126 836 51 9 2 0 0 0 56 894 56 13 5 0 0 0 278 707 30 8 1 0 0 0 
116 665 173 65 5 0 0 0 94 652 195 77 6 0 0 0 290 614 100 20 0 0 0 0 
145 580 192 74 14 18 1 0 116 659 171 50 15 13 0 0 504 380 106 15 18 1 0 0 
100 653 201 49 15 6 0 0 19 690 239 52 17 7 0 0 396 493 95 22 15 3 0 0 
40 485 226 208 64 1 0 0 23 468 230 206 93 4 0 0 279 433 242 69 1 0 0 0 
579 411 34 0 0 0 0 0 521 460 43 0 0 0 0 0 844 164 16 0 0 0 0 0 
49 645 261 64 5 0 0 0 25 604 304 77 14 0 0 0 290 601 133 0 0 0 0 0 
560 426 37 1 0 0 0 0 527 456 40 1 0 0 0 0 811 205 8 0 0 0 0 0 
721 233 61 9 0 0 0 0 639 311 64 10 0 0 0 0 672 318 32 2 0 0 0 0 
768 197 42 17 0 0 0 0 718 232 52 21 1 0 0 0 896 100 28 0 0 0 0 0 
448 416 64 64 32 0 0 0 416 448 64 64 32 0 0 0 608 320 64 32 0 0 0 0 
3 486 222 86 104 115 8 0 0 289 369 102 83 119 62 0 53 538 197 137 93 6 0 0 
0 535 461 28 0 0 0 0 0 621 399 4 0 0 0 0 148 793 83 0 0 0 0 0 
68 866 55 35 0 0 0 0 2 908 71 41 2 0 0 0 373 606 45 0 0 0 0 0 
2 338 559 103 22 0 0 0 0 248 615 136 25 0 0 0 125 709 151 38 1 0 0 0 
69 884 48 17 6 0 0 0 60 888 51 19 6 0 0 0 133 847 33 11 0 0 0 0 
95 388 113 113 108 157 41 9 146 404 119 122 157 54 22 0 204 392 131 194 76 23 4 0 
37 666 212 86 23 0 0 0 64 724 185 46 5 0 0 0 447 469 95 13 0 0 0 0 
47 553 189 89 59 51 33 3 38 534 203 90 71 52 34 2 222 526 132 73 47 24 0 0 
63 792 46 13 11 19 56 24 34 821 45 16 13 19 69 7 62 809 35 15 20 77 6 0 
477 536 11 0 0 0 0 0 477 536 11 0 0 0 0 0 477 536 11 0 0 0 0 0 
184 416 106 71 138 109 0 0 212 420 96 87 185 24 0 0 237 421 111 163 92 0 0 0 
220 734 53 8 9 0 0 0 265 728 17 6 8 0 0 0 261 743 10 10 0 0 0 0 
0 1024 0 0 0 0 0 0 0 1024 0 0 0 0 0 0 0 1024 0 0 0 0 0 0 
0 768 240 16 0 0 0 0 0 788 236 0 0 0 0 0 0 868 156 0 0 0 0 0 
0 613 411 0 0 0 0 0 0 650 374 0 0 0 0 0 0 840 184 0 0 0 0 0 
0 1024 0 0 0 0 0 0 0 1024 0 0 0 0 0 0 0 1024 0 0 0 0 0 0 
0 1000 24 0 0 0 0 0 0 1000 24 0 0 0 0 0 0 1000 24 0 0 0 0 0 
0 1024 0 0 0 0 0 0 0 1024 0 0 0 0 0 0 0 1024 0 0 0 0 0 0 
0 1018 6 0 0 0 0 0 0 1018 6 0 0 0 0 0 0 1018 6 0 0 0 0 0 
0 992 32 0 0 0 0 0 0 1024 0 0 0 0 0 0 0 1024 0 0 0 0 0 0 
0 1024 0 0 0 0 0 0 0 1024 0 0 0 0 0 0 0 1024 0 0 0 0 0 0 
0 1024 0 0 0 0 0 0 0 1024 0 0 0 0 0 0 0 1024 0 0 0 0 0 0 
9 1015 0 0 0 0 0 0 9 1015 0 0 0 0 0 0 57 967 0 0 0 0 0 0 
384 640 0 0 0 0 0 0 384 640 0 0 0 0 0 0 384 640 0 0 0 0 0 0 
416 608 0 0 0 0 0 0 416 608 0 0 0 0 0 0 416 608 0 0 0 0 0 0 
1024 0 0 0 0 0 0 0 1024 0 0 0 0 0 0 0 1024 0 0 0 0 0 0 0 
543 480 1 0 0 0 0 0 575 449 0 0 0 0 0 0 617 407 0 0 0 0 0 0 
75 649 252 44 4 0 0 0 68 714 177 54 11 0 0 0 286 598 110 30 0 0 0 0 
247 759 17 1 0 0 0 0 116 889 17 2 0 0 0 0 309 702 13 0 0 0 0 0 
238 401 135 159 89 2 0 0 187 441 123 157 108 8 0 0 430 298 204 89 3 0 0 0 
227 428 118 56 65 110 20 0 209 468 117 64 67 97 2 0 469 293 87 76 86 13 0 0 
62 472 256 163 43 28 0 0 43 467 249 187 38 40 0 0 275 419 215 67 41 7 0 0 
22 159 255 392 187 9 0 0 15 147 226 351 261 24 0 0 123 277 457 164 3 0 0 0 
277 515 149 75 8 0 0 0 214 554 147 94 15 0 0 0 534 372 103 14 1 0 0 0 
10 329 463 218 4 0 0 0 5 261 444 288 26 0 0 0 99 611 308 6 0 0 0 0 
225 610 142 45 2 0 0 0 219 608 136 49 12 0 0 0 719 215 90 0 0 0 0 0 
866 138 18 2 0 0 0 0 863 139 20 2 0 0 0 0 874 137 13 0 0 0 0 0 
520 447 57 0 0 0 0 0 457 497 70 0 0 0 0 0 815 196 13 0 0 0 0 0 
96 896 32 0 0 0 0 0 64 896 64 0 0 0 0 0 608 416 0 0 0 0 0 0 
80 284 164 183 179 130 4 0 0 236 219 138 205 196 30 0 95 352 230 244 102 1 0 0 
5 453 560 6 0 0 0 0 5 659 360 0 0 0 0 0 100 791 133 0 0 0 0 0 
39 771 202 12 0 0 0 0 25 821 163 15 0 0 0 0 274 709 41 0 0 0 0 0 
31 626 299 59 9 0 0 0 31 557 349 78 9 0 0 0 169 726 118 11 0 0 0 0 
14 721 137 81 61 10 0 0 10 690 162 72 70 20 0 0 169 675 108 71 1 0 0 0 
9 222 166 207 332 87 1 0 13 231 148 155 284 191 2 0 81 324 319 266 33 1 0 0 
9 198 356 254 200 7 0 0 12 240 316 220 202 34 0 0 81 490 316 133 4 0 0 0 
1 138 432 277 159 17 0 0 2 172 413 268 145 24 0 0 93 500 306 119 6 0 0 0 
0 17 9 73 222 320 354 29 3 16 13 125 293 306 266 2 17 25 184 294 262 189 53 0 
166 195 74 45 100 151 245 48 199 186 63 48 198 64 263 3 201 198 64 111 169 254 27 0 
219 714 18 18 30 25 0 0 296 644 16 17 40 11 0 0 383 561 21 31 28 0 0 0 
0 994 30 0 0 0 0 0 0 1024 0 0 0 0 0 0 0 1024 0 0 0 0 0 0 
0 865 159 0 0 0 0 0 0 987 37 0 0 0 0 0 0 1018 6 0 0 0 0 0 
0 219 636 169 0 0 0 0 0 334 650 40 0 0 0 0 0 613 411 0 0 0 0 0 
0 710 314 0 0 0 0 0 0 830 194 0 0 0 0 0 0 954 70 0 0 0 0 0 
0 1024 0 0 0 0 0 0 0 1024 0 0 0 0 0 0 0 1024 0 0 0 0 0 0 
0 1024 0 0 0 0 0 0 0 1024 0 0 0 0 0 0 0 1024 0 0 0 0 0 0 
0 1002 22 0 0 0 0 0 0 1002 22 0 0 0 0 0 0 1002 22 0 0 0 0 0 
0 1008 16 0 0 0 0 0 0 1008 16 0 0 0 0 0 0 1008 16 0 0 0 0 0 
0 1024 0 0 0 0 0 0 0 1024 0 0 0 0 0 0 0 1024 0 0 0 0 0 0 
0 1024 0 0 0 0 0 0 0 1024 0 0 0 0 0 0 0 1024 0 0 0 0 0 0 
0 1024 0 0 0 0 0 0 0 1024 0 0 0 0 0 0 0 1024 0 0 0 0 0 0 
0 1024 0 0 0 0 0 0 0 1024 0 0 0 0 0 0 0 1024 0 0 0 0 0 0 
0 1024 0 0 0 0 0 0 0 1024 0 0 0 0 0 0 0 1024 0 0 0 0 0 0 
896 128 0 0 0 0 0 0 896 128 0 0 0 0 0 0 896 128 0 0 0 0 0 0 
1024 0 0 0 0 0 0 0 1024 0 0 0 0 0 0 0 1024 0 0 0 0 0 0 0 
987 37 0 0 0 0 0 0 987 37 0 0 0 0 0 0 987 37 0 0 0 0 0 0 
242 747 35 0 0 0 0 0 259 749 16 0 0 0 0 0 486 533 5 0 0 0 0 0 
414 469 141 0 0 0 0 0 355 649 20 0 0 0 0 0 509 515 0 0 0 0 0 0 
335 154 177 248 110 0 0 0 322 158 157 232 155 0 0 0 407 222 267 128 0 0 0 0 
89 319 172 106 111 166 61 0 95 365 184 104 101 140 35 0 291 307 133 135 136 22 0 0 
7 404 408 103 44 51 7 0 5 359 424 126 47 53 10 0 165 489 243 58 37 32 0 0 
25 245 241 346 167 0 0 0 21 221 220 315 238 9 0 0 150 346 417 111 0 0 0 0 
148 357 231 196 92 0 0 0 110 340 240 202 130 2 0 0 251 416 289 68 0 0 0 0 
21 330 448 214 11 0 0 0 15 268 438 274 29 0 0 0 155 546 307 16 0 0 0 0 
148 609 158 107 2 0 0 0 109 637 133 138 7 0 0 0 580 343 101 0 0 0 0 0 
545 479 0 0 0 0 0 0 545 479 0 0 0 0 0 0 801 223 0 0 0 0 0 0 
517 359 102 46 0 0 0 0 481 379 110 52 2 0 0 0 698 244 81 1 0 0 0 0 
96 544 384 0 0 0 0 0 64 480 480 0 0 0 0 0 384 448 192 0 0 0 0 0 
49 694 235 44 2 0 0 0 0 500 429 80 15 0 0 0 80 795 132 17 0 0 0 0 
0 155 691 178 0 0 0 0 0 254 719 51 0 0 0 0 47 668 301 8 0 0 0 0 
32 618 373 1 0 0 0 0 35 723 266 0 0 0 0 0 114 835 75 0 0 0 0 0 
31 644 240 77 32 0 0 0 23 661 222 70 47 1 0 0 172 709 124 19 0 0 0 0 
27 468 310 136 62 21 0 0 22 416 348 141 68 27 2 0 147 563 201 98 15 0 0 0 
10 530 217 116 120 31 0 0 7 514 208 117 133 45 0 0 200 495 220 71 38 0 0 0 
52 578 334 59 1 0 0 0 5 592 348 78 1 0 0 0 290 565 161 8 0 0 0 0 
17 123 168 274 302 119 21 0 10 191 265 361 145 52 0 0 135 272 442 151 24 0 0 0 
39 21 14 186 457 304 3 0 38 23 67 295 388 213 0 0 54 72 368 340 190 0 0 0 
309 547 19 21 35 83 10 0 338 524 19 24 89 30 0 0 401 468 21 39 87 8 0 0 
0 1024 0 0 0 0 0 0 0 1024 0 0 0 0 0 0 0 1024 0 0 0 0 0 0 
0 1019 5 0 0 0 0 0 0 1019 5 0 0 0 0 0 0 1019 5 0 0 0 0 0 
0 399 559 66 0 0 0 0 0 544 480 0 0 0 0 0 0 731 293 0 0 0 0 0 
0 621 376 27 0 0 0 0 0 753 269 2 0 0 0 0 0 845 179 0 0 0 0 0 
0 1024 0 0 0 0 0 0 0 1024 0 0 0 0 0 0 0 1024 0 0 0 0 0 0 
0 1024 0 0 0 0 0 0 0 1024 0 0 0 0 0 0 0 1024 0 0 0 0 0 0 
0 1024 0 0 0 0 0 0 0 1024 0 0 0 0 0 0 0 1024 0 0 0 0 0 0 
0 1024 0 0 0 0 0 0 0 1024 0 0 0 0 0 0 0 1024 0 0 0 0 0 0 
0 1024 0 0 0 0 0 0 0 1024 0 0 0 0 0 0 0 1024 0 0 0 0 0 0 
0 1024 0 0 0 0 0 0 0 1024 0 0 0 0 0 0 0 1024 0 0 0 0 0 0 
4 1012 8 0 0 0 0 0 2 1012 10 0 0 0 0 0 23 1001 0 0 0 0 0 0 
9 1015 0 0 0 0 0 0 9 1015 0 0 0 0 0 0 9 1015 0 0 0 0 0 0 
32 992 0 0 0 0 0 0 32 992 0 0 0 0 0 0 32 992 0 0 0 0 0 0 
0 1024 0 0 0 0 0 0 0 1024 0 0 0 0 0 0 0 1024 0 0 0 0 0 0 
640 384 0 0 0 0 0 0 640 384 0 0 0 0 0 0 640 384 0 0 0 0 0 0 
1024 0 0 0 0 0 0 0 1024 0 0 0 0 0 0 0 1024 0 0 0 0 0 0 0 
1008 16 0 0 0 0 0 0 1008 16 0 0 0 0 0 0 1008 16 0 0 0 0 0 0 
768 256 0 0 0 0 0 0 768 256 0 0 0 0 0 0 768 256 0 0 0 0 0 0 
804 161 59 0 0 0 0 0 804 197 23 0 0 0 0 0 806 211 7 0 0 0 0 0 
302 345 128 161 88 0 0 0 275 361 126 139 122 1 0 0 444 285 201 93 1 0 0 0 
18 445 130 56 37 99 239 0 28 495 106 52 60 143 140 0 216 386 87 75 139 121 0 0 
78 433 247 133 54 59 20 0 53 418 259 146 66 56 26 0 262 415 197 63 40 47 0 0 
11 134 442 372 65 0 0 0 7 95 413 399 108 2 0 0 75 483 408 57 1 0 0 0 
70 169 244 354 186 1 0 0 59 166 212 332 245 10 0 0 175 294 418 137 0 0 0 0 
142 345 265 251 21 0 0 0 108 360 229 283 44 0 0 0 341 371 292 20 0 0 0 0 
12 711 216 84 1 0 0 0 25 690 195 109 5 0 0 0 301 613 106 4 0 0 0 0 
544 480 0 0 0 0 0 0 544 480 0 0 0 0 0 0 736 288 0 0 0 0 0 0 
701 309 14 0 0 0 0 0 696 312 16 0 0 0 0 0 796 221 7 0 0 0 0 0 
256 768 0 0 0 0 0 0 256 768 0 0 0 0 0 0 512 512 0 0 0 0 0 0 
55 577 291 76 25 0 0 0 18 392 479 92 43 0 0 0 113 725 172 14 0 0 0 0 
0 140 226 562 96 0 0 0 0 120 617 268 19 0 0 0 54 454 496 20 0 0 0 0 
0 679 198 143 4 0 0 0 0 675 245 104 0 0 0 0 137 661 215 11 0 0 0 0 
9 656 294 57 8 0 0 0 7 719 239 51 8 0 0 0 130 768 96 30 0 0 0 0 
0 316 350 187 121 49 1 0 0 288 356 197 124 56 3 0 21 454 264 149 112 24 0 0 
27 543 131 106 148 69 0 0 15 536 135 108 134 96 0 0 177 461 88 127 133 38 0 0 
16 790 187 31 0 0 0 0 11 829 151 33 0 0 0 0 220 724 80 0 0 0 0 0 
0 582 255 166 21 0 0 0 33 722 239 30 0 0 0 0 152 693 174 5 0 0 0 0 
98 445 167 133 109 72 0 0 109 505 176 105 85 44 0 0 196 531 129 103 65 0 0 0 
290 734 0 0 0 0 0 0 282 742 0 0 0 0 0 0 322 702 0 0 0 0 0 0 
360 664 0 0 0 0 0 0 360 664 0 0 0 0 0 0 360 664 0 0 0 0 0 0 
344 609 71 0 0 0 0 0 344 593 87 0 0 0 0 0 344 671 9 0 0 0 0 0 
225 369 416 14 0 0 0 0 241 524 255 4 0 0 0 0 225 628 171 0 0 0 0 0 
524 499 1 0 0 0 0 0 524 499 1 0 0 0 0 0 524 499 1 0 0 0 0 0 
426 598 0 0 0 0 0 0 426 598 0 0 0 0 0 0 426 598 0 0 0 0 0 0 
512 512 0 0 0 0 0 0 512 512 0 0 0 0 0 0 512 512 0 0 0 0 0 0 
529 465 30 0 0 0 0 0 529 465 30 0 0 0 0 0 529 465 30 0 0 0 0 0 
435 589 0 0 0 0 0 0 435 589 0 0 0 0 0 0 435 589 0 0 0 0 0 0 
769 255 0 0 0 0 0 0 769 255 0 0 0 0 0 0 769 255 0 0 0 0 0 0 
485 493 46 0 0 0 0 0 483 491 48 2 0 0 0 0 489 503 32 0 0 0 0 0 
816 208 0 0 0 0 0 0 816 208 0 0 0 0 0 0 816 208 0 0 0 0 0 0 
896 128 0 0 0 0 0 0 896 128 0 0 0 0 0 0 896 128 0 0 0 0 0 0 
944 80 0 0 0 0 0 0 944 80 0 0 0 0 0 0 944 80 0 0 0 0 0 0 
992 32 0 0 0 0 0 0 992 32 0 0 0 0 0 0 992 32 0 0 0 0 0 0 
960 64 0 0 0 0 0 0 960 64 0 0 0 0 0 0 960 64 0 0 0 0 0 0 
1008 16 0 0 0 0 0 0 1008 16 0 0 0 0 0 0 1008 16 0 0 0 0 0 0 
1024 0 0 0 0 0 0 0 1024 0 0 0 0 0 0 0 1024 0 0 0 0 0 0 0 
1024 0 0 0 0 0 0 0 1024 0 0 0 0 0 0 0 1024 0 0 0 0 0 0 0 
1024 0 0 0 0 0 0 0 1024 0 0 0 0 0 0 0 1024 0 0 0 0 0 0 0 
563 255 139 64 3 0 0 0 512 290 145 71 6 0 0 0 671 228 99 26 0 0 0 0 
136 435 149 85 98 104 17 0 149 464 150 98 103 58 2 0 253 449 146 109 65 2 0 0 
11 204 335 308 126 34 6 0 27 164 324 296 160 45 8 0 122 378 376 106 29 13 0 0 
1 216 415 225 165 2 0 0 0 172 417 235 172 28 0 0 82 501 326 115 0 0 0 0 
93 206 315 307 97 6 0 0 72 204 280 306 151 11 0 0 192 393 359 74 6 0 0 0 
285 333 281 119 6 0 0 0 257 345 258 153 11 0 0 0 432 380 192 20 0 0 0 0 
89 653 207 65 10 0 0 0 69 642 213 82 18 0 0 0 401 510 103 10 0 0 0 0 
412 612 0 0 0 0 0 0 401 623 0 0 0 0 0 0 557 467 0 0 0 0 0 0 
766 251 7 0 0 0 0 0 753 259 12 0 0 0 0 0 836 188 0 0 0 0 0 0 
896 128 0 0 0 0 0 0 896 128 0 0 0 0 0 0 896 128 0 0 0 0 0 0 
4 520 391 102 7 0 0 0 0 447 444 119 14 0 0 0 190 673 150 11 0 0 0 0 
0 89 602 213 51 40 29 0 0 124 687 113 55 45 0 0 25 600 294 67 38 0 0 0 
0 720 114 128 37 23 2 0 0 720 178 81 26 18 1 0 48 718 197 44 17 0 0 0 
0 602 378 37 7 0 0 0 0 623 357 37 7 0 0 0 6 765 218 28 7 0 0 0 
9 871 72 30 42 0 0 0 9 871 72 30 42 0 0 0 9 871 72 30 42 0 0 0 
8 966 17 19 10 4 0 0 8 966 17 19 10 4 0 0 96 878 17 19 10 4 0 0 
6 630 294 94 0 0 0 0 7 837 180 0 0 0 0 0 322 676 26 0 0 0 0 0 
1 991 32 0 0 0 0 0 130 894 0 0 0 0 0 0 348 676 0 0 0 0 0 0 
83 435 188 190 95 33 0 0 87 500 263 103 68 3 0 0 258 451 221 80 14 0 0 0 
154 200 104 174 161 182 49 0 200 193 206 168 179 78 0 0 269 175 239 211 124 6 0 0 
844 105 28 47 0 0 0 0 862 105 57 0 0 0 0 0 850 117 56 1 0 0 0 0 
902 122 0 0 0 0 0 0 902 122 0 0 0 0 0 0 902 122 0 0 0 0 0 0 
195 609 211 9 0 0 0 0 200 642 182 0 0 0 0 0 244 663 117 0 0 0 0 0 
635 300 30 59 0 0 0 0 627 308 26 54 9 0 0 0 624 332 66 2 0 0 0 0 
669 355 0 0 0 0 0 0 669 355 0 0 0 0 0 0 669 355 0 0 0 0 0 0 
918 103 3 0 0 0 0 0 911 109 4 0 0 0 0 0 942 82 0 0 0 0 0 0 
387 393 243 1 0 0 0 0 426 352 243 3 0 0 0 0 449 362 212 1 0 0 0 0 
343 681 0 0 0 0 0 0 343 681 0 0 0 0 0 0 343 681 0 0 0 0 0 0 
915 89 20 0 0 0 0 0 908 94 22 0 0 0 0 0 933 89 2 0 0 0 0 0 
793 205 26 0 0 0 0 0 764 232 28 0 0 0 0 0 847 162 15 0 0 0 0 0 
394 299 320 11 0 0 0 0 364 320 317 23 0 0 0 0 477 313 234 0 0 0 0 0 
1024 0 0 0 0 0 0 0 1024 0 0 0 0 0 0 0 1024 0 0 0 0 0 0 0 
1024 0 0 0 0 0 0 0 1024 0 0 0 0 0 0 0 1024 0 0 0 0 0 0 0 
1024 0 0 0 0 0 0 0 1024 0 0 0 0 0 0 0 1024 0 0 0 0 0 0 0 
821 203 0 0 0 0 0 0 821 203 0 0 0 0 0 0 821 203 0 0 0 0 0 0 
785 115 123 1 0 0 0 0 775 115 100 34 0 0 0 0 806 153 65 0 0 0 0 0 
1024 0 0 0 0 0 0 0 1024 0 0 0 0 0 0 0 1024 0 0 0 0 0 0 0 
1024 0 0 0 0 0 0 0 1024 0 0 0 0 0 0 0 1024 0 0 0 0 0 0 0 
1024 0 0 0 0 0 0 0 1024 0 0 0 0 0 0 0 1024 0 0 0 0 0 0 0 
932 67 25 0 0 0 0 0 923 75 26 0 0 0 0 0 976 39 9 0 0 0 0 0 
339 456 67 46 57 55 4 0 371 446 58 44 63 42 0 0 522 320 66 78 38 0 0 0 
137 500 110 93 133 51 0 0 116 505 121 84 134 64 0 0 337 390 135 108 48 6 0 0 
98 498 305 100 23 0 0 0 62 498 309 122 33 0 0 0 279 531 184 30 0 0 0 0 
69 166 122 154 396 117 0 0 59 156 115 148 258 288 0 0 185 180 226 432 1 0 0 0 
128 396 190 203 101 6 0 0 101 404 181 202 106 30 0 0 345 342 256 81 0 0 0 0 
364 506 117 36 1 0 0 0 318 539 121 40 6 0 0 0 674 285 56 9 0 0 0 0 
420 604 0 0 0 0 0 0 402 622 0 0 0 0 0 0 589 435 0 0 0 0 0 0 
867 144 13 0 0 0 0 0 855 156 13 0 0 0 0 0 946 73 5 0 0 0 0 0 
832 192 0 0 0 0 0 0 832 192 0 0 0 0 0 0 832 192 0 0 0 0 0 0 
14 1010 0 0 0 0 0 0 0 1024 0 0 0 0 0 0 52 972 0 0 0 0 0 0 
6 95 411 162 95 125 110 20 4 137 470 102 107 120 79 5 44 351 299 117 124 86 3 0 
8 688 66 56 73 87 46 0 13 687 80 85 78 70 11 0 59 691 70 114 74 16 0 0 
8 592 342 82 0 0 0 0 8 584 327 105 0 0 0 0 40 620 364 0 0 0 0 0 
32 992 0 0 0 0 0 0 32 992 0 0 0 0 0 0 32 992 0 0 0 0 0 0 
196 826 2 0 0 0 0 0 208 813 3 0 0 0 0 0 356 668 0 0 0 0 0 0 
0 883 141 0 0 0 0 0 93 889 42 0 0 0 0 0 420 604 0 0 0 0 0 0 
52 815 157 0 0 0 0 0 148 868 8 0 0 0 0 0 431 587 6 0 0 0 0 0 
91 923 10 0 0 0 0 0 99 925 0 0 0 0 0 0 123 901 0 0 0 0 0 0 
272 167 59 232 166 81 45 2 328 133 245 177 67 72 2 0 342 134 286 147 89 26 0 0 
50 41 230 551 76 70 6 0 32 117 670 108 58 36 3 0 84 108 669 90 67 6 0 0 
526 99 275 124 0 0 0 0 573 148 303 0 0 0 0 0 566 158 300 0 0 0 0 0 
478 451 94 1 0 0 0 0 478 451 94 1 0 0 0 0 478 451 94 1 0 0 0 0 
493 401 51 67 12 0 0 0 493 400 51 44 36 0 0 0 512 414 65 33 0 0 0 0 
1011 13 0 0 0 0 0 0 1011 13 0 0 0 0 0 0 1011 13 0 0 0 0 0 0 
595 214 214 1 0 0 0 0 590 215 216 3 0 0 0 0 627 221 176 0 0 0 0 0 
172 827 25 0 0 0 0 0 172 824 26 2 0 0 0 0 269 738 17 0 0 0 0 0 
772 252 0 0 0 0 0 0 772 252 0 0 0 0 0 0 772 252 0 0 0 0 0 0 
653 355 16 0 0 0 0 0 647 350 27 0 0 0 0 0 693 331 0 0 0 0 0 0 
896 128 0 0 0 0 0 0 896 128 0 0 0 0 0 0 896 128 0 0 0 0 0 0 
465 404 155 0 0 0 0 0 396 472 156 0 0 0 0 0 457 496 71 0 0 0 0 0 
771 113 140 0 0 0 0 0 771 109 144 0 0 0 0 0 780 126 118 0 0 0 0 0 
896 128 0 0 0 0 0 0 896 128 0 0 0 0 0 0 896 128 0 0 0 0 0 0 
960 64 0 0 0 0 0 0 960 64 0 0 0 0 0 0 960 64 0 0 0 0 0 0 
631 393 0 0 0 0 0 0 631 393 0 0 0 0 0 0 631 393 0 0 0 0 0 0 
680 176 89 79 0 0 0 0 712 144 79 89 0 0 0 0 729 147 94 54 0 0 0 0 
968 56 0 0 0 0 0 0 968 56 0 0 0 0 0 0 968 56 0 0 0 0 0 0 
1024 0 0 0 0 0 0 0 1024 0 0 0 0 0 0 0 1024 0 0 0 0 0 0 0 
1024 0 0 0 0 0 0 0 1024 0 0 0 0 0 0 0 1024 0 0 0 0 0 0 0 
1024 0 0 0 0 0 0 0 1024 0 0 0 0 0 0 0 1024 0 0 0 0 0 0 0 
651 254 86 26 6 1 0 0 713 219 75 12 5 0 0 0 822 142 53 6 1 0 0 0 
6 314 235 217 228 22 2 0 4 296 252 212 224 36 0 0 135 383 319 169 18 0 0 0 
83 639 199 70 20 13 0 0 75 625 205 81 20 18 0 0 404 478 112 25 5 0 0 0 
5 89 177 232 421 100 0 0 4 68 161 178 375 238 0 0 76 235 376 333 4 0 0 0 
85 135 109 338 349 8 0 0 79 129 90 216 464 46 0 0 134 214 525 146 5 0 0 0 
138 482 154 154 96 0 0 0 117 478 153 153 123 0 0 0 410 334 195 84 1 0 0 0 
219 805 0 0 0 0 0 0 211 813 0 0 0 0 0 0 341 683 0 0 0 0 0 0 
763 239 22 0 0 0 0 0 750 247 27 0 0 0 0 0 817 196 11 0 0 0 0 0 
672 352 0 0 0 0 0 0 672 352 0 0 0 0 0 0 832 192 0 0 0 0 0 0 
132 892 0 0 0 0 0 0 124 900 0 0 0 0 0 0 166 858 0 0 0 0 0 0 
4 131 198 225 122 188 155 1 3 124 299 222 145 183 48 0 41 233 350 155 198 47 0 0 
219 400 49 92 136 92 36 0 255 377 59 117 140 61 15 0 229 428 139 150 63 15 0 0 
215 347 188 274 0 0 0 0 214 348 171 291 0 0 0 0 229 341 332 122 0 0 0 0 
305 719 0 0 0 0 0 0 297 727 0 0 0 0 0 0 582 442 0 0 0 0 0 0 
64 960 0 0 0 0 0 0 62 962 0 0 0 0 0 0 742 282 0 0 0 0 0 0 
241 770 13 0 0 0 0 0 320 701 3 0 0 0 0 0 857 167 0 0 0 0 0 0 
588 404 30 2 0 0 0 0 610 388 23 3 0 0 0 0 702 309 13 0 0 0 0 0 
928 96 0 0 0 0 0 0 928 96 0 0 0 0 0 0 928 96 0 0 0 0 0 0 
943 65 16 0 0 0 0 0 943 65 16 0 0 0 0 0 951 73 0 0 0 0 0 0 
734 154 22 68 45 1 0 0 770 130 63 47 14 0 0 0 777 127 67 46 7 0 0 0 
425 69 311 217 2 0 0 0 439 99 483 3 0 0 0 0 434 113 464 13 0 0 0 0 
65 571 377 11 0 0 0 0 119 578 327 0 0 0 0 0 113 698 213 0 0 0 0 0 
546 275 60 73 67 3 0 0 537 282 60 73 68 4 0 0 573 270 63 67 51 0 0 0 
337 610 76 1 0 0 0 0 336 607 80 1 0 0 0 0 344 624 55 1 0 0 0 0 
161 767 96 0 0 0 0 0 161 767 96 0 0 0 0 0 161 767 96 0 0 0 0 0 
402 618 4 0 0 0 0 0 402 618 4 0 0 0 0 0 402 618 4 0 0 0 0 0 
420 572 32 0 0 0 0 0 492 508 24 0 0 0 0 0 484 516 24 0 0 0 0 0 
55 790 114 63 2 0 0 0 62 773 122 65 2 0 0 0 178 718 86 42 0 0 0 0 
268 676 52 28 0 0 0 0 12 932 52 28 0 0 0 0 12 932 52 28 0 0 0 0 
391 472 159 2 0 0 0 0 27 811 167 19 0 0 0 0 101 799 124 0 0 0 0 0 
53 653 317 1 0 0 0 0 114 599 309 2 0 0 0 0 163 644 217 0 0 0 0 0 
64 939 21 0 0 0 0 0 182 825 17 0 0 0 0 0 570 447 7 0 0 0 0 0 
64 929 31 0 0 0 0 0 220 764 40 0 0 0 0 0 579 445 0 0 0 0 0 0 
172 848 4 0 0 0 0 0 168 856 0 0 0 0 0 0 425 599 0 0 0 0 0 0 
319 534 66 81 24 0 0 0 281 569 66 79 29 0 0 0 498 358 76 76 16 0 0 0 
888 136 0 0 0 0 0 0 888 136 0 0 0 0 0 0 888 136 0 0 0 0 0 0 
905 56 29 26 8 0 0 0 902 54 28 31 9 0 0 0 925 46 37 16 0 0 0 0 
538 323 95 42 26 0 0 0 508 341 102 43 30 0 0 0 663 285 47 29 0 0 0 0 
890 134 0 0 0 0 0 0 890 134 0 0 0 0 0 0 890 134 0 0 0 0 0 0 
628 268 61 36 30 1 0 0 661 282 37 34 10 0 0 0 692 282 41 9 0 0 0 0 
15 433 198 176 116 86 0 0 9 408 217 170 160 60 0 0 144 469 238 120 53 0 0 0 
16 417 317 158 87 29 0 0 9 347 348 190 73 57 0 0 172 560 196 89 7 0 0 0 
14 326 312 214 157 1 0 0 10 289 304 226 164 31 0 0 177 459 299 88 1 0 0 0 
24 343 331 233 93 0 0 0 18 308 329 243 112 14 0 0 177 475 303 68 1 0 0 0 
36 298 221 307 158 4 0 0 26 267 203 286 234 8 0 0 207 368 361 86 2 0 0 0 
338 686 0 0 0 0 0 0 329 695 0 0 0 0 0 0 486 538 0 0 0 0 0 0 
476 527 13 8 0 0 0 0 431 571 12 10 0 0 0 0 654 356 9 5 0 0 0 0 
832 192 0 0 0 0 0 0 800 224 0 0 0 0 0 0 928 96 0 0 0 0 0 0 
186 648 101 61 23 5 0 0 161 649 117 59 33 5 0 0 392 510 91 25 4 2 0 0 
8 64 140 344 268 177 23 0 8 67 258 418 221 52 0 0 32 93 567 270 62 0 0 0 
370 246 122 134 121 31 0 0 408 237 176 149 52 2 0 0 420 257 232 111 4 0 0 0 
387 142 151 344 0 0 0 0 375 150 143 356 0 0 0 0 415 133 328 148 0 0 0 0 
835 189 0 0 0 0 0 0 827 197 0 0 0 0 0 0 933 91 0 0 0 0 0 0 
565 332 127 0 0 0 0 0 552 344 128 0 0 0 0 0 685 223 116 0 0 0 0 0 
792 232 0 0 0 0 0 0 792 232 0 0 0 0 0 0 952 72 0 0 0 0 0 0 
1008 16 0 0 0 0 0 0 1008 16 0 0 0 0 0 0 1008 16 0 0 0 0 0 0 
1024 0 0 0 0 0 0 0 1024 0 0 0 0 0 0 0 1024 0 0 0 0 0 0 0 
743 185 96 0 0 0 0 0 736 181 91 16 0 0 0 0 737 255 32 0 0 0 0 0 
1008 16 0 0 0 0 0 0 1008 16 0 0 0 0 0 0 1008 16 0 0 0 0 0 0 
651 350 23 0 0 0 0 0 651 350 23 0 0 0 0 0 651 350 23 0 0 0 0 0 
316 651 57 0 0 0 0 0 320 671 33 0 0 0 0 0 318 669 37 0 0 0 0 0 
327 394 170 53 80 0 0 0 330 409 158 47 80 0 0 0 334 417 146 47 80 0 0 0 
105 782 137 0 0 0 0 0 91 786 147 0 0 0 0 0 189 750 85 0 0 0 0 0 
284 714 26 0 0 0 0 0 282 712 30 0 0 0 0 0 298 722 4 0 0 0 0 0 
292 586 143 3 0 0 0 0 284 594 146 0 0 0 0 0 338 666 20 0 0 0 0 0 
72 731 158 63 0 0 0 0 112 702 153 57 0 0 0 0 292 561 171 0 0 0 0 0 
364 332 240 88 0 0 0 0 12 621 286 105 0 0 0 0 45 683 271 25 0 0 0 0 
66 835 72 49 2 0 0 0 2 895 76 49 2 0 0 0 39 890 70 25 0 0 0 0 
23 812 137 51 1 0 0 0 27 800 149 47 1 0 0 0 53 840 101 30 0 0 0 0 
296 728 0 0 0 0 0 0 296 728 0 0 0 0 0 0 296 728 0 0 0 0 0 0 
366 613 45 0 0 0 0 0 366 613 45 0 0 0 0 0 366 613 45 0 0 0 0 0 
160 864 0 0 0 0 0 0 160 864 0 0 0 0 0 0 160 864 0 0 0 0 0 0 
400 624 0 0 0 0 0 0 400 624 0 0 0 0 0 0 400 624 0 0 0 0 0 0 
699 116 26 70 113 0 0 0 667 116 58 70 113 0 0 0 675 116 50 70 113 0 0 0 
896 112 16 0 0 0 0 0 896 112 16 0 0 0 0 0 896 112 16 0 0 0 0 0 
943 54 24 3 0 0 0 0 939 55 26 4 0 0 0 0 965 41 18 0 0 0 0 0 
899 92 27 6 0 0 0 0 893 95 30 6 0 0 0 0 914 88 22 0 0 0 0 0 
895 124 5 0 0 0 0 0 895 124 5 0 0 0 0 0 895 124 5 0 0 0 0 0 
494 198 96 59 81 91 5 0 480 280 68 62 104 30 0 0 597 195 80 105 47 0 0 0 
235 418 121 83 34 133 0 0 209 437 116 76 55 128 3 0 361 379 94 51 136 3 0 0 
90 659 241 34 0 0 0 0 27 616 333 48 0 0 0 0 257 620 133 14 0 0 0 0 
23 588 275 134 4 0 0 0 19 561 259 169 16 0 0 0 237 517 261 9 0 0 0 0 
37 618 276 87 6 0 0 0 22 562 320 100 20 0 0 0 337 549 125 12 1 0 0 0 
267 434 236 81 6 0 0 0 71 567 264 87 35 0 0 0 459 413 136 16 0 0 0 0 
11 949 64 0 0 0 0 0 6 926 92 0 0 0 0 0 127 897 0 0 0 0 0 0 
515 502 7 0 0 0 0 0 514 503 7 0 0 0 0 0 536 481 7 0 0 0 0 0 
768 256 0 0 0 0 0 0 768 256 0 0 0 0 0 0 960 64 0 0 0 0 0 0 
67 492 202 102 113 45 3 0 39 480 209 109 101 73 13 0 159 509 201 132 23 0 0 0 
0 3 273 358 223 138 29 0 0 13 473 349 130 59 0 0 8 200 591 178 47 0 0 0 
423 206 85 202 81 27 0 0 466 177 188 130 61 2 0 0 469 244 211 88 12 0 0 0 
270 229 173 352 0 0 0 0 268 228 156 372 0 0 0 0 284 228 292 220 0 0 0 0 
578 446 0 0 0 0 0 0 578 446 0 0 0 0 0 0 578 446 0 0 0 0 0 0 
474 510 40 0 0 0 0 0 474 510 40 0 0 0 0 0 474 510 40 0 0 0 0 0 
582 400 42 0 0 0 0 0 540 442 42 0 0 0 0 0 550 432 42 0 0 0 0 0 
797 227 0 0 0 0 0 0 797 227 0 0 0 0 0 0 797 227 0 0 0 0 0 0 
551 473 0 0 0 0 0 0 639 385 0 0 0 0 0 0 663 361 0 0 0 0 0 0 
480 360 129 55 0 0 0 0 454 367 120 83 0 0 0 0 553 281 134 56 0 0 0 0 
842 155 27 0 0 0 0 0 842 155 27 0 0 0 0 0 842 155 27 0 0 0 0 0 
881 110 33 0 0 0 0 0 881 110 33 0 0 0 0 0 881 110 33 0 0 0 0 0 
368 567 88 1 0 0 0 0 368 567 88 1 0 0 0 0 368 567 88 1 0 0 0 0 
264 416 186 64 77 17 0 0 244 431 185 65 71 28 0 0 252 425 184 65 73 25 0 0 
235 789 0 0 0 0 0 0 235 789 0 0 0 0 0 0 235 789 0 0 0 0 0 0 
595 429 0 0 0 0 0 0 595 429 0 0 0 0 0 0 595 429 0 0 0 0 0 0 
656 368 0 0 0 0 0 0 656 368 0 0 0 0 0 0 656 368 0 0 0 0 0 0 
610 398 16 0 0 0 0 0 610 398 16 0 0 0 0 0 610 398 16 0 0 0 0 0 
57 724 159 84 0 0 0 0 1 772 149 101 1 0 0 0 1 763 164 96 0 0 0 0 
1 894 56 67 6 0 0 0 0 841 82 65 36 0 0 0 0 891 58 63 12 0 0 0 
9 677 199 136 3 0 0 0 33 455 401 129 6 0 0 0 48 752 164 60 0 0 0 0 
288 545 180 11 0 0 0 0 288 545 172 19 0 0 0 0 296 537 188 3 0 0 0 0 
217 572 199 35 1 0 0 0 215 574 212 23 0 0 0 0 250 575 195 4 0 0 0 0 
89 439 304 152 40 0 0 0 154 418 305 141 6 0 0 0 245 435 275 69 0 0 0 0 
248 473 223 69 11 0 0 0 252 473 219 63 17 0 0 0 297 497 189 41 0 0 0 0 
723 85 37 58 121 0 0 0 691 87 54 64 99 29 0 0 698 84 50 67 115 10 0 0 
904 120 0 0 0 0 0 0 904 120 0 0 0 0 0 0 904 120 0 0 0 0 0 0 
992 32 0 0 0 0 0 0 992 32 0 0 0 0 0 0 992 32 0 0 0 0 0 0 
950 74 0 0 0 0 0 0 949 75 0 0 0 0 0 0 962 62 0 0 0 0 0 0 
828 122 57 17 0 0 0 0 817 124 63 19 1 0 0 0 887 106 28 3 0 0 0 0 
362 152 108 121 196 85 0 0 385 156 115 116 230 22 0 0 478 149 137 234 26 0 0 0 
142 315 272 99 78 114 4 0 119 286 268 127 77 140 7 0 290 365 162 79 122 6 0 0 
143 591 245 45 0 0 0 0 98 511 331 71 13 0 0 0 300 551 159 14 0 0 0 0 
77 570 288 77 12 0 0 0 11 543 352 95 23 0 0 0 236 658 111 18 1 0 0 0 
121 551 217 109 26 0 0 0 36 476 328 139 45 0 0 0 282 579 147 16 0 0 0 0 
337 607 74 6 0 0 0 0 86 732 178 27 1 0 0 0 494 480 49 1 0 0 0 0 
0 779 245 0 0 0 0 0 0 740 284 0 0 0 0 0 66 958 0 0 0 0 0 0 
181 617 134 67 23 2 0 0 177 613 135 54 37 8 0 0 249 631 125 19 0 0 0 0 
736 160 32 32 64 0 0 0 672 224 0 32 96 0 0 0 896 32 96 0 0 0 0 0 
178 635 171 24 15 1 0 0 176 618 178 32 18 2 0 0 303 621 91 7 2 0 0 0 
0 0 363 440 168 40 13 0 0 9 708 229 47 23 8 0 0 295 636 65 24 4 0 0 
336 290 165 178 42 10 3 0 322 276 211 155 41 15 4 0 358 330 273 47 13 3 0 0 
61 400 171 366 26 0 0 0 61 399 160 374 29 1 0 0 125 364 338 182 15 0 0 0 
393 631 0 0 0 0 0 0 393 631 0 0 0 0 0 0 393 631 0 0 0 0 0 0 
282 742 0 0 0 0 0 0 162 862 0 0 0 0 0 0 194 830 0 0 0 0 0 0 
380 617 27 0 0 0 0 0 364 633 27 0 0 0 0 0 348 649 27 0 0 0 0 0 
698 326 0 0 0 0 0 0 698 326 0 0 0 0 0 0 698 326 0 0 0 0 0 0 
388 546 84 6 0 0 0 0 381 553 84 6 0 0 0 0 415 533 70 6 0 0 0 0 
514 289 152 68 1 0 0 0 498 299 150 70 7 0 0 0 504 295 150 72 3 0 0 0 
1024 0 0 0 0 0 0 0 1024 0 0 0 0 0 0 0 1024 0 0 0 0 0 0 0 
900 95 29 0 0 0 0 0 900 95 29 0 0 0 0 0 900 95 29 0 0 0 0 0 
303 536 184 1 0 0 0 0 303 536 184 1 0 0 0 0 303 536 184 1 0 0 0 0 
261 590 154 13 6 0 0 0 261 590 154 13 6 0 0 0 261 590 154 13 6 0 0 0 
254 639 131 0 0 0 0 0 254 639 131 0 0 0 0 0 254 639 131 0 0 0 0 0 
240 705 79 0 0 0 0 0 240 705 79 0 0 0 0 0 240 705 79 0 0 0 0 0 
128 727 166 3 0 0 0 0 128 727 166 3 0 0 0 0 128 727 166 3 0 0 0 0 
570 278 176 0 0 0 0 0 570 278 176 0 0 0 0 0 570 278 176 0 0 0 0 0 
0 682 197 139 6 0 0 0 0 450 416 135 23 0 0 0 0 597 280 132 15 0 0 0 
0 886 64 74 0 0 0 0 0 513 405 82 24 0 0 0 2 657 297 68 0 0 0 0 
30 699 207 71 17 0 0 0 30 249 655 73 17 0 0 0 30 464 442 71 17 0 0 0 
96 928 0 0 0 0 0 0 96 928 0 0 0 0 0 0 96 928 0 0 0 0 0 0 
619 402 3 0 0 0 0 0 675 346 3 0 0 0 0 0 619 402 3 0 0 0 0 0 
43 737 179 63 2 0 0 0 79 735 167 43 0 0 0 0 317 598 105 4 0 0 0 0 
78 741 154 44 7 0 0 0 154 674 144 40 12 0 0 0 361 529 112 22 0 0 0 0 
277 305 170 218 54 0 0 0 224 328 184 192 96 0 0 0 273 332 214 151 54 0 0 0 
904 120 0 0 0 0 0 0 888 128 8 0 0 0 0 0 896 128 0 0 0 0 0 0 
901 87 27 7 2 0 0 0 893 92 28 8 3 0 0 0 940 70 11 3 0 0 0 0 
311 265 211 176 61 0 0 0 293 234 198 209 89 1 0 0 507 305 178 34 0 0 0 0 
902 72 44 6 0 0 0 0 895 72 47 10 0 0 0 0 957 60 7 0 0 0 0 0 
240 293 230 165 82 14 0 0 233 307 245 170 65 4 0 0 403 342 205 70 4 0 0 0 
301 425 176 63 34 21 4 0 24 559 279 99 49 14 0 0 470 384 95 48 24 3 0 0 
430 555 39 0 0 0 0 0 114 689 211 10 0 0 0 0 572 433 19 0 0 0 0 0 
190 770 64 0 0 0 0 0 78 784 162 0 0 0 0 0 423 589 12 0 0 0 0 0 
195 723 102 4 0 0 0 0 47 682 275 20 0 0 0 0 362 604 58 0 0 0 0 0 
338 625 58 3 0 0 0 0 87 737 188 12 0 0 0 0 306 669 48 1 0 0 0 0 
212 664 148 0 0 0 0 0 116 703 205 0 0 0 0 0 357 640 27 0 0 0 0 0 
31 439 493 53 8 0 0 0 26 366 580 37 15 0 0 0 123 694 206 1 0 0 0 0 
0 0 704 224 96 0 0 0 0 0 512 384 128 0 0 0 0 704 320 0 0 0 0 0 
25 107 640 212 40 0 0 0 22 78 271 555 98 0 0 0 29 98 244 381 269 3 0 0 
0 11 267 437 226 62 21 0 1 47 458 415 75 28 0 0 0 241 637 124 22 0 0 0 
254 612 156 2 0 0 0 0 171 607 236 10 0 0 0 0 250 644 130 0 0 0 0 0 
257 242 297 228 0 0 0 0 257 260 314 193 0 0 0 0 257 327 354 86 0 0 0 0 
587 299 134 4 0 0 0 0 571 278 168 7 0 0 0 0 579 285 156 4 0 0 0 0 
303 434 243 44 0 0 0 0 0 672 298 54 0 0 0 0 5 716 276 27 0 0 0 0 
45 497 312 153 15 2 0 0 45 458 326 176 16 3 0 0 59 549 332 77 7 0 0 0 
173 323 279 133 95 21 0 0 166 306 222 194 100 35 1 0 227 356 304 112 25 0 0 0 
359 253 146 126 121 19 0 0 321 272 158 138 114 21 0 0 359 275 225 142 19 4 0 0 
374 231 269 131 19 0 0 0 313 243 237 201 30 0 0 0 358 232 252 155 27 0 0 0 
1024 0 0 0 0 0 0 0 1024 0 0 0 0 0 0 0 1024 0 0 0 0 0 0 0 
544 97 34 38 88 203 20 0 540 100 35 34 73 194 48 0 554 93 36 63 205 73 0 0 
0 148 47 43 89 485 206 6 0 148 47 37 70 441 228 53 0 164 43 89 389 268 71 0 
1 82 82 31 58 634 136 0 0 66 98 31 39 508 282 0 5 106 63 30 294 526 0 0 
43 101 16 32 49 399 384 0 42 102 16 32 34 318 480 0 68 90 13 36 246 571 0 0 
34 94 32 26 75 598 165 0 34 94 32 24 66 456 318 0 28 102 30 40 529 295 0 0 
31 85 31 44 122 532 179 0 29 85 33 42 100 473 262 0 65 67 25 75 535 257 0 0 
33 60 35 37 248 459 152 0 26 67 34 31 220 387 259 0 46 50 33 129 470 296 0 0 
0 25 55 16 246 614 68 0 0 16 47 33 158 621 149 0 0 55 36 80 685 168 0 0 
0 24 40 51 269 594 46 0 0 8 52 51 177 628 108 0 0 27 51 149 609 188 0 0 
0 6 49 38 187 679 65 0 0 5 33 37 158 655 136 0 0 28 30 128 631 207 0 0 
0 32 18 49 247 673 5 0 1 31 17 44 125 782 24 0 0 32 30 92 782 88 0 0 
0 7 39 83 296 570 29 0 0 7 33 73 227 614 70 0 5 29 69 140 724 57 0 0 
0 0 0 90 260 659 15 0 0 0 0 63 233 664 64 0 0 0 54 204 739 27 0 0 
0 0 69 218 420 317 0 0 0 0 44 223 397 360 0 0 0 12 204 276 532 0 0 0 
56 41 104 318 481 24 0 0 30 68 95 375 425 31 0 0 46 77 262 488 151 0 0 0 
821 135 35 11 18 4 0 0 821 135 33 12 18 5 0 0 817 139 38 20 9 1 0 0 
905 94 25 0 0 0 0 0 904 79 41 0 0 0 0 0 941 78 5 0 0 0 0 0 
251 598 174 1 0 0 0 0 208 539 259 18 0 0 0 0 688 334 2 0 0 0 0 0 
980 41 3 0 0 0 0 0 980 41 3 0 0 0 0 0 980 41 3 0 0 0 0 0 
626 328 63 7 0 0 0 0 583 363 64 14 0 0 0 0 812 198 14 0 0 0 0 0 
649 353 22 0 0 0 0 0 351 629 44 0 0 0 0 0 829 193 2 0 0 0 0 0 
323 556 145 0 0 0 0 0 52 641 283 48 0 0 0 0 511 477 36 0 0 0 0 0 
287 627 110 0 0 0 0 0 150 702 170 2 0 0 0 0 580 412 32 0 0 0 0 0 
393 504 111 16 0 0 0 0 266 584 163 11 0 0 0 0 669 318 34 3 0 0 0 0 
821 200 3 0 0 0 0 0 589 426 9 0 0 0 0 0 808 216 0 0 0 0 0 0 
457 549 18 0 0 0 0 0 439 558 27 0 0 0 0 0 478 522 24 0 0 0 0 0 
27 733 258 6 0 0 0 0 26 682 306 10 0 0 0 0 57 866 101 0 0 0 0 0 
384 512 64 64 0 0 0 0 384 448 96 64 32 0 0 0 416 576 32 0 0 0 0 0 
0 43 596 266 94 24 1 0 0 0 243 495 228 56 2 0 0 77 290 436 212 9 0 0 
0 0 73 171 313 308 159 0 0 1 137 220 381 238 47 0 0 35 238 489 243 19 0 0 
132 459 325 100 8 0 0 0 167 593 208 56 0 0 0 0 268 581 158 17 0 0 0 0 
233 291 392 106 2 0 0 0 306 281 414 22 1 0 0 0 355 373 282 14 0 0 0 0 
41 108 305 500 70 0 0 0 39 109 224 552 100 0 0 0 52 99 250 577 46 0 0 0 
0 32 271 646 75 0 0 0 0 31 261 631 101 0 0 0 0 43 274 638 69 0 0 0 
0 140 469 400 15 0 0 0 0 105 374 492 53 0 0 0 1 188 484 342 9 0 0 0 
42 485 353 138 6 0 0 0 7 354 417 223 23 0 0 0 115 538 310 61 0 0 0 0 
1 65 266 435 187 66 4 0 0 56 270 413 205 72 8 0 18 228 424 285 65 4 0 0 
80 347 285 219 93 0 0 0 62 314 268 227 142 11 0 0 90 415 257 218 44 0 0 0 
331 306 96 69 147 75 0 0 328 300 100 64 136 96 0 0 384 298 79 106 147 10 0 0 
19 17 17 232 364 262 113 0 19 15 15 174 409 230 162 0 27 20 99 479 295 104 0 0 
0 0 0 0 0 409 561 54 0 0 0 0 0 334 544 146 0 0 0 0 254 594 174 2 
0 0 0 0 11 396 617 0 0 0 0 0 0 144 880 0 0 0 0 0 122 902 0 0 
0 0 0 0 40 389 595 0 0 0 0 0 16 169 839 0 0 0 0 40 405 579 0 0 
0 0 0 0 8 307 709 0 0 0 0 0 4 179 834 7 0 0 0 8 332 680 4 0 
0 0 0 0 31 318 636 39 0 0 0 0 19 243 682 80 0 0 0 10 229 686 99 0 
0 0 0 0 7 194 823 0 0 0 0 0 2 119 899 4 0 0 0 7 140 877 0 0 
0 0 0 0 0 363 661 0 0 0 0 0 0 249 775 0 0 0 0 0 264 753 7 0 
0 0 0 0 10 423 591 0 0 0 0 0 0 332 691 1 0 0 0 9 334 675 6 0 
0 0 0 9 150 581 284 0 0 0 0 2 125 499 398 0 0 0 7 102 547 368 0 0 
0 0 0 8 167 650 199 0 0 0 0 5 108 608 303 0 0 0 8 86 527 403 0 0 
0 0 0 3 122 684 215 0 0 0 0 1 89 600 334 0 0 0 0 62 592 370 0 0 
0 0 0 0 67 760 197 0 0 0 0 0 72 504 448 0 0 0 0 98 729 197 0 0 
0 0 0 49 474 469 32 0 0 0 0 112 393 471 48 0 0 0 71 445 448 60 0 0 
0 0 12 215 635 155 7 0 0 0 26 216 601 176 5 0 0 20 112 677 209 6 0 0 
179 213 245 183 136 55 13 0 212 234 236 196 92 49 5 0 253 340 230 142 51 8 0 0 
770 209 28 17 0 0 0 0 769 208 28 19 0 0 0 0 774 212 33 5 0 0 0 0 
730 275 19 0 0 0 0 0 688 300 36 0 0 0 0 0 883 141 0 0 0 0 0 0 
1024 0 0 0 0 0 0 0 1024 0 0 0 0 0 0 0 1024 0 0 0 0 0 0 0 
990 34 0 0 0 0 0 0 990 34 0 0 0 0 0 0 990 34 0 0 0 0 0 0 
789 230 5 0 0 0 0 0 763 255 6 0 0 0 0 0 912 109 3 0 0 0 0 0 
515 496 13 0 0 0 0 0 413 579 32 0 0 0 0 0 773 249 2 0 0 0 0 0 
536 451 37 0 0 0 0 0 432 547 44 1 0 0 0 0 833 185 6 0 0 0 0 0 
339 527 94 46 17 1 0 0 298 543 109 45 26 3 0 0 749 226 44 5 0 0 0 0 
440 515 61 6 2 0 0 0 381 559 74 7 3 0 0 0 766 238 18 2 0 0 0 0 
490 534 0 0 0 0 0 0 490 534 0 0 0 0 0 0 602 422 0 0 0 0 0 0 
26 982 16 0 0 0 0 0 26 982 16 0 0 0 0 0 50 958 16 0 0 0 0 0 
256 768 0 0 0 0 0 0 256 768 0 0 0 0 0 0 256 768 0 0 0 0 0 0 
0 16 118 395 286 141 61 7 0 0 48 265 373 198 101 39 3 71 383 371 175 17 4 0 
0 18 304 590 112 0 0 0 0 17 364 519 120 4 0 0 0 156 679 187 2 0 0 0 
239 433 334 18 0 0 0 0 195 420 406 3 0 0 0 0 200 506 318 0 0 0 0 0 
307 266 309 139 3 0 0 0 248 137 396 243 0 0 0 0 276 249 393 106 0 0 0 0 
71 652 250 51 0 0 0 0 52 267 596 107 2 0 0 0 102 605 236 81 0 0 0 0 
0 346 533 136 9 0 0 0 0 39 768 208 9 0 0 0 4 525 347 139 9 0 0 0 
20 340 330 183 118 33 0 0 0 196 498 208 99 23 0 0 43 397 360 177 45 2 0 0 
65 684 233 40 2 0 0 0 27 569 352 72 4 0 0 0 293 571 132 28 0 0 0 0 
1 66 503 393 30 31 0 0 1 52 311 544 83 27 6 0 22 195 587 187 33 0 0 0 
0 30 317 434 232 11 0 0 0 21 222 390 357 34 0 0 1 91 419 420 92 1 0 0 
0 24 134 405 411 50 0 0 0 17 120 397 430 60 0 0 4 61 319 512 128 0 0 0 
0 10 32 181 491 292 18 0 0 8 50 166 422 350 28 0 3 47 135 342 434 63 0 0 
0 0 0 0 149 669 206 0 0 0 0 0 20 580 424 0 0 0 0 0 416 535 73 0 
0 0 0 0 35 680 279 30 0 0 0 0 18 275 688 43 0 0 0 20 419 521 54 10 
0 0 0 0 40 642 342 0 0 0 0 0 18 444 562 0 0 0 0 40 384 596 4 0 
0 0 0 0 15 583 420 6 0 0 0 0 5 364 608 47 0 0 0 4 387 626 7 0 
0 0 0 0 16 452 530 26 0 0 0 0 8 311 632 73 0 0 0 16 318 559 131 0 
0 0 0 0 0 310 714 0 0 0 0 0 0 50 974 0 0 0 0 0 87 914 23 0 
0 0 0 0 1 405 618 0 0 0 0 0 0 135 879 10 0 0 0 0 65 908 51 0 
0 0 0 0 44 632 348 0 0 0 0 0 22 438 564 0 0 0 0 44 583 381 16 0 
0 0 0 2 83 658 281 0 0 0 0 0 32 565 427 0 0 0 4 37 418 549 16 0 
0 0 0 0 225 780 19 0 0 0 0 0 14 902 108 0 0 0 0 2 713 309 0 0 
0 0 0 44 315 663 2 0 0 0 0 29 158 797 40 0 0 0 23 179 730 92 0 0 
0 0 3 53 406 562 0 0 0 0 0 47 268 694 15 0 0 0 41 236 555 192 0 0 
0 0 0 15 459 535 15 0 0 0 0 10 393 598 23 0 0 0 5 329 626 64 0 0 
0 0 11 171 504 153 78 107 0 0 6 144 529 142 96 107 0 1 77 549 177 131 89 0 
6 83 161 208 185 193 143 45 6 102 193 203 183 181 118 38 12 194 271 224 175 120 28 0 
787 224 13 0 0 0 0 0 732 277 15 0 0 0 0 0 890 126 8 0 0 0 0 0 
918 95 11 0 0 0 0 0 902 111 11 0 0 0 0 0 962 57 5 0 0 0 0 0 
810 209 5 0 0 0 0 0 778 239 7 0 0 0 0 0 937 86 1 0 0 0 0 0 
682 281 50 11 0 0 0 0 695 272 52 5 0 0 0 0 870 138 16 0 0 0 0 0 
461 441 103 19 0 0 0 0 431 454 122 16 1 0 0 0 696 295 28 5 0 0 0 0 
829 154 33 8 0 0 0 0 812 167 36 9 0 0 0 0 882 117 22 3 0 0 0 0 
827 189 8 0 0 0 0 0 766 235 23 0 0 0 0 0 848 171 5 0 0 0 0 0 
834 190 0 0 0 0 0 0 492 531 1 0 0 0 0 0 953 71 0 0 0 0 0 0 
446 578 0 0 0 0 0 0 291 726 7 0 0 0 0 0 601 423 0 0 0 0 0 0 
852 172 0 0 0 0 0 0 852 172 0 0 0 0 0 0 852 172 0 0 0 0 0 0 
552 472 0 0 0 0 0 0 552 472 0 0 0 0 0 0 552 472 0 0 0 0 0 0 
640 384 0 0 0 0 0 0 640 384 0 0 0 0 0 0 640 384 0 0 0 0 0 0 
0 9 117 206 251 303 127 11 0 0 30 184 200 262 271 77 5 77 262 284 311 85 0 0 
0 31 488 349 96 59 1 0 0 3 234 593 103 71 20 0 5 148 662 175 33 1 0 0 
3 350 607 64 0 0 0 0 0 100 701 223 0 0 0 0 4 461 555 4 0 0 0 0 
52 410 415 145 2 0 0 0 19 383 431 177 14 0 0 0 84 630 301 9 0 0 0 0 
0 119 461 320 123 1 0 0 0 55 350 389 204 26 0 0 17 431 502 74 0 0 0 0 
0 100 410 369 100 35 10 0 0 0 330 463 166 51 14 0 0 431 494 75 20 4 0 0 
0 138 480 238 110 58 0 0 0 28 450 368 136 42 0 0 1 445 424 119 35 0 0 0 
57 253 374 301 39 0 0 0 49 169 358 359 88 1 0 0 109 350 326 231 8 0 0 0 
44 169 587 220 4 0 0 0 9 83 430 438 61 3 0 0 44 237 575 163 5 0 0 0 
45 348 446 177 8 0 0 0 1 119 435 395 74 0 0 0 57 333 450 182 2 0 0 0 
9 201 474 207 121 12 0 0 2 36 394 428 159 5 0 0 12 213 509 254 36 0 0 0 
0 14 235 301 274 183 17 0 0 9 142 277 325 239 32 0 1 45 302 328 284 64 0 0 
0 0 107 186 282 422 27 0 0 0 6 146 294 448 130 0 0 5 109 233 498 179 0 0 
0 24 212 298 263 206 21 0 0 0 66 326 276 300 56 0 0 30 328 327 248 91 0 0 
0 2 89 263 303 261 106 0 0 0 5 184 363 304 168 0 0 5 168 337 318 196 0 0 
0 0 0 20 117 390 497 0 0 0 0 5 83 307 629 0 0 0 4 62 290 661 7 0 
0 0 2 16 234 644 128 0 0 0 1 11 118 557 337 0 0 0 8 88 445 429 54 0 
0 0 0 3 74 690 257 0 0 0 0 0 42 531 451 0 0 0 0 34 308 653 29 0 
0 0 0 47 138 565 274 0 0 0 0 4 111 438 471 0 0 0 0 61 272 646 45 0 
0 0 0 0 67 739 218 0 0 0 0 0 12 480 532 0 0 0 0 5 297 664 58 0 
0 0 0 0 88 769 167 0 0 0 0 0 2 427 594 1 0 0 0 0 250 696 78 0 
0 0 0 19 509 495 1 0 0 0 0 9 350 639 26 0 0 0 19 204 685 116 0 0 
0 11 267 268 330 140 8 0 0 0 107 315 314 270 18 0 0 70 323 302 286 43 0 0 
0 0 0 88 324 439 173 0 0 0 0 76 210 462 276 0 0 0 52 171 406 395 0 0 
0 0 106 322 401 192 3 0 0 0 18 251 430 281 44 0 0 6 165 440 348 65 0 0 
0 0 12 329 340 180 84 79 0 0 7 303 393 145 97 79 0 8 181 463 180 92 100 0 
40 86 175 316 164 95 77 71 35 116 200 302 161 70 75 65 93 318 282 131 70 71 59 0 
271 215 234 157 93 53 1 0 298 298 196 125 67 33 7 0 401 401 138 77 7 0 0 0 
329 374 71 51 59 72 68 0 332 406 50 57 42 69 68 0 596 211 69 81 67 0 0 0 
279 609 57 25 28 21 5 0 226 659 59 29 29 17 5 0 748 194 48 33 1 0 0 0 
348 526 140 10 0 0 0 0 305 538 149 32 0 0 0 0 597 377 48 2 0 0 0 0 
99 350 336 219 20 0 0 0 67 305 166 392 90 4 0 0 255 423 300 40 6 0 0 0 
67 457 345 124 31 0 0 0 14 256 415 258 62 19 0 0 150 575 225 68 6 0 0 0 
363 590 69 2 0 0 0 0 13 813 183 15 0 0 0 0 498 496 30 0 0 0 0 0 
761 263 0 0 0 0 0 0 58 966 0 0 0 0 0 0 580 444 0 0 0 0 0 0 
499 525 0 0 0 0 0 0 29 984 11 0 0 0 0 0 552 472 0 0 0 0 0 0 
446 578 0 0 0 0 0 0 98 870 56 0 0 0 0 0 549 475 0 0 0 0 0 0 
122 898 4 0 0 0 0 0 32 811 181 0 0 0 0 0 242 782 0 0 0 0 0 0 
0 960 64 0 0 0 0 0 0 864 160 0 0 0 0 0 224 800 0 0 0 0 0 0 
0 0 0 9 58 138 239 580 0 0 0 5 29 72 231 687 0 0 18 111 253 172 366 104 
0 64 88 42 63 82 138 547 0 16 99 70 50 79 117 593 12 114 85 96 135 221 353 8 
0 37 299 83 44 60 129 372 0 38 347 49 48 60 106 376 21 331 101 55 114 100 302 0 
0 32 312 245 73 62 89 211 0 37 366 230 51 63 59 218 6 391 260 83 75 72 128 9 
0 1 169 319 102 89 183 161 0 17 217 279 90 69 172 180 11 233 306 95 186 150 43 0 
0 0 12 261 239 203 199 110 0 0 0 225 229 196 202 172 0 22 328 268 244 155 7 0 
0 120 304 152 113 100 131 104 0 15 252 231 164 103 152 107 10 275 288 150 181 114 6 0 
11 102 506 140 99 79 64 23 0 38 201 433 154 82 86 30 22 258 439 166 96 43 0 0 
6 244 346 148 104 107 65 4 0 27 288 336 154 132 81 6 32 305 345 217 113 12 0 0 
28 176 291 270 147 61 43 8 0 41 208 342 265 104 55 9 48 210 391 316 58 1 0 0 
94 253 452 161 39 21 4 0 6 181 350 323 121 26 17 0 93 334 454 122 19 2 0 0 
2 188 447 294 93 0 0 0 0 10 380 359 244 31 0 0 1 196 621 203 3 0 0 0 
7 342 438 207 30 0 0 0 0 19 424 428 146 7 0 0 2 290 572 157 3 0 0 0 
2 279 443 228 48 19 5 0 0 31 394 445 124 18 12 0 10 362 551 87 13 1 0 0 
0 5 364 485 141 23 6 0 0 0 62 648 254 47 13 0 1 49 699 243 30 2 0 0 
0 16 241 372 236 111 43 5 0 0 67 414 321 162 57 3 0 64 448 327 170 15 0 0 
0 4 144 348 346 182 0 0 0 0 18 282 423 293 8 0 0 43 378 383 220 0 0 0 
0 0 3 243 395 299 84 0 0 0 0 65 412 407 140 0 0 0 193 389 289 153 0 0 
0 0 153 396 376 99 0 0 0 0 0 235 493 295 1 0 0 3 264 379 310 68 0 0 
0 0 182 278 407 118 35 4 0 0 2 244 364 359 46 9 0 22 253 275 325 149 0 0 
0 0 79 285 310 268 68 14 0 0 0 199 302 342 132 49 0 0 148 350 309 191 26 0 
0 11 311 452 212 35 3 0 0 0 62 595 274 81 12 0 0 81 572 277 93 1 0 0 
0 55 492 250 122 81 21 3 0 0 288 420 158 94 52 12 1 284 483 152 85 16 3 0 
0 13 281 360 245 100 23 2 0 0 103 356 346 158 45 16 2 129 368 312 188 23 2 0 
0 133 380 249 153 86 23 0 0 40 271 348 225 103 34 3 9 221 475 258 57 4 0 0 
0 2 312 481 198 31 0 0 0 0 128 493 309 94 0 0 0 118 587 303 16 0 0 0 
0 63 613 188 119 36 5 0 0 2 423 372 153 62 12 0 2 428 454 122 17 1 0 0 
0 19 373 286 197 133 16 0 0 4 278 358 224 127 33 0 17 352 429 194 32 0 0 0 
0 173 233 146 143 177 145 7 0 34 313 176 150 154 185 12 34 379 205 187 191 28 0 0 
9 383 256 112 114 120 30 0 0 129 400 182 129 110 74 0 132 457 225 170 40 0 0 0 
22 464 343 137 56 2 0 0 0 82 630 202 90 20 0 0 130 687 171 36 0 0 0 0 
46 475 476 27 0 0 0 0 1 118 654 245 6 0 0 0 83 785 153 3 0 0 0 0 
2 376 415 203 26 2 0 0 0 31 572 356 57 8 0 0 65 688 240 27 4 0 0 0 
52 732 213 18 9 0 0 0 0 313 607 87 13 4 0 0 114 804 95 10 1 0 0 0 
155 683 170 16 0 0 0 0 0 564 382 75 3 0 0 0 195 726 100 3 0 0 0 0 
16 875 133 0 0 0 0 0 0 403 619 2 0 0 0 0 116 876 32 0 0 0 0 0 
251 765 8 0 0 0 0 0 0 365 655 4 0 0 0 0 159 855 10 0 0 0 0 0 
257 712 55 0 0 0 0 0 8 623 387 6 0 0 0 0 348 650 26 0 0 0 0 0 
224 608 192 0 0 0 0 0 0 608 288 128 0 0 0 0 256 672 96 0 0 0 0 0 
0 0 0 0 0 0 0 1024 0 0 0 0 0 0 0 1024 0 0 0 0 0 0 560 464 
0 0 0 0 0 0 0 1024 0 0 0 0 0 0 0 1024 0 0 0 0 0 0 880 144 
0 0 0 0 0 0 0 1024 0 0 0 0 0 0 0 1024 0 0 0 0 0 18 646 360 
0 0 0 0 0 0 0 1024 0 0 0 0 0 0 0 1024 0 0 0 0 0 32 824 168 
0 0 0 0 0 0 0 1024 0 0 0 0 0 0 0 1024 0 0 0 0 0 38 826 160 
0 0 0 0 0 0 0 1024 0 0 0 0 0 0 0 1024 0 0 0 0 0 56 768 200 
0 0 0 0 0 0 0 1024 0 0 0 0 0 0 0 1024 0 0 0 0 0 28 941 55 
0 0 0 0 0 0 8 1016 0 0 0 0 0 0 0 1024 0 0 0 0 0 98 918 8 
0 0 0 0 0 0 71 953 0 0 0 0 0 0 35 989 0 0 0 0 17 123 782 102 
0 0 0 0 0 3 59 962 0 0 0 0 0 0 24 1000 0 0 0 0 14 211 750 49 
0 0 0 8 17 43 88 868 0 0 0 4 16 33 69 902 0 1 15 29 66 260 576 77 
0 0 0 1 36 95 165 727 0 0 0 0 15 90 133 786 0 0 10 85 156 226 527 20 
0 0 0 62 113 60 89 700 0 0 1 43 109 75 58 738 0 8 78 141 62 267 465 3 
0 0 0 3 62 77 87 795 0 0 0 0 46 74 89 815 0 0 39 73 88 224 577 23 
0 0 0 0 12 43 144 825 0 0 0 0 5 33 71 915 0 0 4 33 76 255 616 40 
0 0 0 1 8 52 182 781 0 0 0 0 3 32 131 858 0 0 3 29 100 270 622 0 
0 0 0 0 111 194 87 632 0 0 0 0 60 195 113 656 0 0 22 180 161 346 299 16 
0 0 0 0 1 54 174 795 0 0 0 0 3 57 152 812 0 0 0 38 148 338 500 0 
0 0 0 1 22 62 161 778 0 0 0 0 10 44 128 842 0 0 10 47 109 481 373 4 
0 0 0 2 11 29 97 885 0 0 0 0 10 20 52 942 0 5 7 24 43 437 503 5 
0 0 0 0 0 32 68 924 0 0 0 0 0 16 59 949 0 0 0 21 54 205 691 53 
0 0 0 0 27 48 66 883 0 0 0 0 7 42 54 921 0 0 4 40 49 323 592 16 
0 0 0 2 4 16 122 880 0 0 0 1 2 6 80 935 0 1 2 6 71 289 655 0 
0 0 0 0 7 40 165 812 0 0 0 0 0 28 89 907 0 0 4 31 110 547 332 0 
0 0 0 0 26 98 144 756 0 0 0 0 12 90 156 766 0 0 25 95 138 527 223 16 
0 0 0 20 56 98 98 752 0 0 0 10 44 108 89 773 0 8 37 100 90 659 130 0 
0 0 0 2 18 54 162 788 0 0 0 2 9 41 103 869 0 1 11 53 127 747 85 0 
0 0 0 0 8 23 190 803 0 0 0 0 1 19 112 892 0 0 5 25 175 812 7 0 
0 0 0 0 21 47 434 522 0 0 0 0 10 28 169 817 0 0 18 58 316 632 0 0 
0 0 0 0 2 148 470 404 0 0 0 0 0 77 369 578 0 0 0 99 439 472 14 0 
0 0 19 132 254 146 227 246 0 0 1 80 282 170 156 335 0 35 294 235 189 257 14 0 
0 2 63 171 165 116 284 223 0 0 17 156 179 118 202 352 3 53 243 191 265 269 0 0 
0 0 42 105 162 156 322 237 0 0 14 118 167 153 251 321 2 101 200 227 260 226 8 0 
0 6 156 207 182 128 282 63 0 0 60 207 200 175 231 151 0 187 288 222 262 65 0 0 
0 31 255 188 123 202 211 14 0 3 169 245 144 164 272 27 5 232 312 238 236 1 0 0 
9 226 82 164 302 176 65 0 0 119 166 113 301 192 121 12 50 312 353 229 80 0 0 0 
3 280 209 126 180 163 55 8 0 40 330 188 178 182 81 25 29 397 327 187 73 11 0 0 
3 100 390 258 156 99 18 0 0 14 209 458 190 127 26 0 39 461 373 142 9 0 0 0 
0 128 352 224 320 0 0 0 0 0 320 384 320 0 0 0 32 544 384 64 0 0 0 0 
0 0 0 0 0 0 0 1024 0 0 0 0 0 0 0 1024 0 0 0 0 0 0 487 536 
0 0 0 0 0 0 0 1024 0 0 0 0 0 0 0 1024 0 0 0 0 0 0 597 426 
0 0 0 0 0 0 0 1024 0 0 0 0 0 0 0 1024 0 0 0 0 0 0 499 524 
0 0 0 0 0 0 0 1024 0 0 0 0 0 0 0 1024 0 0 0 0 0 1 638 384 
0 0 0 0 0 0 0 1024 0 0 0 0 0 0 0 1024 0 0 0 0 0 0 658 365 
0 0 0 0 0 0 0 1024 0 0 0 0 0 0 0 1024 0 0 0 0 0 0 633 390 
0 0 0 0 0 0 0 1024 0 0 0 0 0 0 0 1024 0 0 0 0 0 97 524 402 
0 0 0 0 0 0 0 1024 0 0 0 0 0 0 0 1024 0 0 0 0 0 48 548 426 
0 0 0 0 0 0 0 1024 0 0 0 0 0 0 0 1024 0 0 0 0 0 24 597 402 
0 0 0 0 0 0 0 1024 0 0 0 0 0 0 0 1024 0 0 0 0 0 109 548 365 
0 0 0 0 0 0 0 1024 0 0 0 0 0 0 0 1024 0 0 0 0 0 0 670 353 
0 0 0 0 0 0 0 1024 0 0 0 0 0 0 0 1024 0 0 0 0 0 24 572 426 
0 0 0 0 0 0 0 1024 0 0 0 0 0 0 0 1024 0 0 0 0 0 146 475 402 
0 0 0 0 0 0 0 1024 0 0 0 0 0 0 0 1024 0 0 0 0 0 0 597 426 
0 0 0 0 0 0 0 1024 0 0 0 0 0 0 0 1024 0 0 0 0 0 24 585 414 
0 0 0 0 0 0 0 1024 0 0 0 0 0 0 0 1024 0 0 0 0 0 36 524 463 
0 0 0 0 0 0 0 1024 0 0 0 0 0 0 0 1024 0 0 0 0 0 234 499 289 
0 0 0 0 0 0 0 1024 0 0 0 0 0 0 0 1024 0 0 0 0 0 121 621 280 
0 0 0 0 0 0 0 1024 0 0 0 0 0 0 0 1024 0 0 0 0 0 48 597 377 
0 0 0 0 0 0 0 1024 0 0 0 0 0 0 0 1024 0 0 0 0 0 73 609 341 
0 0 0 0 0 0 0 1024 0 0 0 0 0 0 0 1024 0 0 0 0 0 79 534 409 
0 0 0 0 0 0 0 1024 0 0 0 0 0 0 0 1024 0 0 0 0 0 353 377 292 
0 0 0 0 0 0 0 1024 0 0 0 0 0 0 0 1024 0 0 0 0 9 204 483 327 
0 0 0 0 0 0 1 1022 0 0 0 0 0 0 0 1024 0 0 0 0 6 460 239 318 
0 0 0 0 0 0 25 998 0 0 0 0 0 0 6 1017 0 0 0 0 38 449 272 263 
0 0 0 0 0 0 19 1004 0 0 0 0 0 0 1 1022 0 0 0 0 53 592 121 256 
0 0 0 0 0 0 15 1008 0 0 0 0 0 0 0 1024 0 0 0 0 1 498 242 281 
0 0 0 0 0 0 0 1024 0 0 0 0 0 0 0 1024 0 0 0 0 24 548 170 280 
0 0 0 0 0 0 18 1005 0 0 0 0 0 0 0 1024 0 0 0 0 10 495 225 292 
0 0 0 0 0 0 50 973 0 0 0 0 0 0 4 1019 0 0 0 0 21 539 193 269 
0 0 0 0 0 0 16 1007 0 0 0 0 0 0 1 1022 0 0 0 0 33 551 158 280 
0 0 0 0 0 0 112 911 0 0 0 0 0 0 4 1019 0 0 0 0 108 534 124 256 
0 0 0 0 0 0 121 902 0 0 0 0 0 0 15 1008 0 0 0 0 102 534 143 243 
0 0 0 0 0 0 175 848 0 0 0 0 0 0 19 1004 0 0 0 9 246 403 92 271 
0 0 0 0 0 4 242 777 0 0 0 0 0 1 79 943 0 0 0 1 230 405 121 265 
0 0 0 0 0 24 278 720 0 0 0 0 0 6 160 857 0 0 0 32 272 362 112 243 
0 0 0 0 0 65 423 534 0 0 0 0 0 12 201 810 0 0 4 112 362 192 71 280 
0 0 0 0 3 126 451 443 0 0 0 0 3 36 309 675 0 0 19 233 356 73 48 292 
0 0 0 0 48 97 195 682 0 0 0 0 48 97 195 682 0 0 48 48 195 341 146 243 
