9 195 469 235 103 12 1 0 10 209 459 204 118 23 1 0 16 266 418 165 93 64 2 0 
14 61 401 389 149 10 0 0 16 60 284 436 185 43 0 0 24 72 282 340 121 177 8 0 
30 128 510 226 114 15 1 0 26 129 225 410 200 33 1 0 62 143 211 168 82 334 24 0 
2 63 645 148 36 28 38 64 1 51 161 346 328 32 33 72 2 65 155 115 32 350 222 83 
8 17 655 106 49 46 34 109 6 16 40 110 645 58 35 114 9 17 40 32 31 344 431 120 
0 19 856 121 10 4 4 10 0 4 21 31 946 6 4 12 0 0 10 18 23 371 588 14 
0 18 891 112 3 0 0 0 0 4 22 44 953 1 0 0 0 3 10 17 29 323 642 0 
0 3 944 74 3 0 0 0 0 0 9 19 993 3 0 0 0 0 1 7 15 289 712 0 
0 7 889 128 0 0 0 0 0 0 9 21 993 1 0 0 0 0 3 13 12 230 766 0 
0 0 832 192 0 0 0 0 0 0 0 0 1024 0 0 0 0 0 0 0 0 248 776 0 
0 0 902 121 0 0 0 0 0 0 0 17 1006 0 0 0 0 0 0 0 0 377 646 0 
54 235 440 212 41 15 23 4 57 267 454 171 36 16 22 1 81 385 402 96 32 21 7 0 
65 359 323 180 54 28 6 9 80 377 313 160 54 26 5 9 175 402 255 125 39 17 6 5 
144 405 264 132 54 17 8 0 134 413 269 130 53 17 8 0 228 421 207 105 41 18 4 0 
68 281 298 211 98 49 17 2 49 266 313 218 101 56 17 4 131 306 262 178 87 44 15 1 
111 300 336 183 62 22 7 3 86 278 351 206 68 24 8 3 114 265 354 203 61 17 7 3 
62 227 409 217 61 30 9 9 39 187 372 252 119 33 11 11 54 162 354 272 91 56 25 10 
45 203 259 389 93 27 7 1 29 186 209 208 322 57 11 2 72 182 199 168 98 101 201 3 
58 199 265 368 68 26 14 26 27 179 182 156 381 58 16 25 53 187 153 118 97 88 304 24 
32 105 120 477 70 29 42 149 28 97 99 83 461 61 31 164 54 81 95 59 62 86 413 174 
0 6 25 452 37 33 45 426 0 1 17 23 453 45 37 448 0 1 11 26 18 52 444 472 
65 91 36 753 29 13 6 27 10 112 51 21 689 99 9 30 3 73 71 28 18 27 760 40 
3 101 224 109 48 57 136 346 10 124 204 100 55 61 123 347 38 177 161 77 56 98 69 348 
13 73 38 32 14 22 75 757 10 73 39 34 18 38 59 753 26 65 38 38 29 38 47 743 
26 50 63 57 40 15 9 764 35 79 73 35 16 13 11 762 60 78 56 31 16 11 15 757 
314 186 177 122 67 37 17 104 332 193 170 104 64 40 17 104 402 189 146 95 44 33 10 105 
154 301 226 177 101 45 11 9 114 297 252 182 106 49 15 9 151 302 248 167 102 38 9 7 
152 353 260 144 88 16 10 1 102 336 282 176 90 24 11 3 115 334 291 167 84 22 9 2 
121 329 312 160 85 14 3 0 84 320 317 184 93 22 4 0 129 313 303 169 89 18 3 0 
141 352 276 156 68 23 8 0 86 354 294 172 76 32 10 0 167 339 271 150 68 21 8 0 
71 214 283 166 111 69 41 69 55 191 280 189 113 77 44 75 89 197 272 171 112 76 36 71 
223 271 205 121 64 36 37 67 83 323 257 133 75 45 40 68 20 318 290 159 78 48 36 75 
715 218 51 26 8 3 0 0 316 586 71 32 10 5 1 0 75 745 144 36 14 5 2 0 
56 184 46 59 28 15 160 476 215 38 31 59 30 13 154 484 237 18 33 65 19 13 135 504 
107 74 64 91 46 21 126 495 135 118 36 50 41 23 123 498 207 56 32 54 40 16 120 499 
253 308 266 55 9 7 4 122 405 351 121 6 9 4 6 122 604 232 44 7 5 7 3 122 
389 248 219 128 16 12 10 2 469 374 128 17 11 12 11 2 658 271 48 14 13 10 10 0 
149 331 209 112 81 69 46 27 92 339 235 129 81 68 50 30 113 352 232 118 83 62 45 19 
181 289 259 141 78 34 29 13 113 294 286 158 89 36 33 15 128 327 261 154 77 35 33 9 
181 390 246 159 34 12 2 0 131 395 261 169 50 15 3 0 166 374 250 164 52 14 3 1 
145 423 247 114 61 21 11 2 71 452 263 130 71 21 13 3 199 395 228 111 61 19 9 2 
93 250 231 171 141 80 45 13 71 230 248 187 144 84 43 17 101 249 229 177 138 82 42 6 
85 204 203 263 229 31 7 2 57 200 213 263 236 44 8 3 92 200 209 263 211 42 7 0 
605 182 80 56 50 22 17 9 413 355 89 53 58 23 18 11 234 546 89 48 51 24 18 11 
78 226 33 51 406 226 4 0 253 67 73 525 104 2 0 0 306 78 563 75 2 0 0 0 
173 120 57 77 119 223 13 242 247 138 36 263 80 12 15 233 334 80 267 71 24 21 227 0 
209 94 121 68 53 88 70 321 244 113 129 59 53 59 98 269 309 180 54 42 52 112 136 139 
74 172 205 115 92 97 71 198 128 227 158 127 71 70 63 180 242 234 122 93 74 70 156 33 
50 198 289 200 96 55 48 88 38 192 294 204 100 58 46 92 87 258 270 158 76 54 42 79 
128 201 212 162 117 94 65 45 73 221 228 168 126 92 64 52 79 246 236 156 121 85 61 40 
156 411 315 87 26 7 8 14 145 413 317 93 26 8 9 13 212 413 286 63 22 6 9 13 
156 388 297 128 35 15 4 1 115 399 301 150 37 16 4 2 198 388 276 110 34 13 5 0 
106 308 244 179 84 54 34 15 70 307 258 192 92 51 37 17 110 313 255 175 79 50 33 9 
235 203 196 163 144 52 17 14 187 221 210 164 148 60 18 16 211 211 210 155 139 68 18 12 
224 167 134 114 135 110 85 52 164 195 142 121 126 124 88 59 156 221 136 114 123 126 90 53 
7 14 30 110 519 192 62 90 11 33 97 558 147 39 64 75 34 101 576 112 28 42 65 66 
23 68 50 122 346 98 81 236 30 91 102 375 91 42 54 239 80 130 365 90 53 33 195 78 
164 298 215 101 50 53 58 85 160 322 217 87 46 54 56 82 451 220 89 56 43 49 54 62 
17 461 107 35 49 43 106 206 14 471 104 29 47 50 102 207 64 478 51 23 48 51 102 207 
50 109 137 183 112 119 83 231 51 124 137 174 106 118 85 229 90 116 196 105 94 112 97 214 
6 41 181 201 130 114 103 248 5 52 205 180 131 112 96 243 16 111 225 153 117 92 80 230 
46 212 214 166 94 71 58 163 40 218 211 148 107 77 55 168 77 236 189 108 104 77 63 170 
291 340 135 54 44 34 40 86 228 397 145 53 39 37 42 83 318 359 101 51 35 36 42 82 
505 290 137 46 42 4 0 0 434 328 155 57 42 8 0 0 487 327 116 45 38 11 0 0 
385 194 109 124 101 68 22 21 341 214 123 116 106 76 25 23 358 216 108 119 104 75 22 22 
257 244 177 98 86 64 61 35 227 263 172 102 88 66 65 38 273 246 164 97 88 60 62 30 
201 76 73 87 126 207 125 129 198 79 74 91 136 196 120 130 215 70 67 81 142 193 125 131 
198 67 116 115 132 230 82 84 194 67 106 121 140 232 82 82 193 71 84 102 149 249 91 85 
98 66 106 128 138 170 134 184 105 60 72 144 143 190 128 182 120 55 48 107 165 202 140 187 
139 82 113 146 186 125 113 120 142 76 97 122 223 132 103 129 143 77 80 81 223 176 107 137 
35 86 272 196 80 87 74 194 41 109 285 159 82 86 70 192 97 156 240 122 80 79 77 173 
37 87 252 207 60 66 86 229 29 86 246 192 96 70 86 219 90 231 150 80 119 87 65 202 
0 0 97 159 92 54 40 582 0 0 0 197 135 59 44 589 0 0 0 5 285 84 57 593 
10 31 370 148 63 59 93 250 8 24 78 416 90 56 88 264 34 40 31 58 424 75 86 276 
132 167 123 149 159 110 68 116 116 132 165 176 127 115 79 114 85 127 187 188 102 127 87 121 
231 228 200 144 79 37 56 49 128 246 206 194 95 42 58 55 129 169 179 210 166 59 55 57 
184 224 200 155 106 70 61 20 124 238 192 170 129 77 69 21 152 195 161 150 180 77 85 21 
64 35 110 288 245 49 99 131 60 39 81 280 270 49 96 145 71 35 78 245 284 71 92 145 
163 56 74 608 113 3 3 0 160 56 42 497 259 0 3 3 163 53 35 192 568 3 3 3 
24 39 78 213 344 88 60 174 24 39 78 160 373 124 46 177 24 32 85 110 398 149 53 170 
181 88 28 156 465 67 28 7 181 88 35 81 526 78 24 7 188 85 32 64 512 110 24 7 
14 213 220 138 56 64 56 259 10 213 266 110 60 49 56 256 213 234 113 78 49 49 49 234 
0 35 209 142 46 35 56 497 0 39 224 135 39 39 60 487 42 224 117 46 35 24 60 472 
0 0 0 0 0 0 35 988 0 0 0 0 0 0 32 992 0 0 0 0 0 0 60 963 
14 14 3 21 21 42 56 849 14 10 7 24 17 53 49 846 3 21 17 14 10 56 53 846 
220 263 160 252 46 32 39 10 177 195 344 195 32 32 39 7 131 234 391 163 21 46 35 0 
7 224 184 138 64 60 74 270 7 64 323 120 103 53 85 266 0 7 152 273 181 39 78 291 
367 79 45 30 11 18 41 428 360 87 45 30 11 18 45 424 348 83 53 30 18 11 41 436 
