0 1024 0 0 0 0 0 0 0 0 998 26 0 0 0 0 0 0 0 0 257 767 0 0 
0 1024 0 0 0 0 0 0 0 0 768 256 0 0 0 0 0 0 0 0 31 993 0 0 
0 1024 0 0 0 0 0 0 0 0 550 474 0 0 0 0 0 0 0 0 6 1018 0 0 
0 1024 0 0 0 0 0 0 0 0 398 626 0 0 0 0 0 0 0 0 3 1021 0 0 
0 1024 0 0 0 0 0 0 0 0 257 767 0 0 0 0 0 0 0 0 1 1023 0 0 
0 1024 0 0 0 0 0 0 0 0 143 881 0 0 0 0 0 0 0 0 0 1024 0 0 
0 1024 0 0 0 0 0 0 0 0 49 975 0 0 0 0 0 0 0 0 0 1024 0 0 
0 1024 0 0 0 0 0 0 0 0 21 1003 0 0 0 0 0 0 0 0 0 1024 0 0 
0 1024 0 0 0 0 0 0 0 0 6 1018 0 0 0 0 0 0 0 0 0 1024 0 0 
0 1024 0 0 0 0 0 0 0 0 3 1021 0 0 0 0 0 0 0 0 0 1024 0 0 
0 1024 0 0 0 0 0 0 0 0 0 1024 0 0 0 0 0 0 0 0 0 1024 0 0 
0 1024 0 0 0 0 0 0 0 0 0 1024 0 0 0 0 0 0 0 0 0 1024 0 0 
0 1024 0 0 0 0 0 0 0 0 0 1024 0 0 0 0 0 0 0 0 0 1024 0 0 
0 1024 0 0 0 0 0 0 0 0 0 1024 0 0 0 0 0 0 0 0 0 1024 0 0 
0 1024 0 0 0 0 0 0 0 0 0 1024 0 0 0 0 0 0 0 0 0 1024 0 0 
0 1021 3 0 0 0 0 0 0 0 0 1024 0 0 0 0 0 0 0 0 0 1024 0 0 
0 1023 1 0 0 0 0 0 0 0 0 1024 0 0 0 0 0 0 0 0 0 1024 0 0 
0 1007 17 0 0 0 0 0 0 0 0 1024 0 0 0 0 0 0 0 0 0 1024 0 0 
0 1023 1 0 0 0 0 0 0 0 0 1024 0 0 0 0 0 0 0 0 0 1024 0 0 
0 1023 1 0 0 0 0 0 0 0 0 1024 0 0 0 0 0 0 0 0 0 1024 0 0 
0 1019 5 0 0 0 0 0 0 0 0 1024 0 0 0 0 0 0 0 0 0 1024 0 0 
0 1022 2 0 0 0 0 0 0 0 0 1024 0 0 0 0 0 0 0 0 0 1024 0 0 
0 1005 19 0 0 0 0 0 0 0 0 1024 0 0 0 0 0 0 0 0 0 1024 0 0 
0 1010 14 0 0 0 0 0 0 0 0 1024 0 0 0 0 0 0 0 0 0 1024 0 0 
0 1018 6 0 0 0 0 0 0 0 0 1024 0 0 0 0 0 0 0 0 0 1024 0 0 
0 1019 5 0 0 0 0 0 0 0 0 1024 0 0 0 0 0 0 0 0 0 1024 0 0 
0 1018 6 0 0 0 0 0 0 0 0 1024 0 0 0 0 0 0 0 0 0 1024 0 0 
0 1020 4 0 0 0 0 0 0 0 0 1024 0 0 0 0 0 0 0 0 0 1024 0 0 
0 1021 3 0 0 0 0 0 0 0 0 1024 0 0 0 0 0 0 0 0 0 1024 0 0 
0 1024 0 0 0 0 0 0 0 0 0 1024 0 0 0 0 0 0 0 0 0 1024 0 0 
0 1023 1 0 0 0 0 0 0 0 0 1024 0 0 0 0 0 0 0 0 0 1024 0 0 
0 1024 0 0 0 0 0 0 0 0 0 1024 0 0 0 0 0 0 0 0 0 1024 0 0 
0 1024 0 0 0 0 0 0 0 0 0 1024 0 0 0 0 0 0 0 0 0 1024 0 0 
0 1023 1 0 0 0 0 0 0 0 0 1024 0 0 0 0 0 0 0 0 0 1024 0 0 
0 1024 0 0 0 0 0 0 0 0 0 1024 0 0 0 0 0 0 0 0 0 1024 0 0 
0 1024 0 0 0 0 0 0 0 0 5 1019 0 0 0 0 0 0 0 0 0 1024 0 0 
0 1024 0 0 0 0 0 0 0 0 9 1015 0 0 0 0 0 0 0 0 0 1024 0 0 
0 1024 0 0 0 0 0 0 0 0 32 992 0 0 0 0 0 0 0 0 0 1024 0 0 
0 1024 0 0 0 0 0 0 0 0 65 959 0 0 0 0 0 0 0 0 0 1024 0 0 
0 1024 0 0 0 0 0 0 0 0 188 835 0 0 0 0 0 0 0 0 3 1020 0 0 
0 1024 0 0 0 0 0 0 0 0 481 543 0 0 0 0 0 0 0 0 2 1022 0 0 
0 1024 0 0 0 0 0 0 0 0 152 872 0 0 0 0 0 0 0 0 0 1024 0 0 
0 1024 0 0 0 0 0 0 0 0 57 967 0 0 0 0 0 0 0 0 0 1024 0 0 
0 1024 0 0 0 0 0 0 0 0 11 1013 0 0 0 0 0 0 0 0 0 1024 0 0 
0 1024 0 0 0 0 0 0 0 0 9 1015 0 0 0 0 0 0 0 0 0 1024 0 0 
0 1024 0 0 0 0 0 0 0 0 1 1023 0 0 0 0 0 0 0 0 0 1024 0 0 
0 1024 0 0 0 0 0 0 0 0 0 1024 0 0 0 0 0 0 0 0 0 1024 0 0 
0 1024 0 0 0 0 0 0 0 0 0 1024 0 0 0 0 0 0 0 0 0 1024 0 0 
0 1024 0 0 0 0 0 0 0 0 0 1024 0 0 0 0 0 0 0 0 0 1024 0 0 
0 1024 0 0 0 0 0 0 0 0 0 1024 0 0 0 0 0 0 0 0 0 1024 0 0 
0 1023 1 0 0 0 0 0 0 0 0 1024 0 0 0 0 0 0 0 0 0 1024 0 0 
0 1023 1 0 0 0 0 0 0 0 0 1024 0 0 0 0 0 0 0 0 0 1024 0 0 
0 984 40 0 0 0 0 0 0 0 0 1024 0 0 0 0 0 0 0 0 0 1024 0 0 
0 1013 11 0 0 0 0 0 0 0 0 1024 0 0 0 0 0 0 0 0 0 1024 0 0 
0 980 44 0 0 0 0 0 0 0 0 1024 0 0 0 0 0 0 0 0 0 1024 0 0 
0 963 61 0 0 0 0 0 0 0 0 1024 0 0 0 0 0 0 0 0 0 1024 0 0 
0 929 95 0 0 0 0 0 0 0 0 1024 0 0 0 0 0 0 0 0 0 1024 0 0 
0 945 79 0 0 0 0 0 0 0 0 1024 0 0 0 0 0 0 0 0 0 1024 0 0 
0 869 155 0 0 0 0 0 0 0 0 1024 0 0 0 0 0 0 0 0 0 1024 0 0 
0 873 151 0 0 0 0 0 0 0 0 1024 0 0 0 0 0 0 0 0 0 1023 1 0 
0 754 270 0 0 0 0 0 0 0 0 1024 0 0 0 0 0 0 0 0 0 1022 2 0 
0 676 348 0 0 0 0 0 0 0 0 1024 0 0 0 0 0 0 0 0 0 1023 1 0 
0 743 281 0 0 0 0 0 0 0 0 1024 0 0 0 0 0 0 0 0 0 1024 0 0 
0 694 330 0 0 0 0 0 0 0 0 1024 0 0 0 0 0 0 0 0 0 1021 3 0 
0 751 273 0 0 0 0 0 0 0 0 1024 0 0 0 0 0 0 0 0 0 1020 4 0 
0 784 240 0 0 0 0 0 0 0 0 1024 0 0 0 0 0 0 0 0 0 1023 1 0 
0 863 161 0 0 0 0 0 0 0 0 1024 0 0 0 0 0 0 0 0 0 1021 3 0 
0 873 151 0 0 0 0 0 0 0 0 1024 0 0 0 0 0 0 0 0 0 1024 0 0 
0 871 153 0 0 0 0 0 0 0 0 1024 0 0 0 0 0 0 0 0 0 1023 1 0 
0 960 64 0 0 0 0 0 0 0 0 1024 0 0 0 0 0 0 0 0 0 1024 0 0 
0 987 37 0 0 0 0 0 0 0 0 1024 0 0 0 0 0 0 0 0 0 1024 0 0 
0 1009 15 0 0 0 0 0 0 0 0 1024 0 0 0 0 0 0 0 0 0 1024 0 0 
0 1010 14 0 0 0 0 0 0 0 0 1024 0 0 0 0 0 0 0 0 0 1024 0 0 
0 1018 6 0 0 0 0 0 0 0 0 1024 0 0 0 0 0 0 0 0 0 1024 0 0 
0 1024 0 0 0 0 0 0 0 0 0 1024 0 0 0 0 0 0 0 0 0 1024 0 0 
0 1024 0 0 0 0 0 0 0 0 0 1024 0 0 0 0 0 0 0 0 0 1024 0 0 
0 1023 1 0 0 0 0 0 0 0 0 1024 0 0 0 0 0 0 0 0 0 1024 0 0 
0 1024 0 0 0 0 0 0 0 0 0 1024 0 0 0 0 0 0 0 0 0 1024 0 0 
0 1024 0 0 0 0 0 0 0 0 0 1024 0 0 0 0 0 0 0 0 0 1024 0 0 
0 1024 0 0 0 0 0 0 0 0 0 1024 0 0 0 0 0 0 0 0 0 1024 0 0 
0 1024 0 0 0 0 0 0 0 0 24 1000 0 0 0 0 0 0 0 0 0 1024 0 0 
0 1024 0 0 0 0 0 0 0 0 5 1019 0 0 0 0 0 0 0 0 0 1024 0 0 
0 1024 0 0 0 0 0 0 0 0 0 1024 0 0 0 0 0 0 0 0 0 1024 0 0 
0 1024 0 0 0 0 0 0 0 0 0 1024 0 0 0 0 0 0 0 0 0 1024 0 0 
0 1024 0 0 0 0 0 0 0 0 0 1024 0 0 0 0 0 0 0 0 0 1024 0 0 
0 1024 0 0 0 0 0 0 0 0 0 1024 0 0 0 0 0 0 0 0 0 1024 0 0 
0 1018 6 0 0 0 0 0 0 0 0 1024 0 0 0 0 0 0 0 0 0 1024 0 0 
0 1017 7 0 0 0 0 0 0 0 0 1024 0 0 0 0 0 0 0 0 0 1024 0 0 
0 983 41 0 0 0 0 0 0 0 0 1024 0 0 0 0 0 0 0 0 0 1023 1 0 
0 942 82 0 0 0 0 0 0 0 0 1024 0 0 0 0 0 0 0 0 0 1024 0 0 
0 849 175 0 0 0 0 0 0 0 0 1024 0 0 0 0 0 0 0 0 0 1024 0 0 
0 755 269 0 0 0 0 0 0 0 0 1024 0 0 0 0 0 0 0 0 0 1020 4 0 
0 599 425 0 0 0 0 0 0 0 0 1024 0 0 0 0 0 0 0 0 0 1014 10 0 
0 481 543 0 0 0 0 0 0 0 0 1024 0 0 0 0 0 0 0 0 0 1002 22 0 
0 379 645 0 0 0 0 0 0 0 0 1024 0 0 0 0 0 0 0 0 0 968 56 0 
0 318 706 0 0 0 0 0 0 0 0 1024 0 0 0 0 0 0 0 0 0 931 93 0 
0 209 815 0 0 0 0 0 0 0 0 1024 0 0 0 0 0 0 0 0 0 939 85 0 
0 148 876 0 0 0 0 0 0 0 0 1024 0 0 0 0 0 0 0 0 0 829 195 0 
0 168 856 0 0 0 0 0 0 0 0 1024 0 0 0 0 0 0 0 0 0 828 196 0 
17 174 797 33 2 1 0 0 14 31 52 917 9 1 0 0 22 31 31 34 48 770 88 0 
2 110 908 4 0 0 0 0 1 2 9 1012 0 0 0 0 0 1 3 7 19 796 198 0 
0 61 963 0 0 0 0 0 0 0 0 1024 0 0 0 0 0 0 0 0 0 781 243 0 
0 47 977 0 0 0 0 0 0 0 0 1024 0 0 0 0 0 0 0 0 0 739 285 0 
0 98 926 0 0 0 0 0 0 0 0 1024 0 0 0 0 0 0 0 0 0 664 360 0 
0 97 927 0 0 0 0 0 0 0 0 1024 0 0 0 0 0 0 0 0 0 713 311 0 
0 96 928 0 0 0 0 0 0 0 0 1024 0 0 0 0 0 0 0 0 0 788 236 0 
0 168 856 0 0 0 0 0 0 0 0 1024 0 0 0 0 0 0 0 0 0 834 190 0 
0 174 850 0 0 0 0 0 0 0 0 1024 0 0 0 0 0 0 0 0 0 860 164 0 
0 331 693 0 0 0 0 0 0 0 0 1024 0 0 0 0 0 0 0 0 0 912 112 0 
0 367 657 0 0 0 0 0 0 0 0 1024 0 0 0 0 0 0 0 0 0 919 105 0 
0 470 554 0 0 0 0 0 0 0 0 1024 0 0 0 0 0 0 0 0 0 970 54 0 
0 587 437 0 0 0 0 0 0 0 0 1024 0 0 0 0 0 0 0 0 0 997 27 0 
0 680 344 0 0 0 0 0 0 0 0 1024 0 0 0 0 0 0 0 0 0 1017 7 0 
0 827 197 0 0 0 0 0 0 0 0 1024 0 0 0 0 0 0 0 0 0 1015 9 0 
0 909 115 0 0 0 0 0 0 0 0 1024 0 0 0 0 0 0 0 0 0 1020 4 0 
0 941 83 0 0 0 0 0 0 0 0 1024 0 0 0 0 0 0 0 0 0 1024 0 0 
0 1006 18 0 0 0 0 0 0 0 0 1024 0 0 0 0 0 0 0 0 0 1024 0 0 
0 1012 12 0 0 0 0 0 0 0 0 1024 0 0 0 0 0 0 0 0 0 1024 0 0 
0 1001 23 0 0 0 0 0 0 0 0 1024 0 0 0 0 0 0 0 0 0 1024 0 0 
0 1014 9 0 0 0 0 0 0 0 0 1024 0 0 0 0 0 0 0 0 0 1024 0 0 
0 1024 0 0 0 0 0 0 0 0 0 1024 0 0 0 0 0 0 0 0 0 1024 0 0 
0 1024 0 0 0 0 0 0 0 0 0 1024 0 0 0 0 0 0 0 0 0 1024 0 0 
0 1022 2 0 0 0 0 0 0 0 0 1024 0 0 0 0 0 0 0 0 0 1024 0 0 
0 1012 12 0 0 0 0 0 0 0 0 1024 0 0 0 0 0 0 0 0 0 1024 0 0 
0 1005 19 0 0 0 0 0 0 0 0 1024 0 0 0 0 0 0 0 0 0 1023 1 0 
0 918 106 0 0 0 0 0 0 0 0 1024 0 0 0 0 0 0 0 0 0 1024 0 0 
0 776 248 0 0 0 0 0 0 0 0 1024 0 0 0 0 0 0 0 0 0 1021 3 0 
0 703 321 0 0 0 0 0 0 0 0 1024 0 0 0 0 0 0 0 0 0 1017 7 0 
0 432 592 0 0 0 0 0 0 0 0 1024 0 0 0 0 0 0 0 0 0 988 36 0 
0 320 704 0 0 0 0 0 0 0 0 1024 0 0 0 0 0 0 0 0 0 893 131 0 
0 125 899 0 0 0 0 0 0 0 0 1024 0 0 0 0 0 0 0 0 0 751 273 0 
0 50 974 0 0 0 0 0 0 0 0 1024 0 0 0 0 0 0 0 0 0 611 413 0 
0 11 1013 0 0 0 0 0 0 0 0 1024 0 0 0 0 0 0 0 0 0 453 571 0 
0 29 995 0 0 0 0 0 0 0 0 1024 0 0 0 0 0 0 0 0 0 356 668 0 
0 16 1008 0 0 0 0 0 0 0 0 1024 0 0 0 0 0 0 0 0 0 275 749 0 
0 5 1019 0 0 0 0 0 0 0 0 1024 0 0 0 0 0 0 0 0 0 179 845 0 
0 2 1022 0 0 0 0 0 0 0 0 1024 0 0 0 0 0 0 0 0 0 151 873 0 
0 2 1022 0 0 0 0 0 0 0 0 1024 0 0 0 0 0 0 0 0 0 118 906 0 
0 0 1024 0 0 0 0 0 0 0 0 1023 1 0 0 0 0 0 0 0 2 141 881 0 
81 225 594 103 18 3 0 0 100 218 206 474 24 2 0 0 241 202 106 67 77 198 133 0 
63 114 793 47 6 1 0 0 51 98 88 762 23 2 0 0 67 74 60 58 72 270 423 0 
0 1 1023 0 0 0 0 0 0 0 0 1024 0 0 0 0 0 0 0 0 0 25 999 0 
0 0 1024 0 0 0 0 0 0 0 0 1021 3 0 0 0 0 0 0 0 0 35 989 0 
0 0 1024 0 0 0 0 0 0 0 0 1024 0 0 0 0 0 0 0 0 0 47 977 0 
0 0 1024 0 0 0 0 0 0 0 0 1022 2 0 0 0 0 0 0 0 0 36 988 0 
0 0 1024 0 0 0 0 0 0 0 0 1024 0 0 0 0 0 0 0 0 0 66 958 0 
0 0 1024 0 0 0 0 0 0 0 0 1022 2 0 0 0 0 0 0 0 0 84 940 0 
0 1 1023 0 0 0 0 0 0 0 0 1023 1 0 0 0 0 0 0 0 0 110 914 0 
0 0 1024 0 0 0 0 0 0 0 0 1024 0 0 0 0 0 0 0 0 0 138 886 0 
0 5 1019 0 0 0 0 0 0 0 0 1024 0 0 0 0 0 0 0 0 0 205 819 0 
0 12 1012 0 0 0 0 0 0 0 0 1023 1 0 0 0 0 0 0 0 0 324 700 0 
0 31 993 0 0 0 0 0 0 0 0 1024 0 0 0 0 0 0 0 0 0 476 548 0 
0 65 959 0 0 0 0 0 0 0 0 1024 0 0 0 0 0 0 0 0 0 592 432 0 
0 81 943 0 0 0 0 0 0 0 0 1024 0 0 0 0 0 0 0 0 0 757 267 0 
0 222 802 0 0 0 0 0 0 0 0 1024 0 0 0 0 0 0 0 0 0 872 152 0 
0 355 669 0 0 0 0 0 0 0 0 1024 0 0 0 0 0 0 0 0 0 934 90 0 
0 528 496 0 0 0 0 0 0 0 0 1024 0 0 0 0 0 0 0 0 0 995 29 0 
0 657 367 0 0 0 0 0 0 0 0 1024 0 0 0 0 0 0 0 0 0 1018 6 0 
0 663 361 0 0 0 0 0 0 0 0 1024 0 0 0 0 0 0 0 0 0 1011 13 0 
0 835 188 0 0 0 0 0 0 0 0 1024 0 0 0 0 0 0 0 0 0 1024 0 0 
0 995 29 0 0 0 0 0 0 0 0 1024 0 0 0 0 0 0 0 0 0 1024 0 0 
0 951 73 0 0 0 0 0 0 0 0 1024 0 0 0 0 0 0 0 0 0 1024 0 0 
0 838 186 0 0 0 0 0 0 0 0 1024 0 0 0 0 0 0 0 0 0 1023 1 0 
0 557 467 0 0 0 0 0 0 0 0 1024 0 0 0 0 0 0 0 0 0 1023 1 0 
0 449 575 0 0 0 0 0 0 0 0 1024 0 0 0 0 0 0 0 0 0 1006 18 0 
0 293 731 0 0 0 0 0 0 0 0 1024 0 0 0 0 0 0 0 0 0 888 136 0 
0 155 869 0 0 0 0 0 0 0 0 1024 0 0 0 0 0 0 0 0 0 741 283 0 
0 33 991 0 0 0 0 0 0 0 0 1024 0 0 0 0 0 0 0 0 0 540 484 0 
0 3 1021 0 0 0 0 0 0 0 0 1024 0 0 0 0 0 0 0 0 0 326 698 0 
0 0 1024 0 0 0 0 0 0 0 0 1024 0 0 0 0 0 0 0 0 0 150 874 0 
0 1 1023 0 0 0 0 0 0 0 0 1023 1 0 0 0 0 0 0 0 0 124 900 0 
0 0 1024 0 0 0 0 0 0 0 0 1024 0 0 0 0 0 0 0 0 0 17 1007 0 
0 0 1024 0 0 0 0 0 0 0 0 1022 2 0 0 0 0 0 0 0 0 10 1014 0 
0 0 1024 0 0 0 0 0 0 0 0 1011 13 0 0 0 0 0 0 0 0 1 1023 0 
0 0 1024 0 0 0 0 0 0 0 0 989 35 0 0 0 0 0 0 0 0 3 1021 0 
0 0 1024 0 0 0 0 0 0 0 0 952 72 0 0 0 0 0 0 0 0 0 1024 0 
0 0 1024 0 0 0 0 0 0 0 0 893 131 0 0 0 0 0 0 0 0 0 1024 0 
0 0 1024 0 0 0 0 0 0 0 0 811 213 0 0 0 0 0 0 0 0 0 1024 0 
11 20 976 17 0 0 0 0 5 16 18 727 258 0 0 0 1 14 12 13 17 82 885 0 
353 315 272 69 14 1 0 0 335 320 167 131 71 0 0 0 437 249 102 69 53 33 81 0 
195 262 435 118 14 0 0 0 160 233 218 336 77 0 0 0 173 194 154 140 121 125 117 0 
0 0 1023 1 0 0 0 0 0 0 0 670 354 0 0 0 0 0 0 0 0 21 1003 0 
0 0 1024 0 0 0 0 0 0 0 0 619 405 0 0 0 0 0 0 0 0 0 1024 0 
0 0 1024 0 0 0 0 0 0 0 0 612 412 0 0 0 0 0 0 0 0 0 1024 0 
0 0 1024 0 0 0 0 0 0 0 0 648 376 0 0 0 0 0 0 0 0 0 1024 0 
0 0 1024 0 0 0 0 0 0 0 0 685 339 0 0 0 0 0 0 0 0 0 1024 0 
0 0 1024 0 0 0 0 0 0 0 0 728 296 0 0 0 0 0 0 0 0 0 1024 0 
0 0 1024 0 0 0 0 0 0 0 0 807 217 0 0 0 0 0 0 0 0 1 1023 0 
0 0 1024 0 0 0 0 0 0 0 0 890 134 0 0 0 0 0 0 0 0 4 1020 0 
0 0 1024 0 0 0 0 0 0 0 0 949 75 0 0 0 0 0 0 0 0 1 1023 0 
0 0 1024 0 0 0 0 0 0 0 0 972 52 0 0 0 0 0 0 0 0 4 1020 0 
0 0 1024 0 0 0 0 0 0 0 0 1005 19 0 0 0 0 0 0 0 0 13 1011 0 
0 0 1024 0 0 0 0 0 0 0 0 1019 5 0 0 0 0 0 0 0 0 22 1002 0 
0 0 1024 0 0 0 0 0 0 0 0 1024 0 0 0 0 0 0 0 0 0 81 943 0 
0 2 1022 0 0 0 0 0 0 0 0 1024 0 0 0 0 0 0 0 0 0 91 933 0 
0 6 1018 0 0 0 0 0 0 0 0 1024 0 0 0 0 0 0 0 0 0 257 767 0 
0 15 1009 0 0 0 0 0 0 0 0 1024 0 0 0 0 0 0 0 0 0 450 574 0 
0 71 953 0 0 0 0 0 0 0 0 1024 0 0 0 0 0 0 0 0 0 717 307 0 
0 134 890 0 0 0 0 0 0 0 0 1024 0 0 0 0 0 0 0 0 0 734 290 0 
0 150 873 0 0 0 0 0 0 0 0 1024 0 0 0 0 0 0 0 0 0 867 156 0 
0 604 420 0 0 0 0 0 0 0 0 1024 0 0 0 0 0 0 0 0 0 1019 5 0 
76 456 489 3 0 0 0 0 29 86 59 850 0 0 0 0 13 66 54 40 58 792 1 0 
72 263 688 1 0 0 0 0 40 80 44 859 1 0 0 0 7 52 50 32 38 807 38 0 
137 242 640 5 0 0 0 0 55 185 108 674 2 0 0 0 35 118 103 68 102 569 29 0 
0 13 1011 0 0 0 0 0 0 0 0 1024 0 0 0 0 0 0 0 0 0 471 553 0 
0 3 1021 0 0 0 0 0 0 0 0 1024 0 0 0 0 0 0 0 0 0 207 817 0 
0 1 1023 0 0 0 0 0 0 0 0 1023 1 0 0 0 0 0 0 0 0 49 975 0 
0 0 1024 0 0 0 0 0 0 0 0 1020 4 0 0 0 0 0 0 0 0 22 1002 0 
0 0 1024 0 0 0 0 0 0 0 0 997 27 0 0 0 0 0 0 0 0 2 1022 0 
0 0 1024 0 0 0 0 0 0 0 0 954 70 0 0 0 0 0 0 0 0 0 1024 0 
0 0 1024 0 0 0 0 0 0 0 0 842 182 0 0 0 0 0 0 0 0 0 1024 0 
0 0 1024 0 0 0 0 0 0 0 0 700 324 0 0 0 0 0 0 0 0 0 1024 0 
0 0 1024 0 0 0 0 0 0 0 0 489 535 0 0 0 0 0 0 0 0 0 1024 0 
0 0 1024 0 0 0 0 0 0 0 0 323 701 0 0 0 0 0 0 0 0 0 1024 0 
0 0 1024 0 0 0 0 0 0 0 0 188 836 0 0 0 0 0 0 0 0 0 1024 0 
0 0 1024 0 0 0 0 0 0 0 0 161 863 0 0 0 0 0 0 0 0 0 1024 0 
0 0 1024 0 0 0 0 0 0 0 0 60 964 0 0 0 0 0 0 0 0 0 1024 0 
0 0 1024 0 0 0 0 0 0 0 0 42 982 0 0 0 0 0 0 0 0 0 1024 0 
19 63 832 101 7 2 0 0 12 44 64 157 743 4 0 0 8 29 43 54 50 137 703 0 
229 235 479 72 9 0 0 0 207 218 160 114 325 0 0 0 296 197 82 50 43 84 272 0 
182 223 560 57 2 0 0 0 144 182 142 118 438 0 0 0 178 152 96 47 56 84 411 0 
0 0 1024 0 0 0 0 0 0 0 0 11 1013 0 0 0 0 0 0 0 0 0 1024 0 
0 0 1024 0 0 0 0 0 0 0 0 6 1018 0 0 0 0 0 0 0 0 0 1024 0 
0 0 1024 0 0 0 0 0 0 0 0 9 1015 0 0 0 0 0 0 0 0 0 1024 0 
0 0 1024 0 0 0 0 0 0 0 0 8 1016 0 0 0 0 0 0 0 0 0 1024 0 
0 0 1024 0 0 0 0 0 0 0 0 5 1019 0 0 0 0 0 0 0 0 0 1024 0 
0 0 1024 0 0 0 0 0 0 0 0 35 989 0 0 0 0 0 0 0 0 0 1024 0 
0 0 1024 0 0 0 0 0 0 0 0 50 974 0 0 0 0 0 0 0 0 0 1024 0 
0 0 1024 0 0 0 0 0 0 0 0 57 967 0 0 0 0 0 0 0 0 0 1024 0 
0 0 1024 0 0 0 0 0 0 0 0 129 895 0 0 0 0 0 0 0 0 0 1024 0 
0 0 1024 0 0 0 0 0 0 0 0 210 814 0 0 0 0 0 0 0 0 0 1024 0 
0 0 1024 0 0 0 0 0 0 0 0 349 675 0 0 0 0 0 0 0 0 0 1024 0 
0 0 1024 0 0 0 0 0 0 0 0 472 552 0 0 0 0 0 0 0 0 0 1024 0 
0 0 1024 0 0 0 0 0 0 0 0 705 319 0 0 0 0 0 0 0 0 0 1024 0 
0 0 1024 0 0 0 0 0 0 0 0 884 140 0 0 0 0 0 0 0 0 0 1024 0 
0 0 1024 0 0 0 0 0 0 0 0 961 63 0 0 0 0 0 0 0 0 2 1022 0 
0 0 1024 0 0 0 0 0 0 0 0 1003 21 0 0 0 0 0 0 0 0 31 993 0 
0 0 1024 0 0 0 0 0 0 0 0 1023 1 0 0 0 0 0 0 0 0 43 981 0 
0 1 1023 0 0 0 0 0 0 0 0 1022 2 0 0 0 0 0 0 0 0 131 893 0 
0 9 1014 0 0 0 0 0 0 0 0 1024 0 0 0 0 0 0 0 0 0 96 928 0 
0 27 997 0 0 0 0 0 0 0 0 1024 0 0 0 0 0 0 0 0 0 899 125 0 
241 217 550 15 1 0 0 0 150 197 119 547 11 0 0 0 103 172 108 82 96 438 25 0 
283 322 404 15 0 0 0 0 186 323 132 374 9 0 0 0 183 235 124 88 66 276 52 0 
378 321 289 36 0 0 0 0 215 380 134 273 22 0 0 0 176 241 189 107 102 162 47 0 
2 5 1015 2 0 0 0 0 1 1 4 990 28 0 0 0 0 0 1 1 3 23 996 0 
59 79 877 9 0 0 0 0 19 77 40 830 58 0 0 0 9 56 35 29 32 146 717 0 
0 0 1024 0 0 0 0 0 0 0 0 813 211 0 0 0 0 0 0 0 0 0 1024 0 
0 0 1024 0 0 0 0 0 0 0 0 542 482 0 0 0 0 0 0 0 0 0 1024 0 
0 0 1024 0 0 0 0 0 0 0 0 306 718 0 0 0 0 0 0 0 0 0 1024 0 
0 0 1024 0 0 0 0 0 0 0 0 93 931 0 0 0 0 0 0 0 0 0 1024 0 
0 0 1024 0 0 0 0 0 0 0 0 66 958 0 0 0 0 0 0 0 0 0 1024 0 
0 0 1024 0 0 0 0 0 0 0 0 12 1012 0 0 0 0 0 0 0 0 0 1024 0 
0 0 1024 0 0 0 0 0 0 0 0 1 1023 0 0 0 0 0 0 0 0 0 1024 0 
0 0 1024 0 0 0 0 0 0 0 0 0 1024 0 0 0 0 0 0 0 0 0 1024 0 
0 0 1024 0 0 0 0 0 0 0 0 0 1024 0 0 0 0 0 0 0 0 0 1024 0 
0 0 1024 0 0 0 0 0 0 0 0 0 1024 0 0 0 0 0 0 0 0 0 1024 0 
0 0 1024 0 0 0 0 0 0 0 0 0 1024 0 0 0 0 0 0 0 0 0 1024 0 
0 0 1024 0 0 0 0 0 0 0 0 0 1024 0 0 0 0 0 0 0 0 0 1024 0 
104 154 555 187 21 3 0 0 97 134 112 109 571 1 0 0 103 116 86 62 69 139 449 0 
260 330 304 110 15 5 0 0 246 294 247 106 129 2 0 0 355 287 137 67 50 75 53 0 
226 286 323 180 6 3 0 0 193 258 177 108 286 2 0 0 279 231 114 52 58 102 188 0 
17 20 919 66 2 0 0 0 3 21 20 25 955 0 0 0 1 13 14 20 12 36 928 0 
0 0 1021 3 0 0 0 0 0 0 0 0 1024 0 0 0 0 0 0 0 0 0 1024 0 
0 0 1024 0 0 0 0 0 0 0 0 0 1024 0 0 0 0 0 0 0 0 0 1024 0 
0 0 1024 0 0 0 0 0 0 0 0 0 1024 0 0 0 0 0 0 0 0 0 1024 0 
0 0 1024 0 0 0 0 0 0 0 0 0 1024 0 0 0 0 0 0 0 0 0 1024 0 
0 0 1024 0 0 0 0 0 0 0 0 0 1024 0 0 0 0 0 0 0 0 0 1024 0 
0 0 1024 0 0 0 0 0 0 0 0 0 1024 0 0 0 0 0 0 0 0 0 1024 0 
0 0 1024 0 0 0 0 0 0 0 0 0 1024 0 0 0 0 0 0 0 0 0 1024 0 
0 0 1024 0 0 0 0 0 0 0 0 0 1024 0 0 0 0 0 0 0 0 0 1024 0 
0 0 1024 0 0 0 0 0 0 0 0 0 1024 0 0 0 0 0 0 0 0 0 1024 0 
0 0 1024 0 0 0 0 0 0 0 0 0 1024 0 0 0 0 0 0 0 0 0 1024 0 
0 0 1024 0 0 0 0 0 0 0 0 1 1023 0 0 0 0 0 0 0 0 0 1024 0 
0 0 1024 0 0 0 0 0 0 0 0 13 1011 0 0 0 0 0 0 0 0 0 1024 0 
0 0 1024 0 0 0 0 0 0 0 0 89 935 0 0 0 0 0 0 0 0 0 1024 0 
0 0 1024 0 0 0 0 0 0 0 0 196 828 0 0 0 0 0 0 0 0 0 1024 0 
0 0 1024 0 0 0 0 0 0 0 0 363 661 0 0 0 0 0 0 0 0 0 1024 0 
0 0 1024 0 0 0 0 0 0 0 0 556 468 0 0 0 0 0 0 0 0 0 1024 0 
0 0 1024 0 0 0 0 0 0 0 0 702 322 0 0 0 0 0 0 0 0 2 1022 0 
0 0 1024 0 0 0 0 0 0 0 0 668 355 0 0 0 0 0 0 0 0 0 1024 0 
38 34 946 6 0 0 0 0 7 45 22 930 20 0 0 0 15 23 18 14 34 325 595 0 
380 382 234 28 0 0 0 0 254 412 156 179 23 0 0 0 283 289 162 104 85 97 4 0 
565 415 39 5 0 0 0 0 497 458 60 7 2 0 0 0 635 335 38 8 8 0 0 0 
426 361 198 37 2 0 0 0 337 377 137 140 33 0 0 0 319 330 118 87 62 82 26 0 
147 177 674 26 0 0 0 0 107 163 71 443 240 0 0 0 97 101 70 55 48 119 534 0 
300 265 395 64 0 0 0 0 197 270 139 237 181 0 0 0 157 244 119 83 81 163 177 0 
38 50 912 24 0 0 0 0 13 44 35 102 830 0 0 0 0 16 29 23 33 49 874 0 
14 103 890 17 0 0 0 0 7 75 87 50 805 0 0 0 40 80 43 22 30 55 754 0 
24 79 885 36 0 0 0 0 14 67 45 31 867 0 0 0 17 52 29 21 20 34 851 0 
50 83 834 55 2 0 0 0 24 64 67 54 815 0 0 0 11 53 64 31 35 63 767 0 
25 51 889 59 0 0 0 0 9 41 40 39 895 0 0 0 1 21 27 28 23 31 893 0 
0 0 1023 1 0 0 0 0 0 0 0 0 1024 0 0 0 0 0 0 0 0 0 1024 0 
0 0 1015 9 0 0 0 0 0 0 0 0 1024 0 0 0 0 0 0 0 0 0 1024 0 
0 0 998 26 0 0 0 0 0 0 0 0 1024 0 0 0 0 0 0 0 0 0 1024 0 
0 0 960 64 0 0 0 0 0 0 0 0 1024 0 0 0 0 0 0 0 0 0 1024 0 
0 0 903 121 0 0 0 0 0 0 0 0 1024 0 0 0 0 0 0 0 0 0 1024 0 
0 0 879 145 0 0 0 0 0 0 0 0 1024 0 0 0 0 0 0 0 0 0 1024 0 
12 28 637 314 31 2 0 0 10 19 64 65 864 2 0 0 8 14 44 50 37 56 815 0 
159 209 393 247 16 0 0 0 141 195 162 109 416 1 0 0 157 182 130 75 67 104 309 0 
346 347 244 74 12 1 0 0 313 336 258 84 30 3 0 0 446 324 139 54 32 20 9 0 
274 405 265 69 9 2 0 0 276 408 255 51 33 1 0 0 504 387 83 20 9 13 8 0 
132 201 387 285 15 4 0 0 118 188 165 101 448 4 0 0 172 183 105 73 51 72 368 0 
9 23 517 473 2 0 0 0 5 16 19 19 963 2 0 0 1 8 16 17 10 23 948 1 
0 0 641 383 0 0 0 0 0 0 0 0 1024 0 0 0 0 0 0 0 0 0 1024 0 
0 0 633 391 0 0 0 0 0 0 0 0 1024 0 0 0 0 0 0 0 0 0 1024 0 
0 0 702 322 0 0 0 0 0 0 0 0 1024 0 0 0 0 0 0 0 0 0 1024 0 
0 0 693 331 0 0 0 0 0 0 0 0 1024 0 0 0 0 0 0 0 0 0 1024 0 
0 0 729 295 0 0 0 0 0 0 0 0 1024 0 0 0 0 0 0 0 0 0 1023 1 
0 0 787 237 0 0 0 0 0 0 0 27 997 0 0 0 0 0 0 0 0 14 1010 0 
0 0 852 172 0 0 0 0 0 0 0 0 1024 0 0 0 0 0 0 0 0 0 1024 0 
0 0 964 60 0 0 0 0 0 0 0 0 1024 0 0 0 0 0 0 0 0 0 1024 0 
0 0 992 32 0 0 0 0 0 0 0 0 1024 0 0 0 0 0 0 0 0 0 1024 0 
0 0 1018 6 0 0 0 0 0 0 0 0 1024 0 0 0 0 0 0 0 0 0 1024 0 
0 0 1017 7 0 0 0 0 0 0 0 0 1024 0 0 0 0 0 0 0 0 0 1024 0 
0 0 1024 0 0 0 0 0 0 0 0 0 1024 0 0 0 0 0 0 0 0 0 1024 0 
0 0 1024 0 0 0 0 0 0 0 0 0 1024 0 0 0 0 0 0 0 0 0 1024 0 
0 0 1024 0 0 0 0 0 0 0 0 1 1023 0 0 0 0 0 0 0 0 0 1024 0 
0 0 1024 0 0 0 0 0 0 0 0 7 1017 0 0 0 0 0 0 0 0 0 1024 0 
0 0 1024 0 0 0 0 0 0 0 0 15 1009 0 0 0 0 0 0 0 0 0 1024 0 
0 0 1024 0 0 0 0 0 0 0 0 9 1014 0 0 0 0 0 0 0 0 0 1024 0 
197 206 612 9 0 0 0 0 93 255 66 452 158 0 0 0 168 169 51 25 49 151 411 0 
531 468 22 3 0 0 0 0 468 515 36 4 1 0 0 0 751 237 30 5 1 0 0 0 
691 321 12 0 0 0 0 0 653 353 18 0 0 0 0 0 875 135 11 2 1 0 0 0 
692 273 34 23 2 0 0 0 616 329 44 22 13 0 0 0 763 182 34 18 15 12 0 0 
641 276 74 30 3 0 0 0 573 303 67 46 35 0 0 0 614 226 75 29 26 37 17 0 
470 452 88 13 1 0 0 0 424 459 110 26 5 0 0 0 599 299 79 28 17 2 0 0 
150 115 682 77 0 0 0 0 109 116 77 43 679 0 0 0 32 111 80 57 40 36 667 1 
128 406 410 80 0 0 0 0 96 325 227 87 289 0 0 0 283 243 82 50 52 88 226 0 
253 314 318 138 1 0 0 0 198 288 146 104 288 0 0 0 226 216 122 67 72 99 222 0 
124 271 460 169 0 0 0 0 62 239 163 126 434 0 0 0 69 214 119 82 91 106 343 0 
106 301 356 254 7 0 0 0 59 250 181 95 438 1 0 0 87 185 120 99 69 111 353 0 
25 94 552 353 0 0 0 0 4 53 71 82 814 0 0 0 1 31 46 44 60 79 763 0 
64 148 497 310 5 0 0 0 19 120 113 128 642 2 0 0 8 88 90 68 103 99 568 0 
0 5 276 742 1 0 0 0 0 0 6 9 1007 2 0 0 0 0 0 2 8 8 998 8 
0 0 132 892 0 0 0 0 0 0 0 0 1024 0 0 0 0 0 0 0 0 0 1014 10 
0 0 77 947 0 0 0 0 0 0 0 0 1024 0 0 0 0 0 0 0 0 0 993 31 
0 2 103 918 1 0 0 0 0 0 3 3 1018 0 0 0 0 0 0 2 2 7 946 67 
8 20 93 892 11 0 0 0 3 13 37 48 921 2 0 0 2 17 23 28 39 40 809 66 
259 242 236 256 27 4 0 0 223 236 205 141 208 11 0 0 250 228 166 95 75 83 124 3 
255 412 277 75 5 0 0 0 242 396 281 91 11 3 0 0 476 371 117 37 18 4 1 0 
345 299 197 162 20 1 0 0 303 291 198 88 134 10 0 0 372 256 132 64 51 38 104 7 
137 147 108 613 19 0 0 0 120 129 109 79 575 12 0 0 108 139 83 56 43 43 453 99 
0 0 23 1001 0 0 0 0 0 0 0 0 1024 0 0 0 0 0 0 0 0 0 793 231 
0 0 10 1014 0 0 0 0 0 0 0 0 1024 0 0 0 0 0 0 0 0 0 764 260 
0 0 6 1018 0 0 0 0 0 0 0 0 1024 0 0 0 0 0 0 0 0 0 812 212 
0 0 16 1008 0 0 0 0 0 0 0 0 1024 0 0 0 0 0 0 0 0 0 820 204 
0 0 16 974 16 16 2 0 0 0 0 6 982 14 20 2 0 0 0 0 0 11 866 147 
0 0 25 983 4 12 0 0 0 0 0 0 1005 9 7 3 0 0 0 0 0 0 888 136 
0 0 89 935 0 0 0 0 0 0 0 29 995 0 0 0 0 0 0 0 0 18 927 79 
0 0 99 925 0 0 0 0 0 0 0 0 1024 0 0 0 0 0 0 0 0 0 998 26 
0 0 147 877 0 0 0 0 0 0 0 0 1024 0 0 0 0 0 0 0 0 0 1006 18 
0 0 287 737 0 0 0 0 0 0 0 0 1024 0 0 0 0 0 0 0 0 0 1015 9 
0 0 523 501 0 0 0 0 0 0 0 0 1024 0 0 0 0 0 0 0 0 0 1022 2 
0 0 592 432 0 0 0 0 0 0 0 0 1024 0 0 0 0 0 0 0 0 0 1024 0 
0 0 793 231 0 0 0 0 0 0 0 0 1024 0 0 0 0 0 0 0 0 0 1024 0 
0 0 924 100 0 0 0 0 0 0 0 0 1024 0 0 0 0 0 0 0 0 0 1024 0 
0 0 1007 17 0 0 0 0 0 0 0 0 1024 0 0 0 0 0 0 0 0 0 1024 0 
0 0 1016 8 0 0 0 0 0 0 0 0 1024 0 0 0 0 0 0 0 0 0 1024 0 
0 0 1023 1 0 0 0 0 0 0 0 0 1024 0 0 0 0 0 0 0 0 0 1024 0 
0 0 1024 0 0 0 0 0 0 0 0 0 1024 0 0 0 0 0 0 0 0 0 1024 0 
384 452 167 21 0 0 0 0 274 509 95 78 68 0 0 0 584 201 61 41 32 50 55 0 
617 367 26 8 4 2 0 0 577 400 34 7 4 2 0 0 867 135 10 6 5 1 0 0 
763 254 7 0 0 0 0 0 744 271 9 0 0 0 0 0 933 91 0 0 0 0 0 0 
742 269 12 1 0 0 0 0 715 290 18 1 0 0 0 0 917 102 5 0 0 0 0 0 
829 176 14 5 0 0 0 0 804 195 19 5 1 0 0 0 888 118 8 5 5 0 0 0 
540 446 36 2 0 0 0 0 516 461 44 3 0 0 0 0 814 200 9 1 0 0 0 0 
164 304 326 225 5 0 0 0 107 278 128 86 424 1 0 0 146 195 81 74 62 98 367 1 
296 548 142 37 1 0 0 0 227 556 165 38 38 0 0 0 568 296 68 35 26 15 16 0 
585 377 49 11 2 0 0 0 556 375 73 11 8 1 0 0 740 221 35 12 10 5 1 0 
198 640 168 14 4 0 0 0 153 616 225 23 7 0 0 0 509 405 77 19 12 2 0 0 
307 537 146 30 4 0 0 0 249 539 167 49 18 2 0 0 563 299 76 38 31 15 2 0 
70 537 315 100 2 0 0 0 48 472 360 75 69 0 0 0 409 385 84 43 41 43 19 0 
392 505 107 12 8 0 0 0 329 522 143 21 7 2 0 0 555 365 70 16 12 4 2 0 
83 94 92 740 15 0 0 0 32 88 66 72 747 19 0 0 5 48 59 59 48 68 581 156 
27 65 66 857 9 0 0 0 5 39 52 56 845 27 0 0 4 20 33 44 34 64 582 243 
34 82 62 839 7 0 0 0 17 58 55 44 829 21 0 0 13 35 49 31 23 44 396 433 
84 192 117 607 24 0 0 0 39 152 127 86 583 37 0 0 17 127 97 79 63 63 290 288 
42 94 122 738 28 0 0 0 22 73 108 97 664 60 0 0 35 63 76 64 59 65 346 316 
253 338 272 107 46 8 0 0 253 333 284 106 41 6 1 0 413 334 153 74 31 13 6 0 
245 354 313 94 16 2 0 0 222 338 326 111 19 8 0 0 435 379 141 28 20 14 7 0 
409 366 204 39 5 1 0 0 397 368 214 36 9 0 0 0 600 330 80 12 2 0 0 0 
351 122 82 425 34 3 2 5 324 128 75 47 415 28 2 5 327 124 60 41 32 49 164 227 
21 81 78 812 32 0 0 0 17 71 76 51 744 65 0 0 32 67 57 42 32 46 226 522 
0 0 0 1024 0 0 0 0 0 0 0 0 957 67 0 0 0 0 0 0 0 0 18 1006 
0 0 0 1024 0 0 0 0 0 0 0 0 925 99 0 0 0 0 0 0 0 0 37 987 
0 0 0 1024 0 0 0 0 0 0 0 0 953 71 0 0 0 0 0 0 0 0 74 950 
10 33 117 587 108 45 23 101 12 17 62 107 544 124 55 103 6 13 26 52 80 113 414 320 
0 3 13 944 24 13 17 10 0 2 5 14 892 74 20 17 0 0 3 5 10 22 181 803 
0 0 30 931 48 12 3 0 0 0 0 29 921 66 8 0 0 0 0 0 2 52 395 575 
0 0 1 806 211 6 0 0 0 0 0 0 877 147 0 0 0 0 0 0 2 163 366 493 
25 35 32 707 200 23 2 0 39 34 33 23 799 93 3 0 34 25 36 20 19 183 501 206 
0 0 1 1023 0 0 0 0 0 0 0 0 1022 2 0 0 0 0 0 0 0 0 452 572 
0 0 0 1024 0 0 0 0 0 0 0 0 1024 0 0 0 0 0 0 0 0 0 547 477 
0 0 5 1019 0 0 0 0 0 0 0 0 1024 0 0 0 0 0 0 0 0 0 802 222 
0 0 60 964 0 0 0 0 0 0 0 0 1024 0 0 0 0 0 0 0 0 0 892 132 
0 0 149 875 0 0 0 0 0 0 0 0 1024 0 0 0 0 0 0 0 0 0 966 58 
0 0 340 684 0 0 0 0 0 0 0 0 1024 0 0 0 0 0 0 0 0 0 1019 5 
0 0 427 597 0 0 0 0 0 0 0 0 1024 0 0 0 0 0 0 0 0 0 1024 0 
0 0 547 477 0 0 0 0 0 0 0 0 1024 0 0 0 0 0 0 0 0 0 1024 0 
0 0 534 489 0 0 0 0 0 0 0 0 1024 0 0 0 0 0 0 0 0 0 1024 0 
481 521 22 0 0 0 0 0 426 559 39 0 0 0 0 0 864 160 0 0 0 0 0 0 
619 356 36 9 4 0 0 0 579 396 35 10 4 0 0 0 879 124 11 7 3 0 0 0 
713 304 7 0 0 0 0 0 680 332 12 0 0 0 0 0 932 92 0 0 0 0 0 0 
843 172 9 0 0 0 0 0 830 186 8 0 0 0 0 0 949 74 1 0 0 0 0 0 
689 313 22 0 0 0 0 0 679 319 26 0 0 0 0 0 894 129 1 0 0 0 0 0 
509 483 31 1 0 0 0 0 463 518 42 1 0 0 0 0 869 151 4 0 0 0 0 0 
421 478 78 45 2 0 0 0 355 507 79 31 51 1 0 0 678 213 34 25 15 21 37 1 
442 483 92 7 0 0 0 0 430 477 103 10 4 0 0 0 753 243 15 5 5 1 2 0 
703 288 33 0 0 0 0 0 682 300 41 1 0 0 0 0 859 158 7 0 0 0 0 0 
558 420 44 2 0 0 0 0 535 426 61 2 0 0 0 0 860 160 3 1 0 0 0 0 
500 484 38 1 1 0 0 0 465 506 51 1 1 0 0 0 829 187 7 0 1 0 0 0 
333 491 190 10 0 0 0 0 341 486 189 8 0 0 0 0 702 305 17 0 0 0 0 0 
578 369 76 1 0 0 0 0 553 384 86 1 0 0 0 0 777 232 15 0 0 0 0 0 
256 373 171 181 39 4 0 0 184 338 222 70 155 55 0 0 207 293 164 86 65 62 138 9 
171 408 166 225 54 0 0 0 93 354 205 106 187 79 0 0 137 293 149 90 78 98 138 41 
145 383 124 328 43 1 0 0 91 346 149 72 250 116 0 0 209 245 86 54 53 59 160 158 
162 468 195 135 56 8 0 0 116 437 244 107 79 41 0 0 236 361 186 93 56 27 63 2 
86 208 201 441 84 3 1 0 67 183 177 158 231 207 1 0 125 170 154 88 64 81 203 139 
216 284 278 199 40 7 0 0 202 263 288 154 74 43 0 0 348 359 132 48 34 31 46 26 
346 382 217 68 9 2 0 0 333 384 224 71 10 2 0 0 597 312 100 13 2 0 0 0 
373 324 235 82 8 2 0 0 371 308 248 86 11 0 0 0 611 283 107 23 0 0 0 0 
344 291 244 99 28 12 4 2 349 290 240 100 30 9 4 2 502 308 133 51 15 9 3 3 
126 261 184 336 99 14 2 2 88 208 214 121 164 223 3 3 71 210 161 115 95 96 153 123 
14 49 56 438 137 49 51 230 4 29 53 50 176 416 60 236 3 18 36 36 46 110 222 553 
0 6 15 675 286 42 0 0 0 1 9 13 137 864 0 0 0 0 0 7 17 266 152 582 
3 10 13 541 379 78 0 0 1 7 11 21 235 749 0 0 0 4 11 9 53 387 133 427 
13 20 37 73 317 220 73 271 7 12 37 30 208 371 81 278 4 7 21 30 71 455 174 262 
16 30 78 180 271 355 49 45 15 14 78 59 230 424 151 53 11 12 71 58 80 319 353 120 
2 0 7 55 414 508 38 0 0 2 3 9 140 741 129 0 0 2 1 6 55 630 318 12 
0 12 9 9 890 91 13 0 8 12 8 2 139 841 14 0 4 7 11 8 1 937 51 5 
282 208 83 206 198 31 12 4 458 114 215 62 53 108 11 3 394 151 242 58 16 128 29 6 
19 82 56 821 41 4 1 0 72 64 55 19 542 272 0 0 72 53 62 14 13 24 113 673 
0 0 0 1024 0 0 0 0 0 0 0 0 703 321 0 0 0 0 0 0 0 0 10 1014 
0 0 0 1024 0 0 0 0 0 0 0 0 885 139 0 0 0 0 0 0 0 0 33 991 
0 0 0 1024 0 0 0 0 0 0 0 0 976 48 0 0 0 0 0 0 0 0 135 889 
0 0 0 1024 0 0 0 0 0 0 0 0 1012 12 0 0 0 0 0 0 0 0 369 655 
0 0 1 1023 0 0 0 0 0 0 0 0 1023 1 0 0 0 0 0 0 0 0 491 533 
0 0 6 1018 0 0 0 0 0 0 0 0 1024 0 0 0 0 0 0 0 0 0 828 196 
0 0 2 1022 0 0 0 0 0 0 0 0 1024 0 0 0 0 0 0 0 0 0 969 55 
0 0 12 1011 0 0 0 0 0 0 0 0 1024 0 0 0 0 0 0 0 0 0 1014 9 
586 422 16 0 0 0 0 0 542 457 25 0 0 0 0 0 889 134 1 0 0 0 0 0 
571 409 40 4 0 0 0 0 552 421 47 4 0 0 0 0 828 181 15 0 0 0 0 0 
787 230 7 0 0 0 0 0 774 236 14 0 0 0 0 0 935 89 0 0 0 0 0 0 
715 279 30 0 0 0 0 0 704 286 34 0 0 0 0 0 904 116 4 0 0 0 0 0 
617 377 30 0 0 0 0 0 574 411 39 0 0 0 0 0 890 133 1 0 0 0 0 0 
567 374 76 7 0 0 0 0 554 373 91 6 0 0 0 0 800 213 9 2 0 0 0 0 
485 373 83 37 23 18 5 0 546 359 72 28 15 4 0 0 749 196 42 26 7 4 0 0 
234 256 72 48 56 284 67 7 269 244 77 289 127 18 0 0 387 140 57 276 142 22 0 0 
440 233 56 56 18 135 85 1 434 246 69 157 103 15 0 0 561 140 26 160 118 19 0 0 
445 410 74 39 23 26 7 0 448 418 81 53 23 1 0 0 685 214 34 54 36 1 0 0 
434 535 50 3 0 1 0 1 420 545 55 2 0 1 0 1 782 228 11 1 0 1 0 1 
407 478 126 10 3 0 0 0 414 474 124 9 3 0 0 0 723 278 19 4 0 0 0 0 
620 303 96 5 0 0 0 0 625 295 100 4 0 0 0 0 797 211 15 1 0 0 0 0 
631 301 74 14 4 0 0 0 627 290 91 8 6 2 0 0 772 198 39 3 5 6 1 0 
287 573 133 21 7 3 0 0 233 569 180 26 10 6 0 0 533 381 58 29 11 9 3 0 
181 478 297 43 19 6 0 0 149 464 320 56 21 12 2 0 450 423 71 29 20 15 11 5 
127 380 348 135 29 5 0 0 149 379 345 123 26 2 0 0 464 410 110 30 10 0 0 0 
300 334 251 115 19 5 0 0 323 332 235 113 17 4 0 0 593 300 106 19 6 0 0 0 
251 356 295 103 18 1 0 0 252 348 299 102 22 1 0 0 555 331 116 20 2 0 0 0 
459 291 171 90 10 2 1 0 442 302 175 92 10 2 1 0 638 246 111 24 4 0 1 0 
302 352 269 81 18 2 0 0 310 353 257 82 20 2 0 0 552 325 114 27 5 1 0 0 
405 347 199 65 6 2 0 0 414 328 212 62 6 2 0 0 627 302 81 10 3 1 0 0 
74 145 148 151 314 129 29 34 78 132 161 141 184 260 35 33 130 154 139 107 98 314 49 33 
2 20 46 107 378 387 59 25 1 18 34 75 267 514 81 34 1 16 29 61 143 498 233 43 
14 11 47 97 370 408 46 31 17 31 48 53 203 574 71 27 13 13 60 40 135 524 198 41 
24 29 42 137 490 184 49 69 26 38 31 63 388 324 85 69 22 30 36 48 196 493 114 85 
6 2 8 64 590 319 31 4 5 2 3 32 223 684 69 6 2 4 2 18 89 739 156 14 
43 62 76 55 366 240 83 99 42 54 72 46 205 356 129 120 21 43 65 61 85 399 208 142 
77 15 20 55 465 386 6 0 74 18 13 30 215 650 24 0 66 24 11 23 117 669 112 2 
95 250 43 71 441 96 28 0 312 71 109 39 42 419 32 0 235 125 134 31 8 430 50 11 
25 55 76 292 173 38 56 309 61 109 321 116 37 32 52 296 62 87 302 148 41 34 48 302 
136 211 110 434 121 11 1 0 296 155 135 55 40 343 0 0 287 144 137 71 25 18 84 258 
0 0 0 1024 0 0 0 0 0 0 0 0 0 1024 0 0 0 0 0 0 0 0 0 1024 
0 0 0 1024 0 0 0 0 0 0 0 0 15 1009 0 0 0 0 0 0 0 0 0 1024 
0 0 0 1024 0 0 0 0 0 0 0 0 81 943 0 0 0 0 0 0 0 0 0 1024 
0 0 0 1024 0 0 0 0 0 0 0 0 237 787 0 0 0 0 0 0 0 0 3 1021 
0 0 0 1024 0 0 0 0 0 0 0 0 416 608 0 0 0 0 0 0 0 0 10 1014 
0 0 0 1024 0 0 0 0 0 0 0 0 678 346 0 0 0 0 0 0 0 0 52 972 
0 0 0 1024 0 0 0 0 0 0 0 0 794 230 0 0 0 0 0 0 0 0 116 908 
0 0 0 1024 0 0 0 0 0 0 0 0 838 185 0 0 0 0 0 0 0 0 320 704 
696 323 5 0 0 0 0 0 649 366 9 0 0 0 0 0 931 92 1 0 0 0 0 0 
674 327 23 0 0 0 0 0 641 354 29 0 0 0 0 0 878 141 5 0 0 0 0 0 
747 253 24 0 0 0 0 0 715 281 28 0 0 0 0 0 916 106 2 0 0 0 0 0 
628 338 54 4 0 0 0 0 612 350 58 4 0 0 0 0 836 175 12 1 0 0 0 0 
530 455 39 0 0 0 0 0 491 483 50 0 0 0 0 0 860 164 0 0 0 0 0 0 
443 443 108 20 8 2 0 0 447 447 111 11 7 1 0 0 725 262 23 9 5 0 0 0 
282 304 96 64 219 36 6 17 546 139 191 112 12 5 2 17 580 120 164 125 10 5 3 17 
11 53 49 80 298 259 109 165 58 37 251 325 117 50 29 157 56 41 290 294 106 51 26 160 
0 1 0 7 40 636 323 17 1 3 49 591 327 48 5 0 1 3 19 559 368 68 6 0 
0 1 5 7 9 455 534 13 2 6 15 447 514 40 0 0 2 5 19 461 494 43 0 0 
31 63 45 65 183 328 300 9 90 49 67 380 339 88 8 3 100 38 82 385 280 128 7 4 
192 218 104 116 97 214 81 2 313 154 147 252 152 4 1 1 333 152 134 236 163 4 0 2 
389 161 87 69 58 165 95 0 451 147 88 138 191 9 0 0 499 119 59 144 193 10 0 0 
560 97 29 44 49 166 78 1 587 83 54 100 180 19 1 0 615 53 49 94 192 19 2 0 
408 367 106 12 32 80 19 0 405 351 126 27 108 7 0 0 635 235 16 16 108 14 0 0 
82 434 395 89 18 6 0 0 107 422 396 82 15 2 0 0 461 470 74 10 5 4 0 0 
144 326 381 139 23 11 0 0 160 308 387 134 24 11 0 0 445 415 122 22 12 8 0 0 
311 261 260 137 34 14 7 0 346 255 243 124 38 10 8 0 524 301 141 29 16 7 6 0 
368 330 221 88 17 0 0 0 364 321 228 90 21 0 0 0 620 282 109 13 0 0 0 0 
245 283 270 154 55 10 7 0 268 278 273 152 37 13 3 0 498 316 139 41 22 5 3 0 
201 277 311 206 24 4 1 0 214 269 312 205 22 2 0 0 463 362 178 17 4 0 0 0 
328 320 241 106 22 4 1 2 327 313 242 114 22 4 0 2 544 308 132 31 4 3 1 1 
195 235 273 99 75 111 23 13 212 238 260 89 64 117 30 14 360 302 110 40 45 111 43 13 
239 74 81 120 340 143 26 1 263 57 80 96 177 300 47 4 277 62 78 77 119 318 77 16 
248 115 59 111 330 127 26 8 291 74 61 94 279 167 49 9 293 59 64 89 84 332 83 20 
257 143 62 106 224 146 57 29 304 106 64 149 133 181 61 26 302 102 86 125 82 201 79 47 
280 184 68 88 191 156 31 26 360 111 75 194 86 125 46 27 349 117 118 154 61 110 72 43 
46 108 146 124 412 180 8 0 32 161 132 81 245 364 9 0 10 129 153 83 103 519 25 2 
113 68 6 8 337 466 26 0 172 11 5 5 66 735 30 0 110 66 9 4 23 656 138 18 
69 178 40 277 431 16 5 8 235 140 517 102 2 15 6 7 198 247 495 54 1 10 11 8 
3 8 17 262 598 80 10 46 7 29 450 447 29 9 12 41 7 76 578 278 18 14 15 38 
50 215 80 383 283 13 0 0 258 202 480 60 7 17 0 0 259 245 449 45 5 4 13 4 
2 23 51 817 130 1 0 0 25 46 29 8 11 905 0 0 24 42 30 7 8 9 55 849 
0 0 0 991 33 0 0 0 0 0 0 0 0 1024 0 0 0 0 0 0 0 0 0 1024 
0 0 0 1023 1 0 0 0 0 0 0 0 0 1024 0 0 0 0 0 0 0 0 0 1024 
0 0 0 1024 0 0 0 0 0 0 0 0 0 1024 0 0 0 0 0 0 0 0 0 1024 
0 0 0 1024 0 0 0 0 0 0 0 0 0 1024 0 0 0 0 0 0 0 0 0 1024 
0 0 0 1024 0 0 0 0 0 0 0 0 7 1017 0 0 0 0 0 0 0 0 0 1024 
0 0 0 1024 0 0 0 0 0 0 0 0 12 1012 0 0 0 0 0 0 0 0 0 1024 
0 0 0 1024 0 0 0 0 0 0 0 0 19 1004 0 0 0 0 0 0 0 0 0 1024 
459 510 54 1 0 0 0 0 412 535 76 1 0 0 0 0 836 184 4 0 0 0 0 0 
506 485 30 3 0 0 0 0 472 510 39 3 0 0 0 0 871 145 8 0 0 0 0 0 
705 278 33 8 0 0 0 0 695 289 34 6 0 0 0 0 904 107 12 1 0 0 0 0 
733 254 31 1 1 1 1 2 727 258 34 1 0 1 1 2 899 112 8 1 1 0 3 0 
366 408 86 12 9 27 48 68 366 413 86 9 10 30 53 57 699 158 14 9 24 42 76 2 
343 354 117 92 71 8 25 14 481 302 146 44 10 4 26 11 647 176 123 32 8 24 14 0 
80 73 15 56 600 161 5 34 158 21 369 373 63 5 6 29 155 26 509 245 48 6 5 30 
7 9 23 100 460 252 25 148 12 14 148 471 199 24 14 142 12 14 224 500 105 15 10 144 
1 47 30 51 325 427 140 3 55 34 166 331 310 110 18 0 59 36 246 288 228 131 36 0 
23 17 20 11 40 609 304 0 39 20 13 134 450 338 30 0 37 18 15 125 389 377 63 0 
0 1 0 1 116 597 290 19 0 1 0 177 442 367 33 4 0 1 0 143 379 441 56 4 
37 54 74 182 160 306 114 97 38 73 165 250 260 124 37 77 31 54 197 182 275 159 46 80 
58 126 50 212 137 172 156 113 120 96 288 256 70 71 51 72 118 121 292 233 74 75 45 66 
78 169 89 228 213 129 60 58 216 100 307 169 96 57 39 40 218 141 296 142 95 65 34 33 
63 170 149 155 134 185 78 90 206 115 202 181 160 49 32 79 210 108 213 173 160 49 30 81 
62 142 80 152 241 227 74 46 188 83 159 260 230 45 23 36 200 91 217 198 208 60 28 22 
193 306 237 100 57 55 25 51 241 293 226 99 78 19 21 47 410 283 105 68 77 15 19 47 
277 295 285 119 36 11 1 0 293 300 274 118 29 10 0 0 501 326 133 42 18 4 0 0 
290 305 293 117 17 2 0 0 310 298 281 118 16 1 0 0 532 355 118 18 1 0 0 0 
471 257 224 66 5 1 0 0 471 263 223 61 5 1 0 0 671 279 68 6 0 0 0 0 
617 238 116 38 11 1 1 2 615 239 121 33 13 0 1 2 751 186 64 17 3 1 1 1 
608 223 154 29 7 3 0 0 608 223 144 37 9 3 0 0 724 226 55 14 3 2 0 0 
413 289 211 57 13 29 9 3 422 281 214 64 27 11 4 1 618 280 70 29 20 5 2 0 
212 188 114 111 157 106 42 94 255 157 117 122 119 125 42 87 302 168 105 104 85 131 44 85 
24 72 32 60 294 300 95 147 39 61 33 79 260 355 62 135 36 68 36 97 218 367 69 133 
46 70 8 85 333 368 50 64 65 52 8 95 250 443 49 62 52 65 9 81 222 451 79 65 
78 24 41 121 420 288 21 31 83 18 34 140 217 464 34 34 77 22 33 127 184 481 62 38 
27 17 43 112 550 220 52 3 32 12 36 98 310 452 79 5 26 12 30 84 155 610 80 27 
189 246 30 155 349 40 15 0 417 106 293 47 54 88 19 0 327 224 283 21 16 117 30 6 
0 3 20 266 718 13 1 3 5 191 778 38 7 2 3 0 10 246 739 18 7 1 3 0 
2 15 74 182 257 54 77 363 6 57 281 156 52 47 85 340 6 60 266 164 55 49 94 330 
4 15 20 405 379 32 20 149 15 115 587 121 15 12 17 142 17 166 537 118 12 12 18 144 
102 155 86 160 505 13 2 1 236 113 150 24 17 482 2 0 236 123 140 18 19 11 57 420 
0 0 0 145 879 0 0 0 0 0 0 0 0 1024 0 0 0 0 0 0 0 0 0 1024 
0 0 0 296 728 0 0 0 0 0 0 0 0 1024 0 0 0 0 0 0 0 0 0 1024 
0 0 0 552 472 0 0 0 0 0 0 0 0 1024 0 0 0 0 0 0 0 0 0 1024 
0 0 0 731 293 0 0 0 0 0 0 0 0 1024 0 0 0 0 0 0 0 0 0 1024 
0 0 0 854 170 0 0 0 0 0 0 0 0 1024 0 0 0 0 0 0 0 0 0 1024 
0 0 0 970 54 0 0 0 0 0 0 0 0 1024 0 0 0 0 0 0 0 0 0 1024 
0 0 0 976 48 0 0 0 0 0 0 0 0 1024 0 0 0 0 0 0 0 0 0 1024 
616 379 29 0 0 0 0 0 578 399 47 0 0 0 0 0 878 146 0 0 0 0 0 0 
456 500 67 1 0 0 0 0 422 505 96 1 0 0 0 0 795 225 4 0 0 0 0 0 
596 393 32 3 0 0 0 0 584 405 32 3 0 0 0 0 892 127 5 0 0 0 0 0 
597 239 53 7 9 11 53 55 613 237 42 6 10 11 62 43 741 137 16 6 13 40 48 23 
0 2 6 6 15 53 457 485 0 4 5 6 16 60 587 346 0 8 2 17 42 354 591 10 
112 84 67 118 229 71 182 161 182 85 178 163 38 64 202 112 190 93 226 113 51 191 142 18 
1 8 16 78 663 168 21 69 9 19 413 429 62 15 29 48 12 22 537 327 39 19 23 45 
6 5 13 82 714 146 13 45 6 7 168 687 86 15 14 41 2 13 325 565 46 19 15 39 
10 18 18 74 553 285 31 35 19 14 238 505 193 14 9 32 19 19 366 470 101 8 7 34 
503 81 83 327 30 0 0 0 593 336 92 3 0 0 0 0 593 349 81 1 0 0 0 0 
595 89 70 184 21 30 34 1 672 232 36 19 24 41 0 0 670 235 36 15 23 45 0 0 
564 96 77 67 39 123 49 9 640 85 51 70 113 59 4 2 637 87 52 49 101 83 13 2 
450 88 62 25 13 170 191 25 528 70 23 255 104 36 8 0 519 73 27 245 112 39 9 0 
304 77 49 34 21 236 250 53 388 53 33 222 215 95 17 1 382 54 35 215 208 106 21 3 
163 80 55 29 21 322 275 79 248 58 32 359 217 90 20 0 241 58 43 337 227 94 24 0 
33 50 76 85 110 334 263 73 74 68 86 358 244 134 41 19 85 88 97 319 230 144 46 15 
40 94 138 116 188 291 75 82 49 91 146 119 121 332 77 89 82 154 95 77 100 326 96 94 
380 274 153 97 86 30 3 1 389 261 153 89 78 45 7 2 514 222 104 53 59 57 13 2 
637 197 118 44 18 6 3 1 640 194 118 42 18 8 3 1 725 185 57 32 15 8 1 1 
627 204 127 58 8 0 0 0 624 197 137 57 9 0 0 0 742 179 84 14 5 0 0 0 
448 275 214 73 12 1 1 0 435 269 215 89 13 2 1 0 631 260 113 15 4 0 1 0 
486 192 205 119 19 2 1 0 481 187 197 134 21 3 1 0 650 225 123 20 5 1 0 0 
424 292 215 71 18 3 1 0 423 281 225 72 19 3 1 0 582 295 107 25 12 3 0 0 
288 194 261 153 111 15 2 0 309 194 271 169 58 21 2 0 430 282 187 61 32 30 2 0 
380 62 58 112 266 92 41 13 423 41 143 158 108 87 46 18 430 57 175 104 95 91 37 35 
402 30 33 56 362 93 30 18 430 20 278 69 74 87 43 23 428 21 302 38 71 81 50 33 
422 27 21 31 436 72 15 0 442 19 396 86 7 34 38 2 438 23 434 44 11 12 59 3 
391 46 13 38 479 48 8 1 440 25 370 163 21 5 0 0 438 27 461 80 15 3 0 0 
9 47 11 318 596 38 5 0 56 144 716 96 9 3 0 0 56 258 657 48 5 0 0 0 
6 32 15 218 645 71 21 16 39 153 621 124 52 15 15 5 42 211 603 97 40 20 6 5 
222 102 80 204 243 89 36 48 301 103 205 226 95 34 41 19 299 107 208 238 79 40 37 16 
76 105 136 296 273 54 19 65 138 155 306 248 83 16 19 59 134 158 303 252 82 16 17 62 
30 237 77 353 311 16 0 0 257 193 446 48 8 70 2 0 250 210 427 54 6 7 16 54 
1 12 10 14 974 13 0 0 3 7 16 11 4 899 84 0 3 5 18 8 5 4 7 974 
0 0 0 0 1024 0 0 0 0 0 0 0 0 1014 10 0 0 0 0 0 0 0 0 1024 
0 0 0 0 1024 0 0 0 0 0 0 0 0 1024 0 0 0 0 0 0 0 0 0 1024 
0 0 0 1 1023 0 0 0 0 0 0 0 0 1024 0 0 0 0 0 0 0 0 0 1024 
0 0 0 16 1008 0 0 0 0 0 0 0 0 1024 0 0 0 0 0 0 0 0 0 1024 
0 0 0 71 953 0 0 0 0 0 0 0 0 1024 0 0 0 0 0 0 0 0 0 1024 
0 0 0 64 960 0 0 0 0 0 0 0 0 1024 0 0 0 0 0 0 0 0 0 1024 
380 115 65 88 247 123 6 0 392 127 76 177 218 34 0 0 447 76 73 144 237 46 1 0 
503 99 48 189 152 31 2 0 516 117 141 162 60 28 0 0 556 84 136 147 70 29 2 0 
745 168 24 52 33 2 0 0 747 163 41 45 26 2 0 0 832 101 26 37 27 1 0 0 
495 435 77 14 3 0 0 0 488 433 86 14 3 0 0 0 822 180 18 3 1 0 0 0 
19 87 64 30 29 32 251 512 32 108 56 28 11 40 398 351 81 81 37 29 25 188 539 44 
136 91 32 32 68 70 140 455 209 35 35 49 42 65 213 376 212 36 38 61 56 153 458 10 
7 20 57 120 245 116 104 355 15 48 98 238 107 83 109 326 13 51 112 235 100 87 117 309 
18 16 16 62 478 125 66 243 26 9 52 501 86 48 71 231 19 14 90 467 80 49 68 237 
3 13 31 90 576 168 50 93 3 36 134 527 156 31 52 85 7 42 191 523 98 31 47 85 
0 1 46 828 148 1 0 0 22 583 413 6 0 0 0 0 29 672 320 3 0 0 0 0 
0 0 2 805 217 0 0 0 0 685 328 11 0 0 0 0 0 782 235 7 0 0 0 0 
27 22 106 596 152 21 31 69 27 523 313 31 19 19 37 55 28 535 286 43 18 20 34 60 
57 77 157 236 197 31 32 237 101 225 325 60 18 28 33 234 102 244 278 86 19 28 29 238 
222 64 13 308 417 0 0 0 291 328 405 0 0 0 0 0 289 454 281 0 0 0 0 0 
307 129 88 157 97 31 24 191 356 119 169 108 29 30 28 185 347 152 141 109 32 31 25 187 
247 191 200 299 83 4 0 0 313 218 348 127 17 1 0 0 448 376 173 24 3 0 0 0 
103 311 383 195 29 2 1 0 121 318 372 186 24 2 1 0 437 408 152 22 3 1 1 0 
247 302 348 115 12 0 0 0 253 287 335 136 13 0 0 0 528 394 95 7 0 0 0 0 
265 281 323 122 30 3 0 0 277 276 303 137 29 2 0 0 526 331 141 22 2 2 0 0 
280 326 263 121 23 7 4 0 277 322 267 123 27 7 1 0 527 319 129 36 9 3 1 0 
286 282 271 153 28 3 1 0 287 275 280 154 26 2 0 0 530 318 146 27 2 1 0 0 
203 279 320 177 42 3 0 0 192 282 318 189 40 3 0 0 461 353 177 32 0 1 0 0 
165 237 321 227 71 2 1 0 173 247 307 232 63 2 0 0 405 353 207 58 1 0 0 0 
52 197 320 250 160 28 8 9 85 215 379 288 28 16 4 9 294 348 314 37 13 7 2 9 
50 170 190 153 117 52 59 233 76 210 208 171 42 50 49 218 156 252 198 78 33 47 53 207 
36 64 43 57 554 170 41 59 44 91 304 424 53 41 17 50 47 83 444 299 44 38 16 53 
0 0 0 21 619 335 47 2 0 0 212 558 217 37 0 0 0 0 433 437 138 16 0 0 
0 0 6 79 545 300 88 6 0 17 254 481 205 65 1 1 0 28 397 392 166 39 2 0 
0 0 5 314 615 85 5 0 0 123 643 217 37 4 0 0 0 227 665 126 5 1 0 0 
2 37 45 204 329 49 53 305 29 61 387 112 54 38 47 296 34 68 350 132 58 40 46 296 
319 231 189 128 55 23 14 65 471 105 225 107 21 21 16 58 418 144 236 109 24 18 13 62 
509 209 157 89 14 19 3 24 634 105 168 62 16 10 7 22 573 162 141 95 14 11 6 22 
43 26 23 362 478 73 7 12 69 102 646 105 24 16 52 10 66 145 627 80 20 15 22 49 
37 41 27 24 868 26 1 0 55 27 26 14 11 44 847 0 48 25 29 15 8 10 15 874 
0 0 0 0 1024 0 0 0 0 0 0 0 0 151 873 0 0 0 0 0 0 0 0 1024 
0 0 0 0 1024 0 0 0 0 0 0 0 0 303 721 0 0 0 0 0 0 0 0 1024 
0 0 0 0 1024 0 0 0 0 0 0 0 0 489 535 0 0 0 0 0 0 0 0 1024 
0 0 0 0 1024 0 0 0 0 0 0 0 0 663 361 0 0 0 0 0 0 0 0 1024 
0 0 0 0 1024 0 0 0 0 0 0 0 0 791 233 0 0 0 0 0 0 0 0 1024 
0 0 0 0 1024 0 0 0 0 0 0 0 0 854 169 0 0 0 0 0 0 0 0 1024 
461 290 172 86 14 1 0 0 540 344 113 26 1 0 0 0 612 275 136 1 0 0 0 0 
820 74 65 39 26 0 0 0 875 73 48 28 0 0 0 0 918 67 38 1 0 0 0 0 
879 86 34 18 4 3 0 0 893 83 29 15 3 1 0 0 905 83 22 12 1 1 0 0 
425 353 92 73 81 0 0 0 575 279 127 39 4 0 0 0 725 171 103 24 1 0 0 0 
24 126 38 120 99 48 89 480 156 51 124 85 24 27 193 364 140 86 116 79 33 113 416 41 
74 77 8 12 16 32 126 679 140 12 11 13 13 34 217 584 148 9 10 16 33 147 652 9 
0 17 25 47 298 166 49 422 18 24 56 296 135 53 118 324 204 116 181 262 95 54 46 66 
0 0 3 32 252 82 32 623 0 1 67 238 53 24 104 537 203 117 153 225 66 42 49 169 
4 2 6 29 181 106 92 604 7 4 30 155 78 62 100 588 9 2 43 167 39 67 97 600 
1 3 41 192 94 60 159 474 17 105 129 34 67 91 159 422 15 121 101 40 86 76 148 437 
0 0 27 268 144 53 154 378 6 162 172 50 58 112 120 344 27 237 152 37 63 72 105 331 
6 9 15 230 169 20 101 474 11 166 218 34 20 511 52 12 462 272 184 42 31 8 13 12 
0 18 25 272 327 29 68 285 18 149 422 48 33 247 46 61 226 344 297 44 22 11 20 60 
0 0 1 463 558 2 0 0 0 329 665 30 0 0 0 0 0 519 491 14 0 0 0 0 
10 27 61 355 299 68 45 159 32 135 500 71 34 62 40 150 29 238 415 55 32 64 40 151 
52 88 208 450 210 16 0 0 79 230 513 185 17 0 0 0 208 503 274 39 0 0 0 0 
108 316 358 198 32 12 0 0 151 324 373 149 25 2 0 0 452 383 162 20 7 0 0 0 
218 294 334 159 17 2 0 0 228 293 315 164 23 1 0 0 491 371 139 21 2 0 0 0 
319 337 240 97 24 7 0 0 352 329 237 83 20 3 0 0 582 309 102 27 3 1 0 0 
428 289 184 90 22 4 6 1 444 277 183 85 24 4 6 1 619 249 113 29 6 5 2 1 
747 166 77 20 10 4 0 0 767 153 72 25 6 1 0 0 833 130 39 16 6 0 0 0 
236 320 316 124 24 4 0 0 258 315 299 124 24 4 0 0 511 362 126 21 4 0 0 0 
409 249 230 111 25 0 0 0 415 248 216 122 21 2 0 0 625 258 112 28 1 0 0 0 
594 239 125 55 9 2 0 0 610 231 121 52 10 0 0 0 736 207 68 10 3 0 0 0 
95 180 232 247 135 34 14 87 123 197 261 265 65 19 10 84 272 292 246 89 25 9 10 81 
9 29 33 101 460 301 59 32 15 29 186 492 220 46 7 29 23 72 334 411 125 25 6 28 
0 5 15 136 243 266 290 69 2 6 100 337 210 150 170 49 3 12 206 303 172 186 103 39 
1 6 28 85 424 308 145 27 11 32 210 379 219 113 39 21 13 41 278 356 194 97 26 19 
12 14 18 227 707 40 5 1 20 63 718 179 37 6 1 0 20 106 760 105 27 5 1 0 
0 10 17 201 626 28 23 119 9 37 676 134 13 20 17 118 12 60 689 101 5 21 22 114 
3 11 36 162 508 32 48 224 13 38 436 223 27 28 51 208 15 53 451 205 28 28 47 197 
1 31 67 157 301 73 62 332 9 56 338 136 44 60 75 306 11 65 331 151 66 55 50 295 
1 1 14 282 542 119 19 46 2 21 595 216 49 24 77 40 2 66 610 163 38 19 36 90 
0 10 88 112 357 455 2 0 0 5 70 116 49 44 740 0 0 11 84 60 46 31 38 754 
0 22 166 157 482 197 0 0 0 17 150 148 38 31 640 0 11 117 130 61 24 23 16 642 
0 16 54 44 632 278 0 0 0 5 35 55 25 26 878 0 0 2 15 44 30 22 18 893 
1 21 57 45 786 114 0 0 0 8 40 44 38 31 863 0 0 3 38 36 34 20 26 867 
0 2 9 2 903 108 0 0 0 0 3 9 1 8 1003 0 0 0 3 8 1 2 6 1004 
0 0 0 0 1007 17 0 0 0 0 0 0 0 4 1020 0 0 0 0 0 0 0 0 1024 
0 0 0 0 1020 3 0 0 0 0 0 0 0 3 1020 0 0 0 0 0 0 0 0 1024 
280 409 184 104 47 0 0 0 313 462 163 82 4 0 0 0 408 448 144 24 0 0 0 0 
202 327 207 153 111 15 7 2 251 335 262 144 23 6 3 0 373 360 224 51 12 4 0 0 
768 92 82 43 32 5 2 0 822 78 67 44 11 2 0 0 851 70 68 29 4 2 0 0 
156 352 65 33 137 79 185 17 514 68 100 80 11 85 164 2 504 78 119 56 16 111 139 1 
12 8 16 79 136 107 293 373 17 15 87 109 57 119 349 271 17 22 95 111 60 237 465 17 
7 12 8 18 30 61 149 739 10 10 13 16 33 66 235 641 17 8 15 33 60 179 687 25 
29 40 28 40 85 111 428 263 59 27 29 76 75 141 472 145 84 78 62 90 83 326 270 31 
37 52 25 32 63 100 412 303 75 28 25 37 68 150 468 173 77 56 44 54 86 304 346 57 
51 24 14 25 93 119 456 242 60 17 16 37 93 201 507 93 61 18 18 58 104 347 381 37 
50 54 20 28 205 463 188 16 77 37 16 32 300 491 57 14 64 48 20 79 437 349 12 15 
38 72 21 20 109 462 224 78 67 55 14 26 208 516 76 62 76 59 25 49 423 308 21 63 
17 114 87 28 99 364 165 150 112 69 57 20 186 498 70 12 266 89 58 55 379 171 6 0 
22 108 156 126 118 170 128 196 91 116 154 39 111 360 79 74 286 193 112 50 174 101 45 63 
46 68 30 136 418 237 86 3 82 99 326 81 129 228 59 20 91 192 237 92 213 153 28 18 
37 103 46 324 283 174 57 0 81 193 380 80 105 165 20 0 102 265 295 83 162 114 3 0 
91 77 90 327 253 122 55 9 141 195 355 90 114 95 25 9 167 269 279 88 135 67 12 7 
159 269 230 170 100 78 16 2 219 268 234 143 83 68 7 2 390 259 169 73 82 45 5 1 
322 251 231 106 74 19 19 2 361 257 266 77 27 13 9 14 509 269 160 32 23 11 7 13 
405 262 179 105 72 1 0 0 512 204 227 73 8 0 0 0 621 227 158 18 0 0 0 0 
470 245 104 72 88 36 8 1 568 203 139 60 35 15 4 0 607 183 137 53 30 11 3 0 
900 81 18 13 5 6 1 0 932 53 19 10 7 3 0 0 930 58 18 8 7 3 0 0 
490 243 204 73 14 0 0 0 593 204 149 65 13 0 0 0 756 188 67 13 0 0 0 0 
735 129 110 45 5 0 0 0 729 130 112 47 6 0 0 0 815 127 69 13 0 0 0 0 
805 112 63 33 10 1 0 0 811 108 61 33 11 0 0 0 874 100 41 8 1 0 0 0 
391 291 234 88 17 3 0 0 470 243 224 68 17 2 0 0 639 281 83 14 7 0 0 0 
484 181 36 173 129 18 1 2 616 85 277 22 21 0 1 2 616 118 257 13 17 0 1 2 
363 356 27 47 228 3 0 0 556 198 163 107 0 0 0 0 537 216 196 75 0 0 0 0 
118 400 33 60 166 85 109 53 240 291 139 74 44 95 103 38 257 278 158 55 47 110 105 14 
33 11 10 30 74 383 455 28 37 10 9 30 100 438 385 15 37 10 11 33 140 549 235 9 
39 113 52 39 123 354 245 59 120 70 52 63 132 365 194 28 132 64 66 77 137 389 150 9 
39 92 62 80 246 373 105 27 78 96 104 161 158 345 78 4 94 91 114 162 247 294 22 0 
40 72 50 96 288 288 152 38 72 66 237 106 91 304 146 2 76 75 279 90 148 287 69 0 
15 41 24 188 402 257 96 1 29 54 391 147 86 241 75 1 29 70 413 121 94 253 36 8 
17 155 387 265 70 127 3 0 23 176 418 195 59 25 126 2 116 412 208 57 45 28 28 130 
22 284 475 171 47 24 1 0 38 299 445 149 52 22 19 0 253 496 133 52 46 17 15 12 
8 129 291 116 76 400 4 0 5 112 275 115 52 58 403 4 62 241 98 64 46 43 56 414 
5 204 474 154 75 112 0 0 4 143 440 201 67 55 113 1 53 300 226 160 86 49 33 117 
9 184 428 80 72 249 2 0 8 160 405 102 32 33 284 0 69 379 145 60 35 26 24 286 
14 264 254 29 117 345 1 0 4 197 314 29 19 30 431 0 30 358 102 39 17 16 22 440 
35 326 195 35 179 252 0 0 6 259 284 22 16 35 400 0 38 384 99 28 22 16 25 409 
262 247 117 97 71 42 69 119 449 305 163 64 13 12 13 5 412 280 178 114 12 14 12 2 
311 238 128 85 71 43 39 109 480 145 95 89 62 57 86 10 500 147 100 84 106 69 10 8 
291 212 160 211 55 22 15 58 355 162 194 187 40 21 11 54 328 240 232 105 38 14 11 56 
67 51 46 61 34 124 377 264 101 46 50 40 32 167 347 241 97 62 60 21 33 191 345 215 
0 0 0 0 1 128 478 417 0 0 0 0 3 189 537 295 0 0 0 1 25 325 624 49 
4 18 42 27 26 21 59 827 12 11 4 16 25 38 98 820 11 12 6 14 23 55 550 353 
4 7 90 124 87 95 392 225 5 9 10 22 89 186 530 173 9 8 12 22 70 295 336 272 
8 11 16 88 93 145 375 288 12 7 8 30 78 204 483 202 14 5 9 23 91 243 432 207 
9 85 133 170 132 133 199 163 35 95 73 94 123 256 261 87 38 84 78 89 149 198 198 190 
0 4 12 26 151 392 297 142 0 4 25 36 246 458 166 89 0 8 24 47 350 389 124 82 
0 3 13 24 135 376 389 84 0 5 23 38 202 481 251 24 0 6 25 55 277 475 172 14 
54 128 122 104 123 254 204 35 81 137 52 52 213 331 129 29 93 120 54 42 209 368 110 28 
23 125 245 161 115 66 102 187 48 165 238 126 96 73 115 163 37 222 229 99 95 85 105 152 
64 161 97 49 128 268 155 102 93 166 64 61 153 277 103 107 109 155 64 74 221 227 69 105 
7 265 204 83 68 78 155 164 35 273 214 71 58 113 159 101 123 273 168 55 90 156 90 69 
65 125 115 95 147 286 131 60 167 138 80 101 183 256 69 30 205 118 79 109 242 198 52 21 
53 160 156 83 135 130 144 163 157 149 105 108 117 138 183 67 214 147 104 100 139 193 106 21 
99 178 27 42 72 140 175 291 168 101 11 30 42 103 201 368 197 72 12 34 40 138 176 355 
51 419 6 5 5 27 276 235 260 212 8 6 5 67 334 132 313 164 4 5 9 170 331 28 
556 177 35 13 22 50 87 84 606 134 31 12 35 58 78 70 615 126 29 17 38 77 63 59 
600 258 66 42 40 18 0 0 678 200 60 36 39 11 0 0 650 237 58 38 37 4 0 0 
720 250 50 4 0 0 0 0 803 195 26 0 0 0 0 0 853 171 0 0 0 0 0 0 
955 62 6 1 0 0 0 0 965 52 6 1 0 0 0 0 948 67 8 1 0 0 0 0 
659 89 31 41 28 48 99 29 713 48 29 39 28 85 69 13 709 55 30 43 35 102 45 5 
282 158 41 40 50 123 133 197 393 66 47 38 97 101 110 172 413 51 52 61 109 93 80 165 
149 66 8 10 25 118 294 354 192 31 5 14 34 179 277 292 198 26 6 13 22 117 205 437 
38 43 45 36 52 137 324 349 70 46 34 42 44 223 288 277 63 42 37 36 45 133 256 412 
74 103 79 95 185 200 200 88 98 100 80 159 160 174 200 53 73 107 80 155 156 219 191 43 
43 387 126 45 40 152 141 90 11 28 278 281 41 163 124 98 7 10 33 68 97 363 339 107 
4 70 110 72 74 158 183 353 1 10 94 165 66 179 152 357 0 3 27 75 137 246 150 386 
20 193 46 56 95 204 194 216 12 7 49 238 102 224 186 206 12 1 35 44 107 342 251 232 
5 17 4 24 35 252 314 373 13 9 7 27 38 301 252 377 13 9 17 31 74 311 165 404 
8 13 5 16 56 326 385 215 11 26 129 60 82 364 224 128 13 11 33 134 141 397 167 128 
15 107 422 241 29 60 106 44 27 210 578 144 9 19 23 14 128 552 132 119 32 15 23 23 
45 322 377 195 12 3 9 61 50 344 410 141 6 3 9 61 356 489 97 7 3 5 9 58 
42 349 507 102 6 3 0 15 45 378 488 85 10 3 0 15 325 574 78 20 10 2 0 15 
62 338 516 108 0 0 0 0 65 339 515 105 0 0 0 0 290 630 104 0 0 0 0 0 
98 487 431 8 0 0 0 0 116 506 398 4 0 0 0 0 399 601 24 0 0 0 0 0 
41 401 539 37 6 0 0 0 36 396 542 45 5 0 0 0 278 679 61 5 1 0 0 0 
9 473 515 25 0 0 0 0 12 444 534 32 0 0 0 0 179 809 35 0 0 0 0 0 
137 235 332 191 87 20 11 11 163 288 286 184 80 10 6 7 233 369 160 175 62 10 7 8 
133 295 318 142 96 29 7 4 145 369 240 148 94 17 8 3 292 370 140 122 81 10 7 2 
37 202 181 120 335 98 15 36 68 182 182 158 353 37 10 34 127 245 127 290 168 21 12 34 
0 1 3 32 135 190 314 349 0 1 13 48 169 201 265 327 1 3 20 110 131 260 229 270 
1 2 9 12 46 114 316 524 2 5 10 29 42 163 372 401 3 9 13 40 45 248 522 144 
0 3 52 70 69 128 159 543 1 5 18 27 54 156 179 584 1 5 31 19 64 158 353 393 
0 1 150 163 153 157 113 287 0 3 26 32 93 302 224 344 0 3 28 30 78 86 127 672 
1 12 37 78 66 91 100 639 1 18 40 53 51 101 80 680 3 16 41 51 52 67 89 705 
40 33 96 199 80 112 152 312 46 44 63 78 121 130 120 422 49 37 61 60 76 83 153 505 
68 49 51 81 59 63 431 222 90 35 55 83 62 54 488 157 88 35 57 82 64 80 462 156 
35 58 45 61 99 126 382 218 53 54 52 72 99 147 447 100 51 52 52 74 113 242 388 52 
53 116 287 231 159 103 45 30 31 103 118 220 358 123 50 21 22 89 118 167 140 328 139 21 
122 313 105 105 61 78 82 158 242 232 75 55 123 89 84 124 184 329 64 79 80 132 80 76 
50 190 106 111 95 85 96 291 86 198 114 111 76 88 85 266 107 190 126 96 80 89 100 236 
34 15 21 53 78 97 98 628 42 30 52 67 77 73 87 596 38 20 47 73 83 75 90 598 
44 18 55 56 48 85 103 615 46 24 62 53 61 82 110 586 46 14 58 62 58 84 95 607 
30 60 62 132 162 178 139 261 105 118 160 180 125 66 73 197 79 115 182 221 108 60 76 183 
54 93 153 163 139 153 130 139 187 136 151 95 108 70 130 147 187 154 142 87 107 81 119 147 
111 226 179 148 99 71 79 111 237 193 174 116 77 82 80 65 238 189 179 115 80 89 79 55 
182 304 90 65 153 172 34 24 296 218 82 64 242 74 32 16 256 236 103 68 268 49 27 17 
425 173 38 44 238 101 5 0 487 123 29 96 263 22 4 0 446 164 35 148 219 8 4 0 
606 205 74 52 50 19 11 7 646 183 66 61 34 19 10 5 610 224 63 65 33 18 6 5 
610 305 38 23 26 13 4 5 625 294 40 29 19 9 3 5 524 377 56 33 17 9 5 3 
376 201 89 99 81 60 31 87 421 185 96 114 53 49 23 83 397 206 110 102 60 45 34 70 
145 176 132 106 117 141 94 113 174 162 158 129 128 85 74 114 149 174 170 141 125 75 85 105 
75 95 92 87 76 157 94 348 80 114 86 90 92 148 76 338 76 90 105 72 86 85 108 402 
55 84 69 69 91 134 94 428 69 83 72 66 102 136 82 414 56 63 86 70 92 124 84 449 
32 37 43 63 348 357 58 86 37 40 41 59 330 302 131 84 35 40 37 58 244 344 184 82 
61 325 199 67 52 74 88 158 77 221 221 125 46 74 107 153 70 211 89 62 110 162 132 188 
78 307 222 73 69 78 114 83 103 207 178 171 65 77 141 82 78 213 63 59 108 175 176 152 
81 270 180 46 39 57 160 191 93 187 142 135 33 74 140 220 68 188 103 38 48 139 209 231 
75 165 60 37 46 62 237 342 85 160 60 33 38 57 233 358 71 169 64 27 36 59 208 390 
58 150 59 21 55 98 302 281 95 162 246 80 82 78 119 162 89 147 98 211 87 82 144 166 
60 127 53 73 97 122 267 225 76 140 261 159 75 57 114 142 59 151 107 235 135 59 119 159 
60 114 103 167 165 73 90 252 65 144 141 182 113 45 83 251 69 127 130 195 126 35 107 235 
107 228 358 129 38 12 42 110 129 267 344 105 20 12 38 109 256 372 156 57 23 12 58 90 
7 107 469 440 1 0 0 0 12 147 618 247 0 0 0 0 160 698 166 0 0 0 0 0 
33 192 532 267 0 0 0 0 44 181 608 191 0 0 0 0 321 646 57 0 0 0 0 0 
91 340 483 110 0 0 0 0 97 347 506 74 0 0 0 0 353 620 51 0 0 0 0 0 
89 534 380 19 0 0 0 0 70 569 355 28 0 0 0 0 339 614 70 0 0 0 0 0 
16 73 234 449 200 49 3 0 14 71 246 468 184 41 0 0 71 191 267 340 146 9 0 0 
61 69 126 284 241 152 71 20 79 93 161 320 210 111 41 9 111 163 275 212 162 75 22 4 
219 291 120 206 147 19 16 6 243 281 133 243 91 13 18 2 303 342 247 91 20 4 12 5 
70 108 69 246 264 142 55 70 105 80 82 287 260 85 94 31 116 212 213 145 167 55 105 11 
15 53 38 99 346 167 114 192 26 65 25 166 345 128 112 157 38 65 158 266 160 111 127 99 
0 30 105 134 72 67 222 394 4 65 130 103 48 92 267 315 22 86 176 57 37 152 318 176 
10 68 101 37 49 53 282 424 24 102 61 35 47 77 383 295 40 112 55 31 47 180 383 176 
12 62 83 27 27 62 312 439 24 81 59 23 26 95 368 348 38 87 43 23 43 163 409 218 
4 63 168 43 34 115 270 327 14 92 152 23 40 125 320 258 32 132 101 27 61 171 373 127 
0 95 268 27 64 218 289 63 1 154 213 27 80 243 266 40 5 226 141 34 122 281 190 25 
6 155 192 39 97 234 259 42 21 204 142 31 128 232 236 30 22 254 88 58 177 240 171 14 
11 146 198 22 93 267 238 49 22 217 122 23 131 268 209 32 31 258 78 33 211 250 137 26 
2 114 212 20 89 228 240 119 21 192 121 21 121 246 213 89 34 242 59 52 182 236 180 39 
14 150 175 64 144 202 191 84 27 236 91 69 165 216 167 53 46 254 70 83 195 207 146 23 
0 47 235 60 101 204 267 110 11 184 113 51 122 241 237 65 25 226 68 65 159 277 184 20 
43 149 140 41 77 198 286 90 96 180 73 46 85 273 219 52 129 180 49 65 157 317 117 10 
30 51 48 94 120 179 387 115 48 48 74 108 113 292 284 57 53 53 97 119 173 382 122 25 
516 208 71 57 46 58 43 25 591 149 67 60 46 60 43 8 612 144 72 59 56 54 24 3 
210 457 169 70 49 25 20 24 280 420 152 63 45 27 15 22 305 414 137 67 40 22 20 19 
73 424 92 37 276 107 9 6 136 387 75 52 331 30 7 6 143 379 81 100 288 21 7 5 
143 337 27 75 272 159 8 3 219 264 34 139 301 63 2 2 230 257 44 198 264 28 1 2 
130 279 65 52 73 119 227 79 177 246 63 51 78 151 197 61 204 234 53 65 103 186 146 33 
131 281 53 40 80 262 138 39 265 155 59 39 160 261 68 17 293 132 58 62 228 193 53 5 
67 218 21 21 75 284 247 91 207 94 11 35 188 272 154 63 244 61 12 59 268 216 121 43 
93 186 5 13 88 327 298 14 259 25 9 91 359 253 25 3 261 25 27 241 356 103 11 0 
90 135 18 22 161 435 150 13 186 48 18 49 314 364 42 3 184 53 19 74 411 256 26 1 
118 104 8 18 161 398 151 66 214 13 18 103 374 219 74 9 222 11 24 210 351 172 34 0 
4 3 12 33 360 366 154 92 4 3 17 35 274 397 201 93 6 2 10 58 160 466 232 90 
16 62 11 6 73 303 429 124 16 63 11 14 89 343 386 102 19 64 7 21 109 421 321 62 
127 105 66 466 87 64 56 53 150 123 468 82 49 47 60 45 159 333 285 58 43 48 77 21 
128 120 61 366 83 84 124 58 156 131 365 78 54 82 115 43 176 341 162 71 65 81 97 31 
29 68 32 124 74 133 236 328 32 70 105 77 44 154 213 329 32 76 108 69 48 155 169 367 
88 134 68 429 134 58 95 18 143 130 436 121 29 55 98 12 146 230 442 14 29 76 82 5 
73 132 105 338 138 102 111 25 102 168 310 168 50 113 98 15 106 205 347 95 59 136 63 13 
46 110 45 208 163 231 84 137 66 130 212 101 114 208 75 118 59 142 223 96 138 175 66 125 
135 163 151 130 151 130 137 27 139 148 206 117 101 152 139 22 176 173 204 109 128 119 98 17 
86 306 369 174 10 27 26 26 108 326 399 96 14 10 31 40 438 433 54 10 11 16 30 32 
5 140 506 366 7 0 0 0 4 176 640 204 0 0 0 0 263 709 52 0 0 0 0 0 
21 161 481 357 4 0 0 0 37 175 590 221 1 0 0 0 383 580 61 0 0 0 0 0 
35 291 521 176 0 0 0 0 35 288 566 134 0 0 0 0 454 556 12 0 0 0 0 0 
0 5 186 616 187 27 3 0 0 14 293 559 142 13 3 0 56 395 423 126 20 4 0 0 
0 9 76 480 364 78 17 0 0 19 155 560 231 54 5 0 15 161 533 234 70 11 0 0 
0 1 46 383 377 186 28 3 0 6 133 430 334 113 6 2 4 101 401 336 152 26 4 0 
2 3 34 237 377 262 96 13 2 5 67 309 396 180 58 7 3 57 275 335 230 90 34 0 
0 2 13 165 359 261 176 48 0 3 38 269 333 239 114 28 1 20 228 285 242 182 61 5 
0 2 34 156 229 303 223 77 0 6 58 209 268 268 184 31 4 55 162 217 266 207 111 2 
0 2 26 160 201 310 269 56 0 6 45 203 224 317 204 25 5 58 168 143 275 277 94 4 
0 0 36 137 142 221 276 212 0 4 56 155 157 231 311 110 3 50 114 131 177 247 274 28 
0 0 13 67 144 311 340 149 0 2 30 96 183 360 268 85 2 10 70 150 277 269 238 8 
0 2 16 115 139 390 325 37 0 2 37 147 212 415 188 23 3 36 129 159 312 272 107 6 
0 2 31 96 186 397 262 50 0 2 36 145 263 407 138 33 2 41 115 190 367 195 96 18 
0 1 17 108 210 349 290 49 0 4 21 187 257 354 170 31 4 35 175 169 286 251 97 7 
0 0 17 98 263 308 247 91 0 0 23 196 310 284 164 47 3 35 167 246 245 190 131 7 
0 3 9 83 323 389 166 51 0 5 14 200 374 297 109 25 2 9 160 322 294 155 79 3 
0 1 1 56 325 335 231 75 0 2 9 176 354 281 173 29 2 14 135 285 285 200 102 1 
0 0 9 44 191 396 321 63 0 4 12 89 308 395 209 7 0 9 65 224 378 248 100 0 
146 85 39 38 115 288 200 113 147 100 28 67 200 263 149 70 155 89 71 136 278 149 121 25 
195 47 20 62 156 247 250 47 221 26 30 106 199 258 161 23 231 29 98 148 259 174 80 5 
20 61 49 89 214 340 220 31 34 62 65 136 282 358 76 11 44 83 156 264 330 123 18 6 
36 54 33 83 298 354 156 10 50 50 45 152 397 268 59 3 67 78 140 325 320 88 6 0 
27 45 24 79 240 366 207 36 39 38 35 132 351 312 112 5 49 51 121 252 366 153 30 2 
4 9 20 57 148 554 221 11 5 15 50 74 324 477 79 0 13 31 77 213 453 230 7 0 
28 34 27 48 234 486 155 12 39 31 45 104 343 404 53 5 47 42 75 202 417 218 21 2 
0 0 0 8 196 579 235 6 0 0 0 52 390 501 81 0 0 0 5 140 485 371 23 0 
4 4 3 32 333 522 126 0 7 3 13 155 568 265 13 0 8 3 21 312 548 127 5 0 
23 15 21 69 324 418 137 17 38 18 58 209 479 177 44 1 41 28 79 344 387 120 25 0 
10 9 7 47 371 459 116 5 17 7 15 197 525 242 21 0 19 8 49 314 492 132 10 0 
43 69 48 96 228 231 151 158 64 50 58 100 267 196 122 167 58 59 57 112 236 206 113 183 
0 1 4 32 161 318 366 142 0 1 5 36 192 327 346 117 0 1 8 44 205 386 310 70 
74 21 65 184 331 276 22 51 84 44 319 354 149 22 1 51 95 233 410 185 38 12 1 50 
42 22 53 231 370 175 63 68 58 38 319 372 78 56 43 60 69 308 356 117 33 65 21 55 
0 0 9 134 101 401 367 12 0 2 98 55 106 447 308 8 0 12 100 49 139 563 159 2 
0 3 25 581 347 42 16 10 3 21 586 302 80 20 6 6 4 251 522 172 47 17 7 4 
1 12 54 310 225 72 179 171 7 39 296 245 36 65 180 156 15 96 324 156 50 96 157 130 
13 9 22 101 108 357 360 54 15 13 106 64 134 345 307 40 16 18 115 75 172 372 242 14 
49 68 91 136 239 220 189 32 35 96 174 187 110 226 182 14 21 66 221 222 147 213 119 15 
153 353 278 152 62 16 6 4 201 357 300 112 30 17 3 4 47 282 377 185 92 21 13 7 
8 105 250 259 164 171 63 4 23 161 419 275 114 20 9 3 90 264 274 240 129 15 10 2 
81 224 207 210 143 99 46 14 171 224 248 157 116 65 28 15 150 327 192 141 112 63 22 17 
118 243 176 230 118 86 32 19 227 217 121 195 160 44 51 6 160 217 160 147 169 108 44 16 
0 0 37 445 449 90 3 0 0 1 87 501 385 49 1 0 1 84 444 409 84 2 0 0 
0 3 37 394 438 150 2 0 0 5 71 520 359 69 0 0 9 90 456 346 121 2 0 0 
0 0 18 332 491 176 7 0 0 0 50 434 430 110 0 0 0 46 426 410 137 5 0 0 
0 0 9 293 527 181 14 0 0 1 26 413 467 113 4 0 0 28 434 421 132 9 0 0 
0 0 1 182 593 230 18 0 0 0 13 328 529 148 6 0 0 14 311 520 170 9 0 0 
0 0 5 181 568 249 21 0 0 0 12 317 515 173 7 0 0 13 336 481 183 11 0 0 
0 1 13 203 513 264 30 0 0 2 26 321 478 184 13 0 3 26 324 465 186 20 0 0 
0 0 7 135 488 329 64 1 0 0 11 246 487 246 34 0 0 8 242 455 263 49 7 0 
0 0 4 123 415 372 110 0 0 0 13 200 461 329 21 0 0 9 192 420 328 75 0 0 
0 0 1 85 413 382 142 1 0 0 7 176 441 353 47 0 0 3 178 413 352 78 0 0 
0 0 0 58 425 404 135 2 0 0 7 169 489 314 44 1 0 5 167 448 331 71 2 0 
0 0 2 37 444 443 98 0 0 0 6 177 521 293 27 0 0 4 166 462 350 42 0 0 
0 0 0 57 405 448 111 3 0 0 8 150 549 280 37 0 0 9 145 491 313 65 1 0 
0 0 0 95 507 314 106 2 0 0 23 306 415 234 45 1 0 29 312 387 238 57 1 0 
0 0 5 72 525 313 105 4 0 0 19 325 428 208 44 0 0 27 309 405 220 62 1 0 
0 0 0 54 557 287 120 6 0 0 10 295 466 201 50 2 0 13 328 409 192 79 3 0 
0 0 0 70 489 335 125 5 0 0 7 272 449 248 47 1 0 12 267 413 249 80 3 0 
0 0 3 47 538 327 104 5 0 1 8 301 472 210 32 0 2 8 282 432 226 67 7 0 
0 0 2 81 495 353 93 0 0 0 18 318 447 229 12 0 1 20 355 359 232 57 0 0 
0 0 2 87 394 377 161 3 0 0 24 268 404 303 25 0 0 25 262 346 298 93 0 0 
0 0 1 102 397 386 135 3 0 0 7 283 421 277 36 0 0 15 265 339 333 72 0 0 
0 0 6 111 380 380 146 1 0 0 21 222 466 289 26 0 0 30 184 417 318 73 2 0 
0 0 2 53 299 503 166 1 0 0 7 139 466 385 27 0 0 6 121 368 434 95 0 0 
0 0 0 63 414 439 107 1 0 0 3 182 527 278 34 0 0 9 209 435 315 55 1 0 
0 0 3 92 449 378 99 3 0 1 7 240 499 247 30 0 0 15 266 372 308 61 2 0 
0 21 55 148 396 344 58 2 2 22 60 263 488 172 17 0 56 85 251 368 221 41 2 0 
6 14 43 216 416 285 44 0 8 20 80 294 463 157 2 0 31 90 329 359 194 21 0 0 
5 2 43 127 289 310 132 116 7 4 38 135 375 230 117 118 8 15 100 271 220 147 144 119 
3 2 15 59 225 293 263 164 6 12 41 123 247 255 217 123 9 25 85 192 221 228 174 90 
0 1 46 170 401 326 49 31 0 5 68 418 398 89 19 27 9 86 339 408 130 18 9 25 
0 2 44 143 502 183 60 90 0 15 114 434 253 84 46 78 0 59 407 312 101 42 47 56 
0 1 6 170 215 329 289 14 0 1 38 192 214 319 250 10 2 20 177 177 151 339 156 2 
0 0 3 458 426 91 29 17 0 0 176 541 214 50 31 12 0 32 636 252 59 28 15 2 
0 0 10 145 360 228 141 140 0 1 47 215 342 169 125 125 0 7 205 328 182 94 97 111 
0 0 2 43 230 360 319 70 0 0 3 68 284 346 271 52 0 1 84 213 243 278 183 22 
2 3 9 108 285 377 208 32 6 6 43 130 325 343 149 22 7 40 126 264 303 180 100 4 
64 64 73 126 259 366 72 0 66 63 52 165 331 318 29 0 68 99 205 189 352 105 6 0 
5 9 23 41 294 508 138 6 5 8 23 55 371 489 69 4 5 14 48 109 578 239 31 0 
0 0 2 12 241 688 79 2 0 0 3 38 314 639 29 1 0 0 3 71 567 365 18 0 
0 0 0 0 326 640 57 0 0 0 0 0 412 582 28 0 0 0 0 35 585 377 25 0 
1 6 79 353 436 147 2 0 3 11 146 440 363 60 1 0 11 110 365 411 124 3 0 0 
0 13 72 317 436 176 10 0 2 20 121 400 375 103 3 0 14 90 332 406 171 11 0 0 
0 0 56 284 488 185 11 0 0 9 92 423 390 106 4 0 3 65 340 442 160 14 0 0 
0 5 35 359 462 151 12 0 0 7 99 475 357 84 2 0 6 74 397 409 126 12 0 0 
0 2 42 305 477 171 27 0 0 5 88 465 350 107 9 0 2 77 377 412 136 20 0 0 
0 0 24 237 495 226 42 0 0 0 65 372 425 152 10 0 0 41 312 440 199 32 0 0 
0 0 25 205 454 292 47 1 0 3 55 317 453 179 17 0 0 41 261 448 240 33 1 0 
0 4 19 173 460 298 70 0 0 5 45 308 449 192 25 0 4 29 235 453 251 52 0 0 
1 2 18 168 402 334 97 2 2 5 40 266 436 233 42 0 5 24 197 414 310 73 1 0 
0 0 11 143 431 315 123 1 0 0 30 238 447 259 50 0 0 13 175 425 302 107 2 0 
0 1 6 78 422 376 138 3 0 1 11 172 476 294 70 0 1 7 113 426 349 128 0 0 
0 0 4 78 347 396 196 3 0 0 16 155 390 362 100 1 0 10 124 346 375 166 3 0 
0 0 1 61 358 417 180 7 0 0 7 121 452 328 116 0 0 5 96 396 364 159 4 0 
0 0 0 31 276 461 252 4 0 0 5 73 418 389 139 0 0 1 43 299 447 230 4 0 
0 0 1 12 250 488 265 8 0 0 1 51 381 433 158 0 0 1 21 289 451 257 5 0 
0 0 1 18 213 507 270 15 0 0 1 47 350 466 159 1 0 1 21 246 487 253 16 0 
0 0 0 12 249 478 265 20 0 0 1 53 396 389 184 1 0 1 29 322 424 231 17 0 
0 0 0 14 248 495 256 11 0 0 2 52 383 436 150 1 0 1 30 317 446 222 8 0 
0 0 1 9 297 472 220 25 0 0 1 47 455 361 158 2 0 1 30 419 376 184 14 0 
0 0 0 9 316 454 222 23 0 0 0 60 460 354 146 4 0 0 56 399 373 183 13 0 
0 0 0 12 290 493 218 11 0 0 0 58 427 413 125 1 0 0 47 339 451 179 8 0 
0 0 4 46 229 508 226 11 0 0 6 81 367 450 119 1 0 17 62 297 461 180 7 0 
0 0 2 105 265 430 214 8 0 0 6 145 382 383 108 0 0 12 136 303 400 169 4 0 
0 0 20 173 230 438 157 6 0 0 17 202 349 384 72 0 0 51 182 260 400 130 1 0 
0 0 4 155 256 463 145 1 0 0 10 189 345 421 59 0 0 35 215 229 423 121 1 0 
0 0 0 101 293 477 150 3 0 0 3 162 372 426 61 0 0 19 187 263 430 123 2 0 
0 0 7 95 294 515 113 0 0 0 9 144 409 422 40 0 0 47 120 336 433 88 0 0 
0 0 2 107 276 517 120 2 0 0 4 155 373 452 40 0 0 37 143 261 480 101 2 0 
0 0 10 89 304 504 117 0 0 0 19 139 417 414 35 0 2 37 129 311 445 99 1 0 
0 0 5 85 327 528 79 0 0 0 13 138 418 434 21 0 0 30 141 293 495 65 0 0 
0 0 1 60 316 573 74 0 0 0 6 111 445 431 31 0 0 11 120 286 529 77 1 0 
0 0 0 26 331 593 74 0 0 0 1 74 486 445 18 0 0 2 69 335 535 81 2 0 
0 0 0 5 314 652 53 0 0 0 0 27 556 422 19 0 0 0 9 385 569 61 0 0 
0 0 0 9 351 623 41 0 0 0 0 36 569 411 8 0 0 0 12 389 569 54 0 0 
0 0 0 6 339 638 41 0 0 0 0 35 562 417 10 0 0 0 8 328 630 58 0 0 
0 0 0 20 455 534 15 0 0 0 0 54 613 353 4 0 0 0 23 405 556 40 0 0 
0 0 0 51 479 458 36 0 0 0 1 94 582 335 12 0 0 0 46 438 473 66 1 0 
0 0 2 70 511 408 33 0 0 0 4 134 574 307 5 0 0 2 78 442 425 77 0 0 
0 0 2 79 505 412 26 0 0 0 3 136 556 318 11 0 0 2 80 433 450 59 0 0 
0 0 0 96 563 355 9 0 0 0 0 172 614 233 3 0 0 0 112 505 380 25 0 0 
0 9 73 318 450 161 12 1 3 15 139 471 302 88 6 0 9 100 366 381 153 14 1 0 
0 3 53 289 451 216 12 0 0 11 121 381 409 101 1 0 7 66 285 430 220 16 0 0 
0 2 48 287 455 201 30 1 0 9 113 417 357 121 7 0 3 64 308 415 199 35 0 0 
0 0 25 266 459 239 35 0 0 2 83 407 378 144 10 0 0 34 297 417 231 44 1 0 
0 0 28 221 462 279 34 0 0 3 88 326 464 136 7 0 1 62 250 438 239 34 0 0 
0 1 20 197 396 347 63 0 0 2 58 290 423 240 11 0 1 27 223 373 329 71 0 0 
0 1 9 94 435 412 71 2 0 3 28 205 542 231 15 0 1 18 118 443 376 65 3 0 
0 1 16 131 398 389 89 0 0 3 50 262 470 215 24 0 2 20 165 419 338 80 0 0 
0 1 11 111 387 415 99 0 0 2 40 213 447 295 27 0 1 14 132 381 393 103 0 0 
0 0 13 116 327 436 132 0 0 2 25 209 395 353 40 0 0 15 143 315 427 124 0 0 
0 0 12 104 339 419 148 2 0 2 23 206 424 319 50 0 1 13 125 340 409 134 2 0 
0 0 8 94 374 408 137 3 0 0 24 189 440 327 44 0 0 12 125 385 389 111 2 0 
0 0 2 81 302 433 203 3 0 0 11 167 407 360 79 0 0 4 97 304 418 197 4 0 
0 0 0 50 269 516 185 4 0 0 8 118 411 423 64 0 0 4 66 286 506 159 3 0 
0 0 1 30 247 553 192 1 0 0 3 81 425 455 60 0 0 1 51 290 528 153 1 0 
0 0 4 29 273 438 275 5 0 0 9 113 350 440 112 0 0 8 68 288 414 243 3 0 
0 0 2 37 244 447 278 16 0 0 8 87 353 434 139 3 0 2 54 270 442 237 19 0 
0 0 0 13 213 478 310 10 0 0 0 64 325 488 146 1 0 0 34 228 474 281 7 0 
0 0 0 34 234 445 293 18 0 0 0 99 339 417 166 3 0 0 61 265 417 262 19 0 
0 0 3 27 267 455 262 10 0 0 8 86 394 397 138 1 0 4 52 315 429 216 8 0 
0 0 0 42 284 444 236 18 0 0 5 101 393 402 121 2 0 0 71 334 421 187 11 0 
0 0 1 41 306 394 263 19 0 0 6 115 374 379 148 2 0 5 85 333 364 225 12 0 
0 0 1 40 292 408 259 24 0 0 5 104 376 390 146 3 0 3 71 335 398 206 11 0 
0 0 1 36 251 446 273 17 0 0 6 85 346 439 144 4 0 3 59 259 433 256 14 0 
0 0 1 55 282 430 242 14 0 0 2 113 379 407 120 3 0 2 78 314 423 196 11 0 
0 0 1 60 293 446 211 13 0 0 9 121 398 389 107 0 0 8 91 348 407 166 4 0 
0 0 7 80 303 405 214 15 0 1 17 139 374 366 125 2 0 10 107 331 381 182 13 0 
0 0 6 62 272 465 204 15 0 0 15 104 385 418 99 3 0 10 92 320 427 166 9 0 
0 0 5 101 352 391 171 4 0 1 15 160 412 335 100 1 1 15 130 380 350 143 5 0 
0 0 1 50 324 490 151 8 0 0 6 108 433 407 69 1 0 4 87 347 428 151 7 0 
0 0 3 74 325 459 161 2 0 0 12 134 426 376 76 0 0 6 77 369 408 159 5 0 
0 1 5 63 412 456 86 1 0 3 9 141 499 332 39 1 1 8 92 445 384 92 2 0 
0 0 6 71 398 501 48 0 0 1 17 139 492 355 20 0 0 13 100 421 435 55 0 0 
0 1 7 61 479 416 60 0 0 1 12 142 587 253 29 0 1 8 92 520 345 58 0 0 
0 0 4 106 446 426 42 0 0 0 21 184 530 269 20 0 0 12 124 436 402 50 0 0 
0 1 6 76 494 410 37 0 0 2 10 154 577 270 11 0 2 4 84 497 390 47 0 0 
0 0 3 91 604 303 23 0 0 0 11 177 649 176 11 0 0 6 110 561 319 28 0 0 
0 0 8 187 585 229 15 0 0 0 18 314 541 146 5 0 0 12 238 543 213 18 0 0 
0 0 8 157 520 316 23 0 0 1 20 244 515 233 11 0 0 12 158 498 320 36 0 0 
0 0 6 176 534 281 25 0 0 0 9 281 537 182 12 0 0 6 188 521 272 35 0 0 
0 0 104 513 323 77 7 0 0 11 267 482 220 43 1 0 5 198 463 269 79 10 0 0 
2 14 144 391 331 129 13 0 3 31 245 453 199 90 3 0 26 193 419 255 117 14 0 0 
0 8 111 423 329 132 21 0 1 33 213 435 256 82 4 0 19 159 444 272 116 14 0 0 
0 3 82 340 372 201 26 0 0 16 162 422 283 139 2 0 10 109 373 330 176 26 0 0 
0 3 48 291 429 209 44 0 0 8 110 418 333 138 17 0 6 83 358 373 170 34 0 0 
0 2 45 286 425 210 56 0 0 5 124 403 335 139 18 0 5 80 327 370 191 51 0 0 
0 0 29 245 450 244 54 2 0 7 92 427 331 153 14 0 0 60 333 383 202 44 2 0 
0 0 27 260 404 274 59 0 0 3 103 393 349 166 10 0 0 71 320 359 235 39 0 0 
0 4 24 209 434 259 91 3 0 11 77 373 360 172 30 1 8 53 290 385 221 66 1 0 
0 1 22 214 415 282 90 0 0 5 57 376 356 215 15 0 3 41 310 350 246 74 0 0 
0 2 15 181 456 302 66 2 0 5 59 342 421 179 18 0 3 35 292 422 232 40 0 0 
0 0 10 150 448 322 92 2 0 1 43 290 446 224 20 0 1 26 230 421 285 60 1 0 
0 0 14 177 402 287 140 4 0 1 51 322 353 243 54 0 2 28 260 366 245 121 2 0 
0 0 2 114 386 371 144 7 0 0 24 260 401 287 52 0 0 15 203 393 295 115 3 0 
0 0 7 87 397 371 159 3 0 1 19 227 454 270 53 0 1 13 178 395 308 127 2 0 
0 0 9 72 401 401 139 2 0 1 20 218 465 281 39 0 0 16 167 401 345 95 0 0 
0 1 13 82 367 363 191 7 0 5 26 194 420 282 97 0 3 19 142 381 316 159 4 0 
0 0 4 75 386 413 146 0 0 0 13 212 456 303 40 0 0 14 164 396 341 109 0 0 
0 0 2 78 394 436 108 6 0 2 6 190 532 256 38 0 2 9 169 456 311 76 1 0 
0 0 1 73 315 404 220 11 0 0 15 158 383 370 96 2 0 8 108 346 377 179 6 0 
0 0 1 40 325 456 197 5 0 0 4 141 430 366 82 1 0 3 104 375 410 130 2 0 
0 0 2 74 311 359 264 14 0 0 11 175 372 334 131 1 0 9 139 324 327 217 8 0 
0 2 14 78 294 363 260 13 1 2 23 157 336 355 148 2 3 18 106 309 324 245 19 0 
0 0 4 48 231 447 281 13 0 0 14 113 346 425 125 1 0 7 67 251 438 250 11 0 
0 0 9 83 325 391 207 9 0 0 22 179 402 319 102 0 0 12 116 365 343 177 11 0 
0 0 9 117 283 406 190 19 0 0 38 183 348 349 106 0 0 19 152 305 371 163 14 0 
0 0 14 121 297 356 219 17 0 1 38 207 314 348 113 3 1 29 154 267 364 198 11 0 
0 8 44 175 324 290 170 13 3 15 81 236 332 261 94 2 9 56 202 308 287 154 8 0 
24 101 101 189 246 237 122 4 24 122 126 210 262 229 50 1 28 156 206 268 245 117 4 0 
83 271 176 194 165 104 30 1 90 296 190 205 145 80 17 1 62 371 228 219 110 33 1 0 
114 170 127 173 213 180 46 1 105 201 144 194 207 161 12 0 84 258 217 215 204 46 0 0 
2 13 43 166 331 367 102 0 3 14 72 226 382 286 41 0 4 41 171 322 382 104 0 0 
0 9 64 183 341 349 78 0 3 16 115 212 387 264 27 0 4 64 192 348 343 73 0 0 
5 48 67 177 332 319 76 0 7 54 91 244 335 268 25 0 13 85 192 331 316 86 1 0 
0 1 18 176 374 366 87 2 0 3 34 254 395 299 39 0 1 23 199 364 337 98 2 0 
0 0 14 165 380 401 64 0 0 2 30 230 418 321 23 0 0 15 164 356 405 82 2 0 
0 20 133 272 399 189 10 1 2 46 149 364 336 121 6 0 10 94 256 433 212 18 1 0 
73 222 153 221 221 115 19 0 79 230 171 251 191 91 11 0 80 257 236 272 144 35 0 0 
110 176 95 175 269 182 17 0 119 177 109 195 289 125 10 0 91 224 179 258 236 36 0 0 
0 19 134 211 377 275 6 0 0 38 140 275 377 188 3 0 0 64 211 339 374 35 0 0 
0 17 181 332 235 225 34 0 1 39 295 275 220 182 12 0 12 159 324 219 250 59 1 0 
0 24 169 286 240 231 71 3 4 61 208 282 234 192 42 1 17 153 269 239 235 103 8 0 
4 11 151 294 251 215 95 3 5 39 227 285 230 183 55 0 17 146 268 249 216 119 9 0 
1 5 94 294 278 265 85 2 2 22 174 303 260 226 37 0 8 101 275 253 264 118 5 0 
0 4 94 327 357 188 53 1 0 22 162 409 252 157 22 0 10 127 356 285 172 71 3 0 
1 2 66 400 362 144 47 2 1 10 187 485 205 116 20 0 6 119 445 268 127 58 1 0 
0 2 50 282 371 242 74 3 1 12 137 355 324 172 22 1 7 85 325 318 203 81 5 0 
0 2 59 270 346 258 86 3 1 13 138 339 303 206 24 0 9 96 311 290 234 82 2 0 
1 4 53 233 368 245 113 7 3 14 92 357 302 207 49 0 10 64 294 331 215 107 3 0 
1 14 60 241 321 250 127 10 3 27 114 332 266 222 58 2 18 77 292 287 219 120 11 0 
0 6 50 205 290 262 206 5 0 24 125 256 276 256 87 0 12 69 240 276 228 196 3 0 
0 0 31 230 323 286 151 3 0 1 99 293 321 260 50 0 0 79 268 299 248 128 2 0 
0 2 24 228 322 293 150 5 0 5 83 341 305 239 51 0 4 45 278 325 253 115 4 0 
0 10 26 136 399 318 130 5 2 11 63 291 374 247 36 0 12 38 249 364 261 98 2 0 
0 0 10 134 379 271 223 7 0 1 35 268 362 264 93 1 1 16 205 365 235 198 4 0 
0 3 30 113 321 365 191 1 0 5 54 225 364 310 66 0 3 43 185 310 323 158 2 0 
0 17 59 151 330 325 138 4 3 27 95 269 341 244 45 0 12 54 217 313 309 117 2 0 
0 2 34 158 326 334 164 6 0 8 70 244 365 277 59 1 1 55 204 342 306 115 1 0 
0 0 7 120 329 355 205 8 0 0 33 233 381 284 92 1 0 15 184 361 292 169 3 0 
0 0 13 126 352 314 210 9 0 2 44 241 353 302 77 5 2 28 196 344 286 161 5 2 
0 0 6 103 305 382 215 13 0 0 32 192 377 351 71 1 0 16 158 336 375 131 8 0 
0 1 4 106 287 360 257 9 0 1 31 186 338 367 99 2 1 35 164 312 344 163 5 0 
0 0 12 114 343 310 226 19 0 3 29 238 339 300 113 2 4 28 193 315 307 167 10 0 
0 0 7 111 276 358 253 19 0 1 28 207 287 364 133 4 1 18 168 271 353 199 14 0 
0 4 23 144 260 300 257 36 0 9 55 217 291 296 150 6 6 37 170 263 303 212 33 0 
0 7 23 190 302 282 204 16 0 9 57 274 304 241 139 0 9 50 225 306 248 178 8 0 
0 48 105 223 261 247 125 15 3 70 142 248 273 227 61 0 32 115 222 277 239 130 9 0 
74 110 210 250 216 120 43 1 82 139 240 258 195 88 21 1 108 199 307 231 130 48 1 0 
261 305 171 167 79 40 1 0 268 324 191 155 63 23 0 0 277 390 203 104 50 0 0 0 
529 427 59 9 0 0 0 0 512 446 57 9 0 0 0 0 401 559 56 8 0 0 0 0 
889 133 2 0 0 0 0 0 849 174 1 0 0 0 0 0 520 497 7 0 0 0 0 0 
414 163 134 127 107 59 20 0 418 183 146 123 97 47 10 0 297 335 163 108 90 30 1 0 
273 357 169 124 71 28 2 0 283 394 150 122 62 11 2 0 262 454 143 117 42 6 0 0 
638 346 27 6 7 0 0 0 624 365 25 5 5 0 0 0 570 421 24 8 1 0 0 0 
475 196 126 99 81 44 3 0 465 223 131 101 77 27 0 0 396 337 134 112 43 2 0 0 
115 147 165 222 202 150 23 0 121 164 189 228 220 96 6 0 122 250 266 231 131 24 0 0 
3 27 83 248 370 243 48 2 6 38 108 323 346 185 16 2 14 76 246 355 268 62 3 0 
16 158 210 252 194 154 38 2 25 185 226 259 188 125 16 0 61 226 287 235 163 50 2 0 
228 314 172 112 95 80 23 0 224 336 177 116 91 70 10 0 194 441 175 95 86 33 0 0 
528 230 83 89 67 16 9 0 508 265 92 83 51 22 0 0 412 412 89 80 16 12 0 0 
0 6 101 320 337 237 23 0 0 16 183 334 316 165 10 0 3 75 302 320 271 53 0 0 
0 15 139 281 264 270 55 0 1 30 218 280 238 232 25 0 13 107 266 265 264 107 2 0 
0 8 99 251 326 288 52 0 0 25 182 259 303 242 13 0 5 84 235 303 290 107 0 0 
0 2 98 288 285 289 61 1 0 14 163 309 270 246 22 0 2 85 272 277 279 107 2 0 
2 12 84 262 287 282 92 3 2 31 128 315 273 242 33 0 12 75 248 282 262 137 8 0 
1 10 107 307 256 265 78 0 2 30 192 315 236 228 21 0 16 107 305 241 259 95 1 0 
0 0 72 272 295 276 109 0 0 21 158 297 281 242 25 0 2 88 248 292 256 137 1 0 
0 3 63 286 298 253 120 1 0 21 175 289 273 230 36 0 7 77 275 278 248 136 3 0 
1 7 63 253 297 277 124 2 3 15 143 296 253 266 48 0 9 74 263 273 241 160 4 0 
0 2 33 228 328 294 139 0 1 4 98 324 295 255 47 0 3 72 247 288 267 147 0 0 
0 0 46 264 314 232 156 12 0 9 123 332 255 234 70 1 2 76 279 276 221 156 14 0 
0 1 40 305 327 224 127 0 0 3 130 353 274 215 49 0 2 85 347 269 179 142 0 0 
0 8 113 300 273 206 119 5 0 28 200 342 203 205 46 0 17 143 311 248 188 113 4 0 
1 107 223 260 225 120 85 3 6 183 245 267 178 113 32 0 44 246 280 236 133 79 6 0 
17 201 210 242 184 101 64 5 39 228 227 260 156 79 34 1 82 259 243 259 111 64 6 0 
40 353 255 221 99 45 10 1 78 364 253 213 86 25 5 0 134 362 265 181 67 14 1 0 
33 307 376 201 106 1 0 0 60 380 342 178 63 1 0 0 115 410 315 163 21 0 0 0 
0 31 165 256 281 212 74 5 5 66 212 292 266 153 30 0 27 156 274 264 230 71 2 0 
1 3 22 141 354 292 198 13 2 6 56 252 352 255 99 2 8 34 232 320 246 175 9 0 
0 1 31 176 337 301 162 16 0 4 93 292 327 232 76 0 3 52 251 310 259 139 10 0 
0 0 23 193 360 265 174 9 0 3 106 316 301 234 63 1 0 48 263 319 256 133 5 0 
0 1 22 140 367 286 192 16 0 7 56 276 376 215 91 3 4 39 227 340 243 158 13 0 
0 0 21 154 323 275 227 24 0 7 67 264 299 252 132 3 4 41 210 307 240 197 25 0 
1 2 42 167 262 262 258 30 1 8 97 219 270 276 151 2 5 55 200 255 256 224 29 0 
1 3 31 153 308 290 215 23 2 12 67 227 327 263 119 7 11 49 196 316 241 190 21 0 
1 53 130 303 259 176 101 1 7 75 206 310 225 164 37 0 24 164 291 270 179 94 2 0 
26 104 149 226 277 153 85 4 41 127 174 277 242 123 40 0 69 168 294 268 147 78 0 0 
4 26 74 204 332 256 123 5 11 39 119 262 353 173 65 2 24 87 235 328 240 105 5 0 
89 176 172 217 175 123 61 11 104 206 200 225 153 96 37 3 113 278 239 194 116 67 17 0 
233 383 207 151 45 5 0 0 263 385 205 135 35 1 0 0 253 432 216 104 19 0 0 0 
632 339 47 6 0 0 0 0 616 357 47 4 0 0 0 0 360 607 53 4 0 0 0 0 
1020 4 0 0 0 0 0 0 1003 21 0 0 0 0 0 0 675 349 0 0 0 0 0 0 
679 288 53 4 0 0 0 0 674 298 50 2 0 0 0 0 620 361 43 0 0 0 0 0 
186 541 249 46 2 0 0 0 198 544 243 37 2 0 0 0 265 525 199 35 0 0 0 0 
569 378 69 8 0 0 0 0 575 375 67 7 0 0 0 0 481 484 56 3 0 0 0 0 
817 187 20 0 0 0 0 0 781 222 21 0 0 0 0 0 614 383 27 0 0 0 0 0 
371 249 189 117 79 19 0 0 367 271 192 114 69 11 0 0 333 375 165 117 33 1 0 0 
23 67 156 270 288 189 31 0 30 89 200 295 266 133 11 0 51 171 280 289 190 43 0 0 
1 11 97 286 340 246 40 3 1 28 167 333 307 172 16 0 13 111 279 318 243 57 3 0 
0 25 137 400 361 89 9 0 6 44 208 425 281 57 0 0 19 128 393 355 118 9 0 0 
0 20 152 320 260 263 8 1 0 40 237 297 263 184 3 0 11 127 297 235 331 21 2 0 
2 7 155 286 248 295 30 1 2 34 224 271 244 232 17 0 6 125 276 232 301 83 1 0 
0 4 139 296 253 287 45 0 1 28 227 266 263 226 13 0 3 126 281 228 284 100 2 0 
0 9 126 277 270 268 74 0 0 31 198 295 231 242 27 0 7 103 275 268 235 136 0 0 
0 9 158 257 251 280 68 1 2 42 212 273 240 239 16 0 8 137 247 251 255 125 1 0 
0 2 63 244 286 330 98 1 0 12 137 302 254 295 24 0 1 56 226 282 281 176 2 0 
0 2 48 198 381 279 114 2 0 12 101 295 305 271 40 0 4 51 187 370 253 157 2 0 
0 5 55 221 294 321 120 8 0 9 124 302 234 308 43 4 6 47 216 288 272 187 5 3 
0 0 45 248 263 317 143 8 0 1 146 268 233 313 62 1 0 46 234 240 272 217 15 0 
0 4 72 236 321 244 146 1 2 26 157 279 276 232 52 0 5 89 239 294 221 173 3 0 
0 19 169 299 258 187 88 4 2 67 227 311 217 149 51 0 7 150 283 277 186 117 4 0 
7 139 176 292 199 160 49 2 20 168 253 266 179 121 17 0 33 231 315 204 168 72 1 0 
177 263 184 203 106 68 23 0 194 290 210 174 81 64 11 0 173 381 225 136 69 40 0 0 
645 289 86 4 0 0 0 0 631 330 60 3 0 0 0 0 564 411 49 0 0 0 0 0 
573 365 68 18 0 0 0 0 574 376 62 12 0 0 0 0 546 402 66 10 0 0 0 0 
62 554 283 117 8 0 0 0 120 546 263 90 5 0 0 0 185 508 262 67 2 0 0 0 
11 238 317 317 132 9 0 0 30 288 308 301 96 1 0 0 69 333 288 285 49 0 0 0 
5 75 188 252 225 217 60 2 12 128 203 255 228 169 28 1 68 183 246 203 220 99 5 0 
0 5 47 227 306 201 190 48 0 11 110 281 271 188 149 14 8 67 267 269 183 175 55 0 
0 4 22 186 361 234 201 16 0 6 62 276 323 223 132 2 6 42 248 306 203 195 24 0 
0 0 32 176 300 223 265 28 0 5 73 237 287 243 177 2 2 48 204 271 213 265 21 0 
0 0 17 157 332 214 265 39 0 4 53 230 312 238 179 8 2 32 188 311 207 242 42 0 
0 0 16 172 261 261 278 36 0 2 63 239 273 239 200 8 0 38 197 251 234 264 40 0 
0 0 18 165 405 240 158 38 0 5 45 302 355 190 117 10 3 34 276 342 190 154 25 0 
0 7 32 161 348 216 202 58 3 12 71 274 281 213 149 21 12 49 251 268 197 191 55 1 
59 170 245 257 162 96 35 0 72 223 257 251 123 88 10 0 117 306 255 200 101 45 0 0 
720 262 40 2 0 0 0 0 686 301 35 2 0 0 0 0 557 430 35 2 0 0 0 0 
279 238 165 188 100 52 2 0 301 249 194 173 81 26 0 0 285 310 238 124 65 2 0 0 
11 103 228 306 227 114 33 2 24 160 253 313 175 75 24 0 59 269 327 217 118 31 3 0 
281 403 221 87 30 2 0 0 303 426 195 73 26 1 0 0 374 446 149 48 7 0 0 0 
935 87 2 0 0 0 0 0 904 118 2 0 0 0 0 0 775 247 2 0 0 0 0 0 
1020 4 0 0 0 0 0 0 1010 14 0 0 0 0 0 0 866 158 0 0 0 0 0 0 
1013 11 0 0 0 0 0 0 971 53 0 0 0 0 0 0 758 266 0 0 0 0 0 0 
555 336 122 11 0 0 0 0 527 357 129 11 0 0 0 0 460 429 131 4 0 0 0 0 
106 427 302 134 47 8 0 0 134 437 283 123 42 5 0 0 219 436 255 88 25 1 0 0 
432 301 147 88 44 12 0 0 406 340 160 70 43 5 0 0 379 426 145 55 19 0 0 0 
856 126 22 19 1 0 0 0 787 194 23 18 2 0 0 0 648 339 21 15 1 0 0 0 
685 298 27 12 2 0 0 0 641 342 27 13 1 0 0 0 509 471 31 12 1 0 0 0 
107 285 249 203 147 33 0 0 96 325 257 204 121 21 0 0 159 366 230 196 70 3 0 0 
3 70 249 387 256 51 6 0 6 124 249 409 198 35 0 0 48 249 320 316 73 16 0 0 
0 21 288 277 142 277 17 0 0 103 320 213 181 199 7 0 14 252 263 149 263 81 0 0 
0 3 142 401 213 252 10 0 0 24 280 312 199 202 3 0 7 117 376 213 241 67 0 0 
0 28 131 259 238 291 74 0 3 56 177 263 234 234 53 0 28 117 234 227 266 138 10 0 
0 35 138 305 220 252 71 0 0 74 202 273 184 263 24 0 24 113 266 248 220 149 0 0 
0 17 252 295 192 206 46 14 0 74 305 238 184 199 7 14 3 167 323 199 192 120 17 0 
0 7 160 305 152 231 163 3 7 32 334 156 149 273 67 3 10 138 305 124 177 248 17 0 
0 24 71 263 248 245 156 14 0 42 120 316 234 220 85 3 28 78 245 224 227 195 24 0 
3 14 103 163 238 330 152 17 3 21 192 174 213 309 110 0 10 71 188 234 206 234 78 0 
0 0 42 167 359 337 113 3 0 14 92 273 295 305 42 0 0 7 156 323 284 234 17 0 
0 74 231 380 188 131 17 0 3 177 270 298 199 71 3 0 10 234 263 330 149 35 0 0 
145 529 199 128 21 0 0 0 184 529 184 113 10 0 0 0 195 519 184 120 3 0 0 0 
451 490 81 0 0 0 0 0 472 490 60 0 0 0 0 0 423 526 74 0 0 0 0 0 
817 206 0 0 0 0 0 0 725 298 0 0 0 0 0 0 533 490 0 0 0 0 0 0 
775 216 32 0 0 0 0 0 768 224 32 0 0 0 0 0 661 330 32 0 0 0 0 0 
53 622 213 117 17 0 0 0 85 625 174 128 10 0 0 0 330 416 184 92 0 0 0 0 
60 444 259 259 0 0 0 0 113 440 248 220 0 0 0 0 174 401 248 199 0 0 0 0 
17 408 305 202 88 0 0 0 74 444 270 188 46 0 0 0 106 444 263 181 28 0 0 0 
7 81 163 433 167 156 14 0 24 103 280 359 131 124 0 0 96 170 416 138 167 35 0 0 
0 0 42 152 241 273 284 28 0 0 81 238 209 305 184 3 0 56 160 216 263 295 32 0 
0 3 21 142 327 231 266 32 0 3 49 259 280 252 170 7 7 39 195 273 238 248 21 0 
0 0 24 163 192 245 348 49 0 3 88 184 174 291 270 10 0 35 181 163 224 344 74 0 
0 3 39 138 263 177 330 71 0 7 49 188 270 220 270 17 14 39 199 209 181 295 85 0 
0 3 10 188 352 206 224 39 0 7 53 312 284 177 174 14 7 56 248 295 177 202 32 3 
0 0 53 184 302 195 266 21 0 3 96 259 256 199 206 3 17 96 280 216 177 227 7 0 
0 3 24 256 394 160 174 10 3 14 49 362 309 149 135 0 10 49 334 309 152 156 10 0 
24 238 277 188 138 106 49 0 28 295 320 152 110 110 7 0 149 337 224 138 92 81 0 0 
810 188 21 3 0 0 0 0 732 266 21 3 0 0 0 0 583 426 14 0 0 0 0 0 
992 32 0 0 0 0 0 0 956 67 0 0 0 0 0 0 778 245 0 0 0 0 0 0 
668 334 21 0 0 0 0 0 679 334 10 0 0 0 0 0 604 369 49 0 0 0 0 0 
718 284 21 0 0 0 0 0 704 302 17 0 0 0 0 0 632 373 17 0 0 0 0 0 
999 24 0 0 0 0 0 0 977 46 0 0 0 0 0 0 785 238 0 0 0 0 0 0 
1024 0 0 0 0 0 0 0 1016 7 0 0 0 0 0 0 853 170 0 0 0 0 0 0 
1024 0 0 0 0 0 0 0 995 28 0 0 0 0 0 0 700 323 0 0 0 0 0 0 
984 35 3 0 0 0 0 0 952 71 0 0 0 0 0 0 736 284 3 0 0 0 0 0 
266 366 277 103 7 3 0 0 284 398 234 96 7 3 0 0 337 369 224 85 7 0 0 0 
21 177 263 316 206 35 3 0 46 213 295 273 174 17 3 0 110 241 323 252 88 7 0 0 
245 465 259 46 7 0 0 0 259 515 209 32 7 0 0 0 305 529 167 14 7 0 0 0 
977 46 0 0 0 0 0 0 903 120 0 0 0 0 0 0 796 227 0 0 0 0 0 0 
238 451 220 110 3 0 0 0 245 494 192 92 0 0 0 0 327 515 138 42 0 0 0 0 
0 147 375 295 170 34 0 0 11 238 364 216 182 11 0 0 45 352 352 204 68 0 0 0 
