0 0 0 0 0 794 230 0 0 0 0 0 0 0 116 908 0 0 0 0 0 0 0 1024 
0 0 0 0 0 870 154 0 0 0 0 0 0 0 1 1023 0 0 0 0 0 0 0 1024 
0 0 0 0 0 937 87 0 0 0 0 0 0 0 0 1024 0 0 0 0 0 0 0 1024 
0 0 0 0 0 908 116 0 0 0 0 0 0 0 0 1024 0 0 0 0 0 0 0 1024 
0 0 0 0 0 979 45 0 0 0 0 0 0 0 0 1024 0 0 0 0 0 0 0 1024 
0 0 0 0 0 827 197 0 0 0 0 0 0 0 110 914 0 0 0 0 0 0 41 983 
0 0 2 4 45 679 288 6 0 0 0 3 22 112 434 453 0 0 0 0 6 60 282 676 
0 0 1 5 37 725 252 4 0 0 0 2 19 119 480 404 0 0 0 0 7 93 260 664 
0 0 0 4 35 660 310 15 0 0 0 1 17 94 745 167 0 0 0 0 6 125 290 603 
0 0 0 9 72 443 457 43 0 0 0 3 41 180 682 118 0 0 0 0 7 134 538 345 
0 0 0 0 0 184 840 0 0 0 0 0 0 0 0 1024 0 0 0 0 0 0 0 1024 
0 1 8 13 7 80 914 1 0 0 0 9 13 5 13 984 0 0 0 1 16 7 12 988 
0 0 22 53 59 116 774 0 0 0 1 25 59 67 68 804 0 0 0 14 71 95 46 798 
0 1 9 21 55 163 748 27 1 6 10 15 31 79 226 656 4 7 9 18 43 121 183 639 
0 4 18 32 73 295 534 68 5 8 12 15 59 132 330 463 10 7 10 20 75 193 266 443 
0 0 44 177 149 186 462 6 0 0 3 53 189 162 477 140 0 0 10 109 230 278 272 125 
0 2 82 299 222 209 210 0 0 0 5 99 331 248 281 60 0 0 17 206 310 274 184 33 
0 5 102 276 127 312 199 3 0 0 14 155 249 218 357 31 0 0 17 190 245 217 310 45 
0 3 21 58 196 451 287 8 0 0 12 30 94 328 512 48 0 0 4 38 140 357 402 83 
0 2 16 67 183 456 284 16 0 1 6 35 103 298 525 56 0 0 2 19 128 460 356 59 
3 48 394 381 73 79 46 0 0 6 80 429 327 58 79 45 2 10 89 308 476 80 12 47 
27 53 216 470 145 51 27 35 44 12 45 276 415 141 44 47 31 32 69 288 411 113 36 44 
0 16 186 355 244 118 81 24 27 116 71 163 314 199 110 24 104 84 64 202 329 143 84 14 
0 2 185 612 81 56 62 26 16 600 209 23 49 49 58 20 433 382 19 22 50 45 56 17 
0 3 204 560 205 23 12 17 14 517 361 93 9 9 11 10 354 378 218 37 10 8 7 12 
0 63 256 292 191 96 52 74 156 313 178 122 65 77 59 54 334 236 153 61 60 72 53 55 
6 67 453 304 134 21 11 28 112 323 86 129 259 75 17 23 364 116 95 259 132 27 16 15 
12 52 278 365 99 90 72 56 19 63 71 322 335 127 53 34 56 34 140 416 215 86 61 16 
0 12 178 376 269 116 59 14 0 0 31 236 380 250 100 27 0 9 111 382 313 116 60 33 
0 23 93 281 402 162 51 12 0 3 30 126 312 411 117 25 0 2 64 218 429 209 76 26 
66 136 190 254 237 86 30 25 58 68 124 183 259 230 67 35 68 137 268 323 142 40 22 24 
69 321 148 197 153 69 27 40 199 279 168 147 126 45 19 41 188 299 156 157 122 43 18 41 
10 123 252 187 127 83 112 130 89 307 159 98 89 132 97 53 216 247 129 118 145 98 38 33 
17 129 202 219 103 65 139 150 71 275 208 94 80 175 94 27 137 275 187 106 192 93 14 20 
73 33 34 100 308 68 218 190 90 43 121 291 90 253 110 26 90 70 243 221 242 124 18 16 
0 8 146 202 418 58 103 89 17 275 186 321 39 125 43 18 206 215 265 146 120 48 18 6 
13 132 361 503 15 0 0 0 27 610 386 1 0 0 0 0 305 581 138 0 0 0 0 0 
3 131 358 460 51 5 7 9 114 389 457 42 6 7 5 4 321 371 294 19 6 6 7 0 
46 350 297 222 63 19 12 15 226 264 194 168 97 46 19 10 390 196 219 146 41 12 14 6 
13 95 252 318 232 87 26 1 1 22 125 268 312 221 65 10 13 90 295 353 225 44 3 1 
22 184 481 68 73 40 15 141 57 526 88 54 79 48 32 140 112 512 88 77 53 30 12 140 
12 153 479 70 92 66 44 108 95 487 50 81 83 73 36 119 155 465 90 86 56 31 41 100 
8 107 125 65 125 152 262 180 38 105 119 136 143 247 177 59 116 178 85 184 255 128 45 33 
2 0 9 65 174 312 360 102 5 25 141 129 82 478 163 1 85 156 68 78 482 128 27 0 
6 35 167 186 114 272 188 56 17 207 216 88 97 329 66 4 171 246 122 89 302 86 8 0 
0 0 10 61 102 173 529 149 0 34 91 75 26 236 470 92 34 115 50 29 220 172 385 19 
12 123 68 279 187 53 224 78 36 220 288 130 39 28 223 60 92 428 153 27 21 32 231 40 
4 36 51 108 106 302 103 314 3 47 94 188 110 138 127 317 28 110 259 93 84 101 62 287 
43 241 194 170 154 117 87 18 13 93 254 175 173 162 112 42 241 289 209 158 82 32 8 5 
56 338 132 66 133 160 127 12 1 174 299 77 87 161 181 44 296 267 153 140 109 52 6 1 
15 258 221 11 26 246 240 7 17 404 72 7 15 47 369 93 42 402 51 57 258 206 8 0 
33 145 150 44 35 271 327 19 24 249 56 41 30 35 459 130 29 247 56 59 306 297 24 6 
15 44 41 38 56 233 452 145 15 49 39 57 123 75 355 311 24 72 107 77 247 356 59 82 
0 0 2 5 28 309 465 215 0 3 19 124 63 27 448 340 3 60 120 36 251 330 160 64 
1 34 73 108 48 257 403 100 12 63 130 97 31 17 432 242 59 108 135 47 282 319 67 7 
0 0 0 0 11 314 475 224 0 0 0 40 13 28 574 369 0 11 39 35 330 335 126 148 
15 28 23 73 120 247 423 95 13 43 63 118 7 33 507 240 27 126 60 78 225 407 101 0 
7 23 50 32 56 266 451 139 0 16 36 104 63 70 452 283 19 42 127 59 196 419 94 68 
97 294 170 101 126 124 102 10 30 197 257 121 101 128 160 30 291 265 118 144 149 50 7 0 
136 372 34 21 58 213 184 6 19 287 221 19 23 132 258 65 327 211 24 106 250 105 1 0 
0 0 0 0 17 501 499 7 0 0 0 0 0 63 776 185 0 0 2 102 687 230 3 0 
0 0 0 0 6 285 697 36 0 0 0 0 0 35 645 344 0 0 0 40 507 467 10 0 
0 0 0 1 23 405 555 40 0 0 0 0 1 74 681 268 0 0 3 61 526 418 16 0 
0 0 0 0 3 201 746 74 0 0 0 0 0 44 623 357 0 0 0 25 401 573 25 0 
0 0 0 1 33 440 509 41 0 0 0 0 2 99 687 236 0 0 4 133 627 240 17 3 
0 0 0 6 73 503 420 22 0 0 0 2 6 144 658 214 0 2 15 217 614 172 4 0 
0 0 0 16 173 551 270 14 0 0 0 0 16 226 644 138 0 3 40 331 556 93 1 0 
0 0 0 5 81 555 361 22 0 0 0 2 9 225 657 131 0 4 35 352 511 113 8 1 
0 1 4 21 158 524 303 13 0 1 1 8 53 379 491 91 1 10 83 395 431 102 2 0 
0 0 2 33 220 487 249 33 0 0 2 9 106 427 414 66 0 5 96 369 406 136 12 0 
0 0 0 0 34 384 270 336 0 0 0 0 0 90 478 456 0 0 0 80 378 220 30 316 
0 0 0 0 20 496 410 98 0 0 0 0 0 102 674 248 0 0 0 48 564 304 40 68 
0 0 0 0 24 440 548 12 0 0 0 0 2 48 696 278 0 0 4 58 550 410 2 0 
0 0 0 0 28 538 440 18 0 0 0 0 0 94 722 208 0 0 2 190 668 160 4 0 
0 0 0 0 90 548 382 4 0 0 0 0 0 128 674 222 0 0 10 204 646 164 0 0 
0 0 0 0 46 568 394 16 0 0 0 0 0 132 698 194 0 0 2 150 698 168 6 0 
0 0 0 0 44 480 460 40 0 0 0 0 0 152 682 190 0 0 4 242 634 144 0 0 
0 0 2 8 118 550 340 6 0 0 0 6 18 248 612 140 0 6 46 424 486 60 2 0 
0 0 0 14 208 472 258 72 0 0 0 0 50 344 474 156 0 4 76 368 406 116 52 2 
0 0 0 22 148 448 294 112 0 0 0 4 50 334 460 176 0 4 40 270 394 202 102 12 
