538 431 14 7 14 15 5 0 469 498 13 7 10 11 16 0 558 414 12 7 12 7 10 4 
322 440 72 11 15 98 66 0 190 623 16 8 12 50 117 8 213 606 14 9 12 25 82 63 
159 374 156 17 39 68 185 26 64 570 49 9 24 62 97 149 85 551 49 8 13 47 74 197 
200 292 61 8 12 91 248 112 55 469 18 12 9 38 176 247 53 473 21 8 9 12 102 346 
151 263 16 14 15 40 206 319 12 388 20 19 13 19 90 463 18 366 21 13 20 22 47 517 
185 173 59 18 25 22 121 421 5 334 66 23 21 19 34 522 6 298 54 42 29 24 26 545 
126 110 128 64 37 51 153 355 3 226 121 59 43 35 82 455 6 197 107 71 43 36 57 507 
17 143 168 84 29 27 133 423 5 149 179 71 31 20 58 511 4 128 166 86 34 23 29 554 
0 50 264 101 54 63 120 372 0 80 263 70 50 57 87 417 0 85 223 84 50 51 76 455 
0 77 217 148 74 42 54 412 0 80 239 124 69 38 57 417 1 86 199 136 71 44 42 445 
0 48 270 207 80 41 35 343 0 34 283 214 76 38 32 347 0 60 271 182 70 54 27 360 
3 59 173 193 131 95 71 299 1 42 165 194 139 90 84 309 0 41 135 186 154 90 82 336 
3 45 265 266 144 91 33 177 0 37 264 252 145 112 40 174 0 59 246 237 139 106 50 187 
1 33 129 292 287 135 70 77 2 20 103 276 272 178 71 102 0 16 99 258 253 188 95 115 
0 5 263 528 179 39 8 2 0 5 262 522 188 33 11 3 0 23 342 468 141 34 13 3 
0 28 103 246 196 118 66 267 0 1 57 308 162 136 76 284 0 0 82 245 158 143 101 295 
1 71 183 153 131 132 62 291 7 85 121 190 145 101 68 307 2 68 120 126 186 112 92 318 
0 39 108 156 151 35 21 514 0 47 158 160 79 29 14 537 0 35 135 183 78 41 12 540 
0 7 19 77 84 110 105 622 0 0 16 76 73 100 101 658 0 0 8 70 66 83 107 690 
1 3 127 385 211 110 70 117 0 3 143 330 226 105 74 143 0 2 173 284 210 109 80 166 
0 41 340 383 146 61 38 15 0 59 354 337 138 75 35 26 0 39 356 326 156 75 43 29 
0 68 365 302 164 65 42 18 1 96 324 296 159 78 45 25 1 114 300 274 172 82 44 37 
4 85 300 286 146 103 57 43 0 105 313 238 146 112 56 54 0 127 278 229 141 113 59 77 
1 238 412 217 91 43 18 4 0 277 406 189 83 50 16 3 8 352 357 154 76 53 15 9 
8 519 358 87 38 12 1 1 2 589 292 93 26 16 4 2 34 628 232 83 25 15 5 2 
3 572 295 76 42 16 14 6 3 607 257 78 38 21 11 9 8 661 197 75 39 20 13 11 
16 574 270 89 46 21 4 4 18 616 237 82 39 18 9 5 61 615 194 76 41 21 9 7 
8 494 291 111 63 35 14 8 10 524 275 98 57 39 10 11 34 534 243 94 58 39 9 13 
25 527 263 112 50 26 12 9 13 562 238 106 53 28 14 10 67 575 187 88 47 25 20 15 
19 314 277 146 91 65 55 57 18 317 251 145 100 57 59 77 14 292 260 133 105 60 61 99 
18 142 442 201 111 51 36 23 14 172 398 202 113 49 41 35 7 227 339 187 113 63 36 52 
20 354 532 97 14 6 1 0 16 386 492 107 13 8 1 1 43 562 315 80 16 6 1 1 
19 427 467 89 13 7 2 0 12 423 443 117 15 12 2 0 65 553 299 79 16 9 3 0 
0 13 326 257 212 165 40 11 0 16 261 231 203 212 68 33 0 50 267 198 175 177 114 43 
0 62 258 262 184 113 99 46 0 62 232 228 204 113 91 94 1 66 198 225 183 130 82 139 
0 115 345 197 198 124 34 11 1 154 276 178 153 183 52 27 11 189 218 153 138 168 106 41 
2 277 477 154 103 11 0 0 1 279 427 162 103 50 2 0 15 386 291 154 85 79 14 0 
8 700 296 18 2 0 0 0 6 756 240 20 2 0 0 0 126 772 110 14 2 0 0 0 
802 218 4 0 0 0 0 0 872 151 1 0 0 0 0 0 907 117 0 0 0 0 0 0 
801 223 0 0 0 0 0 0 915 109 0 0 0 0 0 0 943 81 0 0 0 0 0 0 
764 221 39 0 0 0 0 0 880 133 11 0 0 0 0 0 891 123 10 0 0 0 0 0 
563 249 209 3 0 0 0 0 657 328 39 0 0 0 0 0 700 298 26 0 0 0 0 0 
407 285 330 2 0 0 0 0 516 396 112 0 0 0 0 0 549 385 90 0 0 0 0 0 
212 388 390 33 1 0 0 0 293 525 203 3 0 0 0 0 314 523 185 2 0 0 0 0 
95 516 389 24 0 0 0 0 148 669 207 0 0 0 0 0 186 645 193 0 0 0 0 0 
141 488 382 13 0 0 0 0 79 683 258 4 0 0 0 0 97 657 266 4 0 0 0 0 
50 401 471 41 14 18 19 10 27 552 362 15 10 14 14 30 28 527 379 16 10 10 13 41 
65 410 299 80 13 16 39 102 8 427 386 23 9 12 19 140 5 399 412 26 7 11 14 150 
70 459 178 50 10 10 37 210 34 324 356 32 7 9 13 249 39 301 375 25 10 6 11 257 
59 485 69 27 8 9 43 324 19 289 300 17 8 8 17 366 23 267 310 22 7 8 8 379 
46 440 22 7 9 7 23 470 19 197 279 8 6 9 8 498 21 162 305 9 8 8 8 503 
10 232 35 43 47 25 35 597 0 97 160 46 50 25 28 618 0 65 186 41 53 23 33 623 
0 2 91 237 190 66 23 415 0 4 97 250 168 64 24 417 0 7 132 223 153 63 27 419 
7 63 83 252 269 142 128 80 30 73 281 233 113 114 109 71 13 73 207 307 118 107 111 88 
0 3 44 183 384 285 87 38 0 20 226 292 267 117 63 39 0 7 218 285 289 106 71 48 
0 1 91 479 404 47 2 0 0 149 449 352 57 17 0 0 0 130 482 337 49 26 0 0 
0 7 17 117 119 76 84 604 0 5 29 104 99 77 74 636 0 0 20 102 96 73 75 658 
1 68 269 269 185 75 58 99 0 68 234 260 187 100 59 116 0 55 244 229 191 105 75 125 
3 103 390 313 131 44 27 13 1 101 433 261 142 45 25 16 0 121 435 236 133 51 28 20 
1 105 404 275 144 59 21 15 0 151 408 241 121 56 31 16 0 218 359 231 107 61 30 18 
0 212 478 180 86 41 25 2 2 249 446 172 85 40 22 8 1 335 381 150 74 52 20 11 
4 441 324 107 47 46 37 18 0 483 297 92 50 43 31 28 11 546 223 84 48 41 33 38 
11 605 309 71 19 5 4 0 8 647 277 60 22 7 2 1 73 663 199 60 18 9 1 1 
3 458 357 111 55 28 10 2 2 531 300 103 44 29 12 3 37 546 252 98 44 32 11 4 
17 571 284 80 44 15 7 6 22 627 233 68 44 15 10 5 87 593 205 67 40 16 10 6 
9 615 290 63 33 10 3 1 10 645 249 73 28 12 4 3 88 619 202 64 27 16 4 4 
20 564 213 86 56 25 22 38 21 569 204 81 56 27 19 47 78 554 151 79 59 34 19 50 
6 212 475 202 79 26 18 6 2 240 461 178 83 27 17 16 4 328 379 163 79 30 20 21 
1 135 451 255 105 51 18 8 0 157 442 232 103 50 24 16 8 217 388 201 109 50 31 20 
23 270 398 179 87 46 14 7 20 280 375 182 84 52 21 10 30 324 335 147 86 62 23 17 
30 316 400 166 70 32 9 1 26 336 359 171 70 44 14 4 48 368 318 145 76 45 18 6 
0 28 303 284 205 149 48 7 0 14 263 265 231 149 81 21 0 76 254 202 186 148 122 36 
0 152 536 139 88 48 52 9 0 158 487 143 107 49 50 30 2 294 379 103 94 55 52 45 
0 122 511 160 132 95 4 0 0 81 491 173 139 83 57 0 0 209 370 141 127 87 77 13 
0 219 615 92 69 29 0 0 0 172 614 119 64 48 7 0 1 312 475 115 61 44 16 0 
0 154 500 200 90 76 4 0 0 144 450 234 84 76 34 2 0 204 386 204 94 60 76 0 
784 240 0 0 0 0 0 0 991 33 0 0 0 0 0 0 1011 13 0 0 0 0 0 0 
555 445 24 0 0 0 0 0 728 296 0 0 0 0 0 0 766 258 0 0 0 0 0 0 
833 191 0 0 0 0 0 0 993 31 0 0 0 0 0 0 1012 12 0 0 0 0 0 0 
911 113 0 0 0 0 0 0 1004 20 0 0 0 0 0 0 1014 10 0 0 0 0 0 0 
960 64 0 0 0 0 0 0 1012 12 0 0 0 0 0 0 1020 4 0 0 0 0 0 0 
727 293 3 1 0 0 0 0 970 52 2 0 0 0 0 0 995 28 1 0 0 0 0 0 
545 217 200 62 0 0 0 0 671 196 155 2 0 0 0 0 687 222 115 0 0 0 0 0 
879 143 2 0 0 0 0 0 977 47 0 0 0 0 0 0 992 32 0 0 0 0 0 0 
380 503 136 5 0 0 0 0 679 299 46 0 0 0 0 0 775 215 34 0 0 0 0 0 
86 567 317 47 7 0 0 0 262 574 165 23 0 0 0 0 367 477 166 14 0 0 0 0 
228 437 267 90 2 0 0 0 409 341 228 44 2 0 0 0 469 298 216 41 0 0 0 0 
293 213 364 152 2 0 0 0 369 246 357 52 0 0 0 0 381 270 332 41 0 0 0 0 
126 221 398 68 148 63 0 0 216 318 292 192 6 0 0 0 176 457 379 12 0 0 0 0 
500 313 118 21 68 4 0 0 555 136 283 50 0 0 0 0 518 221 284 1 0 0 0 0 
81 532 171 4 11 5 14 206 139 225 406 12 3 12 3 224 154 167 444 12 7 7 8 225 
11 263 28 21 37 31 42 591 2 59 240 31 21 19 47 605 2 18 267 32 26 17 36 626 
1 1 1 6 129 141 108 637 0 0 93 89 53 71 85 633 0 0 87 87 50 52 70 678 
0 1 71 308 396 126 33 89 0 94 445 309 37 26 27 86 0 140 442 253 46 23 31 89 
0 3 78 241 216 145 123 218 0 20 81 191 202 148 112 270 0 16 66 171 180 166 123 302 
0 7 110 283 251 185 110 78 0 2 92 269 249 178 113 121 0 5 71 224 247 191 136 150 
1 127 371 309 130 43 25 18 0 135 386 277 126 51 25 24 7 184 366 247 109 51 29 31 
0 153 537 208 91 18 11 6 0 212 526 173 79 20 9 5 5 378 400 136 72 18 9 6 
3 212 472 194 88 36 12 7 0 229 474 165 93 33 20 10 4 323 390 161 74 37 23 12 
3 279 428 174 74 35 13 18 0 352 368 158 76 35 14 21 23 390 319 143 75 33 19 22 
6 332 433 138 56 36 16 7 0 388 377 128 71 37 13 10 7 460 301 114 72 39 19 12 
17 593 245 85 49 22 9 4 11 613 234 79 44 29 8 6 86 584 191 65 51 29 10 8 
13 627 292 62 23 6 1 0 10 665 247 69 23 7 2 1 84 636 208 62 23 8 2 1 
8 474 303 128 47 40 10 14 6 514 266 112 63 31 16 16 25 545 220 98 63 33 18 22 
6 502 341 98 36 18 10 13 7 573 270 96 35 21 10 12 42 571 239 88 36 18 16 14 
9 336 399 184 53 27 12 4 6 369 407 134 53 29 16 10 23 440 341 102 50 30 22 16 
14 441 367 140 37 20 4 1 11 467 341 140 37 20 3 5 59 474 291 125 43 21 6 5 
62 478 290 101 36 26 12 19 46 498 281 95 42 24 12 26 114 469 233 85 49 27 17 30 
23 470 413 76 21 5 7 9 21 470 408 83 20 7 5 10 56 575 280 67 17 10 4 15 
20 291 510 133 33 24 9 4 17 247 497 165 49 28 12 9 24 342 422 123 52 26 21 14 
7 402 440 80 39 20 20 16 7 326 486 97 43 20 22 23 30 430 350 92 38 31 17 36 
42 509 303 100 37 23 5 5 28 415 368 114 52 29 10 8 52 420 329 110 59 25 19 10 
0 66 367 228 193 120 42 8 0 28 340 220 189 147 73 27 0 101 250 198 168 144 107 56 
0 86 496 296 106 40 0 0 0 42 416 352 138 60 16 0 0 140 360 304 118 78 20 4 
339 681 4 0 0 0 0 0 853 171 0 0 0 0 0 0 943 81 0 0 0 0 0 0 
330 662 32 0 0 0 0 0 770 254 0 0 0 0 0 0 827 197 0 0 0 0 0 0 
468 549 7 0 0 0 0 0 768 256 0 0 0 0 0 0 815 209 0 0 0 0 0 0 
214 767 43 0 0 0 0 0 596 428 0 0 0 0 0 0 628 396 0 0 0 0 0 0 
522 466 36 0 0 0 0 0 818 205 1 0 0 0 0 0 847 176 1 0 0 0 0 0 
190 816 18 0 0 0 0 0 727 297 0 0 0 0 0 0 846 178 0 0 0 0 0 0 
362 369 142 138 9 4 0 0 615 194 194 18 3 0 0 0 660 185 173 6 0 0 0 0 
742 274 8 0 0 0 0 0 950 73 1 0 0 0 0 0 963 61 0 0 0 0 0 0 
556 429 39 0 0 0 0 0 899 125 0 0 0 0 0 0 974 50 0 0 0 0 0 0 
872 141 11 0 0 0 0 0 955 69 0 0 0 0 0 0 979 45 0 0 0 0 0 0 
712 264 48 0 0 0 0 0 833 191 0 0 0 0 0 0 882 142 0 0 0 0 0 0 
921 86 17 0 0 0 0 0 949 72 3 0 0 0 0 0 959 64 1 0 0 0 0 0 
602 176 147 95 4 0 0 0 677 203 124 20 0 0 0 0 702 205 111 6 0 0 0 0 
368 162 126 243 123 2 0 0 440 136 207 199 42 0 0 0 419 179 206 172 48 0 0 0 
756 68 94 86 20 0 0 0 802 106 60 54 2 0 0 0 744 171 53 54 2 0 0 0 
380 374 269 1 0 0 0 0 541 345 138 0 0 0 0 0 538 353 132 1 0 0 0 0 
187 501 129 19 31 78 54 25 205 474 124 21 19 76 66 39 198 443 157 20 15 34 84 73 
34 175 51 23 85 95 65 496 12 77 206 98 35 30 49 517 11 57 217 105 29 26 39 540 
0 5 107 167 134 66 91 454 0 11 125 156 99 74 79 480 0 13 100 146 108 77 78 502 
0 14 151 297 236 128 104 94 0 9 156 270 204 154 112 119 0 11 175 226 180 168 114 150 
0 50 388 307 145 89 31 14 0 93 387 270 128 83 42 21 1 152 343 237 137 82 45 27 
0 259 479 188 58 30 8 2 0 303 472 162 49 29 6 3 9 474 336 127 41 24 10 3 
0 416 408 122 43 19 11 5 0 436 387 128 38 21 7 7 18 551 285 102 34 20 5 9 
3 341 422 152 53 31 10 12 0 369 419 129 53 32 10 12 21 533 250 115 53 29 10 13 
3 351 422 148 60 22 12 6 3 404 378 136 63 24 7 9 18 479 310 111 61 28 9 8 
1 464 360 105 42 24 19 9 1 500 328 89 47 24 23 12 11 556 260 86 46 26 21 18 
25 458 290 116 60 44 18 13 17 513 239 108 57 42 26 22 73 470 220 108 50 42 34 27 
20 548 260 98 51 28 9 10 9 617 193 89 60 20 20 16 75 588 135 95 60 29 21 21 
21 544 258 75 57 30 23 16 8 578 218 89 43 34 27 27 57 545 187 93 38 35 34 35 
34 501 280 103 51 38 10 7 14 547 238 111 49 44 11 10 44 529 206 118 53 44 18 12 
46 549 212 99 68 31 11 8 24 564 203 95 69 40 12 17 45 529 197 103 63 48 21 18 
43 278 194 118 106 86 92 107 18 294 177 110 109 91 81 144 27 242 174 116 97 96 93 179 
29 339 232 145 84 58 62 75 12 354 210 147 86 57 57 101 36 296 187 139 109 70 57 130 
51 397 207 122 90 70 61 26 29 402 198 109 104 64 59 59 68 295 187 127 111 81 62 93 
43 426 250 116 67 56 36 30 27 390 258 134 62 60 49 44 55 326 232 156 76 56 65 58 
7 225 386 147 87 127 36 9 6 196 378 155 93 81 97 18 25 206 341 127 98 70 115 42 
0 339 221 117 168 141 38 0 0 249 289 112 91 197 73 13 2 333 178 118 65 164 122 42 
0 346 400 114 116 46 2 0 0 260 454 122 94 76 18 0 4 408 324 86 76 80 42 4 
234 784 6 0 0 0 0 0 718 306 0 0 0 0 0 0 852 172 0 0 0 0 0 0 
241 780 3 0 0 0 0 0 796 228 0 0 0 0 0 0 880 144 0 0 0 0 0 0 
247 648 129 0 0 0 0 0 580 441 3 0 0 0 0 0 679 344 1 0 0 0 0 0 
4 699 320 1 0 0 0 0 75 914 35 0 0 0 0 0 109 882 33 0 0 0 0 0 
268 653 101 2 0 0 0 0 669 337 18 0 0 0 0 0 696 310 18 0 0 0 0 0 
82 903 39 0 0 0 0 0 541 474 9 0 0 0 0 0 634 383 7 0 0 0 0 0 
143 711 144 26 0 0 0 0 513 453 58 0 0 0 0 0 599 381 44 0 0 0 0 0 
373 382 122 147 0 0 0 0 673 136 204 11 0 0 0 0 709 114 192 9 0 0 0 0 
409 520 95 0 0 0 0 0 759 263 2 0 0 0 0 0 907 117 0 0 0 0 0 0 
926 98 0 0 0 0 0 0 1019 5 0 0 0 0 0 0 1021 3 0 0 0 0 0 0 
931 93 0 0 0 0 0 0 1022 2 0 0 0 0 0 0 1024 0 0 0 0 0 0 0 
1018 6 0 0 0 0 0 0 1024 0 0 0 0 0 0 0 1024 0 0 0 0 0 0 0 
603 122 42 116 141 0 0 0 639 115 84 150 36 0 0 0 662 112 90 141 19 0 0 0 
584 42 58 104 223 13 0 0 593 48 77 185 117 4 0 0 597 47 85 189 100 6 0 0 
602 178 73 130 41 0 0 0 640 175 62 131 16 0 0 0 661 152 58 128 25 0 0 0 
600 51 85 207 81 0 0 0 619 66 118 188 33 0 0 0 623 70 109 181 41 0 0 0 
752 69 48 105 50 0 0 0 787 57 51 116 13 0 0 0 739 110 45 112 18 0 0 0 
399 372 237 14 2 0 0 0 547 335 124 9 9 0 0 0 533 342 129 10 10 0 0 0 
248 413 101 24 14 23 45 156 248 237 250 39 13 19 35 183 246 207 260 48 18 13 32 200 
39 191 64 91 62 56 50 471 12 141 146 85 53 51 47 489 14 120 145 95 55 42 49 504 
2 62 278 229 104 55 54 240 0 67 292 208 105 59 43 250 0 81 281 189 111 53 53 256 
10 297 508 138 52 15 3 1 5 320 489 128 55 24 2 1 18 506 310 109 51 24 5 1 
0 375 448 98 56 21 13 13 1 382 441 98 47 26 13 16 20 539 289 71 48 27 12 18 
13 329 376 177 81 34 12 2 7 342 372 163 85 35 18 2 23 413 289 149 82 41 19 8 
1 368 401 148 69 23 8 6 3 439 351 125 63 30 6 7 37 511 250 116 56 39 8 7 
3 378 387 134 79 31 11 1 10 450 330 103 81 35 14 1 31 514 246 97 70 49 12 5 
14 303 352 163 106 62 14 10 9 392 288 135 91 71 24 14 19 400 257 125 94 66 46 17 
5 284 411 119 86 64 31 24 12 513 180 92 89 70 37 31 54 478 154 89 84 71 54 40 
12 453 243 128 85 46 23 34 8 488 198 121 97 46 25 41 57 450 182 111 86 62 28 48 
7 445 204 123 88 45 42 70 6 431 208 119 91 44 39 86 6 437 158 124 87 70 40 102 
23 511 289 124 48 21 7 1 27 502 279 133 53 22 5 3 43 470 275 128 66 29 7 6 
28 664 190 75 41 16 8 2 21 666 173 86 45 15 11 7 111 568 172 78 51 23 11 10 
72 575 187 81 46 28 17 18 43 599 177 82 49 27 21 26 157 471 155 96 57 33 21 34 
39 398 281 153 78 38 24 13 20 388 280 151 97 38 29 21 84 343 237 144 114 35 34 33 
4 300 477 134 66 31 4 8 3 302 459 131 71 40 9 9 2 381 364 130 78 42 15 12 
0 251 514 134 77 44 2 2 0 214 490 158 87 62 10 3 3 401 332 132 70 57 26 3 
0 587 348 71 18 0 0 0 0 419 477 85 38 5 0 0 8 712 196 65 35 8 0 0 
0 804 196 14 10 0 0 0 0 506 478 26 8 6 0 0 24 798 178 14 6 4 0 0 
322 670 32 0 0 0 0 0 661 363 0 0 0 0 0 0 791 233 0 0 0 0 0 0 
282 567 175 0 0 0 0 0 718 306 0 0 0 0 0 0 791 233 0 0 0 0 0 0 
121 399 498 6 0 0 0 0 383 641 0 0 0 0 0 0 511 513 0 0 0 0 0 0 
32 349 586 57 0 0 0 0 367 654 3 0 0 0 0 0 450 574 0 0 0 0 0 0 
24 608 371 21 0 0 0 0 239 694 85 6 0 0 0 0 287 669 66 2 0 0 0 0 
20 830 173 1 0 0 0 0 254 750 20 0 0 0 0 0 333 673 18 0 0 0 0 0 
42 734 236 12 0 0 0 0 206 771 46 1 0 0 0 0 293 693 38 0 0 0 0 0 
121 501 287 107 8 0 0 0 337 476 195 16 0 0 0 0 414 442 163 5 0 0 0 0 
332 470 210 12 0 0 0 0 669 320 35 0 0 0 0 0 734 288 2 0 0 0 0 0 
829 194 1 0 0 0 0 0 1010 14 0 0 0 0 0 0 1018 6 0 0 0 0 0 0 
972 52 0 0 0 0 0 0 1017 7 0 0 0 0 0 0 1021 3 0 0 0 0 0 0 
1006 18 0 0 0 0 0 0 1021 3 0 0 0 0 0 0 1024 0 0 0 0 0 0 0 
699 37 0 20 199 69 0 0 734 3 17 57 197 16 0 0 736 2 23 75 172 16 0 0 
633 18 12 71 245 45 0 0 633 15 16 88 253 19 0 0 632 8 24 27 289 44 0 0 
983 41 0 0 0 0 0 0 1014 10 0 0 0 0 0 0 1016 8 0 0 0 0 0 0 
862 130 32 0 0 0 0 0 902 122 0 0 0 0 0 0 911 113 0 0 0 0 0 0 
746 118 40 93 27 0 0 0 797 71 48 94 14 0 0 0 815 52 44 91 22 0 0 0 
579 79 79 188 99 0 0 0 609 80 84 212 39 0 0 0 620 68 80 193 63 0 0 0 
667 61 69 149 78 0 0 0 698 61 81 138 46 0 0 0 692 70 82 116 64 0 0 0 
557 295 137 32 2 1 0 0 653 261 105 3 0 1 0 1 648 268 103 2 1 0 1 1 
180 367 143 28 18 12 29 247 239 292 148 26 16 13 18 272 261 251 148 31 25 11 17 280 
37 250 160 106 57 41 50 323 21 267 156 100 62 43 32 343 18 244 161 104 55 52 39 351 
8 328 319 133 74 41 44 77 6 342 304 126 76 43 40 87 19 388 249 113 67 52 36 100 
8 489 301 126 56 30 9 5 2 496 283 133 58 30 16 6 56 485 234 130 57 33 18 11 
55 322 277 184 118 49 13 6 68 340 247 172 121 56 8 12 94 339 211 161 126 60 22 11 
72 421 264 131 89 40 7 0 126 440 208 99 98 41 12 0 194 406 167 94 87 51 24 1 
6 186 296 216 157 109 32 22 13 238 238 186 145 118 54 32 20 229 209 184 141 118 77 46 
7 372 338 107 79 55 36 30 1 520 186 101 70 60 38 48 22 520 146 99 74 64 39 60 
23 444 191 138 92 64 41 31 11 484 150 132 89 61 43 54 47 424 153 116 95 77 48 64 
16 243 234 167 168 90 58 48 9 255 212 159 153 111 53 72 3 223 201 156 132 145 68 96 
19 458 226 147 94 47 23 10 13 466 223 125 104 49 26 18 38 424 208 127 97 68 31 31 
35 528 294 95 49 18 5 0 17 541 275 105 49 22 13 2 88 475 253 106 58 27 11 6 
11 350 325 144 87 64 32 11 8 368 290 149 90 59 36 24 13 306 303 152 106 57 53 34 
5 359 385 150 78 31 10 6 6 360 369 150 74 38 20 7 10 369 323 159 76 46 26 15 
12 359 407 147 79 18 2 0 3 351 386 162 87 28 7 0 16 336 373 159 90 39 8 3 
2 471 403 108 32 8 0 0 0 439 408 123 42 11 1 0 25 516 319 107 41 13 3 0 
0 189 386 180 115 81 73 0 0 170 355 182 121 80 83 33 1 298 261 143 105 80 66 70 
18 510 204 114 122 56 0 0 12 448 224 142 78 102 18 0 106 464 116 108 72 86 72 0 
166 742 97 19 0 0 0 0 512 460 50 2 0 0 0 0 628 352 41 3 0 0 0 0 
27 434 535 27 1 0 0 0 472 448 98 6 0 0 0 0 533 425 64 2 0 0 0 0 
22 644 306 52 0 0 0 0 636 232 111 45 0 0 0 0 622 212 117 65 8 0 0 0 
0 144 523 357 0 0 0 0 148 460 193 217 6 0 0 0 139 434 132 228 91 0 0 0 
48 697 240 34 5 0 0 0 310 627 69 17 1 0 0 0 388 558 62 16 0 0 0 0 
52 783 184 5 0 0 0 0 210 790 24 0 0 0 0 0 303 703 18 0 0 0 0 0 
16 615 362 31 0 0 0 0 139 809 76 0 0 0 0 0 228 745 51 0 0 0 0 0 
94 594 173 150 13 0 0 0 384 435 165 39 1 0 0 0 456 386 162 20 0 0 0 0 
301 288 328 107 0 0 0 0 478 390 154 2 0 0 0 0 512 429 81 2 0 0 0 0 
885 139 0 0 0 0 0 0 1016 8 0 0 0 0 0 0 1019 5 0 0 0 0 0 0 
986 38 0 0 0 0 0 0 1022 2 0 0 0 0 0 0 1024 0 0 0 0 0 0 0 
954 50 20 0 0 0 0 0 979 45 0 0 0 0 0 0 990 34 0 0 0 0 0 0 
618 99 17 13 155 122 0 0 676 56 7 47 145 93 0 0 689 44 13 48 118 112 0 0 
633 7 3 47 301 33 0 0 629 11 2 36 331 15 0 0 612 28 0 10 254 120 0 0 
946 78 0 0 0 0 0 0 1020 4 0 0 0 0 0 0 1022 2 0 0 0 0 0 0 
1014 10 0 0 0 0 0 0 1024 0 0 0 0 0 0 0 1024 0 0 0 0 0 0 0 
965 59 0 0 0 0 0 0 1022 2 0 0 0 0 0 0 1023 1 0 0 0 0 0 0 
967 57 0 0 0 0 0 0 1008 16 0 0 0 0 0 0 1018 6 0 0 0 0 0 0 
841 91 27 34 31 0 0 0 868 68 23 36 29 0 0 0 890 38 27 36 33 0 0 0 
538 103 85 162 136 0 0 0 557 115 82 198 72 0 0 0 559 118 84 170 93 0 0 0 
541 132 83 149 119 0 0 0 605 121 64 144 90 0 0 0 620 115 58 118 113 0 0 0 
507 357 101 23 13 2 4 17 618 313 47 15 3 3 4 21 625 301 53 11 6 2 4 22 
193 338 55 54 42 27 30 285 156 371 57 53 33 26 22 306 157 345 72 49 38 27 26 310 
14 155 319 189 108 41 39 159 8 182 310 179 100 52 27 166 6 190 272 187 97 60 42 170 
1 149 288 242 172 108 44 20 5 180 244 222 173 108 64 28 18 159 214 222 174 119 77 41 
12 435 255 123 103 66 20 10 46 427 232 122 89 73 27 8 79 397 209 120 86 78 36 19 
6 268 388 189 92 58 20 3 5 302 344 179 92 64 28 10 9 341 286 169 102 63 37 17 
4 245 544 102 73 44 7 5 4 562 224 90 69 60 8 7 30 602 148 88 64 62 22 8 
23 405 337 117 94 32 15 1 20 558 195 110 74 42 19 6 55 522 175 114 82 40 25 11 
21 270 284 200 128 63 33 25 9 281 264 203 130 67 38 32 14 242 249 225 129 74 50 41 
23 463 293 140 65 21 12 7 13 470 288 131 72 26 15 9 36 427 291 129 77 36 13 15 
21 673 221 70 22 14 3 0 16 669 216 77 24 15 7 0 74 623 197 77 27 15 10 1 
11 299 204 140 116 94 77 83 0 300 186 139 116 88 79 116 8 253 191 118 111 114 80 149 
2 326 343 183 103 47 15 5 0 304 331 186 105 61 27 10 14 266 300 198 110 79 41 16 
0 313 453 176 64 16 2 0 0 290 445 180 84 23 2 0 1 293 415 191 91 25 8 0 
5 469 399 113 34 4 0 0 7 456 391 118 46 6 0 0 10 483 360 115 49 7 0 0 
61 576 256 91 32 7 0 1 66 523 291 95 34 14 0 1 94 545 236 86 42 19 1 1 
218 480 134 114 52 24 2 0 174 506 148 98 64 28 6 0 278 386 128 106 74 40 12 0 
229 687 106 2 0 0 0 0 501 492 31 0 0 0 0 0 622 379 23 0 0 0 0 0 
5 610 390 18 1 0 0 0 569 389 62 4 0 0 0 0 607 365 49 3 0 0 0 0 
0 196 451 357 20 0 0 0 186 306 224 248 60 0 0 0 158 301 183 226 156 0 0 0 
0 43 444 532 5 0 0 0 39 452 125 292 116 0 0 0 43 414 78 318 171 0 0 0 
40 661 284 38 1 0 0 0 280 661 72 11 0 0 0 0 363 598 57 6 0 0 0 0 
47 780 193 4 0 0 0 0 263 744 16 1 0 0 0 0 409 607 7 1 0 0 0 0 
24 649 334 17 0 0 0 0 139 824 55 6 0 0 0 0 250 734 36 4 0 0 0 0 
31 538 407 47 1 0 0 0 257 659 99 9 0 0 0 0 335 612 69 8 0 0 0 0 
201 256 267 240 60 0 0 0 344 270 332 78 0 0 0 0 352 329 301 42 0 0 0 0 
794 224 2 4 0 0 0 0 991 29 2 2 0 0 0 0 1002 18 4 0 0 0 0 0 
829 100 7 19 62 7 0 0 923 10 10 59 22 0 0 0 920 13 10 60 21 0 0 0 
496 218 110 36 145 19 0 0 647 165 25 93 91 3 0 0 677 146 13 91 94 3 0 0 
53 364 114 59 262 172 0 0 283 223 40 133 210 135 0 0 286 220 53 126 185 153 1 0 
332 109 130 92 300 61 0 0 354 144 87 70 321 48 0 0 372 130 53 63 267 139 0 0 
993 21 5 4 1 0 0 0 1010 5 4 4 1 0 0 0 1010 5 4 4 1 0 0 0 
967 57 0 0 0 0 0 0 1019 5 0 0 0 0 0 0 1022 2 0 0 0 0 0 0 
875 149 0 0 0 0 0 0 1024 0 0 0 0 0 0 0 1024 0 0 0 0 0 0 0 
986 38 0 0 0 0 0 0 1022 2 0 0 0 0 0 0 1022 2 0 0 0 0 0 0 
967 57 0 0 0 0 0 0 1006 18 0 0 0 0 0 0 1016 8 0 0 0 0 0 0 
877 147 0 0 0 0 0 0 965 59 0 0 0 0 0 0 967 55 2 0 0 0 0 0 
659 115 115 124 11 0 0 0 730 98 120 69 7 0 0 0 736 109 109 60 10 0 0 0 
518 58 63 204 181 0 0 0 548 58 72 266 80 0 0 0 551 62 76 248 87 0 0 0 
596 121 114 157 36 0 0 0 657 115 97 145 10 0 0 0 660 119 83 141 21 0 0 0 
507 295 35 17 12 18 24 116 502 314 15 15 14 8 14 142 509 300 22 11 14 9 10 149 
77 198 117 119 100 89 179 145 61 212 112 114 82 92 130 221 61 194 105 114 80 84 84 302 
244 442 97 70 42 39 49 41 354 332 86 76 43 37 47 49 427 249 73 76 50 39 36 74 
145 469 269 80 32 16 6 7 178 438 235 103 38 17 4 11 202 407 211 122 43 19 9 11 
12 311 537 120 36 6 2 0 15 520 343 97 40 6 3 0 44 637 194 97 41 8 2 1 
13 467 383 90 52 18 1 0 13 631 223 83 48 21 5 0 52 615 188 87 48 26 8 0 
32 549 250 116 54 18 5 0 26 536 254 115 64 23 6 0 61 501 238 121 65 28 8 2 
53 569 265 88 27 19 3 0 31 595 247 90 33 19 9 0 98 525 240 94 36 20 9 2 
39 673 217 75 17 1 2 0 15 695 213 73 25 1 0 2 96 625 204 69 26 2 0 2 
75 664 196 61 22 5 1 0 35 686 189 77 24 9 4 0 139 595 166 81 26 13 4 0 
145 603 189 65 16 5 1 0 67 671 184 68 24 7 3 0 267 491 158 72 25 8 3 0 
19 389 294 160 89 64 9 0 9 369 294 157 97 67 28 3 45 373 270 131 89 65 45 6 
13 456 350 109 41 24 14 17 9 441 353 107 52 26 14 22 27 423 329 107 60 33 16 29 
51 551 297 87 33 5 0 0 45 524 317 96 31 9 2 0 65 524 267 116 38 12 2 0 
6 230 442 172 106 50 14 4 2 232 438 152 116 58 18 8 10 234 366 190 122 64 24 14 
146 767 111 0 0 0 0 0 347 668 9 0 0 0 0 0 424 595 5 0 0 0 0 0 
0 585 438 1 0 0 0 0 589 387 47 1 0 0 0 0 687 312 25 0 0 0 0 0 
0 122 483 405 14 0 0 0 158 315 187 297 67 0 0 0 136 308 171 210 199 0 0 0 
0 37 354 631 2 0 0 0 49 435 90 392 58 0 0 0 42 413 78 332 159 0 0 0 
13 743 220 45 3 0 0 0 311 631 75 5 2 0 0 0 456 508 55 5 0 0 0 0 
63 905 56 0 0 0 0 0 420 601 3 0 0 0 0 0 562 459 3 0 0 0 0 0 
34 645 319 26 0 0 0 0 207 728 85 4 0 0 0 0 268 699 56 1 0 0 0 0 
28 529 420 46 1 0 0 0 226 622 167 9 0 0 0 0 287 587 133 17 0 0 0 0 
47 220 294 209 233 21 0 0 139 261 304 264 53 3 0 0 152 248 363 229 29 3 0 0 
318 170 61 111 329 35 0 0 437 76 75 233 198 5 0 0 450 61 83 261 161 8 0 0 
685 86 17 63 169 4 0 0 748 24 32 146 74 0 0 0 747 24 36 159 58 0 0 0 
194 312 120 137 238 23 0 0 413 146 125 136 198 6 0 0 443 150 90 127 202 12 0 0 
11 321 192 67 229 196 8 0 172 215 160 97 219 159 2 0 160 192 192 101 189 174 16 0 
110 53 123 216 408 112 2 0 126 94 87 222 399 96 0 0 114 126 60 147 353 222 2 0 
513 61 71 212 166 1 0 0 544 34 72 219 155 0 0 0 541 33 46 153 233 18 0 0 
605 50 80 196 91 2 0 0 634 27 95 177 87 4 0 0 630 29 81 118 149 17 0 0 
533 117 114 112 131 17 0 0 630 29 128 104 117 16 0 0 628 30 108 79 137 41 1 0 
792 71 95 35 31 0 0 0 850 21 95 38 20 0 0 0 850 21 90 29 32 2 0 0 
957 66 1 0 0 0 0 0 1014 10 0 0 0 0 0 0 1020 4 0 0 0 0 0 0 
750 274 0 0 0 0 0 0 961 63 0 0 0 0 0 0 984 40 0 0 0 0 0 0 
715 27 70 108 104 0 0 0 728 31 90 108 67 0 0 0 731 30 92 91 80 0 0 0 
821 43 0 34 126 0 0 0 858 6 5 65 90 0 0 0 863 1 3 49 108 0 0 0 
942 66 5 11 0 0 0 0 990 18 5 11 0 0 0 0 1001 6 5 12 0 0 0 0 
787 38 64 135 0 0 0 0 803 44 79 98 0 0 0 0 803 50 75 95 1 0 0 0 
583 233 157 46 2 3 0 0 661 239 104 15 0 2 3 0 679 231 92 16 1 1 1 3 
464 312 30 31 27 87 72 1 507 263 29 26 29 39 131 0 508 247 40 20 24 31 109 45 
224 229 133 111 98 91 57 81 260 181 113 120 91 109 47 103 241 161 112 114 100 82 96 118 
49 237 498 123 65 29 17 6 42 406 342 93 67 37 21 16 43 526 206 82 71 48 27 21 
9 370 363 103 71 42 31 35 16 568 158 93 79 34 30 46 39 549 144 89 67 41 39 56 
29 461 306 145 61 21 1 0 28 464 287 149 70 25 1 0 43 460 257 156 69 28 11 0 
38 364 284 182 78 56 18 4 28 359 290 158 99 46 39 5 53 321 268 162 109 54 41 16 
32 321 198 178 106 95 60 34 8 354 190 147 118 86 66 55 49 303 169 144 120 83 76 80 
2 253 309 239 76 79 35 31 2 249 262 239 108 63 64 37 17 261 288 195 90 58 61 54 
27 308 263 163 62 64 70 67 9 320 256 148 73 55 72 91 48 337 226 123 72 42 59 117 
16 314 311 126 138 105 11 3 7 315 317 112 111 111 48 3 50 388 209 103 85 107 75 7 
14 94 372 260 116 45 52 71 7 85 303 281 152 60 41 95 4 131 325 216 131 63 44 110 
19 396 367 131 50 20 30 11 19 342 374 153 64 26 20 26 50 409 296 128 66 20 19 36 
0 264 202 140 178 120 88 32 4 254 186 142 154 120 102 62 2 236 172 128 136 138 102 110 
51 359 78 7 10 15 271 233 30 433 15 11 6 12 67 450 31 419 26 10 6 12 10 510 
144 424 403 4 4 3 40 2 462 494 14 5 1 4 11 33 503 454 12 4 3 3 5 40 
238 174 487 123 2 0 0 0 364 489 56 111 4 0 0 0 398 448 50 85 43 0 0 0 
154 257 436 126 38 13 0 0 314 490 105 86 28 1 0 0 352 455 103 88 26 0 0 0 
98 329 287 292 18 0 0 0 256 290 386 87 5 0 0 0 287 306 370 56 5 0 0 0 
90 495 383 44 12 0 0 0 289 633 77 25 0 0 0 0 350 598 63 13 0 0 0 0 
6 224 545 214 32 3 0 0 50 561 325 73 15 0 0 0 69 591 291 60 13 0 0 0 
46 244 600 124 10 0 0 0 106 584 301 31 2 0 0 0 129 612 242 41 0 0 0 0 
94 637 260 33 0 0 0 0 459 405 148 12 0 0 0 0 458 395 150 21 0 0 0 0 
384 420 30 40 129 21 0 0 729 84 28 74 106 3 0 0 758 56 28 66 109 7 0 0 
391 89 50 88 307 95 4 0 449 39 56 119 299 59 3 0 445 43 56 97 297 72 14 0 
401 205 78 59 209 57 15 0 543 108 45 62 201 47 18 0 556 102 35 38 208 39 45 1 
291 286 141 16 131 153 6 0 488 222 27 15 144 123 5 0 518 196 28 32 77 163 10 0 
383 118 90 96 242 95 0 0 418 127 79 65 242 93 0 0 429 136 51 45 151 210 2 0 
545 95 69 245 66 4 0 0 601 52 84 232 51 4 0 0 603 42 65 178 131 5 0 0 
524 129 47 245 78 1 0 0 620 40 49 250 63 2 0 0 620 41 37 178 140 8 0 0 
436 131 65 145 160 83 4 0 535 40 87 143 148 67 4 0 520 54 56 155 128 103 8 0 
576 88 43 98 193 26 0 0 628 44 46 109 177 20 0 0 621 47 40 91 167 58 0 0 
423 88 108 135 206 64 0 0 457 70 116 142 199 40 0 0 455 65 102 134 164 104 0 0 
438 119 53 81 226 106 1 0 521 49 54 91 222 87 0 0 518 46 48 79 185 145 3 0 
463 46 68 131 264 52 0 0 492 36 87 137 237 35 0 0 493 33 75 120 227 76 0 0 
632 196 10 25 153 8 0 0 809 23 16 24 152 0 0 0 808 24 15 21 144 12 0 0 
1024 0 0 0 0 0 0 0 1024 0 0 0 0 0 0 0 1024 0 0 0 0 0 0 0 
500 244 107 83 60 26 4 0 576 180 87 71 74 30 5 1 577 169 85 65 58 56 11 3 
265 126 269 189 85 38 23 29 287 162 257 126 89 38 35 30 300 166 242 112 84 43 33 44 
441 190 186 61 24 36 39 47 518 158 160 40 21 26 43 58 525 154 151 40 21 15 43 75 
419 294 69 72 49 48 14 59 456 274 80 35 19 86 15 59 433 290 81 32 18 33 74 63 
59 180 412 63 45 103 55 107 49 351 270 47 29 73 81 124 41 527 80 51 34 39 92 160 
3 299 331 108 89 53 46 95 14 480 145 105 64 60 37 119 37 459 122 103 60 74 38 131 
25 480 291 122 73 23 9 1 22 517 266 118 73 18 9 1 64 484 240 118 77 29 10 2 
101 629 161 76 51 6 0 0 61 675 152 74 55 5 2 0 219 530 131 62 64 16 2 0 
66 585 226 99 37 9 2 0 34 622 211 106 39 10 2 0 150 534 173 104 49 8 5 1 
6 488 370 80 36 10 13 21 5 447 361 119 32 24 11 25 44 526 286 79 24 24 11 30 
0 205 411 145 99 62 45 57 0 144 418 177 89 72 45 79 1 319 300 109 86 82 37 90 
21 109 394 244 104 66 62 24 17 96 347 285 111 60 45 63 33 201 378 149 86 59 41 77 
1 214 597 164 35 11 2 0 0 168 576 211 52 10 7 0 11 420 415 124 37 8 7 2 
6 194 510 198 60 38 18 0 4 137 522 220 71 36 34 0 14 305 403 161 67 37 22 15 
8 194 448 180 72 54 68 0 20 180 374 226 88 30 104 2 16 252 386 142 76 30 58 64 
0 0 0 0 0 0 0 1024 0 0 0 0 0 0 0 1024 0 0 0 0 0 0 0 1024 
28 41 6 11 25 15 136 762 2 60 12 6 19 19 32 874 3 57 11 7 9 23 13 901 
37 348 22 22 101 85 180 229 6 364 30 20 67 111 105 321 14 335 45 19 28 103 74 406 
3 484 160 108 110 101 57 1 12 281 403 70 55 132 44 27 37 288 370 60 31 95 92 51 
5 420 281 287 31 0 0 0 7 154 729 117 15 2 0 0 1 187 728 87 14 7 0 0 
3 292 496 196 37 0 0 0 25 534 392 71 2 0 0 0 38 574 357 54 1 0 0 0 
2 102 504 374 25 16 1 0 24 328 570 79 7 15 1 0 23 418 505 52 8 6 12 0 
27 195 524 145 102 31 0 0 49 468 322 75 77 33 0 0 57 500 282 73 39 66 7 0 
75 434 287 73 117 38 0 0 209 433 202 64 110 6 0 0 219 426 202 78 91 8 0 0 
338 224 60 60 257 75 10 0 487 95 55 107 225 49 6 0 495 84 63 96 208 58 20 0 
606 49 5 30 189 96 48 1 648 9 7 53 191 62 53 1 643 12 16 40 157 88 51 17 
294 220 18 71 277 68 59 17 462 62 17 138 216 48 63 18 486 35 19 91 242 59 36 56 
91 60 12 80 479 243 43 16 134 18 33 117 468 190 44 20 126 24 41 94 386 254 56 43 
193 46 121 252 323 85 4 0 216 33 120 254 316 82 3 0 211 28 73 267 252 182 10 1 
568 82 42 246 53 32 1 0 621 32 57 244 35 33 2 0 617 30 25 226 83 33 10 0 
433 277 32 181 79 22 0 0 676 42 30 195 59 22 0 0 682 32 32 113 136 29 0 0 
322 214 50 166 169 74 29 0 489 54 58 165 156 82 20 0 487 47 57 113 171 105 44 0 
553 156 64 199 50 2 0 0 680 35 66 193 48 2 0 0 682 28 45 190 76 3 0 0 
659 71 59 102 110 21 2 0 687 50 63 109 103 11 1 0 688 45 56 108 108 14 5 0 
455 151 60 96 198 52 12 0 533 89 66 99 188 41 8 0 528 89 52 98 187 62 8 0 
492 59 87 156 189 37 4 0 506 59 100 158 171 26 4 0 505 58 81 133 206 34 7 0 
294 166 85 218 242 19 0 0 407 77 87 226 221 6 0 0 407 72 76 214 234 21 0 0 
559 62 84 209 84 26 0 0 573 74 101 204 52 20 0 0 576 59 110 195 62 18 4 0 
253 317 231 191 18 5 5 4 302 310 258 121 16 7 4 6 319 289 236 142 19 7 3 9 
34 91 296 288 149 102 61 3 36 105 337 184 151 120 70 21 38 80 287 209 135 131 84 60 
98 347 108 131 129 100 75 36 195 257 96 113 127 108 68 60 261 179 91 87 119 131 65 91 
99 455 69 49 32 14 30 276 247 342 22 47 31 15 26 294 326 258 17 38 43 15 26 301 
2 94 281 97 95 102 88 265 3 190 197 79 81 96 97 281 10 261 90 76 82 86 92 327 
4 342 441 90 55 49 24 19 18 593 191 73 53 53 16 27 77 581 131 72 54 56 21 32 
6 341 348 155 96 50 20 8 2 395 290 150 84 62 27 14 8 380 272 146 92 66 34 26 
10 623 249 89 35 15 3 0 8 660 202 102 31 12 7 2 59 661 157 84 42 12 7 2 
24 677 219 65 31 4 4 0 7 733 183 56 35 6 4 0 143 651 136 49 33 8 2 2 
24 619 242 99 23 12 5 0 11 598 249 111 30 11 10 4 176 506 218 66 33 10 7 8 
2 380 286 100 78 70 61 47 1 340 293 113 79 73 52 73 39 410 213 84 68 68 53 89 
2 139 437 243 96 52 46 9 0 102 397 300 92 58 46 29 10 234 425 145 79 50 41 40 
0 39 432 298 176 70 9 0 0 24 351 330 186 104 26 3 1 132 394 197 147 104 43 6 
0 101 483 225 127 45 34 9 1 95 398 267 135 79 25 24 3 181 402 163 124 83 30 38 
0 292 520 124 60 28 0 0 0 244 480 182 70 40 8 0 14 420 382 96 58 36 18 0 
0 1 1 1 1 2 40 978 0 0 1 1 1 3 4 1014 0 0 0 2 1 1 2 1018 
0 0 0 0 0 0 0 1024 0 0 0 0 0 0 0 1024 0 0 0 0 0 0 0 1024 
0 0 0 0 0 0 0 1024 0 0 0 0 0 0 0 1024 0 0 0 0 0 0 0 1024 
0 0 0 0 0 36 151 837 0 0 0 0 0 23 52 949 0 0 0 0 0 1 40 983 
0 38 21 31 82 159 248 445 0 0 46 35 58 141 147 597 0 0 46 23 30 96 149 680 
0 314 28 57 86 173 249 117 0 18 317 39 71 153 172 254 0 14 317 26 58 90 175 344 
0 377 142 123 112 185 85 0 0 78 500 61 83 172 117 13 0 95 473 48 70 112 170 56 
82 266 265 107 241 63 0 0 51 282 303 42 189 157 0 0 37 299 276 48 81 260 23 0 
156 437 319 72 37 3 0 0 204 441 314 49 16 0 0 0 216 425 330 42 11 0 0 0 
319 375 164 64 73 10 19 0 422 386 81 86 20 11 18 0 439 368 101 63 18 12 14 9 
388 291 204 66 18 13 21 23 457 380 73 43 13 12 23 23 465 378 76 31 10 13 15 36 
256 422 211 34 18 16 25 42 414 442 44 28 15 15 17 49 429 404 61 27 17 14 17 55 
208 353 224 33 93 39 23 51 282 446 72 22 105 21 22 54 294 424 70 31 79 44 18 64 
182 233 268 123 123 65 17 13 312 183 226 96 110 65 15 17 317 170 216 103 91 82 24 21 
300 239 210 151 91 18 15 0 415 197 168 142 71 14 17 0 427 161 169 147 80 15 25 0 
154 342 176 245 82 22 3 0 387 158 162 241 55 21 0 0 401 129 171 195 101 21 6 0 
158 310 184 237 96 39 0 0 366 179 141 220 85 33 0 0 382 159 126 216 91 47 3 0 
425 146 143 189 101 20 0 0 522 88 140 170 91 13 0 0 523 83 118 171 110 19 0 0 
425 110 164 159 128 37 1 0 469 113 141 159 111 31 0 0 466 101 116 171 133 36 1 0 
494 126 76 224 67 26 11 0 575 59 87 209 57 24 13 0 571 58 57 219 72 31 16 0 
408 64 115 268 131 38 0 0 418 66 142 247 123 28 0 0 418 57 129 232 146 41 1 0 
396 76 79 225 225 22 1 0 440 39 92 250 194 8 1 0 438 40 66 239 224 16 1 0 
453 82 143 215 84 41 6 0 480 74 176 171 91 29 3 0 474 62 153 186 94 48 7 0 
229 239 262 239 44 10 1 0 272 213 298 209 23 8 1 0 267 213 275 219 40 4 6 0 
64 136 375 347 61 27 14 0 79 175 422 243 53 26 22 4 74 146 386 289 67 24 27 11 
113 256 426 91 65 47 24 2 168 273 369 69 58 57 26 4 174 226 379 86 61 45 40 13 
107 423 217 61 45 34 54 83 180 408 136 67 47 32 49 105 215 367 129 56 59 39 34 125 
0 155 309 161 92 58 56 193 2 258 206 150 86 54 54 214 16 290 135 136 104 58 62 223 
11 451 360 120 44 24 9 5 10 609 229 98 35 26 7 10 88 583 180 84 37 29 13 10 
17 459 258 132 85 43 21 9 19 510 231 121 65 39 26 13 89 481 187 107 74 36 33 17 
18 593 273 83 37 11 6 3 20 666 209 66 43 11 7 2 126 618 154 59 41 17 5 4 
24 672 241 63 20 3 1 0 34 694 209 57 24 5 1 0 163 621 152 58 20 9 1 0 
79 561 258 94 30 2 0 0 60 562 244 113 40 4 1 0 217 439 224 90 42 11 1 0 
36 428 468 63 20 8 1 0 27 390 449 114 25 17 2 0 102 463 355 61 24 15 4 0 
14 432 482 82 13 1 0 0 8 384 422 185 21 3 1 0 69 445 400 86 17 6 1 0 
15 395 416 135 60 3 0 0 16 320 439 152 77 20 0 0 39 472 281 125 72 31 4 0 
109 529 247 67 54 10 7 1 116 439 313 63 54 29 3 7 189 516 156 63 49 39 5 7 
34 420 258 112 42 50 50 58 42 398 260 100 56 42 48 78 28 394 204 128 68 32 66 104 
346 492 13 12 8 12 72 69 405 381 60 12 9 10 20 127 396 328 114 13 12 8 13 140 
44 368 15 12 11 12 53 509 48 276 98 13 11 12 21 545 41 183 190 14 12 11 13 560 
0 53 9 6 6 10 15 925 0 49 10 7 7 7 13 931 0 33 24 8 6 5 10 938 
0 0 0 0 0 0 0 1024 0 0 0 0 0 0 0 1024 0 0 0 0 0 0 0 1024 
0 0 0 0 0 0 0 1024 0 0 0 0 0 0 0 1024 0 0 0 0 0 0 0 1024 
0 0 0 0 0 0 4 1020 0 0 0 0 0 0 0 1024 0 0 0 0 0 0 0 1024 
0 0 0 0 0 10 198 816 0 0 0 0 0 1 75 948 0 0 0 0 0 0 16 1008 
0 32 9 12 46 118 285 522 0 5 34 8 26 93 229 629 0 1 34 9 13 50 141 776 
0 315 23 11 21 104 293 257 0 4 318 18 17 70 244 353 0 6 310 20 13 22 133 520 
0 550 120 21 12 36 267 18 0 157 512 17 12 11 217 98 0 158 500 20 10 11 43 282 
0 562 366 57 8 6 25 0 0 363 605 16 5 5 30 0 0 355 603 24 3 5 9 25 
0 346 603 70 5 0 0 0 2 651 341 30 0 0 0 0 4 654 342 24 0 0 0 0 
0 101 655 244 24 0 0 0 5 502 455 58 4 0 0 0 10 569 396 43 6 0 0 0 
62 104 494 295 54 14 1 0 73 163 537 215 25 10 1 0 64 132 506 259 49 12 2 0 
9 152 669 170 22 2 0 0 13 262 621 113 15 0 0 0 9 173 658 162 21 1 0 0 
0 99 649 210 56 10 0 0 0 252 571 148 45 8 0 0 0 141 621 196 54 11 1 0 
1 107 566 281 65 4 0 0 3 209 541 220 47 4 0 0 3 128 567 255 66 5 0 0 
12 135 609 233 31 4 0 0 31 293 518 153 25 4 0 0 29 204 546 204 37 3 1 0 
66 148 559 207 41 3 0 0 91 255 510 147 18 3 0 0 90 213 523 170 24 4 0 0 
60 108 557 268 29 2 0 0 81 221 538 174 9 1 0 0 84 173 538 210 18 1 0 0 
119 147 431 287 40 0 0 0 141 280 370 223 10 0 0 0 146 238 380 239 21 0 0 0 
189 120 271 381 63 0 0 0 220 167 367 248 22 0 0 0 224 169 331 267 33 0 0 0 
208 131 325 342 18 0 0 0 242 166 416 191 9 0 0 0 239 171 371 231 12 0 0 0 
167 217 341 269 30 0 0 0 205 236 381 185 17 0 0 0 203 235 355 196 33 2 0 0 
104 208 410 249 37 15 1 0 150 284 372 163 36 18 1 0 144 278 341 184 44 28 5 0 
170 299 381 125 36 6 6 1 239 323 305 99 44 6 6 2 241 296 294 119 57 7 7 3 
81 488 137 54 36 31 30 167 131 489 85 43 39 23 20 194 167 427 101 42 28 36 18 205 
1 136 142 100 124 81 164 276 25 183 80 88 103 83 103 359 54 180 37 60 104 93 97 399 
7 584 328 51 29 16 7 2 24 769 123 47 26 20 8 7 135 706 76 37 29 16 14 11 
10 401 253 136 118 64 33 9 14 427 217 137 114 60 35 20 43 394 195 135 105 68 48 36 
35 725 181 60 16 6 1 0 20 771 153 51 21 4 4 0 206 633 109 47 20 6 3 0 
29 753 174 42 23 3 0 0 40 780 141 42 17 4 0 0 214 667 84 38 15 5 1 0 
105 499 169 95 68 71 17 0 98 474 185 95 65 71 33 3 176 397 165 96 68 56 53 13 
71 309 146 121 157 201 19 0 44 337 138 98 135 179 93 0 121 237 138 82 109 149 178 10 
128 326 177 163 165 65 0 0 121 309 182 137 172 98 5 0 120 279 179 119 168 123 36 0 
94 353 271 139 103 39 19 6 87 308 279 146 113 47 25 19 64 314 233 160 112 75 31 35 
429 291 144 83 34 22 14 7 412 291 146 78 41 25 14 17 426 254 126 101 51 25 18 23 
78 186 208 176 148 120 68 40 84 162 200 162 138 142 58 78 18 154 182 176 140 126 120 108 
878 146 0 0 0 0 0 0 996 28 0 0 0 0 0 0 994 30 0 0 0 0 0 0 
863 161 0 0 0 0 0 0 949 41 34 0 0 0 0 0 929 55 40 0 0 0 0 0 
91 389 59 266 186 4 6 23 120 151 344 359 16 4 5 25 117 142 547 177 5 3 6 27 
57 503 64 11 11 15 18 345 87 214 324 9 7 15 12 356 85 172 364 11 7 12 14 359 
113 399 12 16 4 12 25 443 85 156 278 15 10 2 22 456 90 151 271 12 16 4 12 468 
65 419 46 14 28 14 19 419 64 168 281 27 13 26 16 429 72 153 273 34 18 22 15 437 
40 387 73 19 17 8 9 471 51 152 270 38 15 18 0 480 57 146 244 63 11 19 4 480 
50 413 58 33 7 5 33 425 59 142 299 41 20 5 16 442 58 141 289 34 32 9 9 452 
8 407 97 5 21 6 6 474 35 171 306 0 17 15 0 480 36 197 279 0 10 20 2 480 
135 370 19 6 19 20 62 393 130 83 306 6 14 27 7 451 130 91 291 11 10 28 10 453 
138 407 12 4 34 11 207 211 149 61 341 6 34 10 89 334 149 81 314 9 11 31 8 421 
195 485 187 38 11 16 75 17 244 234 391 29 13 10 36 67 245 230 373 43 11 14 16 92 
147 157 342 242 133 3 0 0 203 274 306 188 53 0 0 0 209 283 288 157 87 0 0 0 
172 206 309 251 79 7 0 0 272 150 355 182 61 4 0 0 270 127 314 235 72 5 1 0 
137 235 484 148 18 2 0 0 236 237 424 116 11 0 0 0 249 154 463 140 17 1 0 0 
61 315 576 67 4 1 0 0 159 368 459 36 2 0 0 0 171 248 543 59 3 0 0 0 
239 209 459 107 10 0 0 0 334 208 414 63 5 0 0 0 338 139 441 95 11 0 0 0 
265 85 454 181 30 9 0 0 276 154 445 121 20 7 1 0 276 114 416 182 26 9 1 0 
300 132 397 170 25 0 0 0 327 194 379 114 10 0 0 0 325 135 392 153 19 0 0 0 
262 146 450 151 14 1 0 0 309 238 382 86 8 1 0 0 310 180 416 107 10 1 0 0 
138 275 426 174 11 0 0 0 249 277 383 110 5 0 0 0 270 207 394 146 7 0 0 0 
156 127 390 342 9 0 0 0 189 354 384 95 2 0 0 0 195 315 370 140 4 0 0 0 
289 48 494 192 1 0 0 0 295 126 509 93 1 0 0 0 294 94 498 137 1 0 0 0 
270 94 461 199 0 0 0 0 280 208 451 85 0 0 0 0 283 170 445 126 0 0 0 0 
243 80 646 55 0 0 0 0 257 268 494 5 0 0 0 0 256 249 509 10 0 0 0 0 
105 373 518 13 5 2 5 3 150 698 148 9 7 2 5 5 147 637 209 11 10 0 4 6 
26 739 148 20 27 28 22 14 39 805 60 18 20 32 22 28 88 735 74 19 11 32 26 39 
1 68 82 83 157 170 312 151 17 115 34 66 128 152 255 257 20 117 28 46 96 128 155 434 
1 296 570 87 38 23 9 0 15 717 150 59 44 23 8 8 82 688 105 55 44 26 12 12 
9 505 304 117 33 33 21 2 10 517 269 133 41 24 19 11 86 485 223 107 61 17 21 24 
13 771 188 25 15 10 2 0 10 818 141 32 11 8 4 0 236 656 77 32 10 8 5 0 
23 583 212 115 58 30 3 0 19 585 192 105 80 35 8 0 117 505 162 99 81 42 14 4 
32 332 245 184 133 88 10 0 23 322 227 185 137 108 22 0 73 266 192 182 130 116 64 1 
57 674 133 75 59 26 0 0 50 676 124 75 57 40 2 0 305 425 107 68 54 51 14 0 
86 311 248 221 135 23 0 0 74 298 236 205 140 71 0 0 62 254 226 205 161 109 7 0 
125 344 348 147 57 3 0 0 118 279 369 157 86 15 0 0 103 330 317 145 99 30 0 0 
28 350 385 90 49 97 25 0 26 215 487 111 45 56 84 0 21 456 260 98 37 47 81 24 
32 478 214 212 68 20 0 0 22 390 254 210 106 38 4 0 68 474 162 170 92 46 12 0 
889 135 0 0 0 0 0 0 1008 16 0 0 0 0 0 0 1013 11 0 0 0 0 0 0 
915 109 0 0 0 0 0 0 1004 20 0 0 0 0 0 0 1008 16 0 0 0 0 0 0 
89 123 20 212 534 46 0 0 171 62 72 472 246 1 0 0 165 88 139 496 135 1 0 0 
469 479 32 42 2 0 0 0 724 226 31 43 0 0 0 0 813 138 38 35 0 0 0 0 
744 278 2 0 0 0 0 0 945 79 0 0 0 0 0 0 968 56 0 0 0 0 0 0 
572 406 30 14 2 0 0 0 841 149 20 13 1 0 0 0 846 138 20 17 3 0 0 0 
637 342 32 13 0 0 0 0 871 123 18 12 0 0 0 0 872 116 20 16 0 0 0 0 
456 392 157 19 0 0 0 0 498 461 56 9 0 0 0 0 475 402 139 8 0 0 0 0 
308 175 418 105 18 0 0 0 379 372 247 20 6 0 0 0 397 459 149 14 5 0 0 0 
566 404 54 0 0 0 0 0 751 273 0 0 0 0 0 0 859 165 0 0 0 0 0 0 
787 237 0 0 0 0 0 0 966 58 0 0 0 0 0 0 981 43 0 0 0 0 0 0 
457 418 28 70 46 5 0 0 735 161 30 74 22 2 0 0 768 129 29 69 27 2 0 0 
183 216 15 96 418 96 0 0 318 83 30 164 373 56 0 0 330 73 32 146 372 71 0 0 
673 338 2 5 6 0 0 0 953 58 2 5 6 0 0 0 968 43 1 5 7 0 0 0 
477 514 31 2 0 0 0 0 794 221 9 0 0 0 0 0 853 165 6 0 0 0 0 0 
224 639 157 4 0 0 0 0 563 436 23 2 0 0 0 0 657 347 20 0 0 0 0 0 
283 452 229 59 1 0 0 0 615 311 94 4 0 0 0 0 663 323 36 2 0 0 0 0 
659 243 107 8 4 3 0 0 823 173 19 5 3 1 0 0 871 139 9 4 1 0 0 0 
1012 12 0 0 0 0 0 0 1024 0 0 0 0 0 0 0 1024 0 0 0 0 0 0 0 
684 194 109 37 0 0 0 0 784 226 14 0 0 0 0 0 823 166 35 0 0 0 0 0 
698 134 141 46 5 0 0 0 729 231 41 17 6 0 0 0 713 234 49 21 6 1 0 0 
850 106 41 22 5 0 0 0 869 91 38 15 11 0 0 0 858 93 45 13 15 0 0 0 
873 111 32 7 1 0 0 0 871 108 36 7 2 0 0 0 859 116 40 7 2 0 0 0 
990 30 1 3 0 0 0 0 991 29 1 3 0 0 0 0 987 33 1 3 0 0 0 0 
433 162 257 89 61 17 4 1 450 239 142 97 59 32 4 1 448 207 147 101 58 54 5 4 
41 204 293 242 148 60 27 9 42 184 273 224 176 71 37 17 41 168 249 208 192 90 51 25 
19 856 56 26 33 12 12 10 46 844 38 23 33 14 8 18 75 802 44 23 33 16 12 19 
0 32 56 78 88 60 59 651 3 45 51 80 61 63 60 661 0 48 38 51 80 68 62 677 
6 347 573 57 19 13 6 3 5 638 313 23 17 14 10 4 45 799 110 23 16 16 10 5 
20 601 251 92 33 18 8 1 12 692 196 56 38 17 9 4 147 591 161 52 39 17 9 8 
12 499 284 140 47 41 1 0 10 701 182 43 39 38 11 0 184 586 125 35 34 27 33 0 
9 202 231 189 172 194 27 0 10 249 219 134 160 167 85 0 27 233 181 126 133 159 152 13 
68 642 146 67 51 44 6 0 50 634 155 72 50 58 5 0 206 492 139 62 48 43 34 0 
168 424 232 88 65 34 9 4 117 461 214 102 67 42 14 7 108 431 222 106 78 44 25 10 
226 436 193 94 60 15 0 0 198 433 198 97 71 25 2 0 198 404 200 101 69 46 6 0 
209 396 238 101 43 25 8 4 190 384 235 107 56 32 16 4 201 320 259 121 62 31 23 7 
573 238 157 32 14 7 2 1 570 212 165 50 15 6 4 2 558 193 178 63 16 8 6 2 
308 488 156 54 12 2 4 0 258 502 162 78 18 0 6 0 296 448 162 80 28 4 4 2 
930 94 0 0 0 0 0 0 1013 11 0 0 0 0 0 0 1020 4 0 0 0 0 0 0 
930 94 0 0 0 0 0 0 995 29 0 0 0 0 0 0 999 25 0 0 0 0 0 0 
130 86 19 15 555 219 0 0 181 53 13 149 618 10 0 0 178 55 26 303 462 0 0 0 
744 116 77 40 47 0 0 0 785 103 46 47 43 0 0 0 798 94 48 60 24 0 0 0 
872 152 0 0 0 0 0 0 1002 22 0 0 0 0 0 0 1006 18 0 0 0 0 0 0 
584 432 8 0 0 0 0 0 855 169 0 0 0 0 0 0 886 138 0 0 0 0 0 0 
589 430 5 0 0 0 0 0 829 192 3 0 0 0 0 0 836 185 3 0 0 0 0 0 
417 512 95 0 0 0 0 0 665 218 141 0 0 0 0 0 668 151 172 33 0 0 0 0 
294 157 185 382 6 0 0 0 380 158 439 47 0 0 0 0 401 226 388 9 0 0 0 0 
898 78 48 0 0 0 0 0 923 98 3 0 0 0 0 0 929 95 0 0 0 0 0 0 
349 245 313 114 3 0 0 0 496 265 236 27 0 0 0 0 505 323 168 28 0 0 0 0 
186 175 48 227 340 47 1 0 297 77 108 231 294 17 0 0 309 65 94 216 317 22 1 0 
625 351 10 4 16 18 0 0 884 95 7 3 18 17 0 0 917 62 7 3 18 17 0 0 
796 228 0 0 0 0 0 0 998 26 0 0 0 0 0 0 1008 16 0 0 0 0 0 0 
507 476 41 0 0 0 0 0 803 217 4 0 0 0 0 0 880 142 2 0 0 0 0 0 
138 568 277 41 0 0 0 0 454 494 73 3 0 0 0 0 570 421 31 2 0 0 0 0 
0 584 440 0 0 0 0 0 0 1024 0 0 0 0 0 0 0 1024 0 0 0 0 0 0 
445 375 175 29 0 0 0 0 662 325 37 0 0 0 0 0 689 329 6 0 0 0 0 0 
716 183 108 17 0 0 0 0 846 155 19 4 0 0 0 0 849 141 28 6 0 0 0 0 
541 189 105 157 19 12 1 0 606 259 91 32 22 13 1 0 580 237 127 36 26 16 2 0 
745 129 61 46 31 12 0 0 732 137 66 45 29 14 1 0 711 140 73 48 31 19 2 0 
643 226 76 34 33 10 2 0 691 189 66 32 25 19 2 0 655 217 66 33 29 20 4 0 
642 236 57 56 29 4 0 0 707 167 61 51 32 6 0 0 704 161 62 53 35 8 1 0 
385 392 168 51 22 6 0 0 414 392 137 50 21 10 0 0 450 332 144 55 23 15 5 0 
33 353 322 184 87 45 0 0 31 318 313 206 88 66 2 0 40 266 283 229 117 64 25 0 
17 240 369 181 122 58 19 18 11 190 367 196 150 62 24 24 9 161 339 216 142 90 34 33 
36 461 125 92 72 90 64 84 22 561 57 76 90 103 71 44 53 532 76 119 79 64 61 40 
0 0 1 13 26 54 77 853 0 1 2 9 24 46 74 868 0 0 2 5 20 31 74 892 
2 65 686 185 49 28 5 4 6 349 528 68 35 28 5 5 10 533 338 60 39 25 15 4 
24 444 331 152 57 9 6 1 1 492 304 137 68 18 2 2 61 438 277 143 72 24 6 3 
20 478 248 93 99 76 10 0 4 463 254 109 73 101 20 0 26 446 226 100 74 91 57 4 
245 453 189 79 39 18 1 0 206 477 184 81 46 27 3 0 272 413 169 84 45 32 9 0 
122 689 155 43 9 3 3 0 111 681 166 44 16 2 4 0 192 597 156 52 21 1 3 2 
108 536 233 107 33 5 2 0 61 532 252 119 49 4 7 0 79 465 269 122 72 10 5 2 
295 317 136 80 43 50 30 73 280 294 160 79 53 36 34 88 291 252 157 86 59 36 48 95 
203 272 240 139 68 39 30 33 214 232 240 142 83 34 32 47 163 209 257 146 115 47 29 58 
907 105 11 1 0 0 0 0 936 74 12 2 0 0 0 0 946 64 11 3 0 0 0 0 
114 304 354 192 58 2 0 0 124 258 344 222 72 4 0 0 148 168 346 244 102 16 0 0 
941 83 0 0 0 0 0 0 1016 8 0 0 0 0 0 0 1018 6 0 0 0 0 0 0 
421 603 0 0 0 0 0 0 1024 0 0 0 0 0 0 0 1024 0 0 0 0 0 0 0 
42 221 33 25 437 266 0 0 278 21 21 40 564 100 0 0 274 25 25 115 517 68 0 0 
170 655 24 46 129 0 0 0 781 43 17 56 125 2 0 0 777 46 18 65 114 4 0 0 
759 265 0 0 0 0 0 0 1000 24 0 0 0 0 0 0 1012 12 0 0 0 0 0 0 
200 817 7 0 0 0 0 0 644 380 0 0 0 0 0 0 700 324 0 0 0 0 0 0 
169 854 1 0 0 0 0 0 574 450 0 0 0 0 0 0 626 398 0 0 0 0 0 0 
122 696 152 54 0 0 0 0 481 313 134 96 0 0 0 0 553 216 70 146 39 0 0 0 
211 223 135 348 107 0 0 0 378 104 329 210 3 0 0 0 396 128 376 124 0 0 0 0 
929 65 24 6 0 0 0 0 985 16 21 2 0 0 0 0 989 16 17 2 0 0 0 0 
287 85 113 251 277 11 0 0 338 55 184 286 153 8 0 0 342 62 165 270 177 8 0 0 
327 195 92 273 135 2 0 0 461 106 118 276 63 0 0 0 471 100 117 262 73 1 0 0 
705 314 5 0 0 0 0 0 954 70 0 0 0 0 0 0 973 51 0 0 0 0 0 0 
738 242 39 5 0 0 0 0 909 94 19 2 0 0 0 0 922 83 19 0 0 0 0 0 
551 398 73 2 0 0 0 0 805 219 0 0 0 0 0 0 873 151 0 0 0 0 0 0 
193 450 282 85 11 3 0 0 404 483 109 22 6 0 0 0 613 330 67 10 4 0 0 0 
0 43 960 21 0 0 0 0 0 1003 17 4 0 0 0 0 0 921 99 4 0 0 0 0 
306 280 279 126 33 0 0 0 489 357 122 53 3 0 0 0 529 347 114 32 2 0 0 0 
259 422 316 27 0 0 0 0 486 510 28 0 0 0 0 0 576 422 26 0 0 0 0 0 
297 587 124 7 6 3 0 0 484 502 18 11 5 4 0 0 566 397 25 22 9 5 0 0 
293 477 209 27 12 6 0 0 421 513 49 21 12 8 0 0 523 395 59 23 15 8 1 0 
144 638 152 57 17 14 2 0 691 179 101 18 20 12 3 0 680 195 93 17 20 8 10 1 
433 569 20 2 0 0 0 0 721 299 4 0 0 0 0 0 834 188 2 0 0 0 0 0 
234 253 168 126 104 97 38 4 367 199 74 132 90 109 36 17 411 149 63 97 95 97 78 34 
30 275 257 237 115 83 27 0 37 274 239 239 101 93 36 5 65 216 208 225 128 101 65 16 
16 197 224 152 172 164 73 26 11 186 213 153 159 172 85 45 16 176 176 151 157 131 139 78 
27 524 200 79 59 59 45 31 52 625 116 63 39 54 46 29 110 578 95 68 44 50 48 31 
1 44 105 145 106 114 95 414 1 60 109 119 98 88 111 438 0 33 111 107 109 75 111 478 
0 89 616 202 41 32 12 32 3 347 506 61 28 24 18 37 3 550 300 57 26 29 20 39 
12 216 160 89 87 51 66 343 1 195 181 95 76 58 54 364 5 200 143 104 72 59 57 384 
6 64 228 234 151 70 68 203 0 55 211 257 126 97 66 212 1 45 90 342 115 113 79 239 
174 217 250 161 148 46 20 8 203 205 224 139 144 64 33 12 199 185 172 186 120 104 39 19 
117 495 271 109 31 0 1 0 121 443 274 137 42 5 1 1 120 401 274 150 68 8 2 1 
18 427 300 169 83 11 6 10 14 381 307 183 91 29 8 11 9 312 316 185 134 40 14 14 
166 212 218 214 88 26 29 71 177 170 198 200 140 32 23 84 162 151 184 187 161 64 16 99 
195 242 182 178 75 32 26 94 227 258 133 159 93 29 22 103 194 213 169 132 136 36 32 112 
230 182 197 217 176 20 2 0 231 147 179 200 198 67 1 1 188 161 163 178 200 123 10 1 
10 160 352 206 104 68 32 92 14 148 344 214 112 52 38 102 4 106 262 216 142 114 66 114 
946 78 0 0 0 0 0 0 985 39 0 0 0 0 0 0 994 30 0 0 0 0 0 0 
366 653 5 0 0 0 0 0 1009 10 5 0 0 0 0 0 1010 9 5 0 0 0 0 0 
138 173 21 24 451 217 0 0 294 37 21 55 492 125 0 0 293 38 22 85 402 184 0 0 
258 480 45 37 198 6 0 0 596 142 38 29 217 2 0 0 587 148 42 23 205 19 0 0 
708 316 0 0 0 0 0 0 1012 12 0 0 0 0 0 0 1019 5 0 0 0 0 0 0 
278 746 0 0 0 0 0 0 846 178 0 0 0 0 0 0 919 105 0 0 0 0 0 0 
208 815 1 0 0 0 0 0 714 310 0 0 0 0 0 0 808 216 0 0 0 0 0 0 
118 662 63 162 19 0 0 0 464 313 46 121 80 0 0 0 590 164 44 56 164 6 0 0 
166 254 55 219 314 16 0 0 345 97 124 358 100 0 0 0 362 89 177 340 56 0 0 0 
317 86 123 297 199 2 0 0 367 63 210 278 106 0 0 0 377 93 166 287 101 0 0 0 
522 288 41 44 129 0 0 0 698 133 26 85 82 0 0 0 726 106 24 84 84 0 0 0 
259 448 263 48 6 0 0 0 531 421 64 8 0 0 0 0 588 390 42 4 0 0 0 0 
48 351 499 111 15 0 0 0 143 633 190 58 0 0 0 0 175 607 206 36 0 0 0 0 
75 328 549 70 2 0 0 0 250 631 133 10 0 0 0 0 353 549 117 5 0 0 0 0 
327 354 111 122 102 8 0 0 565 154 101 116 74 14 0 0 587 130 114 104 60 29 0 0 
314 453 57 120 80 0 0 0 661 155 90 104 14 0 0 0 717 119 115 73 0 0 0 0 
0 6 983 16 19 0 0 0 0 919 72 27 6 0 0 0 0 687 305 27 5 0 0 0 
322 173 300 108 120 1 0 0 461 247 141 131 44 0 0 0 477 193 218 113 23 0 0 0 
325 299 322 32 28 16 2 0 469 392 75 35 32 17 4 0 446 310 103 92 34 24 14 1 
652 184 95 44 24 19 6 0 520 280 115 56 24 16 12 1 392 222 151 169 52 18 18 2 
603 256 122 13 18 10 2 0 623 306 50 13 19 7 6 0 513 302 121 48 17 13 8 2 
128 707 167 22 0 0 0 0 739 173 112 0 0 0 0 0 743 177 104 0 0 0 0 0 
548 463 13 0 0 0 0 0 813 206 5 0 0 0 0 0 876 146 2 0 0 0 0 0 
230 365 160 104 65 75 19 6 423 239 98 87 72 34 63 8 437 210 86 76 98 21 76 20 
60 237 145 141 134 180 123 4 84 240 134 96 149 112 200 9 66 235 138 82 151 77 188 87 
45 82 196 205 116 203 163 14 58 101 210 151 110 150 199 45 27 127 201 133 101 101 210 124 
23 294 239 113 47 146 153 9 49 344 188 98 29 64 229 23 58 329 190 71 48 34 139 155 
2 71 126 70 29 52 630 44 1 94 107 55 36 22 573 136 0 69 110 60 45 19 63 658 
0 118 382 436 36 14 32 6 12 252 575 105 12 22 13 33 26 350 525 40 8 17 16 42 
0 0 10 21 21 18 569 385 0 2 13 16 14 14 328 637 0 0 5 23 9 16 24 947 
0 8 189 62 59 22 432 252 0 2 201 61 45 28 104 583 0 0 104 136 46 43 17 678 
197 112 252 112 95 13 242 1 214 98 230 83 132 20 78 169 209 89 140 168 112 48 15 243 
112 295 272 264 17 19 45 0 142 222 245 318 26 10 57 4 135 145 260 288 115 14 18 49 
33 193 346 295 18 15 124 0 37 157 345 321 19 10 119 16 29 101 368 184 191 12 14 125 
241 86 326 313 49 4 5 0 254 68 289 286 112 8 7 0 241 66 179 284 220 25 4 5 
283 349 111 97 74 94 4 12 300 349 95 86 52 101 26 15 303 290 132 73 69 45 94 18 
548 140 79 42 29 13 59 114 565 118 70 39 35 15 18 164 556 111 73 46 38 18 11 171 
0 4 48 62 28 14 172 696 0 0 62 42 36 14 24 846 0 0 34 50 38 26 22 854 
992 32 0 0 0 0 0 0 1022 2 0 0 0 0 0 0 1023 1 0 0 0 0 0 0 
372 652 0 0 0 0 0 0 1024 0 0 0 0 0 0 0 1024 0 0 0 0 0 0 0 
188 229 22 18 316 251 0 0 376 60 18 54 291 225 0 0 376 55 23 52 206 312 0 0 
196 436 25 78 267 22 0 0 511 107 25 58 307 16 0 0 493 123 25 35 298 50 0 0 
624 397 3 0 0 0 0 0 967 56 1 0 0 0 0 0 982 41 1 0 0 0 0 0 
261 763 0 0 0 0 0 0 820 204 0 0 0 0 0 0 895 129 0 0 0 0 0 0 
143 878 3 0 0 0 0 0 665 359 0 0 0 0 0 0 796 228 0 0 0 0 0 0 
87 703 70 102 62 0 0 0 412 368 68 87 89 0 0 0 549 208 59 52 126 30 0 0 
7 259 95 345 256 62 0 0 103 216 171 339 170 25 0 0 179 156 236 303 129 21 0 0 
11 414 269 143 175 12 0 0 119 522 89 184 106 4 0 0 188 475 93 174 83 11 0 0 
86 319 359 156 73 31 0 0 199 437 239 89 43 17 0 0 230 458 211 67 41 17 0 0 
60 139 345 267 184 29 0 0 109 328 276 211 99 1 0 0 105 394 259 183 83 0 0 0 
6 168 502 301 43 4 0 0 107 286 343 264 24 0 0 0 107 272 266 337 42 0 0 0 
29 204 684 107 0 0 0 0 174 511 326 13 0 0 0 0 191 489 332 12 0 0 0 0 
129 310 140 178 130 92 45 0 301 171 145 140 128 95 44 0 350 131 138 125 109 122 48 1 
169 403 111 125 158 51 7 0 411 228 99 146 80 49 11 0 458 194 111 116 74 56 15 0 
0 14 971 7 32 0 0 0 2 793 191 11 27 0 0 0 16 421 548 10 29 0 0 0 
291 124 353 89 162 5 0 0 418 208 176 149 73 0 0 0 438 168 229 120 69 0 0 0 
559 134 272 24 13 10 12 0 723 207 33 24 11 11 14 1 662 182 84 54 13 12 11 6 
737 160 54 27 14 17 13 2 500 355 81 36 10 17 17 8 319 221 170 222 42 14 18 18 
638 259 62 36 18 8 2 1 443 437 67 33 32 7 4 1 316 225 230 182 33 29 6 3 
288 438 80 131 30 15 28 14 460 304 72 111 17 12 29 19 501 261 61 109 28 7 15 42 
317 292 115 127 40 34 91 8 439 193 125 103 29 31 57 47 429 203 107 115 26 30 38 76 
138 191 220 207 75 67 124 2 196 180 219 177 61 53 119 19 186 184 224 151 70 50 68 91 
19 66 199 377 175 89 94 5 37 114 146 333 201 77 76 40 27 128 115 194 281 137 55 87 
38 223 321 176 113 91 58 4 76 228 301 145 102 81 79 12 81 219 275 128 116 71 98 36 
48 287 126 83 80 92 308 0 69 316 103 48 56 85 272 75 91 284 104 44 35 75 101 290 
0 2 14 15 50 64 840 39 2 17 5 10 47 75 496 372 1 17 6 6 25 57 72 840 
0 48 535 380 14 10 37 0 2 225 661 68 15 7 10 36 7 355 559 29 20 7 2 45 
0 0 0 0 0 1 956 67 0 0 0 0 0 0 363 661 0 0 0 0 0 0 9 1015 
0 0 0 0 0 2 717 305 0 0 0 0 0 0 282 742 0 0 0 0 0 0 16 1008 
0 0 0 0 0 1 626 397 0 0 0 0 0 0 187 837 0 0 0 0 0 0 21 1003 
0 0 0 0 0 21 640 363 0 0 0 0 0 7 281 736 0 0 0 0 0 0 37 987 
0 0 0 0 0 12 783 229 0 0 0 0 0 8 235 781 0 0 0 0 0 0 15 1009 
0 2 6 2 3 8 992 11 0 0 6 3 3 6 235 771 0 0 0 8 2 3 8 1003 
10 2 3 6 2 121 880 0 10 1 3 5 4 47 495 459 6 5 3 2 5 2 121 880 
96 31 7 10 11 75 794 0 106 19 12 5 6 17 773 86 71 49 11 6 9 12 57 809 
0 0 0 0 34 324 666 0 0 0 0 0 20 82 878 44 0 0 0 0 0 32 156 836 
761 27 11 27 181 17 0 0 767 14 11 18 141 73 0 0 771 12 9 11 66 153 2 0 
310 651 10 11 40 2 0 0 935 23 10 7 23 26 0 0 936 20 12 5 17 34 0 0 
187 348 22 30 214 217 6 0 511 45 25 23 215 205 0 0 482 70 25 24 131 292 0 0 
117 440 17 289 161 0 0 0 435 95 30 250 214 0 0 0 413 116 30 49 397 19 0 0 
709 315 0 0 0 0 0 0 992 32 0 0 0 0 0 0 1001 23 0 0 0 0 0 0 
203 819 2 0 0 0 0 0 821 203 0 0 0 0 0 0 884 140 0 0 0 0 0 0 
163 861 0 0 0 0 0 0 773 251 0 0 0 0 0 0 842 182 0 0 0 0 0 0 
42 706 108 127 41 0 0 0 239 521 74 106 84 0 0 0 300 431 76 55 128 34 0 0 
61 281 61 285 249 87 0 0 141 233 81 389 144 36 0 0 189 180 100 403 125 27 0 0 
55 408 283 96 175 7 0 0 170 516 112 139 87 0 0 0 238 472 103 149 62 0 0 0 
12 409 220 182 147 54 0 0 136 451 180 126 105 26 0 0 187 433 168 120 93 23 0 0 
52 109 353 322 175 13 0 0 80 251 374 242 77 0 0 0 67 322 344 226 65 0 0 0 
0 130 558 266 70 0 0 0 174 280 354 179 37 0 0 0 196 277 320 189 30 12 0 0 
43 256 598 122 5 0 0 0 204 508 250 62 0 0 0 0 246 442 278 58 0 0 0 0 
335 444 123 31 22 41 28 0 596 252 65 26 19 47 19 0 630 221 63 25 15 43 27 0 
158 270 88 176 147 123 60 2 303 164 102 179 98 103 75 0 298 161 135 148 79 107 94 2 
0 21 948 10 44 1 0 0 47 850 79 7 41 0 0 0 62 489 425 8 35 5 0 0 
178 304 320 82 129 7 4 0 376 356 94 103 83 2 2 8 422 253 158 89 87 3 2 10 
470 238 294 12 3 2 3 2 783 170 42 17 4 2 3 3 762 167 53 25 8 2 2 5 
420 121 86 103 125 40 71 58 264 270 91 122 100 40 44 93 176 125 171 223 133 41 40 115 
814 151 35 10 7 5 2 0 809 145 38 16 6 6 3 1 740 121 89 49 8 11 5 1 
389 78 102 388 67 0 0 0 428 48 191 327 30 0 0 0 424 44 154 351 51 0 0 0 
123 241 330 226 46 37 21 0 143 280 293 202 43 30 32 1 141 258 252 193 95 40 28 17 
8 107 401 344 56 64 41 3 15 156 385 300 58 42 63 5 14 158 306 267 143 46 54 36 
47 244 222 286 53 90 82 0 51 292 178 268 60 61 114 0 86 262 161 163 156 54 93 49 
18 561 346 38 26 32 3 0 28 691 198 42 24 34 7 0 39 738 122 51 23 17 34 0 
53 327 69 29 32 315 199 0 99 301 52 16 23 204 319 10 125 278 45 13 11 28 333 191 
0 13 50 13 78 386 481 3 0 57 12 8 54 173 699 21 0 51 19 4 19 99 441 391 
0 7 299 196 40 72 218 192 0 74 364 48 41 40 147 310 0 141 303 38 33 26 71 412 
0 0 0 4 55 255 710 0 0 0 0 0 45 114 795 70 0 0 0 0 9 63 332 620 
0 0 0 0 20 169 795 40 0 0 0 0 11 120 670 223 0 0 0 0 0 49 180 795 
0 0 0 1 14 212 771 26 0 0 0 0 6 125 522 371 0 0 0 0 2 26 241 755 
0 0 0 0 17 218 649 140 0 0 0 0 8 93 507 416 0 0 0 0 0 29 251 744 
0 0 0 0 22 180 508 314 0 0 0 0 10 113 319 582 0 0 0 0 0 33 209 782 
0 0 0 4 26 113 602 279 0 0 0 6 18 39 213 748 0 0 0 0 16 27 116 865 
0 0 0 0 5 44 870 105 0 0 0 0 3 34 161 826 0 0 0 0 0 7 47 970 
0 0 0 0 0 2 1022 0 0 0 0 0 0 0 337 687 0 0 0 0 0 0 1 1023 
0 0 0 0 0 12 1012 0 0 0 0 0 0 0 824 200 0 0 0 0 0 0 2 1022 
502 63 72 180 182 25 0 0 510 60 90 150 171 43 0 0 469 79 85 137 131 123 0 0 
497 34 41 106 294 52 0 0 491 37 35 103 260 98 0 0 473 47 37 57 257 139 14 0 
119 63 72 191 386 193 0 0 150 41 78 193 347 215 0 0 132 46 78 179 278 301 10 0 
179 305 42 413 85 0 0 0 445 29 38 369 143 0 0 0 444 30 29 136 380 5 0 0 
761 261 2 0 0 0 0 0 946 77 1 0 0 0 0 0 949 75 0 0 0 0 0 0 
339 685 0 0 0 0 0 0 918 106 0 0 0 0 0 0 972 52 0 0 0 0 0 0 
259 765 0 0 0 0 0 0 884 140 0 0 0 0 0 0 917 107 0 0 0 0 0 0 
60 671 79 91 123 0 0 0 339 418 36 62 169 0 0 0 398 332 49 32 100 113 0 0 
8 312 73 178 317 123 13 0 66 293 68 302 186 94 15 0 132 228 90 276 185 78 35 0 
106 542 225 72 56 23 0 0 279 549 82 65 45 4 0 0 468 358 88 65 43 2 0 0 
4 262 453 278 26 1 0 0 38 526 385 70 5 0 0 0 59 553 363 45 4 0 0 0 
38 233 424 231 95 3 0 0 88 426 336 133 41 0 0 0 113 451 307 113 39 1 0 0 
77 519 299 102 26 1 0 0 185 613 151 57 18 0 0 0 357 454 137 48 28 0 0 0 
259 441 190 100 34 0 0 0 471 337 128 75 13 0 0 0 517 298 129 69 11 0 0 0 
191 463 320 45 5 0 0 0 414 468 130 12 0 0 0 0 482 446 92 4 0 0 0 0 
96 212 365 163 134 47 7 0 146 289 298 143 107 36 5 0 145 352 227 146 95 50 9 0 
0 200 537 109 81 74 23 0 141 472 150 100 64 74 22 1 165 337 261 94 54 67 33 13 
8 143 225 427 78 33 77 33 61 187 202 374 55 32 58 55 72 136 230 314 124 25 28 95 
224 280 102 217 33 25 91 52 358 167 111 183 45 14 47 99 362 158 100 169 59 21 28 127 
93 217 202 323 146 22 12 9 169 173 218 336 94 16 9 9 189 174 198 325 101 15 12 10 
236 371 189 228 0 0 0 0 365 243 156 218 42 0 0 0 366 202 129 173 154 0 0 0 
8 71 257 582 91 9 6 0 12 83 278 527 107 6 9 2 6 63 223 479 230 11 5 7 
9 89 267 334 140 78 102 5 16 128 258 248 184 61 113 16 39 109 176 169 300 77 61 93 
73 290 202 128 97 188 45 1 120 303 165 82 105 125 119 5 167 273 134 56 129 28 211 26 
75 176 24 21 27 230 392 79 85 162 14 24 18 94 440 187 89 152 14 13 24 17 269 446 
2 23 14 6 16 437 480 46 1 25 10 5 6 122 564 291 3 20 10 5 3 10 544 429 
0 0 0 0 0 742 276 6 0 0 0 0 0 492 426 106 0 0 0 0 0 0 789 235 
0 0 0 0 13 614 397 0 0 0 0 0 0 372 646 6 0 0 0 0 0 60 655 309 
0 0 0 0 1 85 815 123 0 0 0 0 0 7 720 297 0 0 0 0 0 1 202 821 
0 0 0 0 0 99 918 7 0 0 0 0 0 0 926 98 0 0 0 0 0 0 219 805 
0 0 0 0 0 1 1023 0 0 0 0 0 0 0 1015 9 0 0 0 0 0 0 73 951 
0 0 0 0 7 48 969 0 0 0 0 0 1 22 1000 1 0 0 0 0 0 8 109 907 
0 0 0 0 1 181 842 0 0 0 0 0 0 47 961 16 0 0 0 0 0 5 226 793 
0 0 0 2 33 261 728 0 0 0 0 0 19 108 875 22 0 0 0 0 5 38 290 691 
0 0 0 1 26 239 758 0 0 0 0 0 15 78 931 0 0 0 0 0 2 28 232 762 
0 0 2 47 74 300 601 0 0 0 2 32 71 101 807 11 0 0 0 8 54 66 304 592 
0 0 11 51 90 609 263 0 0 0 6 43 62 305 608 0 0 0 0 23 46 92 596 267 
0 0 0 0 38 676 310 0 0 0 0 0 16 108 900 0 0 0 0 0 0 32 516 476 
655 63 168 52 59 27 0 0 655 66 164 43 40 56 0 0 652 65 157 46 31 70 3 0 
422 88 215 220 62 17 0 0 433 91 227 185 60 28 0 0 411 96 202 199 69 40 7 0 
574 30 41 63 163 153 0 0 571 46 41 50 208 108 0 0 555 46 38 65 198 122 0 0 
350 62 60 387 165 0 0 0 347 46 70 307 251 3 0 0 348 46 66 127 404 33 0 0 
1020 4 0 0 0 0 0 0 1024 0 0 0 0 0 0 0 1024 0 0 0 0 0 0 0 
604 420 0 0 0 0 0 0 966 58 0 0 0 0 0 0 1005 19 0 0 0 0 0 0 
360 664 0 0 0 0 0 0 927 97 0 0 0 0 0 0 965 59 0 0 0 0 0 0 
164 557 85 96 122 0 0 0 422 317 49 59 177 0 0 0 415 298 60 39 106 106 0 0 
19 468 241 45 79 169 3 0 126 511 111 55 79 136 6 0 209 435 105 51 70 129 25 0 
63 532 328 89 12 0 0 0 182 637 144 60 1 0 0 0 332 482 146 64 0 0 0 0 
26 378 538 80 2 0 0 0 87 714 217 6 0 0 0 0 108 729 184 3 0 0 0 0 
18 331 556 96 18 5 0 0 43 717 212 42 10 0 0 0 46 742 196 28 12 0 0 0 
67 408 405 112 32 0 0 0 143 577 218 66 20 0 0 0 165 555 221 65 18 0 0 0 
127 580 229 79 9 0 0 0 288 558 110 56 12 0 0 0 347 497 95 70 15 0 0 0 
443 464 97 20 0 0 0 0 643 352 27 2 0 0 0 0 711 299 14 0 0 0 0 0 
203 368 361 61 27 4 0 0 279 522 151 48 21 3 0 0 314 491 149 47 20 3 0 0 
224 415 283 74 20 7 1 0 365 391 184 54 23 6 1 0 364 375 180 74 24 6 1 0 
237 66 184 417 120 0 0 0 247 93 221 377 86 0 0 0 255 102 220 332 115 0 0 0 
27 167 332 326 139 21 10 2 47 190 350 249 150 22 11 5 52 182 335 209 156 70 9 11 
0 27 194 385 219 184 15 0 0 64 246 317 173 181 42 1 2 88 275 226 124 148 154 7 
0 5 11 62 262 491 169 24 0 8 11 25 226 428 267 59 0 7 8 7 108 286 421 187 
15 93 188 155 127 129 291 26 14 158 160 106 129 74 316 67 18 157 159 78 111 60 174 267 
60 151 23 27 37 273 169 284 75 145 14 11 35 68 357 319 87 125 14 10 30 25 329 404 
0 0 0 0 0 205 183 636 0 0 0 0 0 68 248 708 0 0 0 0 0 0 208 816 
0 0 0 0 0 0 21 1003 0 0 0 0 0 0 0 1024 0 0 0 0 0 0 0 1024 
0 0 0 0 0 0 213 811 0 0 0 0 0 0 15 1009 0 0 0 0 0 0 0 1024 
0 0 0 0 0 0 252 772 0 0 0 0 0 0 30 994 0 0 0 0 0 0 0 1024 
0 0 0 0 0 0 422 602 0 0 0 0 0 0 128 896 0 0 0 0 0 0 0 1024 
0 0 0 0 0 0 352 672 0 0 0 0 0 0 84 940 0 0 0 0 0 0 0 1024 
0 0 0 0 0 0 301 723 0 0 0 0 0 0 90 934 0 0 0 0 0 0 0 1024 
0 0 0 0 0 0 480 544 0 0 0 0 0 0 190 834 0 0 0 0 0 0 0 1024 
0 0 0 0 0 0 477 547 0 0 0 0 0 0 457 567 0 0 0 0 0 0 0 1024 
0 0 0 0 0 0 590 434 0 0 0 0 0 0 553 471 0 0 0 0 0 0 0 1024 
0 0 0 0 0 0 742 282 0 0 0 0 0 0 625 399 0 0 0 0 0 0 0 1024 
0 0 0 0 0 6 928 90 0 0 0 0 0 0 685 339 0 0 0 0 0 0 25 999 
0 0 0 0 0 148 874 2 0 0 0 0 0 3 888 133 0 0 0 0 0 0 150 874 
0 0 0 0 10 523 478 13 0 0 0 0 4 87 837 96 0 0 0 0 0 12 468 544 
0 0 0 0 60 880 84 0 0 0 0 0 8 382 634 0 0 0 0 0 0 54 836 134 
17 18 633 79 104 173 0 0 12 19 621 79 73 172 48 0 14 29 541 111 63 102 164 0 
165 20 385 96 81 276 1 0 159 34 357 98 58 170 148 0 158 38 320 107 52 80 269 0 
71 49 154 209 235 306 0 0 66 61 147 214 241 160 135 0 60 66 104 211 267 125 191 0 
203 73 111 250 266 118 3 0 195 55 120 176 344 97 37 0 193 50 111 93 346 126 102 3 
919 33 46 7 9 10 0 0 921 22 50 11 6 7 7 0 919 19 45 18 6 6 11 0 
791 233 0 0 0 0 0 0 999 25 0 0 0 0 0 0 1013 11 0 0 0 0 0 0 
607 417 0 0 0 0 0 0 978 46 0 0 0 0 0 0 998 26 0 0 0 0 0 0 
176 560 71 112 105 0 0 0 361 395 39 56 173 0 0 0 346 386 44 36 112 100 0 0 
7 558 175 48 100 136 0 0 167 547 48 47 83 129 3 0 267 444 57 37 64 115 40 0 
98 626 274 23 3 0 0 0 197 728 84 15 0 0 0 0 237 679 89 19 0 0 0 0 
164 689 167 4 0 0 0 0 343 653 28 0 0 0 0 0 372 632 20 0 0 0 0 0 
71 613 330 8 2 0 0 0 158 781 78 7 0 0 0 0 168 787 62 7 0 0 0 0 
214 481 249 72 8 0 0 0 405 388 173 56 2 0 0 0 389 418 150 60 7 0 0 0 
356 470 162 36 0 0 0 0 483 457 55 27 2 0 0 0 472 441 78 31 2 0 0 0 
298 468 227 24 7 0 0 0 343 614 59 8 0 0 0 0 370 583 71 0 0 0 0 0 
227 424 307 62 4 0 0 0 254 539 196 28 7 0 0 0 238 534 214 24 14 0 0 0 
68 220 498 203 33 2 0 0 62 365 385 172 40 0 0 0 48 372 356 174 67 7 0 0 
73 56 235 356 291 12 1 0 72 130 214 428 160 17 3 0 72 179 213 358 170 26 6 0 
21 61 113 302 370 83 74 0 28 65 107 298 353 82 72 19 37 55 102 235 267 209 49 70 
0 81 331 166 40 138 256 12 2 164 313 102 29 63 318 33 19 207 265 86 30 21 144 252 
3 13 16 16 14 102 683 177 0 22 12 12 14 19 547 398 0 14 20 9 12 12 157 800 
0 0 0 0 0 20 332 672 0 0 0 0 0 0 250 774 0 0 0 0 0 0 62 962 
0 0 0 0 0 0 12 1012 0 0 0 0 0 0 0 1024 0 0 0 0 0 0 0 1024 
0 0 0 0 0 0 2 1022 0 0 0 0 0 0 0 1024 0 0 0 0 0 0 0 1024 
0 0 0 0 0 0 23 1001 0 0 0 0 0 0 0 1024 0 0 0 0 0 0 0 1024 
0 0 0 0 0 0 0 1024 0 0 0 0 0 0 0 1024 0 0 0 0 0 0 0 1024 
0 0 0 0 0 0 0 1024 0 0 0 0 0 0 0 1024 0 0 0 0 0 0 0 1024 
0 0 0 0 0 0 0 1024 0 0 0 0 0 0 0 1024 0 0 0 0 0 0 0 1024 
0 0 0 0 0 0 0 1024 0 0 0 0 0 0 0 1024 0 0 0 0 0 0 0 1024 
0 0 0 0 0 0 0 1024 0 0 0 0 0 0 0 1024 0 0 0 0 0 0 0 1024 
0 0 0 0 0 0 0 1024 0 0 0 0 0 0 0 1024 0 0 0 0 0 0 0 1024 
0 0 0 0 0 0 0 1024 0 0 0 0 0 0 0 1024 0 0 0 0 0 0 0 1024 
0 0 0 0 0 0 0 1024 0 0 0 0 0 0 0 1024 0 0 0 0 0 0 0 1024 
0 0 0 0 0 0 0 1024 0 0 0 0 0 0 0 1024 0 0 0 0 0 0 0 1024 
0 0 0 0 0 0 0 1024 0 0 0 0 0 0 0 1024 0 0 0 0 0 0 0 1024 
0 0 0 0 0 0 154 870 0 0 0 0 0 0 9 1015 0 0 0 0 0 0 0 1024 
0 0 0 0 0 2 329 693 0 0 0 0 0 0 262 762 0 0 0 0 0 0 0 1024 
0 0 0 0 0 16 440 568 0 0 0 0 0 0 380 644 0 0 0 0 0 0 16 1008 
0 81 407 197 69 270 0 0 0 95 412 166 24 236 91 0 1 113 466 97 25 78 244 0 
0 37 622 315 16 34 0 0 0 80 600 290 11 23 20 0 0 121 650 200 11 20 22 0 
0 13 849 154 8 0 0 0 0 118 771 134 1 0 0 0 0 253 696 75 0 0 0 0 
0 82 801 101 36 4 0 0 0 63 806 103 42 10 0 0 0 8 812 145 40 18 1 0 
716 46 260 2 0 0 0 0 708 35 280 1 0 0 0 0 707 24 265 28 0 0 0 0 
1018 6 0 0 0 0 0 0 1024 0 0 0 0 0 0 0 1024 0 0 0 0 0 0 0 
913 111 0 0 0 0 0 0 1009 15 0 0 0 0 0 0 1006 18 0 0 0 0 0 0 
397 341 84 168 34 0 0 0 505 256 47 80 136 0 0 0 477 263 46 48 180 10 0 0 
63 543 166 75 126 51 0 0 146 580 86 54 115 43 0 0 181 567 63 44 99 69 1 0 
105 782 137 0 0 0 0 0 310 693 21 0 0 0 0 0 360 642 22 0 0 0 0 0 
431 562 31 0 0 0 0 0 720 303 1 0 0 0 0 0 706 316 2 0 0 0 0 0 
530 466 25 3 0 0 0 0 822 185 15 2 0 0 0 0 731 277 13 3 0 0 0 0 
553 351 106 14 0 0 0 0 731 210 78 5 0 0 0 0 670 287 67 0 0 0 0 0 
200 513 276 35 0 0 0 0 215 653 150 6 0 0 0 0 272 591 155 6 0 0 0 0 
61 469 315 119 56 4 0 0 114 577 184 88 52 9 0 0 156 532 177 83 46 29 1 0 
46 196 288 168 153 152 21 0 87 217 235 156 118 160 49 2 112 187 190 166 94 151 104 20 
0 99 241 189 111 234 148 2 0 107 219 180 98 167 237 16 0 79 159 178 141 130 198 139 
0 127 181 204 63 52 331 66 0 157 186 185 30 24 235 207 19 166 197 124 45 15 59 399 
0 9 48 93 76 41 480 277 0 6 38 72 92 29 188 599 0 1 22 56 114 24 26 781 
2 3 6 4 8 17 295 689 0 3 5 3 6 9 154 844 0 0 3 5 3 7 14 992 
0 0 0 0 0 0 6 1018 0 0 0 0 0 0 0 1024 0 0 0 0 0 0 0 1024 
0 0 0 0 0 0 0 1024 0 0 0 0 0 0 0 1024 0 0 0 0 0 0 0 1024 
0 0 0 0 0 0 0 1024 0 0 0 0 0 0 0 1024 0 0 0 0 0 0 0 1024 
0 0 0 0 0 0 0 1024 0 0 0 0 0 0 0 1024 0 0 0 0 0 0 0 1024 
0 0 0 0 0 0 0 1024 0 0 0 0 0 0 0 1024 0 0 0 0 0 0 0 1024 
0 0 0 0 0 0 0 1024 0 0 0 0 0 0 0 1024 0 0 0 0 0 0 0 1024 
0 0 0 0 0 0 0 1024 0 0 0 0 0 0 0 1024 0 0 0 0 0 0 0 1024 
0 0 0 0 0 0 0 1024 0 0 0 0 0 0 0 1024 0 0 0 0 0 0 0 1024 
0 0 0 0 0 0 0 1024 0 0 0 0 0 0 0 1024 0 0 0 0 0 0 0 1024 
0 0 0 0 0 0 0 1024 0 0 0 0 0 0 0 1024 0 0 0 0 0 0 0 1024 
0 0 0 0 0 0 0 1024 0 0 0 0 0 0 0 1024 0 0 0 0 0 0 0 1024 
0 0 0 0 0 0 0 1024 0 0 0 0 0 0 0 1024 0 0 0 0 0 0 0 1024 
0 0 0 0 0 0 0 1024 0 0 0 0 0 0 0 1024 0 0 0 0 0 0 0 1024 
0 0 0 0 0 0 0 1024 0 0 0 0 0 0 0 1024 0 0 0 0 0 0 0 1024 
0 0 0 0 0 0 0 1024 0 0 0 0 0 0 0 1024 0 0 0 0 0 0 0 1024 
0 0 0 0 0 0 0 1024 0 0 0 0 0 0 0 1024 0 0 0 0 0 0 0 1024 
0 0 0 0 0 0 0 1024 0 0 0 0 0 0 0 1024 0 0 0 0 0 0 0 1024 
0 0 0 0 0 0 0 1024 0 0 0 0 0 0 0 1024 0 0 0 0 0 0 0 1024 
0 0 0 0 200 823 0 0 0 0 0 0 0 913 110 0 0 0 0 0 0 11 1012 0 
0 0 14 30 12 710 254 0 0 0 4 37 9 147 749 75 0 0 5 36 9 20 602 349 
0 17 263 192 52 273 226 0 0 12 273 167 39 73 439 18 0 23 297 123 37 53 228 260 
6 317 673 20 3 3 0 0 5 324 670 17 1 5 0 0 10 382 597 23 3 6 0 0 
745 61 206 9 0 0 0 0 761 43 211 7 0 0 0 0 761 43 167 51 0 0 0 0 
754 240 29 0 0 0 0 0 816 183 24 0 0 0 0 0 835 149 39 0 0 0 0 0 
379 512 83 49 0 0 0 0 469 422 76 37 18 0 0 0 514 372 70 35 32 0 0 0 
113 350 253 215 90 0 0 0 163 310 218 192 139 0 0 0 179 291 152 192 200 8 0 0 
68 310 265 226 153 0 0 0 131 285 218 163 217 7 0 0 158 253 178 123 221 87 0 0 
121 249 171 155 248 76 0 0 185 208 141 123 180 184 0 0 187 196 135 76 151 238 37 0 
183 315 34 67 157 265 0 0 322 177 21 44 120 263 74 0 137 355 19 26 74 171 238 0 
228 276 226 32 48 137 75 0 252 353 120 19 39 59 177 2 268 364 87 11 30 37 164 58 
7 359 310 203 117 19 6 0 20 441 250 166 103 28 6 6 64 424 211 156 98 44 12 11 
0 40 216 241 295 99 30 100 0 106 177 230 245 114 33 117 6 109 137 196 243 142 54 133 
0 2 33 75 171 268 157 314 0 1 34 67 124 229 220 346 0 0 32 54 78 162 231 465 
0 0 0 0 18 253 268 483 0 0 0 0 12 52 434 524 0 0 0 0 4 25 327 666 
0 0 0 0 0 16 353 654 0 0 0 0 0 0 186 837 0 0 0 0 0 0 35 988 
0 0 0 0 0 0 129 894 0 0 0 0 0 0 64 960 0 0 0 0 0 0 0 1024 
0 0 0 0 0 0 0 1024 0 0 0 0 0 0 0 1024 0 0 0 0 0 0 0 1024 
0 0 0 0 0 0 0 1024 0 0 0 0 0 0 0 1024 0 0 0 0 0 0 0 1024 
0 0 0 0 0 0 0 1024 0 0 0 0 0 0 0 1024 0 0 0 0 0 0 0 1024 
0 0 0 0 0 0 0 1024 0 0 0 0 0 0 0 1024 0 0 0 0 0 0 0 1024 
0 0 0 0 0 0 0 1024 0 0 0 0 0 0 0 1024 0 0 0 0 0 0 0 1024 
0 0 0 0 0 0 0 1024 0 0 0 0 0 0 0 1024 0 0 0 0 0 0 0 1024 
0 0 0 0 0 0 0 1024 0 0 0 0 0 0 0 1024 0 0 0 0 0 0 0 1024 
0 0 0 0 0 0 0 1024 0 0 0 0 0 0 0 1024 0 0 0 0 0 0 0 1024 
0 0 0 0 0 0 0 1024 0 0 0 0 0 0 0 1024 0 0 0 0 0 0 0 1024 
0 0 0 0 0 0 0 1024 0 0 0 0 0 0 0 1024 0 0 0 0 0 0 0 1024 
0 0 0 0 0 0 0 1024 0 0 0 0 0 0 0 1024 0 0 0 0 0 0 0 1024 
0 0 0 0 0 0 0 1024 0 0 0 0 0 0 0 1024 0 0 0 0 0 0 0 1024 
0 0 0 0 0 0 0 1024 0 0 0 0 0 0 0 1024 0 0 0 0 0 0 0 1024 
0 0 0 0 0 0 0 1024 0 0 0 0 0 0 0 1024 0 0 0 0 0 0 0 1024 
0 0 0 0 0 0 0 1024 0 0 0 0 0 0 0 1024 0 0 0 0 0 0 0 1024 
0 0 0 0 0 0 0 1024 0 0 0 0 0 0 0 1024 0 0 0 0 0 0 0 1024 
0 0 0 0 0 0 0 1024 0 0 0 0 0 0 0 1024 0 0 0 0 0 0 0 1024 
0 0 0 0 0 0 0 1024 0 0 0 0 0 0 0 1024 0 0 0 0 0 0 0 1024 
0 0 0 0 0 0 19 1004 0 0 0 0 0 0 0 1024 0 0 0 0 0 0 0 1024 
0 0 0 0 0 0 629 394 0 0 0 0 0 0 0 1024 0 0 0 0 0 0 0 1024 
