0 0 0 0 0 0 1024 0 0 0 0 0 0 0 511 513 0 0 0 0 0 0 0 1024 
0 0 0 0 0 0 375 649 0 0 0 0 0 0 0 1024 0 0 0 0 0 0 0 1024 
0 0 0 0 0 0 35 989 0 0 0 0 0 0 0 1024 0 0 0 0 0 0 0 1024 
0 0 0 0 0 0 0 1024 0 0 0 0 0 0 0 1024 0 0 0 0 0 0 0 1024 
0 0 0 0 0 0 0 1024 0 0 0 0 0 0 0 1024 0 0 0 0 0 0 0 1024 
0 0 0 0 0 0 196 828 0 0 0 0 0 0 0 1024 0 0 0 0 0 0 0 1024 
0 0 0 0 0 0 794 230 0 0 0 0 0 0 69 955 0 0 0 0 0 0 0 1024 
0 0 1 6 3 4 878 132 0 0 0 2 7 2 272 741 0 0 0 2 5 4 4 1009 
159 242 96 45 46 37 330 69 66 266 136 58 45 41 159 253 157 195 117 55 43 41 48 368 
602 372 33 8 7 2 0 0 329 608 62 16 5 3 1 0 753 214 35 13 6 2 1 0 
0 0 0 0 0 0 671 353 0 0 0 0 0 0 383 641 0 0 0 0 0 0 12 1012 
0 0 0 0 0 0 251 773 0 0 0 0 0 0 26 998 0 0 0 0 0 0 0 1024 
0 0 0 0 0 0 115 909 0 0 0 0 0 0 0 1024 0 0 0 0 0 0 0 1024 
0 0 0 0 0 0 0 1024 0 0 0 0 0 0 0 1024 0 0 0 0 0 0 0 1024 
0 0 0 0 0 0 0 1024 0 0 0 0 0 0 0 1024 0 0 0 0 0 0 0 1024 
0 0 0 0 0 0 0 1024 0 0 0 0 0 0 0 1024 0 0 0 0 0 0 0 1024 
0 1 1 2 0 1 1 1018 0 1 1 2 0 1 1 1018 0 1 1 2 0 1 1 1018 
0 0 0 0 0 0 0 1024 0 0 0 0 0 0 0 1024 0 0 0 0 0 0 0 1024 
186 188 90 49 44 59 190 218 85 236 113 59 54 50 139 288 174 184 82 52 49 41 72 370 
721 267 24 7 5 0 0 0 498 466 46 8 5 1 0 0 811 169 31 7 5 1 0 0 
0 0 0 0 0 0 195 829 0 0 0 0 0 0 83 941 0 0 0 0 0 0 5 1019 
0 0 0 0 0 0 576 448 0 0 0 0 0 0 221 803 0 0 0 0 0 0 0 1024 
0 0 0 0 0 0 441 583 0 0 0 0 0 0 1 1023 0 0 0 0 0 0 0 1024 
0 2 8 2 2 1 442 567 0 6 5 1 2 1 106 903 1 8 2 1 2 1 8 1001 
141 21 104 13 7 16 161 561 149 78 48 4 7 8 80 650 179 92 4 6 5 6 16 716 
499 34 102 13 7 2 7 360 514 70 61 4 6 3 8 358 542 86 18 3 6 3 8 358 
743 63 108 30 12 4 5 59 772 103 54 16 12 3 6 58 791 119 20 16 11 5 5 57 
404 195 117 24 8 9 7 260 414 261 36 23 12 12 8 258 525 177 14 18 12 10 12 256 
474 300 116 19 14 13 16 72 416 336 103 48 18 13 17 73 594 159 75 72 17 16 17 74 
962 61 1 0 0 0 0 0 884 136 4 0 0 0 0 0 997 27 0 0 0 0 0 0 
0 0 294 220 27 289 194 0 0 0 6 389 128 122 379 0 0 0 4 43 455 33 351 138 
2 52 80 76 67 312 414 21 0 22 81 94 64 86 600 77 19 66 65 59 56 55 387 317 
4 58 121 121 87 57 260 316 0 32 123 133 89 61 196 390 25 117 123 74 64 48 100 473 
329 66 212 94 44 54 189 36 327 91 166 102 51 51 149 87 349 139 100 105 45 50 76 160 
691 287 34 12 0 0 0 0 869 119 20 16 0 0 0 0 915 68 25 16 0 0 0 0 
373 512 137 2 0 0 0 0 524 485 11 4 0 0 0 0 758 210 52 4 0 0 0 0 
155 344 437 28 56 4 0 0 247 673 17 26 58 3 0 0 621 300 16 20 64 3 0 0 
179 533 284 13 13 2 0 0 364 602 29 15 12 2 0 0 774 194 28 17 9 2 0 0 
842 181 1 0 0 0 0 0 717 307 0 0 0 0 0 0 1006 18 0 0 0 0 0 0 
974 50 0 0 0 0 0 0 809 215 0 0 0 0 0 0 1019 5 0 0 0 0 0 0 
1 410 298 308 7 0 0 0 0 60 493 334 137 0 0 0 40 157 358 153 315 1 0 0 
100 384 301 179 34 21 5 0 61 263 396 201 74 20 9 0 324 357 167 77 75 16 8 0 
175 448 277 88 26 4 6 0 109 384 367 120 34 4 5 1 426 406 141 35 6 7 3 0 
66 341 401 212 4 0 0 0 11 320 549 140 3 1 0 0 306 440 199 75 4 0 0 0 
180 239 388 201 5 11 0 0 172 416 355 64 6 11 0 0 382 502 89 32 8 11 0 0 
297 184 386 139 7 11 0 0 165 677 154 10 8 10 0 0 442 427 128 9 8 10 0 0 
175 195 520 80 26 22 6 0 222 606 103 44 28 16 5 0 493 366 74 41 31 13 6 0 
344 437 210 17 5 10 1 0 437 525 31 17 4 9 1 0 667 296 33 14 3 7 4 0 
547 355 62 29 31 0 0 0 667 269 29 27 32 0 0 0 820 116 33 28 27 0 0 0 
826 162 30 4 2 0 0 0 939 53 26 4 2 0 0 0 951 47 20 4 2 0 0 0 
188 670 158 8 0 0 0 0 36 497 449 42 0 0 0 0 484 435 100 5 0 0 0 0 
462 455 95 11 1 0 0 0 245 523 197 58 1 0 0 0 806 197 18 2 1 0 0 0 
599 372 52 1 0 0 0 0 401 392 216 15 0 0 0 0 811 209 4 0 0 0 0 0 
552 345 95 27 5 0 0 0 343 452 167 55 7 0 0 0 731 232 43 17 1 0 0 0 
596 270 114 28 14 2 0 0 527 349 103 29 14 2 0 0 668 243 73 27 11 2 0 0 
454 345 161 42 21 1 0 0 361 420 166 50 26 1 0 0 532 327 123 33 9 0 0 0 
196 505 218 59 43 3 0 0 153 475 289 60 42 5 0 0 553 315 84 46 25 1 0 0 
137 553 326 7 1 0 0 0 159 556 252 57 0 0 0 0 623 392 7 2 0 0 0 0 
107 603 314 0 0 0 0 0 98 417 340 169 0 0 0 0 547 473 4 0 0 0 0 0 
74 762 186 2 0 0 0 0 11 147 705 161 0 0 0 0 538 467 19 0 0 0 0 0 
389 422 161 52 0 0 0 0 247 508 223 45 1 0 0 0 636 286 85 17 0 0 0 0 
435 460 117 12 0 0 0 0 319 446 210 49 0 0 0 0 674 289 59 2 0 0 0 0 
277 677 68 2 0 0 0 0 94 482 400 48 0 0 0 0 668 346 10 0 0 0 0 0 
26 388 545 64 1 0 0 0 21 218 634 149 2 0 0 0 462 515 39 8 0 0 0 0 
8 507 479 30 0 0 0 0 12 163 462 387 0 0 0 0 163 804 55 2 0 0 0 0 
12 447 560 5 0 0 0 0 2 44 518 459 1 0 0 0 329 686 9 0 0 0 0 0 
7 383 617 17 0 0 0 0 0 0 391 619 14 0 0 0 365 645 14 0 0 0 0 0 
0 158 834 32 0 0 0 0 0 0 142 860 22 0 0 0 225 788 11 0 0 0 0 0 
3 325 666 28 2 0 0 0 0 1 184 797 41 1 0 0 270 718 34 2 0 0 0 0 
4 469 521 30 0 0 0 0 0 0 190 757 77 0 0 0 322 605 93 4 0 0 0 0 
40 706 278 0 0 0 0 0 2 126 850 46 0 0 0 0 548 474 2 0 0 0 0 0 
0 814 210 0 0 0 0 0 0 0 570 452 2 0 0 0 342 680 2 0 0 0 0 0 
0 430 592 2 0 0 0 0 0 2 638 384 0 0 0 0 404 620 0 0 0 0 0 0 
2 402 620 0 0 0 0 0 0 6 282 736 0 0 0 0 168 856 0 0 0 0 0 0 
6 472 542 4 0 0 0 0 0 0 320 700 4 0 0 0 304 712 8 0 0 0 0 0 
0 578 432 14 0 0 0 0 0 0 298 724 2 0 0 0 388 634 2 0 0 0 0 0 
6 426 546 40 6 0 0 0 0 6 310 628 74 6 0 0 294 642 82 6 0 0 0 0 
10 492 502 18 2 0 0 0 0 2 280 706 34 2 0 0 330 640 52 2 0 0 0 0 
8 696 316 4 0 0 0 0 0 0 466 548 10 0 0 0 614 398 12 0 0 0 0 0 
16 488 482 38 0 0 0 0 0 10 314 634 66 0 0 0 384 556 84 0 0 0 0 0 
