0 0 1020 4 0 0 0 0 0 0 0 0 1 1023 0 0 0 0 0 0 0 0 0 1024 
0 0 1020 4 0 0 0 0 0 0 0 0 7 1017 0 0 0 0 0 0 0 0 0 1024 
0 0 1024 0 0 0 0 0 0 0 0 0 21 1003 0 0 0 0 0 0 0 0 0 1024 
0 0 1024 0 0 0 0 0 0 0 0 0 59 965 0 0 0 0 0 0 0 0 0 1024 
0 0 1024 0 0 0 0 0 0 0 0 0 121 903 0 0 0 0 0 0 0 0 0 1024 
0 0 1024 0 0 0 0 0 0 0 0 0 388 636 0 0 0 0 0 0 0 0 7 1017 
0 0 1024 0 0 0 0 0 0 0 0 0 606 418 0 0 0 0 0 0 0 0 4 1020 
0 0 1024 0 0 0 0 0 0 0 0 0 817 207 0 0 0 0 0 0 0 0 98 926 
0 0 1024 0 0 0 0 0 0 0 0 0 988 36 0 0 0 0 0 0 0 0 9 1015 
0 0 1022 2 0 0 0 0 0 0 0 0 1016 8 0 0 0 0 0 0 0 0 233 791 
0 0 1024 0 0 0 0 0 0 0 0 0 1024 0 0 0 0 0 0 0 0 0 469 555 
0 0 1024 0 0 0 0 0 0 0 0 0 1024 0 0 0 0 0 0 0 0 0 716 308 
0 0 1024 0 0 0 0 0 0 0 0 0 1024 0 0 0 0 0 0 0 0 0 842 182 
0 0 1024 0 0 0 0 0 0 0 0 0 1024 0 0 0 0 0 0 0 0 0 965 59 
0 0 1024 0 0 0 0 0 0 0 0 0 1024 0 0 0 0 0 0 0 0 0 1004 20 
0 0 1024 0 0 0 0 0 0 0 0 0 1024 0 0 0 0 0 0 0 0 0 1024 0 
0 0 1024 0 0 0 0 0 0 0 0 0 1024 0 0 0 0 0 0 0 0 0 1020 4 
0 0 1024 0 0 0 0 0 0 0 0 0 1024 0 0 0 0 0 0 0 0 0 1024 0 
0 0 1024 0 0 0 0 0 0 0 0 0 1024 0 0 0 0 0 0 0 0 0 1024 0 
0 0 1024 0 0 0 0 0 0 0 0 0 1024 0 0 0 0 0 0 0 0 0 1024 0 
0 0 1024 0 0 0 0 0 0 0 0 0 1024 0 0 0 0 0 0 0 0 0 1024 0 
0 0 1024 0 0 0 0 0 0 0 0 0 1024 0 0 0 0 0 0 0 0 0 1024 0 
0 0 1024 0 0 0 0 0 0 0 0 0 1024 0 0 0 0 0 0 0 0 0 1024 0 
0 0 1024 0 0 0 0 0 0 0 0 0 1024 0 0 0 0 0 0 0 0 0 1024 0 
0 0 1024 0 0 0 0 0 0 0 0 0 1024 0 0 0 0 0 0 0 0 0 1024 0 
0 0 1024 0 0 0 0 0 0 0 0 0 1024 0 0 0 0 0 0 0 0 0 1024 0 
0 0 1024 0 0 0 0 0 0 0 0 0 1024 0 0 0 0 0 0 0 0 0 1024 0 
0 0 1024 0 0 0 0 0 0 0 0 0 1024 0 0 0 0 0 0 0 0 0 1024 0 
0 0 1024 0 0 0 0 0 0 0 0 0 1024 0 0 0 0 0 0 0 0 0 1024 0 
0 0 1024 0 0 0 0 0 0 0 0 0 1024 0 0 0 0 0 0 0 0 0 1024 0 
0 0 1024 0 0 0 0 0 0 0 0 0 1024 0 0 0 0 0 0 0 0 0 1024 0 
0 0 1024 0 0 0 0 0 0 0 0 0 1024 0 0 0 0 0 0 0 0 0 1024 0 
0 0 1024 0 0 0 0 0 0 0 0 0 1024 0 0 0 0 0 0 0 0 0 1024 0 
0 0 1024 0 0 0 0 0 0 0 0 0 1024 0 0 0 0 0 0 0 0 0 1024 0 
0 0 1024 0 0 0 0 0 0 0 0 0 1024 0 0 0 0 0 0 0 0 0 1024 0 
0 0 1024 0 0 0 0 0 0 0 0 0 1024 0 0 0 0 0 0 0 0 0 1024 0 
0 0 1024 0 0 0 0 0 0 0 0 0 1024 0 0 0 0 0 0 0 0 0 1024 0 
0 0 1024 0 0 0 0 0 0 0 0 0 1024 0 0 0 0 0 0 0 0 0 1024 0 
0 0 1024 0 0 0 0 0 0 0 0 0 1024 0 0 0 0 0 0 0 0 0 1024 0 
0 0 1024 0 0 0 0 0 0 0 0 0 1024 0 0 0 0 0 0 0 0 0 1024 0 
0 0 1024 0 0 0 0 0 0 0 0 0 1024 0 0 0 0 0 0 0 0 0 1024 0 
0 0 1024 0 0 0 0 0 0 0 0 0 1024 0 0 0 0 0 0 0 0 0 1024 0 
0 0 1024 0 0 0 0 0 0 0 0 0 1024 0 0 0 0 0 0 0 0 0 1024 0 
0 0 1024 0 0 0 0 0 0 0 0 0 1024 0 0 0 0 0 0 0 0 0 1024 0 
0 0 908 116 0 0 0 0 0 0 0 0 0 1024 0 0 0 0 0 0 0 0 0 1024 
0 0 822 202 0 0 0 0 0 0 0 0 0 1024 0 0 0 0 0 0 0 0 0 1024 
0 0 958 66 0 0 0 0 0 0 0 0 0 1024 0 0 0 0 0 0 0 0 0 1024 
0 0 963 61 0 0 0 0 0 0 0 0 0 1024 0 0 0 0 0 0 0 0 0 1024 
0 0 1008 16 0 0 0 0 0 0 0 0 0 1024 0 0 0 0 0 0 0 0 0 1024 
0 0 985 39 0 0 0 0 0 0 0 0 5 1019 0 0 0 0 0 0 0 0 0 1024 
0 0 1018 6 0 0 0 0 0 0 0 0 32 992 0 0 0 0 0 0 0 0 0 1024 
0 0 1022 2 0 0 0 0 0 0 0 0 93 931 0 0 0 0 0 0 0 0 0 1024 
0 0 1024 0 0 0 0 0 0 0 0 0 273 751 0 0 0 0 0 0 0 0 1 1023 
0 0 1024 0 0 0 0 0 0 0 0 0 592 432 0 0 0 0 0 0 0 0 9 1015 
0 0 1024 0 0 0 0 0 0 0 0 0 803 221 0 0 0 0 0 0 0 0 11 1013 
0 0 1024 0 0 0 0 0 0 0 0 0 917 107 0 0 0 0 0 0 0 0 123 901 
0 0 1024 0 0 0 0 0 0 0 0 0 1023 1 0 0 0 0 0 0 0 0 307 717 
0 0 1024 0 0 0 0 0 0 0 0 0 1021 3 0 0 0 0 0 0 0 0 511 513 
0 0 1024 0 0 0 0 0 0 0 0 0 1024 0 0 0 0 0 0 0 0 0 783 241 
0 0 1024 0 0 0 0 0 0 0 0 0 1024 0 0 0 0 0 0 0 0 0 878 146 
0 0 1024 0 0 0 0 0 0 0 0 0 1024 0 0 0 0 0 0 0 0 0 916 108 
0 0 1024 0 0 0 0 0 0 0 0 0 1024 0 0 0 0 0 0 0 0 0 1023 1 
0 0 1024 0 0 0 0 0 0 0 0 0 1024 0 0 0 0 0 0 0 0 0 1024 0 
0 0 977 46 1 0 0 0 0 0 0 18 1006 0 0 0 0 0 2 12 6 14 988 2 
1 1 896 118 7 1 0 0 0 1 15 90 910 8 0 0 0 0 64 33 12 35 878 2 
0 0 1024 0 0 0 0 0 0 0 0 0 1024 0 0 0 0 0 0 0 0 0 1024 0 
0 0 1024 0 0 0 0 0 0 0 0 0 1024 0 0 0 0 0 0 0 0 0 1024 0 
0 0 1024 0 0 0 0 0 0 0 0 0 1024 0 0 0 0 0 0 0 0 0 1024 0 
0 0 1024 0 0 0 0 0 0 0 0 0 1024 0 0 0 0 0 0 0 0 0 1024 0 
0 0 1024 0 0 0 0 0 0 0 0 0 1024 0 0 0 0 0 0 0 0 0 1024 0 
0 0 1024 0 0 0 0 0 0 0 0 0 1024 0 0 0 0 0 0 0 0 0 1024 0 
0 0 1024 0 0 0 0 0 0 0 0 0 1024 0 0 0 0 0 0 0 0 0 1024 0 
0 0 1024 0 0 0 0 0 0 0 0 0 1024 0 0 0 0 0 0 0 0 0 1024 0 
0 0 1024 0 0 0 0 0 0 0 0 0 1024 0 0 0 0 0 0 0 0 0 1024 0 
0 0 1024 0 0 0 0 0 0 0 0 0 1024 0 0 0 0 0 0 0 0 0 1024 0 
0 0 1024 0 0 0 0 0 0 0 0 0 1024 0 0 0 0 0 0 0 0 0 1024 0 
0 0 1024 0 0 0 0 0 0 0 0 0 1024 0 0 0 0 0 0 0 0 0 1024 0 
0 0 1024 0 0 0 0 0 0 0 0 0 1024 0 0 0 0 0 0 0 0 0 1024 0 
0 0 1024 0 0 0 0 0 0 0 0 0 1024 0 0 0 0 0 0 0 0 0 1024 0 
0 0 1024 0 0 0 0 0 0 0 0 0 1024 0 0 0 0 0 0 0 0 0 1024 0 
0 0 1024 0 0 0 0 0 0 0 0 0 1024 0 0 0 0 0 0 0 0 0 1024 0 
0 0 1024 0 0 0 0 0 0 0 0 0 1024 0 0 0 0 0 0 0 0 0 1024 0 
0 0 1024 0 0 0 0 0 0 0 0 0 1024 0 0 0 0 0 0 0 0 0 1024 0 
0 0 1024 0 0 0 0 0 0 0 0 0 1024 0 0 0 0 0 0 0 0 0 1024 0 
0 0 1024 0 0 0 0 0 0 0 0 0 1024 0 0 0 0 0 0 0 0 0 1024 0 
0 0 1024 0 0 0 0 0 0 0 0 0 1024 0 0 0 0 0 0 0 0 0 1024 0 
0 0 1024 0 0 0 0 0 0 0 0 0 1024 0 0 0 0 0 0 0 0 0 1024 0 
0 0 1024 0 0 0 0 0 0 0 0 0 1024 0 0 0 0 0 0 0 0 0 1024 0 
0 0 449 575 0 0 0 0 0 0 0 0 4 1020 0 0 0 0 0 0 0 2 13 1009 
0 0 306 718 0 0 0 0 0 0 0 0 0 1024 0 0 0 0 0 0 0 0 0 1024 
0 0 378 646 0 0 0 0 0 0 0 0 0 1024 0 0 0 0 0 0 0 0 0 1024 
0 0 524 500 0 0 0 0 0 0 0 0 0 1024 0 0 0 0 0 0 0 0 0 1024 
0 0 538 486 0 0 0 0 0 0 0 0 0 1024 0 0 0 0 0 0 0 0 0 1024 
0 0 399 625 0 0 0 0 0 0 0 0 0 1024 0 0 0 0 0 0 0 0 0 1024 
0 0 681 343 0 0 0 0 0 0 0 0 0 1024 0 0 0 0 0 0 0 0 0 1024 
0 0 909 115 0 0 0 0 0 0 0 0 0 1024 0 0 0 0 0 0 0 0 0 1024 
0 0 1000 24 0 0 0 0 0 0 0 0 0 1024 0 0 0 0 0 0 0 0 0 1024 
0 0 1010 14 0 0 0 0 0 0 0 0 23 1001 0 0 0 0 0 0 0 0 0 1024 
0 0 1018 6 0 0 0 0 0 0 0 0 108 916 0 0 0 0 0 0 0 0 0 1024 
0 0 1011 13 0 0 0 0 0 0 0 0 184 840 0 0 0 0 0 0 0 0 0 1024 
0 0 1024 0 0 0 0 0 0 0 0 0 333 691 0 0 0 0 0 0 0 0 28 996 
0 0 1023 1 0 0 0 0 0 0 0 0 707 317 0 0 0 0 0 0 0 0 56 968 
0 0 1024 0 0 0 0 0 0 0 0 0 790 234 0 0 0 0 0 0 0 0 259 765 
0 0 1024 0 0 0 0 0 0 0 0 0 949 75 0 0 0 0 0 0 0 0 457 567 
0 0 1024 0 0 0 0 0 0 0 0 0 1002 22 0 0 0 0 0 0 0 0 854 170 
0 0 957 61 6 0 0 0 0 0 0 12 1010 2 0 0 0 0 2 11 11 14 873 113 
0 6 536 219 263 0 0 0 6 3 8 325 682 0 0 0 8 7 252 96 46 41 551 23 
305 28 106 434 151 0 0 0 325 16 31 497 155 0 0 0 335 24 424 73 32 30 105 1 
548 29 19 301 124 3 0 0 563 17 18 367 58 1 0 0 570 18 300 94 15 12 15 0 
82 34 295 230 341 28 12 2 88 28 14 213 623 30 23 5 106 18 189 248 10 46 396 11 
0 0 760 116 96 15 21 16 0 0 0 42 919 26 14 23 0 0 8 76 4 38 869 29 
0 0 1024 0 0 0 0 0 0 0 0 0 1024 0 0 0 0 0 0 0 0 0 1024 0 
0 0 1024 0 0 0 0 0 0 0 0 0 1024 0 0 0 0 0 0 0 0 0 1024 0 
0 0 1024 0 0 0 0 0 0 0 0 0 1024 0 0 0 0 0 0 0 0 0 1024 0 
0 0 1024 0 0 0 0 0 0 0 0 0 1024 0 0 0 0 0 0 0 0 0 1024 0 
0 0 1024 0 0 0 0 0 0 0 0 0 1024 0 0 0 0 0 0 0 0 0 1024 0 
0 0 1024 0 0 0 0 0 0 0 0 0 1024 0 0 0 0 0 0 0 0 0 1024 0 
0 0 1024 0 0 0 0 0 0 0 0 0 1024 0 0 0 0 0 0 0 0 0 1024 0 
0 0 1024 0 0 0 0 0 0 0 0 0 1024 0 0 0 0 0 0 0 0 0 1024 0 
0 0 1024 0 0 0 0 0 0 0 0 0 1024 0 0 0 0 0 0 0 0 0 1024 0 
0 0 1024 0 0 0 0 0 0 0 0 0 1024 0 0 0 0 0 0 0 0 0 1024 0 
0 0 1024 0 0 0 0 0 0 0 0 0 1024 0 0 0 0 0 0 0 0 0 1024 0 
0 0 1024 0 0 0 0 0 0 0 0 0 1024 0 0 0 0 0 0 0 0 0 1024 0 
0 0 1024 0 0 0 0 0 0 0 0 0 1024 0 0 0 0 0 0 0 0 0 1024 0 
0 0 1024 0 0 0 0 0 0 0 0 0 1024 0 0 0 0 0 0 0 0 0 1024 0 
0 0 1024 0 0 0 0 0 0 0 0 0 1024 0 0 0 0 0 0 0 0 0 1024 0 
0 0 1024 0 0 0 0 0 0 0 0 0 1024 0 0 0 0 0 0 0 0 0 1024 0 
0 0 1024 0 0 0 0 0 0 0 0 0 1024 0 0 0 0 0 0 0 0 0 1024 0 
0 0 1024 0 0 0 0 0 0 0 0 0 1024 0 0 0 0 0 0 0 0 0 1024 0 
0 0 1024 0 0 0 0 0 0 0 0 0 1024 0 0 0 0 0 0 0 0 0 1024 0 
0 0 1024 0 0 0 0 0 0 0 0 0 1024 0 0 0 0 0 0 0 0 0 1024 0 
0 0 1024 0 0 0 0 0 0 0 0 0 1024 0 0 0 0 0 0 0 0 0 1024 0 
0 8 64 952 0 0 0 0 0 0 0 5 20 999 0 0 0 0 0 0 0 6 17 1001 
0 0 22 1002 0 0 0 0 0 0 0 0 0 1024 0 0 0 0 0 0 0 0 0 1024 
0 0 4 1020 0 0 0 0 0 0 0 0 0 1024 0 0 0 0 0 0 0 0 0 1024 
0 0 36 988 0 0 0 0 0 0 0 0 0 1024 0 0 0 0 0 0 0 0 0 1024 
0 0 83 941 0 0 0 0 0 0 0 0 0 1024 0 0 0 0 0 0 0 0 0 1024 
0 0 223 801 0 0 0 0 0 0 0 0 0 1024 0 0 0 0 0 0 0 0 0 1024 
0 0 131 893 0 0 0 0 0 0 0 0 0 1024 0 0 0 0 0 0 0 0 0 1024 
0 0 335 689 0 0 0 0 0 0 0 0 0 1024 0 0 0 0 0 0 0 0 0 1024 
0 0 410 614 0 0 0 0 0 0 0 0 0 1024 0 0 0 0 0 0 0 0 0 1024 
0 0 478 546 0 0 0 0 0 0 0 0 0 1024 0 0 0 0 0 0 0 0 0 1024 
0 0 693 331 0 0 0 0 0 0 0 0 0 1024 0 0 0 0 0 0 0 0 0 1024 
0 0 737 287 0 0 0 0 0 0 0 0 0 1024 0 0 0 0 0 0 0 0 0 1024 
0 0 935 89 0 0 0 0 0 0 0 0 10 1014 0 0 0 0 0 0 0 0 0 1024 
0 0 981 43 0 0 0 0 0 0 0 0 29 995 0 0 0 0 0 0 0 0 4 1020 
0 0 1016 8 0 0 0 0 0 0 0 0 158 866 0 0 0 0 0 0 0 0 1 1023 
0 0 873 106 45 0 0 0 0 0 0 15 315 694 0 0 0 0 0 29 5 20 205 765 
0 0 422 214 365 22 1 0 7 4 6 298 522 175 12 0 11 10 240 143 18 30 344 228 
0 327 70 199 419 9 0 0 310 52 20 435 188 19 0 0 359 23 392 110 21 26 82 11 
487 352 15 47 121 2 0 0 827 28 22 131 16 0 0 0 853 22 137 12 0 0 0 0 
1024 0 0 0 0 0 0 0 1024 0 0 0 0 0 0 0 1024 0 0 0 0 0 0 0 
1024 0 0 0 0 0 0 0 1024 0 0 0 0 0 0 0 1024 0 0 0 0 0 0 0 
965 28 4 2 23 2 0 0 973 20 4 5 21 1 0 0 983 13 10 15 3 0 0 0 
506 71 7 31 372 10 10 17 513 65 7 124 278 10 10 17 531 50 198 185 14 9 19 18 
50 38 205 162 433 30 28 78 52 36 7 179 589 47 29 85 64 27 200 231 16 51 348 87 
0 0 627 185 99 18 22 73 0 0 0 5 879 46 20 74 0 0 12 50 8 38 840 76 
0 0 885 139 0 0 0 0 0 0 0 0 1024 0 0 0 0 0 0 0 0 0 1024 0 
0 0 1020 4 0 0 0 0 0 0 0 0 1024 0 0 0 0 0 0 0 0 0 1024 0 
0 0 1024 0 0 0 0 0 0 0 0 0 1024 0 0 0 0 0 0 0 0 0 1024 0 
0 0 1024 0 0 0 0 0 0 0 0 0 1024 0 0 0 0 0 0 0 0 0 1024 0 
0 0 1024 0 0 0 0 0 0 0 0 0 1024 0 0 0 0 0 0 0 0 0 1024 0 
0 0 1024 0 0 0 0 0 0 0 0 0 1024 0 0 0 0 0 0 0 0 0 1024 0 
0 0 1024 0 0 0 0 0 0 0 0 0 1024 0 0 0 0 0 0 0 0 0 1024 0 
0 0 1024 0 0 0 0 0 0 0 0 0 1024 0 0 0 0 0 0 0 0 0 1024 0 
0 0 1024 0 0 0 0 0 0 0 0 0 1024 0 0 0 0 0 0 0 0 0 1024 0 
0 0 1024 0 0 0 0 0 0 0 0 0 1024 0 0 0 0 0 0 0 0 0 1024 0 
0 0 1024 0 0 0 0 0 0 0 0 0 1024 0 0 0 0 0 0 0 0 0 1024 0 
0 0 1024 0 0 0 0 0 0 0 0 0 1024 0 0 0 0 0 0 0 0 0 1024 0 
0 0 1024 0 0 0 0 0 0 0 0 0 1024 0 0 0 0 0 0 0 0 0 1024 0 
0 0 1024 0 0 0 0 0 0 0 0 0 1024 0 0 0 0 0 0 0 0 0 1024 0 
0 0 1024 0 0 0 0 0 0 0 0 0 1024 0 0 0 0 0 0 0 0 0 1024 0 
0 0 1024 0 0 0 0 0 0 0 0 0 1024 0 0 0 0 0 0 0 0 0 1024 0 
0 0 1024 0 0 0 0 0 0 0 0 0 1024 0 0 0 0 0 0 0 0 0 1024 0 
0 0 1024 0 0 0 0 0 0 0 0 0 1024 0 0 0 0 0 0 0 0 0 1024 0 
0 0 1024 0 0 0 0 0 0 0 0 0 1024 0 0 0 0 0 0 0 0 0 1024 0 
0 5 42 977 0 0 0 0 0 0 0 1 32 991 0 0 0 0 0 0 0 2 33 989 
0 7 64 953 0 0 0 0 0 0 0 5 42 977 0 0 0 0 0 0 0 6 46 972 
0 0 12 1012 0 0 0 0 0 0 0 0 10 1014 0 0 0 0 0 0 0 0 9 1015 
0 0 2 1022 0 0 0 0 0 0 0 0 0 1024 0 0 0 0 0 0 0 0 0 1024 
0 0 0 1024 0 0 0 0 0 0 0 0 0 1024 0 0 0 0 0 0 0 0 0 1024 
0 0 4 1020 0 0 0 0 0 0 0 0 0 1024 0 0 0 0 0 0 0 0 0 1024 
0 0 21 1003 0 0 0 0 0 0 0 0 0 1024 0 0 0 0 0 0 0 0 0 1024 
0 0 20 1004 0 0 0 0 0 0 0 0 0 1024 0 0 0 0 0 0 0 0 0 1024 
0 0 5 1019 0 0 0 0 0 0 0 0 0 1024 0 0 0 0 0 0 0 0 0 1024 
0 0 64 960 0 0 0 0 0 0 0 0 0 1024 0 0 0 0 0 0 0 0 0 1024 
0 0 71 953 0 0 0 0 0 0 0 0 0 1024 0 0 0 0 0 0 0 0 0 1024 
0 0 137 887 0 0 0 0 0 0 0 0 0 1024 0 0 0 0 0 0 0 0 0 1024 
0 0 267 757 0 0 0 0 0 0 0 0 0 1024 0 0 0 0 0 0 0 0 0 1024 
0 0 353 605 39 21 6 0 0 0 0 24 18 963 19 0 0 0 6 30 3 7 98 880 
0 9 260 346 395 13 1 0 12 4 12 351 111 531 3 0 16 16 296 116 18 27 179 356 
283 73 36 147 484 1 0 0 365 16 21 339 207 76 0 0 380 51 334 146 12 21 63 17 
155 542 164 56 105 2 0 0 777 94 28 113 12 0 0 0 873 31 117 3 0 0 0 0 
140 355 241 29 186 73 0 0 709 204 111 0 0 0 0 0 1021 3 0 0 0 0 0 0 
724 227 22 17 17 17 0 0 963 34 27 0 0 0 0 0 1013 11 0 0 0 0 0 0 
799 225 0 0 0 0 0 0 1024 0 0 0 0 0 0 0 1024 0 0 0 0 0 0 0 
1010 14 0 0 0 0 0 0 1024 0 0 0 0 0 0 0 1024 0 0 0 0 0 0 0 
1020 4 0 0 0 0 0 0 1024 0 0 0 0 0 0 0 1024 0 0 0 0 0 0 0 
1024 0 0 0 0 0 0 0 1024 0 0 0 0 0 0 0 1024 0 0 0 0 0 0 0 
938 37 7 6 35 1 0 0 941 34 7 22 20 0 0 0 958 20 21 21 4 0 0 0 
442 78 14 33 393 11 10 43 459 62 13 171 257 11 11 40 488 42 206 203 20 14 11 40 
33 24 109 274 395 34 28 127 39 18 10 178 561 60 32 126 53 9 132 272 25 42 364 127 
0 0 630 203 74 16 17 84 0 0 0 11 858 49 19 87 0 0 1 38 7 22 860 96 
0 0 957 67 0 0 0 0 0 0 0 0 1010 14 0 0 0 0 0 0 0 0 1024 0 
0 0 1010 14 0 0 0 0 0 0 0 0 1024 0 0 0 0 0 0 0 0 0 1022 2 
0 0 1024 0 0 0 0 0 0 0 0 0 1019 5 0 0 0 0 0 0 0 0 1020 4 
0 0 1024 0 0 0 0 0 0 0 0 0 1024 0 0 0 0 0 0 0 0 0 1024 0 
0 0 1024 0 0 0 0 0 0 0 0 0 1024 0 0 0 0 0 0 0 0 0 1021 3 
0 0 1023 1 0 0 0 0 0 0 0 0 1024 0 0 0 0 0 0 0 0 0 1024 0 
0 0 1024 0 0 0 0 0 0 0 0 0 1024 0 0 0 0 0 0 0 0 0 1023 1 
0 0 1024 0 0 0 0 0 0 0 0 0 1024 0 0 0 0 0 0 0 0 0 1024 0 
0 0 1024 0 0 0 0 0 0 0 0 0 1024 0 0 0 0 0 0 0 0 0 1024 0 
0 0 1024 0 0 0 0 0 0 0 0 0 1024 0 0 0 0 0 0 0 0 0 1010 14 
0 0 1024 0 0 0 0 0 0 0 0 0 1024 0 0 0 0 0 0 0 0 0 1015 9 
0 0 1024 0 0 0 0 0 0 0 0 0 1024 0 0 0 0 0 0 0 0 0 990 34 
0 0 1024 0 0 0 0 0 0 0 0 0 1024 0 0 0 0 0 0 0 0 0 1006 18 
0 0 1022 2 0 0 0 0 0 0 0 0 1023 1 0 0 0 0 0 0 0 0 1022 2 
0 0 1024 0 0 0 0 0 0 0 0 0 1024 0 0 0 0 0 0 0 0 0 1011 13 
0 0 1024 0 0 0 0 0 0 0 0 0 1024 0 0 0 0 0 0 0 0 0 1023 1 
0 0 1024 0 0 0 0 0 0 0 0 0 1024 0 0 0 0 0 0 0 0 0 938 85 
0 26 36 656 80 39 56 131 1 30 31 21 27 718 53 143 3 35 27 18 15 34 130 762 
0 0 0 941 19 9 8 47 0 0 0 0 0 961 13 50 0 0 0 0 0 0 40 984 
0 4 37 983 0 0 0 0 0 0 0 2 25 997 0 0 0 0 0 0 0 3 27 994 
0 1 54 969 0 0 0 0 0 0 0 0 33 991 0 0 0 0 0 0 0 0 39 985 
0 0 0 1024 0 0 0 0 0 0 0 0 0 1024 0 0 0 0 0 0 0 0 0 1024 
0 0 0 1024 0 0 0 0 0 0 0 0 0 1024 0 0 0 0 0 0 0 0 0 1024 
0 0 0 1024 0 0 0 0 0 0 0 0 0 1024 0 0 0 0 0 0 0 0 0 1024 
0 0 0 1024 0 0 0 0 0 0 0 0 0 1024 0 0 0 0 0 0 0 0 0 1024 
0 0 0 1024 0 0 0 0 0 0 0 0 0 1024 0 0 0 0 0 0 0 0 0 1024 
0 0 0 1024 0 0 0 0 0 0 0 0 0 1024 0 0 0 0 0 0 0 0 0 1024 
0 0 11 1013 0 0 0 0 0 0 0 0 0 1024 0 0 0 0 0 0 0 0 0 1024 
0 0 27 915 56 20 6 0 0 0 0 38 13 949 22 2 0 0 10 35 7 4 75 893 
0 7 46 535 374 34 28 0 11 7 29 391 40 497 42 7 18 41 293 115 10 14 139 394 
0 331 56 177 430 12 18 0 345 46 53 435 56 65 18 6 389 96 333 114 8 4 52 28 
26 779 68 49 102 0 0 0 837 50 20 112 5 0 0 0 890 47 86 1 0 0 0 0 
632 261 21 38 71 1 0 0 912 105 7 0 0 0 0 0 1018 6 0 0 0 0 0 0 
413 297 53 48 191 22 0 0 740 212 72 0 0 0 0 0 1020 4 0 0 0 0 0 0 
0 0 0 17 863 144 0 0 0 374 650 0 0 0 0 0 1023 1 0 0 0 0 0 0 
0 68 22 59 858 17 0 0 89 290 645 0 0 0 0 0 1009 15 0 0 0 0 0 0 
45 509 45 68 357 0 0 0 550 194 280 0 0 0 0 0 983 41 0 0 0 0 0 0 
321 664 19 10 10 0 0 0 960 55 9 0 0 0 0 0 993 31 0 0 0 0 0 0 
428 596 0 0 0 0 0 0 1024 0 0 0 0 0 0 0 1023 1 0 0 0 0 0 0 
824 200 0 0 0 0 0 0 1024 0 0 0 0 0 0 0 1024 0 0 0 0 0 0 0 
1021 3 0 0 0 0 0 0 1024 0 0 0 0 0 0 0 1024 0 0 0 0 0 0 0 
1024 0 0 0 0 0 0 0 1024 0 0 0 0 0 0 0 1024 0 0 0 0 0 0 0 
900 45 6 4 64 5 0 0 907 38 7 4 66 2 0 0 922 25 8 62 7 0 0 0 
380 79 6 27 432 21 11 68 400 60 7 44 418 15 14 66 434 30 76 363 22 13 41 45 
17 12 127 247 394 28 44 155 20 11 2 121 564 104 64 138 24 9 142 229 13 32 402 173 
0 0 574 284 48 15 27 76 0 0 0 9 644 264 30 77 0 0 2 12 3 12 803 192 
0 0 833 191 0 0 0 0 0 0 0 0 828 196 0 0 0 0 0 0 0 0 992 32 
0 0 904 120 0 0 0 0 0 0 0 0 798 226 0 0 0 0 0 0 0 0 965 59 
0 0 920 104 0 0 0 0 0 0 0 0 894 130 0 0 0 0 0 0 0 0 943 81 
0 0 995 29 0 0 0 0 0 0 0 0 941 83 0 0 0 0 0 0 0 0 987 37 
0 0 967 57 0 0 0 0 0 0 0 0 955 69 0 0 0 0 0 0 0 0 1007 17 
0 0 975 49 0 0 0 0 0 0 0 0 979 45 0 0 0 0 0 0 0 0 1005 19 
0 0 992 32 0 0 0 0 0 0 0 0 977 47 0 0 0 0 0 0 0 0 939 85 
0 0 982 42 0 0 0 0 0 0 0 0 1012 12 0 0 0 0 0 0 0 0 980 44 
0 0 990 34 0 0 0 0 0 0 0 0 1006 18 0 0 0 0 0 0 0 0 853 171 
0 0 996 28 0 0 0 0 0 0 0 0 979 45 0 0 0 0 0 0 0 0 928 96 
0 0 953 71 0 0 0 0 0 0 0 0 1006 18 0 0 0 0 0 0 0 0 903 121 
0 0 941 83 0 0 0 0 0 0 0 0 1002 22 0 0 0 0 0 0 0 0 797 227 
0 0 1015 9 0 0 0 0 0 0 0 0 1009 15 0 0 0 0 0 0 0 0 783 241 
0 0 996 28 0 0 0 0 0 0 0 0 1007 17 0 0 0 0 0 0 0 0 899 125 
0 0 1024 0 0 0 0 0 0 0 0 0 1024 0 0 0 0 0 0 0 0 0 362 661 
15 59 100 560 202 60 5 23 18 89 124 151 127 490 3 22 19 149 115 100 77 73 83 408 
0 8 25 968 17 3 2 1 0 1 18 14 20 969 1 1 0 0 12 9 21 10 45 927 
0 0 0 1024 0 0 0 0 0 0 0 0 0 1024 0 0 0 0 0 0 0 0 0 1024 
0 0 0 1024 0 0 0 0 0 0 0 0 0 1024 0 0 0 0 0 0 0 0 0 1024 
0 3 52 969 0 0 0 0 0 0 0 1 33 990 0 0 0 0 0 0 0 3 37 984 
0 0 43 981 0 0 0 0 0 0 0 0 24 1000 0 0 0 0 0 0 0 0 32 992 
0 0 0 1024 0 0 0 0 0 0 0 0 0 1024 0 0 0 0 0 0 0 0 0 1024 
0 0 0 1024 0 0 0 0 0 0 0 0 0 1024 0 0 0 0 0 0 0 0 0 1024 
0 0 0 1024 0 0 0 0 0 0 0 0 0 1024 0 0 0 0 0 0 0 0 0 1024 
0 0 0 920 74 17 13 0 0 0 0 19 35 945 23 2 0 0 13 35 6 8 59 903 
0 1 17 536 418 37 15 0 11 14 30 153 286 492 36 2 27 41 139 275 11 15 116 400 
267 89 34 166 452 15 1 0 367 29 87 263 205 64 9 0 392 119 273 158 8 8 45 21 
182 477 209 71 83 2 0 0 698 194 49 67 16 0 0 0 890 65 46 23 0 0 0 0 
0 422 211 32 317 42 0 0 619 338 66 1 0 0 0 0 1021 3 0 0 0 0 0 0 
2 147 79 313 483 0 0 0 207 543 274 0 0 0 0 0 952 72 0 0 0 0 0 0 
0 0 4 71 949 0 0 0 4 881 139 0 0 0 0 0 1022 2 0 0 0 0 0 0 
7 57 19 27 908 6 0 0 76 463 485 0 0 0 0 0 982 42 0 0 0 0 0 0 
5 57 10 86 690 176 0 0 86 297 640 1 0 0 0 0 970 54 0 0 0 0 0 0 
0 24 39 137 638 176 10 0 62 226 701 28 6 1 0 0 823 176 21 4 0 0 0 0 
8 171 100 246 448 51 0 0 121 416 465 10 11 1 0 0 725 181 106 5 7 0 0 0 
1 173 134 279 362 65 10 0 251 338 376 37 18 4 0 0 736 198 62 17 11 0 0 0 
102 696 77 78 48 23 0 0 731 201 71 14 7 0 0 0 845 126 43 7 3 0 0 0 
173 691 55 14 17 74 0 0 868 66 83 7 0 0 0 0 961 63 0 0 0 0 0 0 
597 427 0 0 0 0 0 0 1016 8 0 0 0 0 0 0 1023 1 0 0 0 0 0 0 
941 83 0 0 0 0 0 0 1024 0 0 0 0 0 0 0 1024 0 0 0 0 0 0 0 
1021 3 0 0 0 0 0 0 1024 0 0 0 0 0 0 0 1024 0 0 0 0 0 0 0 
1024 0 0 0 0 0 0 0 1024 0 0 0 0 0 0 0 1024 0 0 0 0 0 0 0 
847 54 8 8 107 0 0 0 872 31 6 13 102 0 0 0 886 22 35 74 7 0 0 0 
305 78 12 33 464 13 19 100 314 70 14 128 350 30 20 98 350 43 179 283 19 14 56 80 
0 12 68 340 344 30 32 198 1 11 2 198 286 292 33 201 7 5 153 171 14 21 365 288 
0 0 275 604 44 14 13 74 0 0 0 0 80 853 14 77 0 0 0 4 2 6 495 517 
0 0 274 750 0 0 0 0 0 0 0 0 81 943 0 0 0 0 0 0 0 0 613 411 
0 0 350 674 0 0 0 0 0 0 0 0 170 854 0 0 0 0 0 0 0 0 570 454 
0 0 419 605 0 0 0 0 0 0 0 0 285 739 0 0 0 0 0 0 0 0 826 198 
0 0 666 358 0 0 0 0 0 0 0 0 256 768 0 0 0 0 0 0 0 0 446 578 
0 0 541 483 0 0 0 0 0 0 0 0 262 762 0 0 0 0 0 0 0 0 552 472 
0 0 645 379 0 0 0 0 0 0 0 0 332 692 0 0 0 0 0 0 0 0 355 669 
0 0 426 598 0 0 0 0 0 0 0 0 385 639 0 0 0 0 0 0 0 0 471 553 
0 0 437 587 0 0 0 0 0 0 0 0 309 715 0 0 0 0 0 0 0 0 805 219 
0 0 423 601 0 0 0 0 0 0 0 0 306 718 0 0 0 0 0 0 0 0 760 264 
0 0 512 512 0 0 0 0 0 0 0 0 460 564 0 0 0 0 0 0 0 0 342 682 
0 0 652 372 0 0 0 0 0 0 0 0 367 657 0 0 0 0 0 0 0 0 224 800 
0 0 549 475 0 0 0 0 0 0 0 0 362 662 0 0 0 0 0 0 0 0 533 491 
0 0 848 176 0 0 0 0 0 0 0 0 144 880 0 0 0 0 0 0 0 0 352 672 
11 89 114 355 126 68 66 195 12 106 102 103 70 366 63 202 60 110 80 78 62 62 122 450 
4 93 163 260 135 70 69 230 0 87 153 92 70 299 88 235 13 125 112 72 65 64 186 387 
0 5 16 987 16 0 0 0 0 0 2 12 25 983 2 0 0 0 0 3 17 15 23 966 
0 0 0 1024 0 0 0 0 0 0 0 0 0 1024 0 0 0 0 0 0 0 0 0 1024 
0 0 0 1024 0 0 0 0 0 0 0 0 0 1024 0 0 0 0 0 0 0 0 0 1024 
0 1 6 1017 0 0 0 0 0 0 0 0 4 1020 0 0 0 0 0 0 0 1 4 1019 
0 0 41 983 0 0 0 0 0 0 0 0 17 1007 0 0 0 0 0 0 0 0 35 989 
0 0 11 882 81 23 22 5 0 0 0 21 47 917 26 13 0 0 8 44 7 8 81 876 
0 11 14 475 450 39 27 8 7 16 44 102 331 468 42 14 29 42 89 331 12 11 122 388 
0 143 247 143 389 29 42 31 241 164 111 51 327 62 32 36 408 111 75 290 24 23 57 36 
3 493 365 100 63 0 0 0 722 165 68 46 23 0 0 0 901 65 45 13 0 0 0 0 
515 256 41 71 133 8 0 0 777 141 103 3 0 0 0 0 980 44 0 0 0 0 0 0 
459 265 36 42 215 7 0 0 750 251 23 0 0 0 0 0 1022 2 0 0 0 0 0 0 
0 3 8 29 925 59 0 0 9 747 268 0 0 0 0 0 1017 7 0 0 0 0 0 0 
0 0 0 16 1008 0 0 0 0 619 405 0 0 0 0 0 1013 11 0 0 0 0 0 0 
0 0 0 138 885 1 0 0 0 440 584 0 0 0 0 0 929 95 0 0 0 0 0 0 
19 162 33 209 595 6 0 0 191 168 660 5 0 0 0 0 735 289 0 0 0 0 0 0 
0 72 51 34 741 126 0 0 78 111 834 1 0 0 0 0 896 128 0 0 0 0 0 0 
0 46 56 30 556 264 47 25 78 69 732 44 41 44 16 0 689 193 47 43 29 22 1 0 
9 144 103 282 269 141 69 7 0 171 170 341 205 98 39 0 2 106 319 324 177 76 20 0 
0 8 43 69 290 418 174 22 32 52 168 189 233 342 8 0 98 173 172 200 353 28 0 0 
77 372 178 70 217 104 6 0 293 162 311 107 66 85 0 0 448 140 131 175 130 0 0 0 
0 37 42 60 268 605 12 0 100 67 788 68 1 0 0 0 846 177 1 0 0 0 0 0 
150 513 58 69 159 75 0 0 673 117 233 1 0 0 0 0 863 161 0 0 0 0 0 0 
235 789 0 0 0 0 0 0 991 33 0 0 0 0 0 0 996 28 0 0 0 0 0 0 
567 457 0 0 0 0 0 0 1023 1 0 0 0 0 0 0 1019 5 0 0 0 0 0 0 
932 92 0 0 0 0 0 0 1024 0 0 0 0 0 0 0 1024 0 0 0 0 0 0 0 
1024 0 0 0 0 0 0 0 1024 0 0 0 0 0 0 0 1024 0 0 0 0 0 0 0 
1024 0 0 0 0 0 0 0 1024 0 0 0 0 0 0 0 1024 0 0 0 0 0 0 0 
780 68 6 15 154 1 0 0 793 60 2 48 120 1 0 0 810 44 67 101 2 0 0 0 
236 83 13 40 487 19 19 127 254 68 13 86 409 48 19 127 273 53 177 310 14 14 58 125 
0 2 30 433 316 29 31 183 0 3 1 216 84 502 33 185 2 2 138 143 13 16 300 410 
0 0 36 901 29 10 10 38 0 0 0 0 6 969 8 41 0 0 0 0 1 5 228 790 
0 0 23 1001 0 0 0 0 0 0 0 0 0 1024 0 0 0 0 0 0 0 0 71 953 
0 0 39 985 0 0 0 0 0 0 0 0 0 1024 0 0 0 0 0 0 0 0 109 915 
0 0 78 946 0 0 0 0 0 0 0 0 4 1020 0 0 0 0 0 0 0 0 62 962 
0 0 60 964 0 0 0 0 0 0 0 0 0 1024 0 0 0 0 0 0 0 0 99 925 
0 0 114 910 0 0 0 0 0 0 0 0 0 1024 0 0 0 0 0 0 0 0 76 948 
0 0 26 998 0 0 0 0 0 0 0 0 2 1022 0 0 0 0 0 0 0 0 137 887 
0 0 12 1012 0 0 0 0 0 0 0 0 16 1008 0 0 0 0 0 0 0 0 182 842 
0 0 19 1005 0 0 0 0 0 0 0 0 1 1023 0 0 0 0 0 0 0 0 92 932 
0 0 11 1013 0 0 0 0 0 0 0 0 6 1018 0 0 0 0 0 0 0 0 84 940 
0 0 81 943 0 0 0 0 0 0 0 0 0 1024 0 0 0 0 0 0 0 0 46 978 
0 0 42 981 0 0 0 0 0 0 0 0 5 1018 0 0 0 0 0 0 0 0 48 976 
39 103 100 649 117 16 0 0 7 71 117 101 86 496 146 0 1 72 90 86 71 70 88 546 
2 25 52 915 30 0 0 0 2 22 28 45 45 813 69 0 0 22 23 21 37 34 44 843 
0 0 0 1024 0 0 0 0 0 0 0 0 0 1007 17 0 0 0 0 0 0 0 0 1024 
0 0 0 1024 0 0 0 0 0 0 0 0 0 1024 0 0 0 0 0 0 0 0 0 1024 
0 0 0 1024 0 0 0 0 0 0 0 0 0 1024 0 0 0 0 0 0 0 0 0 1024 
0 0 0 916 77 20 11 0 0 0 0 46 16 933 26 3 0 0 20 35 7 3 52 907 
0 0 26 555 355 40 39 9 9 46 19 334 97 445 46 28 55 19 228 188 18 12 75 429 
57 244 112 158 408 19 13 13 328 129 72 176 247 39 18 15 457 72 191 227 8 6 28 35 
703 165 21 92 43 0 0 0 841 51 74 35 23 0 0 0 892 74 33 25 0 0 0 0 
82 281 348 38 169 106 0 0 554 263 175 22 10 0 0 0 936 57 24 7 0 0 0 0 
0 120 102 86 568 148 0 0 210 501 313 0 0 0 0 0 974 50 0 0 0 0 0 0 
0 0 4 108 876 36 0 0 5 843 176 0 0 0 0 0 987 37 0 0 0 0 0 0 
0 0 0 27 974 23 0 0 0 526 498 0 0 0 0 0 994 30 0 0 0 0 0 0 
0 0 6 113 879 26 0 0 5 463 556 0 0 0 0 0 947 77 0 0 0 0 0 0 
0 0 0 112 905 7 0 0 0 322 700 2 0 0 0 0 896 128 0 0 0 0 0 0 
0 0 0 479 545 0 0 0 0 503 521 0 0 0 0 0 726 298 0 0 0 0 0 0 
22 86 23 243 644 6 0 0 107 119 744 54 0 0 0 0 442 577 5 0 0 0 0 0 
8 72 71 222 527 124 0 0 111 173 729 11 0 0 0 0 634 388 2 0 0 0 0 0 
0 45 114 189 466 159 33 18 130 183 574 52 46 30 9 0 563 352 21 39 37 12 0 0 
0 29 145 374 306 80 75 15 138 83 342 205 119 69 63 5 248 267 61 172 157 71 48 0 
0 42 95 234 276 303 69 5 132 150 323 93 83 229 14 0 371 246 74 65 191 75 2 0 
100 229 157 221 229 87 1 0 321 186 315 118 32 52 0 0 485 286 37 87 124 5 0 0 
0 12 54 136 583 239 0 0 49 137 753 85 0 0 0 0 575 441 8 0 0 0 0 0 
0 0 5 149 783 87 0 0 7 87 806 124 0 0 0 0 351 665 8 0 0 0 0 0 
9 233 42 369 371 0 0 0 222 307 495 0 0 0 0 0 670 354 0 0 0 0 0 0 
41 753 41 115 74 0 0 0 742 156 126 0 0 0 0 0 861 163 0 0 0 0 0 0 
216 808 0 0 0 0 0 0 975 49 0 0 0 0 0 0 940 84 0 0 0 0 0 0 
701 323 0 0 0 0 0 0 1020 4 0 0 0 0 0 0 997 27 0 0 0 0 0 0 
1023 1 0 0 0 0 0 0 1024 0 0 0 0 0 0 0 1024 0 0 0 0 0 0 0 
1024 0 0 0 0 0 0 0 1024 0 0 0 0 0 0 0 1024 0 0 0 0 0 0 0 
1023 1 0 0 0 0 0 0 1023 1 0 0 0 0 0 0 1023 1 0 0 0 0 0 0 
714 90 10 21 188 1 0 0 736 69 11 128 80 0 0 0 765 45 132 78 4 0 0 0 
184 83 11 106 470 25 23 122 209 59 11 356 139 102 22 126 236 39 266 226 13 17 80 147 
0 0 3 599 208 33 29 152 0 0 0 191 42 605 32 154 0 0 135 95 10 13 186 585 
0 0 6 968 25 5 4 16 0 0 0 0 0 1003 5 16 0 0 0 0 0 0 110 914 
0 0 8 1016 0 0 0 0 0 0 0 0 30 994 0 0 0 0 0 0 0 0 151 873 
0 0 0 1024 0 0 0 0 0 0 0 0 54 970 0 0 0 0 0 0 0 0 188 836 
0 0 0 1024 0 0 0 0 0 0 0 0 0 1024 0 0 0 0 0 0 0 0 17 1007 
0 0 0 1024 0 0 0 0 0 0 0 0 0 1024 0 0 0 0 0 0 0 0 0 1024 
0 0 0 1024 0 0 0 0 0 0 0 0 0 1024 0 0 0 0 0 0 0 0 0 1024 
0 0 1 1023 0 0 0 0 0 0 0 0 0 1024 0 0 0 0 0 0 0 0 0 1024 
0 0 0 1024 0 0 0 0 0 0 0 0 0 1024 0 0 0 0 0 0 0 0 0 1024 
0 0 2 1022 0 0 0 0 0 0 0 0 0 1024 0 0 0 0 0 0 0 0 0 1024 
0 0 0 1024 0 0 0 0 0 0 0 0 0 1024 0 0 0 0 0 0 0 0 0 1024 
0 0 0 1024 0 0 0 0 0 0 0 0 0 29 995 0 0 0 0 0 0 0 0 1024 
0 0 0 1024 0 0 0 0 0 0 0 0 0 174 850 0 0 0 0 0 0 0 0 1024 
0 0 0 1024 0 0 0 0 0 0 0 0 0 429 595 0 0 0 0 0 0 0 0 1024 
0 0 0 886 80 25 17 16 0 0 0 44 3 797 153 27 0 0 27 19 4 4 41 929 
5 4 12 623 187 56 56 81 7 18 34 279 45 480 93 68 23 32 185 128 31 30 131 464 
67 126 163 318 232 38 22 58 215 157 134 303 66 53 43 53 374 138 235 120 17 25 62 53 
0 338 518 104 57 7 0 0 792 144 31 35 21 1 0 0 946 21 24 32 1 0 0 0 
121 250 262 35 327 29 0 0 625 353 44 2 0 0 0 0 1012 12 0 0 0 0 0 0 
321 150 25 40 457 31 0 0 494 453 77 0 0 0 0 0 1019 5 0 0 0 0 0 0 
117 130 28 35 660 54 0 0 267 418 332 7 0 0 0 0 989 35 0 0 0 0 0 0 
0 0 36 122 801 65 0 0 30 542 452 0 0 0 0 0 966 58 0 0 0 0 0 0 
0 0 14 96 868 46 0 0 14 423 580 7 0 0 0 0 928 96 0 0 0 0 0 0 
0 0 83 314 608 19 0 0 60 410 554 0 0 0 0 0 834 190 0 0 0 0 0 0 
0 0 58 178 765 23 0 0 41 216 746 21 0 0 0 0 815 205 4 0 0 0 0 0 
0 0 4 179 826 15 0 0 3 227 782 12 0 0 0 0 838 185 1 0 0 0 0 0 
0 0 0 318 702 4 0 0 0 122 900 2 0 0 0 0 664 360 0 0 0 0 0 0 
0 0 0 286 722 16 0 0 0 97 812 115 0 0 0 0 302 706 16 0 0 0 0 0 
0 0 0 311 713 0 0 0 0 16 975 33 0 0 0 0 113 911 0 0 0 0 0 0 
0 8 23 418 552 16 7 0 11 118 830 46 13 6 0 0 257 724 24 12 7 0 0 0 
0 1 18 504 406 55 35 5 3 61 746 131 49 31 3 0 171 692 86 53 21 1 0 0 
0 0 7 363 556 51 40 7 0 49 745 142 54 29 5 0 159 713 75 51 23 3 0 0 
0 0 3 284 721 13 3 0 0 115 873 22 12 2 0 0 251 744 20 9 0 0 0 0 
0 0 0 235 770 19 0 0 0 5 821 198 0 0 0 0 104 894 26 0 0 0 0 0 
0 0 4 159 840 21 0 0 3 61 762 198 0 0 0 0 157 821 46 0 0 0 0 0 
0 0 0 328 688 8 0 0 0 183 825 16 0 0 0 0 562 460 2 0 0 0 0 0 
0 2 7 448 567 0 0 0 6 172 846 0 0 0 0 0 515 509 0 0 0 0 0 0 
20 307 48 255 394 0 0 0 280 224 520 0 0 0 0 0 585 439 0 0 0 0 0 0 
96 775 30 65 58 0 0 0 707 220 97 0 0 0 0 0 673 351 0 0 0 0 0 0 
231 793 0 0 0 0 0 0 943 81 0 0 0 0 0 0 951 73 0 0 0 0 0 0 
624 400 0 0 0 0 0 0 1006 18 0 0 0 0 0 0 1014 10 0 0 0 0 0 0 
999 25 0 0 0 0 0 0 1024 0 0 0 0 0 0 0 1024 0 0 0 0 0 0 0 
1024 0 0 0 0 0 0 0 1024 0 0 0 0 0 0 0 1024 0 0 0 0 0 0 0 
1009 15 0 0 0 0 0 0 1016 8 0 0 0 0 0 0 1017 7 0 0 0 0 0 0 
641 105 12 73 187 4 2 0 654 93 14 149 111 1 2 0 685 66 147 116 8 2 0 0 
122 71 14 169 461 34 22 131 135 63 10 252 254 152 22 136 156 49 206 281 19 18 135 160 
0 0 5 655 175 26 26 137 0 0 1 140 253 466 28 136 0 0 103 59 18 59 467 318 
0 11 43 658 229 78 3 2 14 45 125 245 328 265 1 1 59 194 96 53 48 109 328 137 
0 0 1 885 104 26 7 1 0 7 52 21 35 901 8 0 9 46 22 4 12 28 151 752 
0 0 0 1024 0 0 0 0 0 0 0 0 0 1024 0 0 0 0 0 0 0 0 0 1024 
0 0 0 1024 0 0 0 0 0 0 0 0 0 1024 0 0 0 0 0 0 0 0 0 1024 
0 0 0 1024 0 0 0 0 0 0 0 0 0 1024 0 0 0 0 0 0 0 0 0 1024 
0 0 0 1024 0 0 0 0 0 0 0 0 0 1024 0 0 0 0 0 0 0 0 0 1024 
0 0 0 1024 0 0 0 0 0 0 0 0 0 1024 0 0 0 0 0 0 0 0 0 1024 
0 0 0 1024 0 0 0 0 0 0 0 0 0 1024 0 0 0 0 0 0 0 0 0 1024 
0 8 20 939 57 0 0 0 0 0 0 6 21 31 966 0 0 0 0 0 0 22 20 982 
0 15 16 873 107 10 3 0 0 0 10 40 13 55 906 0 0 0 23 12 11 15 34 929 
0 0 2 747 138 30 36 71 0 16 36 400 12 153 323 84 24 31 362 42 6 15 95 449 
127 147 69 401 73 35 44 128 290 72 122 300 28 41 67 104 354 129 248 70 27 30 118 48 
518 183 151 112 14 7 11 28 678 197 76 21 10 8 9 25 853 96 18 12 8 9 25 3 
566 114 267 46 29 2 0 0 629 298 65 32 0 0 0 0 886 114 24 0 0 0 0 0 
0 65 69 78 749 63 0 0 124 733 164 3 0 0 0 0 1011 12 1 0 0 0 0 0 
0 0 0 5 916 96 7 0 0 807 190 27 0 0 0 0 978 46 0 0 0 0 0 0 
0 0 0 20 933 71 0 0 0 634 390 0 0 0 0 0 976 48 0 0 0 0 0 0 
0 0 0 8 968 48 0 0 0 465 537 22 0 0 0 0 970 54 0 0 0 0 0 0 
0 0 17 120 693 194 0 0 20 162 800 42 0 0 0 0 932 92 0 0 0 0 0 0 
0 0 32 167 789 36 0 0 24 213 778 9 0 0 0 0 908 116 0 0 0 0 0 0 
0 70 369 347 234 4 0 0 101 476 417 29 1 0 0 0 717 288 19 0 0 0 0 0 
0 19 167 391 436 11 0 0 24 313 649 36 2 0 0 0 755 258 9 2 0 0 0 0 
0 0 0 213 785 26 0 0 0 64 921 39 0 0 0 0 777 245 2 0 0 0 0 0 
0 0 0 486 538 0 0 0 0 70 954 0 0 0 0 0 500 524 0 0 0 0 0 0 
0 0 6 373 641 4 0 0 0 175 824 25 0 0 0 0 448 560 16 0 0 0 0 0 
0 0 0 410 614 0 0 0 0 84 898 42 0 0 0 0 217 804 3 0 0 0 0 0 
0 59 80 480 344 47 12 2 59 143 674 91 45 10 2 0 310 572 88 43 10 1 0 0 
0 11 41 457 369 103 32 11 28 97 577 202 83 31 6 0 276 488 164 68 25 3 0 0 
0 7 36 392 363 141 69 16 14 74 504 251 112 56 13 0 172 515 202 88 44 3 0 0 
0 10 32 278 651 41 12 0 18 84 792 97 27 6 0 0 309 624 66 21 4 0 0 0 
0 0 0 216 790 18 0 0 0 14 828 182 0 0 0 0 164 841 19 0 0 0 0 0 
0 23 48 177 763 13 0 0 28 126 728 142 0 0 0 0 291 693 40 0 0 0 0 0 
0 8 126 260 627 3 0 0 10 201 785 28 0 0 0 0 363 659 2 0 0 0 0 0 
0 137 102 309 462 3 2 9 57 274 675 3 2 3 3 7 400 597 12 1 2 3 3 6 
0 0 8 230 339 14 83 350 1 50 506 17 15 7 148 280 194 369 14 15 6 119 305 2 
0 17 14 394 524 8 54 13 15 82 842 11 5 8 60 1 354 589 9 4 9 59 0 0 
8 398 42 157 418 1 0 0 308 203 508 5 0 0 0 0 538 483 3 0 0 0 0 0 
52 858 28 34 52 0 0 0 664 286 74 0 0 0 0 0 791 233 0 0 0 0 0 0 
210 814 0 0 0 0 0 0 917 107 0 0 0 0 0 0 796 228 0 0 0 0 0 0 
768 256 0 0 0 0 0 0 1016 8 0 0 0 0 0 0 997 27 0 0 0 0 0 0 
1014 10 0 0 0 0 0 0 1024 0 0 0 0 0 0 0 1024 0 0 0 0 0 0 0 
1024 0 0 0 0 0 0 0 1024 0 0 0 0 0 0 0 1024 0 0 0 0 0 0 0 
990 28 2 2 2 0 0 0 990 28 2 2 2 0 0 0 988 30 2 4 0 0 0 0 
549 81 40 165 175 2 3 9 554 83 36 273 65 1 3 9 566 85 224 132 5 1 4 7 
58 92 163 478 55 28 26 124 108 195 68 444 44 23 29 113 172 173 391 103 31 23 100 31 
0 138 400 165 192 40 45 44 128 416 207 119 15 60 42 37 275 458 122 21 14 24 82 28 
8 102 27 513 242 45 76 11 108 48 159 93 23 514 68 11 140 195 67 8 8 42 191 373 
0 0 0 954 32 11 18 9 0 0 7 2 1 986 21 7 0 3 4 2 1 7 55 952 
0 0 0 1024 0 0 0 0 0 0 0 0 0 1024 0 0 0 0 0 0 0 0 0 1024 
0 0 0 1024 0 0 0 0 0 0 0 0 0 1024 0 0 0 0 0 0 0 0 0 1024 
0 0 0 1024 0 0 0 0 0 0 0 0 0 1024 0 0 0 0 0 0 0 0 0 1024 
0 0 0 1024 0 0 0 0 0 0 0 0 0 1024 0 0 0 0 0 0 0 0 0 1024 
0 8 78 113 158 64 38 565 0 36 80 28 32 12 264 572 38 84 20 27 18 13 114 710 
0 26 173 317 200 85 64 159 9 63 239 211 97 80 177 148 81 172 237 113 51 61 71 238 
0 7 365 422 159 64 5 2 215 363 273 154 12 5 2 0 722 161 110 25 6 0 0 0 
301 303 405 15 0 0 0 0 963 61 0 0 0 0 0 0 1022 2 0 0 0 0 0 0 
964 58 0 2 0 0 0 0 999 23 1 1 0 0 0 0 1011 11 2 0 0 0 0 0 
469 511 44 0 0 0 0 0 564 452 8 0 0 0 0 0 871 153 0 0 0 0 0 0 
156 606 89 95 66 11 1 0 366 556 87 12 3 0 0 0 839 154 30 1 0 0 0 0 
344 340 42 96 195 7 0 0 696 235 88 5 0 0 0 0 1010 12 2 0 0 0 0 0 
338 335 63 94 194 0 0 0 726 186 112 0 0 0 0 0 962 62 0 0 0 0 0 0 
419 374 45 98 88 0 0 0 817 110 97 0 0 0 0 0 967 57 0 0 0 0 0 0 
729 166 1 32 88 8 0 0 894 24 99 7 0 0 0 0 962 62 0 0 0 0 0 0 
761 128 13 52 67 3 0 0 844 87 90 3 0 0 0 0 941 82 1 0 0 0 0 0 
177 512 263 56 16 0 0 0 298 622 100 4 0 0 0 0 567 453 3 1 0 0 0 0 
177 416 259 117 54 1 0 0 275 564 171 14 0 0 0 0 587 413 15 9 0 0 0 0 
514 164 60 58 98 25 25 80 660 88 125 29 29 22 64 7 785 98 30 28 41 38 4 0 
225 198 124 90 94 26 35 232 477 100 125 48 15 51 193 15 594 126 40 24 88 152 0 0 
208 214 122 74 125 29 60 192 504 75 144 34 37 58 158 14 608 135 29 54 82 116 0 0 
196 229 118 89 104 35 48 205 481 76 175 11 46 27 185 23 567 171 20 47 101 118 0 0 
192 218 146 98 101 37 39 193 494 88 146 45 33 38 149 31 616 122 57 25 97 107 0 0 
227 219 122 75 126 12 37 206 504 73 159 38 15 38 182 15 621 130 30 27 68 148 0 0 
212 244 90 84 139 42 45 168 518 54 189 17 48 38 154 6 609 158 31 53 48 125 0 0 
248 183 132 45 168 48 47 153 489 79 173 45 45 35 145 13 603 156 39 38 77 111 0 0 
402 153 94 91 200 15 19 50 559 83 245 60 8 19 45 5 670 227 47 11 26 43 0 0 
420 164 63 142 227 8 0 0 571 144 255 54 0 0 0 0 740 247 37 0 0 0 0 0 
622 226 28 59 89 0 0 0 766 116 139 3 0 0 0 0 846 172 6 0 0 0 0 0 
600 300 32 62 1 4 7 18 815 144 20 15 2 4 6 18 874 99 11 10 3 4 9 14 
63 101 70 66 45 34 146 499 85 150 46 36 39 38 189 441 172 93 31 48 36 164 460 20 
0 0 89 129 572 41 156 37 84 57 617 38 12 34 157 25 436 353 12 8 15 184 16 0 
0 0 46 217 741 20 0 0 44 111 822 47 0 0 0 0 576 447 1 0 0 0 0 0 
0 37 113 650 224 0 0 0 57 599 368 0 0 0 0 0 760 264 0 0 0 0 0 0 
32 450 90 355 97 0 0 0 378 411 232 3 0 0 0 0 727 296 1 0 0 0 0 0 
282 692 25 25 0 0 0 0 833 190 1 0 0 0 0 0 824 200 0 0 0 0 0 0 
778 246 0 0 0 0 0 0 958 66 0 0 0 0 0 0 965 59 0 0 0 0 0 0 
988 36 0 0 0 0 0 0 1024 0 0 0 0 0 0 0 1024 0 0 0 0 0 0 0 
1007 17 0 0 0 0 0 0 1007 17 0 0 0 0 0 0 1005 19 0 0 0 0 0 0 
944 75 5 0 0 0 0 0 942 78 4 0 0 0 0 0 941 78 5 0 0 0 0 0 
527 36 105 155 90 76 33 2 528 92 65 151 92 67 28 1 531 94 107 108 98 71 14 1 
1 118 427 173 49 160 82 14 87 443 70 125 54 165 75 5 217 332 130 52 59 182 50 2 
52 641 247 58 26 0 0 0 538 376 93 17 0 0 0 0 747 252 25 0 0 0 0 0 
192 231 70 169 244 55 49 14 412 89 158 154 14 144 44 9 496 250 57 12 12 19 78 100 
1 32 27 649 207 48 47 13 34 8 236 141 34 509 50 12 62 162 166 46 27 37 87 437 
0 0 31 896 61 18 18 0 0 0 387 15 3 589 22 8 0 46 343 12 4 5 74 540 
0 0 3 936 41 38 6 0 0 0 262 62 6 662 32 0 0 9 299 15 4 9 77 611 
0 0 0 917 53 37 16 0 0 0 202 64 10 714 32 0 0 5 250 10 10 10 90 645 
0 13 102 126 420 126 72 165 0 35 127 110 95 108 407 142 32 109 84 74 79 102 165 379 
0 0 3 9 29 33 86 864 0 0 10 21 34 36 144 779 0 6 21 38 34 136 636 153 
0 0 66 367 218 78 60 235 27 56 239 304 78 37 114 169 179 39 187 285 52 143 139 0 
563 144 128 130 41 18 0 0 753 112 143 16 0 0 0 0 890 39 92 3 0 0 0 0 
858 141 12 7 6 0 0 0 989 19 9 7 0 0 0 0 995 17 9 3 0 0 0 0 
36 132 140 161 112 85 90 268 85 220 177 62 83 81 84 232 300 179 57 81 77 86 209 35 
21 149 142 301 211 154 25 21 186 376 313 55 45 25 22 2 711 178 59 37 27 12 0 0 
0 0 0 47 605 348 24 0 3 413 583 25 0 0 0 0 997 26 1 0 0 0 0 0 
0 1 58 333 376 147 88 21 57 443 313 69 62 58 22 0 734 95 36 65 48 43 3 0 
2 199 188 395 185 31 23 1 206 413 252 79 43 26 5 0 634 151 67 129 37 5 1 0 
236 678 109 1 0 0 0 0 600 114 288 22 0 0 0 0 607 62 88 234 33 0 0 0 
202 431 115 88 88 100 0 0 641 213 165 5 0 0 0 0 913 76 6 29 0 0 0 0 
1 201 317 83 199 222 1 0 67 603 354 0 0 0 0 0 651 373 0 0 0 0 0 0 
123 215 237 137 117 159 30 6 263 397 222 128 14 0 0 0 686 287 46 5 0 0 0 0 
112 125 124 93 148 283 96 43 314 131 240 241 41 50 7 0 686 218 36 55 25 4 0 0 
8 162 300 179 118 77 86 94 359 179 217 75 49 67 78 0 532 121 118 135 110 8 0 0 
1 195 230 135 171 129 82 81 363 155 138 83 122 107 56 0 519 111 87 141 138 28 0 0 
11 207 222 128 138 137 54 127 385 128 177 76 86 60 112 0 531 134 60 112 112 75 0 0 
5 191 235 160 142 115 80 96 293 149 174 101 130 117 60 0 488 71 98 162 152 53 0 0 
32 488 195 55 29 29 55 141 456 165 158 32 42 52 118 1 525 111 92 117 111 68 0 0 
130 287 53 29 49 107 229 140 397 65 62 136 215 76 73 0 469 177 176 89 74 39 0 0 
74 116 134 195 98 141 222 44 195 160 183 292 150 19 25 0 359 361 184 76 22 20 2 0 
518 252 111 99 34 10 0 0 716 151 130 10 17 0 0 0 785 150 63 12 14 0 0 0 
556 286 98 71 13 0 0 0 819 135 65 4 1 0 0 0 884 119 19 2 0 0 0 0 
943 80 1 0 0 0 0 0 1014 10 0 0 0 0 0 0 1007 17 0 0 0 0 0 0 
947 47 17 11 2 0 0 0 949 46 16 11 2 0 0 0 941 56 17 9 1 0 0 0 
513 108 69 148 135 47 4 0 547 150 221 27 35 42 2 0 758 135 44 29 42 16 0 0 
45 219 98 185 319 157 1 0 247 203 551 23 0 0 0 0 729 295 0 0 0 0 0 0 
0 0 2 3 293 693 33 0 1 64 800 159 0 0 0 0 716 308 0 0 0 0 0 0 
0 0 199 301 346 158 20 0 105 140 309 257 151 58 4 0 288 235 104 150 199 45 3 0 
0 1 362 330 264 63 4 0 131 200 273 259 144 16 1 0 303 220 123 132 212 33 1 0 
30 253 463 220 58 0 0 0 196 249 191 372 16 0 0 0 321 155 153 145 250 0 0 0 
193 237 74 91 330 99 0 0 413 200 409 2 0 0 0 0 776 242 6 0 0 0 0 0 
261 238 259 114 150 2 0 0 509 352 163 0 0 0 0 0 782 242 0 0 0 0 0 0 
668 329 27 0 0 0 0 0 734 285 5 0 0 0 0 0 826 197 1 0 0 0 0 0 
494 44 132 129 123 65 30 7 517 130 111 79 114 47 26 0 546 148 82 85 111 38 14 0 
1 43 382 374 147 65 12 0 37 313 388 166 73 42 5 0 137 372 273 135 66 37 4 0 
0 53 275 411 206 74 5 0 16 266 357 232 91 57 5 0 84 395 189 172 106 68 10 0 
7 272 439 207 91 5 2 1 159 577 207 74 2 3 2 0 481 418 109 11 2 3 0 0 
197 270 182 142 123 48 33 29 358 293 141 120 46 25 29 12 570 216 112 43 35 27 18 3 
407 235 101 81 184 12 1 3 682 92 150 94 2 1 1 2 765 211 41 3 0 2 2 0 
40 238 39 328 227 61 44 47 279 47 348 210 42 27 62 9 327 334 202 54 26 57 24 0 
6 40 71 677 121 39 38 32 28 48 363 451 58 38 33 5 39 160 526 218 32 40 9 0 
0 53 186 746 32 5 0 0 0 90 250 661 16 5 0 0 5 128 549 330 10 0 0 0 
0 0 20 56 518 94 53 283 0 11 34 78 22 140 471 268 5 41 58 39 19 52 192 618 
0 60 259 312 119 108 64 102 16 154 366 173 90 87 72 66 71 267 265 141 109 78 70 23 
0 46 55 248 339 121 68 147 34 48 144 178 292 135 64 129 63 123 67 206 300 131 54 80 
86 134 477 166 56 14 19 72 133 227 411 117 36 16 19 65 160 237 428 82 27 21 27 42 
582 171 128 35 46 29 13 20 654 193 50 49 39 12 22 5 687 190 44 53 19 16 15 0 
0 7 336 94 106 64 97 320 3 156 257 62 80 72 118 276 71 340 37 91 66 99 257 63 
0 56 148 155 109 240 111 205 87 167 332 91 53 66 169 59 389 225 72 114 113 40 68 3 
0 0 110 62 270 458 28 96 38 134 638 111 7 0 14 82 672 190 38 28 0 0 96 0 
0 0 109 141 281 218 155 120 39 122 324 169 103 107 90 70 276 214 107 122 117 102 65 21 
0 25 197 286 205 148 66 97 37 136 343 163 194 57 9 85 125 250 197 205 148 9 70 20 
0 327 401 140 26 34 2 94 5 193 538 141 47 4 1 95 34 148 260 403 81 2 44 52 
2 173 144 99 102 384 13 107 132 188 533 15 35 15 10 96 515 288 34 43 36 12 80 16 
0 32 149 221 92 405 13 112 66 174 615 12 32 12 14 99 566 265 35 9 36 13 71 29 
127 134 96 147 94 265 42 119 289 83 310 169 46 9 28 90 523 258 83 6 34 17 94 9 
8 120 115 80 199 319 127 56 116 178 310 255 28 18 96 23 455 345 34 45 16 9 120 0 
9 145 122 340 167 186 43 12 98 181 214 303 66 121 41 0 153 227 191 236 46 78 93 0 
0 121 129 196 196 239 115 28 36 185 238 138 129 153 135 10 86 242 169 133 142 72 173 7 
0 52 235 222 163 168 34 150 119 168 268 170 89 49 21 140 218 256 134 154 64 42 96 60 
0 57 203 236 195 154 19 160 59 54 222 236 185 108 5 155 64 111 188 228 220 53 73 87 
13 371 331 87 31 31 14 146 168 240 254 161 36 5 12 148 176 220 132 246 90 0 83 77 
101 212 160 42 64 112 276 57 233 164 126 135 166 46 138 16 260 330 104 77 55 48 142 8 
0 16 76 78 119 280 238 217 52 86 184 364 117 28 69 124 223 501 72 11 23 16 119 59 
0 32 68 482 192 19 35 196 66 361 327 21 22 27 8 192 489 240 40 21 32 10 132 60 
0 124 128 305 251 8 8 200 145 308 339 16 6 5 22 183 513 254 42 5 5 9 154 42 
252 437 107 4 0 0 0 224 256 481 63 0 0 0 22 202 233 286 281 0 0 1 151 72 
357 314 109 20 0 0 8 216 442 305 52 1 0 2 17 205 439 234 127 0 0 7 127 90 
444 123 86 138 33 8 0 192 546 105 133 26 21 1 1 191 633 128 45 20 6 0 140 52 
34 226 142 220 168 95 3 136 218 290 328 40 9 2 5 132 566 258 40 21 2 3 78 56 
0 0 1 51 453 519 0 0 23 83 818 100 0 0 0 0 687 336 1 0 0 0 0 0 
0 0 9 287 396 274 51 7 0 53 199 365 240 156 11 0 101 193 41 232 366 91 0 0 
0 0 271 275 336 139 3 0 40 36 186 481 205 76 0 0 74 116 151 202 405 76 0 0 
2 117 529 252 118 6 0 0 18 83 141 660 115 7 0 0 27 67 130 258 503 39 0 0 
34 313 17 123 450 87 0 0 342 136 543 3 0 0 0 0 577 442 5 0 0 0 0 0 
0 0 74 394 507 49 0 0 29 420 559 16 0 0 0 0 587 433 4 0 0 0 0 0 
85 60 331 332 112 88 14 2 138 541 83 63 107 76 15 1 445 260 66 66 122 53 12 0 
0 373 459 101 41 38 12 0 154 670 102 31 26 33 8 0 366 511 66 29 18 28 6 0 
3 243 442 243 62 21 5 5 217 466 268 36 17 14 6 0 436 444 100 21 16 7 0 0 
0 328 372 256 64 4 0 0 286 379 286 62 10 1 0 0 446 394 156 22 5 1 0 0 
154 373 329 125 30 8 4 1 421 393 170 29 4 5 1 1 612 300 90 11 6 4 1 0 
152 316 192 166 88 55 25 30 287 328 159 115 71 25 24 15 485 234 130 82 48 24 19 2 
28 267 279 142 222 57 28 1 455 178 176 196 15 3 1 0 622 289 92 16 4 1 0 0 
176 324 246 96 28 62 86 6 592 164 118 136 4 3 6 1 816 105 81 9 4 4 4 1 
61 84 207 209 191 117 42 113 139 169 171 188 135 79 30 113 198 206 173 107 94 108 58 80 
0 64 21 186 309 208 64 170 0 64 5 181 298 192 122 160 0 64 5 176 176 309 138 154 
0 0 6 35 12 11 27 933 0 14 21 13 9 13 35 919 5 22 15 8 9 18 217 730 
6 228 187 201 158 12 14 218 80 344 185 122 52 10 11 220 285 343 59 33 34 36 28 206 
26 182 203 197 287 128 1 0 199 265 235 237 82 6 0 0 504 343 80 39 39 19 0 0 
1 59 307 275 248 122 12 0 45 284 321 336 38 0 0 0 245 363 274 132 8 2 0 0 
13 105 188 210 253 224 30 1 22 368 281 296 42 11 3 1 287 532 153 39 11 1 1 0 
0 44 172 181 284 134 58 151 25 171 215 206 165 55 62 125 194 246 137 155 89 66 99 38 
0 22 110 271 240 217 95 69 49 234 324 204 100 63 45 5 423 369 132 52 31 16 1 0 
0 9 101 247 396 187 42 42 45 257 392 225 30 36 37 2 499 377 50 26 40 30 2 0 
0 41 51 148 381 227 81 95 55 87 284 329 86 78 84 21 250 406 99 75 85 86 23 0 
0 4 174 244 245 237 116 4 12 186 244 282 160 135 5 0 200 237 223 211 117 36 0 0 
3 63 362 375 202 19 0 0 39 162 350 469 4 0 0 0 153 225 300 305 41 0 0 0 
1 97 175 182 392 167 10 0 124 260 534 95 1 10 0 0 601 369 36 8 7 3 0 0 
0 34 175 305 383 121 6 0 42 299 563 105 10 5 0 0 540 406 58 12 8 0 0 0 
56 270 260 226 152 52 8 0 274 265 372 79 26 6 2 0 532 384 67 27 8 6 0 0 
0 290 327 167 144 83 13 0 23 463 361 110 45 19 3 0 104 653 172 60 23 11 1 0 
0 270 377 277 59 28 9 4 33 420 330 195 29 16 1 0 106 435 291 165 21 6 0 0 
0 175 227 341 112 125 41 3 16 268 275 227 107 110 21 0 81 259 321 181 96 82 4 0 
0 100 227 371 237 73 16 0 63 229 419 241 46 23 3 0 219 311 314 121 45 13 1 0 
1 79 161 424 311 41 6 1 43 152 328 419 59 23 0 0 151 229 399 212 30 3 0 0 
1 276 314 348 81 4 0 0 121 312 407 180 4 0 0 0 252 269 327 176 0 0 0 0 
0 84 290 321 142 84 50 53 28 155 417 197 60 78 56 33 83 304 284 157 71 82 43 0 
0 15 62 242 392 191 88 34 17 88 346 411 87 34 29 12 163 447 257 77 38 27 14 1 
0 83 191 562 150 26 12 0 89 325 479 99 21 11 0 0 362 422 188 33 17 2 0 0 
19 245 361 336 54 9 0 0 201 406 372 45 0 0 0 0 382 465 157 20 0 0 0 0 
106 388 317 134 65 9 1 4 214 410 254 108 26 7 2 3 248 457 203 90 14 7 3 2 
47 322 338 215 96 6 0 0 137 457 236 181 13 0 0 0 202 473 205 139 5 0 0 0 
120 231 250 220 167 33 3 0 316 246 242 196 18 6 0 0 418 277 262 58 6 3 0 0 
42 196 178 234 278 96 0 0 215 234 430 135 10 0 0 0 494 403 107 20 0 0 0 0 
0 53 92 223 516 137 3 0 112 272 596 44 0 0 0 0 694 327 3 0 0 0 0 0 
0 50 89 464 207 140 60 14 63 216 239 205 156 103 42 0 227 273 71 118 216 98 21 0 
1 31 108 386 188 234 76 0 63 165 164 270 194 122 46 0 166 216 146 102 271 92 31 0 
19 100 288 371 138 89 19 0 72 138 182 375 168 70 19 0 135 157 113 173 307 124 15 0 
83 315 75 79 367 105 0 0 388 124 438 74 0 0 0 0 532 468 24 0 0 0 0 0 
0 15 62 275 431 233 8 0 65 236 562 159 2 0 0 0 451 555 18 0 0 0 0 0 
0 41 177 598 174 13 10 11 33 559 372 21 16 10 13 0 455 510 16 16 13 12 2 0 
1 66 153 330 342 95 26 11 37 366 450 105 26 28 11 1 415 429 99 34 29 16 2 0 
0 127 235 337 171 117 17 20 84 358 403 118 19 19 13 10 365 421 142 41 28 16 11 0 
3 181 121 223 316 122 33 25 170 301 369 104 20 26 29 5 574 307 53 23 22 34 11 0 
265 310 159 107 107 50 14 12 471 244 178 73 23 15 12 8 567 264 102 42 19 18 10 2 
709 165 82 50 15 3 0 0 729 140 80 51 20 4 0 0 702 147 90 51 26 8 0 0 
17 129 221 150 125 253 89 40 124 269 161 336 57 27 19 31 305 417 145 51 51 17 36 2 
12 66 137 187 175 203 111 133 34 62 134 303 203 120 71 97 64 164 152 154 218 113 121 38 
83 127 201 128 125 155 102 103 121 115 184 199 79 127 112 87 141 172 182 137 127 90 134 41 
0 64 58 69 154 341 160 176 16 64 80 37 144 362 160 160 26 80 80 53 170 357 176 80 
1 147 199 137 85 73 112 270 29 198 143 105 105 80 138 226 161 152 96 77 91 132 224 91 
3 158 246 225 118 58 28 188 85 233 205 161 104 25 28 183 297 258 106 37 40 68 73 145 
0 306 278 177 234 29 0 0 201 419 258 141 5 0 0 0 687 305 31 1 0 0 0 0 
55 245 226 197 203 97 1 0 288 299 251 178 8 0 0 0 634 359 30 1 0 0 0 0 
20 68 218 324 265 126 3 0 107 331 391 183 12 0 0 0 550 394 80 0 0 0 0 0 
0 143 181 365 215 81 17 22 90 170 301 341 66 22 13 21 207 295 257 173 49 15 20 8 
0 47 263 336 290 65 23 0 89 336 375 165 52 7 0 0 520 293 154 46 9 2 0 0 
0 201 304 244 225 48 2 0 136 430 277 161 18 2 0 0 538 356 96 32 2 0 0 0 
4 129 325 261 246 47 11 1 97 405 290 173 35 22 2 0 439 390 103 55 25 12 0 0 
4 141 202 404 227 35 10 1 126 338 335 171 36 12 6 0 499 316 73 75 47 13 1 0 
49 288 193 243 198 51 2 0 275 284 275 163 26 1 0 0 512 338 119 48 6 1 0 0 
1 123 266 358 207 40 19 10 110 298 412 139 21 26 18 0 395 313 157 109 24 24 2 0 
94 331 333 198 55 13 0 0 288 419 225 64 22 6 0 0 559 278 97 70 18 2 0 0 
210 550 142 90 21 11 0 0 487 420 101 16 0 0 0 0 781 234 9 0 0 0 0 0 
25 733 119 77 46 12 12 0 455 421 92 16 20 12 8 0 675 271 23 17 17 14 7 0 
7 366 437 154 40 19 1 0 81 454 277 198 11 3 0 0 215 338 247 211 11 2 0 0 
0 264 258 415 61 19 6 1 4 341 233 380 44 19 3 0 36 338 227 363 45 12 3 0 
0 90 382 422 90 27 11 2 3 298 442 239 31 11 0 0 88 381 306 227 17 5 0 0 
20 248 381 314 40 13 5 3 53 369 311 257 18 9 6 1 102 404 295 192 23 4 4 0 
1 251 501 242 29 0 0 0 67 383 388 184 2 0 0 0 148 389 287 186 14 0 0 0 
2 223 398 286 62 34 17 2 43 358 379 160 45 27 11 1 136 396 331 97 34 25 5 0 
2 191 253 227 260 89 2 0 163 355 316 185 5 0 0 0 476 453 88 7 0 0 0 0 
4 288 298 376 36 17 3 2 144 445 345 70 13 5 2 0 368 392 234 23 2 3 2 0 
21 129 266 319 213 48 22 6 76 279 282 299 50 20 16 2 183 327 322 132 32 22 5 1 
1 135 340 326 188 32 2 0 22 356 331 255 54 5 1 0 162 402 283 129 46 2 0 0 
0 69 285 252 322 52 20 24 32 230 302 313 100 13 29 5 118 334 277 213 43 22 16 1 
2 97 148 337 306 72 47 15 52 168 195 425 102 53 23 6 121 206 295 278 80 35 9 0 
49 223 152 331 166 84 7 12 186 299 371 140 10 5 5 8 497 401 95 13 4 5 8 1 
7 59 280 668 10 0 0 0 112 671 241 0 0 0 0 0 624 400 0 0 0 0 0 0 
87 141 284 512 0 0 0 0 216 537 271 0 0 0 0 0 543 481 0 0 0 0 0 0 
16 75 477 340 74 42 0 0 127 636 173 79 9 0 0 0 653 344 27 0 0 0 0 0 
0 68 303 596 25 30 2 0 154 533 292 38 7 0 0 0 433 582 9 0 0 0 0 0 
0 12 306 676 30 0 0 0 66 589 369 0 0 0 0 0 502 522 0 0 0 0 0 0 
0 0 161 844 19 0 0 0 21 429 574 0 0 0 0 0 501 523 0 0 0 0 0 0 
0 12 145 734 121 6 4 2 6 322 665 19 6 4 1 1 334 630 41 9 7 1 2 0 
0 37 269 399 226 62 24 7 19 335 457 125 43 29 15 1 216 517 182 43 37 24 5 0 
0 93 337 383 163 19 15 14 31 372 457 104 22 16 18 4 165 558 189 64 20 15 13 0 
22 99 115 260 390 120 11 7 69 204 461 246 24 9 8 3 259 584 121 28 16 11 5 0 
448 260 148 128 36 2 2 0 592 208 148 64 9 2 1 0 640 240 86 48 8 2 0 0 
825 138 41 19 1 0 0 0 803 142 52 18 9 0 0 0 767 168 59 18 11 1 0 0 
343 277 194 130 75 5 0 0 289 305 213 158 59 0 0 0 223 340 231 136 78 16 0 0 
3 22 111 171 311 287 43 76 57 132 169 456 72 43 58 37 169 240 384 72 52 55 51 1 
0 1 64 203 395 280 27 54 11 120 247 486 75 19 42 24 161 318 408 29 35 25 45 3 
0 10 96 288 304 186 90 48 0 90 298 426 48 90 58 10 69 330 352 90 53 85 42 0 
1 45 137 151 118 121 103 348 6 86 155 138 110 106 113 310 62 139 155 109 102 111 152 194 
6 24 25 48 78 40 34 769 14 24 43 78 48 32 37 748 35 59 77 35 30 29 169 590 
0 85 61 108 349 118 42 261 60 60 112 93 371 45 51 232 108 111 86 102 322 42 52 201 
2 46 70 182 636 24 7 57 41 66 137 152 564 2 31 31 88 149 145 64 515 12 46 5 
15 21 51 216 661 15 7 38 38 52 188 159 541 3 28 15 91 209 120 79 482 19 18 6 
3 36 60 186 657 49 8 25 15 66 145 198 556 15 24 5 64 154 132 253 389 12 19 1 
3 41 158 135 603 9 15 60 35 150 115 164 481 11 43 25 164 116 91 363 217 22 44 7 
0 53 88 507 263 9 27 77 27 122 155 513 98 24 53 32 144 142 88 535 15 29 71 0 
0 12 57 694 158 8 45 50 3 60 189 647 27 7 64 27 45 179 151 541 12 41 52 3 
0 7 93 733 85 20 18 68 0 47 243 608 38 2 50 36 64 168 123 573 9 18 60 9 
3 42 59 632 178 47 15 48 26 47 166 660 60 11 21 33 50 166 221 518 13 12 31 13 
0 18 96 651 132 43 18 66 0 51 178 653 45 13 42 42 9 187 161 557 23 22 50 15 
53 111 172 575 41 16 38 18 61 203 113 550 32 19 41 5 106 196 92 551 14 30 32 3 
67 258 117 545 32 5 0 0 77 271 83 523 65 5 0 0 90 254 88 512 34 46 0 0 
48 404 152 417 3 0 0 0 104 345 144 420 11 0 0 0 108 336 134 400 44 2 0 0 
17 257 142 589 18 0 1 0 24 249 145 536 70 0 0 0 28 235 133 529 85 14 0 0 
3 163 195 523 61 35 29 15 3 196 191 505 52 42 32 3 4 207 181 507 45 52 28 0 
2 26 115 600 68 60 49 104 9 60 179 543 57 32 83 61 15 128 160 538 32 61 90 0 
30 76 157 598 82 23 25 33 57 108 214 535 46 17 32 15 60 194 176 521 16 24 31 2 
8 140 157 531 79 59 38 12 34 152 150 507 62 78 39 2 56 148 144 510 54 78 34 0 
17 135 144 489 87 47 50 55 33 225 109 469 31 58 67 32 104 181 110 445 43 67 73 1 
0 119 203 165 370 16 36 115 49 249 70 426 66 21 54 89 214 124 58 452 26 38 96 16 
14 227 116 116 402 40 30 79 99 213 79 217 292 22 40 62 205 120 75 432 75 36 76 5 
4 54 225 247 340 8 58 88 18 183 210 218 245 14 92 44 72 244 160 323 82 46 92 5 
0 9 24 203 508 67 71 142 0 22 165 222 387 38 81 109 16 149 159 329 168 51 126 26 
0 19 34 186 507 84 35 159 14 23 163 188 416 49 41 130 26 158 127 302 231 25 148 7 
0 6 101 310 374 52 48 133 4 65 218 214 331 34 69 89 38 197 115 316 185 41 123 9 
27 103 223 375 152 29 37 78 77 200 287 225 107 26 41 61 173 278 160 207 95 32 62 17 
3 83 420 403 20 19 46 30 77 681 166 5 20 33 42 0 681 244 3 24 33 38 1 0 
218 312 96 213 89 7 63 26 467 270 191 0 6 48 41 1 773 155 1 9 41 42 3 0 
155 149 95 207 191 175 51 1 303 266 100 255 66 26 8 0 645 202 120 24 17 16 0 0 
2 88 243 384 110 149 48 0 106 500 145 180 65 21 7 0 570 343 63 16 9 23 0 0 
97 332 187 407 1 0 0 0 219 628 145 7 25 0 0 0 460 526 5 1 32 0 0 0 
113 378 245 178 15 14 46 35 344 417 122 37 13 13 52 26 531 334 20 23 25 17 71 3 
0 27 32 94 38 174 564 95 15 42 97 16 40 216 578 20 53 88 22 22 67 618 154 0 
0 215 379 132 128 104 64 2 80 406 276 102 13 107 40 0 282 409 166 13 20 130 4 0 
12 449 371 152 30 10 0 0 171 535 259 56 3 0 0 0 325 503 158 36 2 0 0 0 
138 514 188 149 34 1 0 0 480 372 147 25 0 0 0 0 670 311 35 8 0 0 0 0 
473 307 132 76 35 1 0 0 632 246 116 29 1 0 0 0 681 264 74 5 0 0 0 0 
898 88 24 12 2 0 0 0 878 104 26 11 5 0 0 0 834 138 33 7 12 0 0 0 
263 282 125 101 114 35 99 5 408 220 120 140 105 31 0 0 465 264 208 54 30 3 0 0 
13 106 246 180 230 241 6 2 204 235 248 304 32 1 0 0 424 412 146 20 17 5 0 0 
0 69 113 73 364 374 17 14 82 124 197 569 21 12 11 8 207 589 115 68 19 14 11 1 
0 5 32 69 272 128 186 330 0 32 42 202 181 122 181 261 5 69 154 112 181 181 144 176 
125 400 209 63 34 45 49 99 242 382 141 38 47 38 53 83 599 153 44 40 44 46 75 23 
22 113 71 46 40 26 36 670 48 120 62 36 38 23 49 648 130 78 41 38 25 26 91 595 
0 2 39 40 38 27 31 847 0 25 36 26 46 22 30 839 3 46 32 18 45 31 51 798 
0 10 341 144 186 64 234 45 17 449 52 144 330 6 4 22 554 234 28 145 35 5 4 19 
0 10 437 68 263 64 174 8 67 438 45 251 223 0 0 0 683 103 10 208 20 0 0 0 
0 14 99 103 521 55 65 167 7 107 24 251 397 29 127 82 99 58 24 456 185 171 31 0 
0 1 18 338 474 55 133 5 2 20 12 493 321 127 49 0 19 10 19 758 161 55 2 0 
0 0 42 636 220 74 51 1 0 0 62 761 107 63 30 1 0 0 178 730 63 46 7 0 
0 0 13 892 99 20 0 0 0 0 15 906 93 10 0 0 0 0 51 931 42 0 0 0 
0 0 0 962 62 0 0 0 0 0 0 938 86 0 0 0 0 0 0 989 35 0 0 0 
0 0 0 844 95 82 3 0 0 0 0 856 123 45 0 0 0 0 0 915 109 0 0 0 
0 0 3 757 88 156 20 0 0 0 3 773 131 117 0 0 0 0 5 831 187 1 0 0 
0 0 0 830 43 42 96 13 0 0 0 834 50 82 56 2 0 0 6 865 92 59 2 0 
0 0 1 764 69 99 91 0 0 0 1 777 76 160 10 0 0 0 6 810 194 14 0 0 
0 3 59 718 123 118 3 0 0 3 56 736 158 71 0 0 0 3 81 788 152 0 0 0 
0 0 36 793 138 53 4 0 0 0 36 803 145 39 1 0 0 0 33 903 84 4 0 0 
0 0 6 856 119 39 4 0 0 0 1 883 115 25 0 0 0 0 2 938 76 8 0 0 
0 0 4 738 71 43 59 109 0 0 8 790 27 56 93 50 0 0 28 789 68 126 13 0 
0 0 0 613 209 9 15 178 0 0 0 807 19 8 86 104 0 0 17 806 13 161 27 0 
0 0 0 511 308 13 19 173 0 0 0 757 70 8 75 114 0 0 9 812 13 148 42 0 
0 0 0 420 433 17 30 124 0 0 0 736 124 15 66 83 0 0 12 845 19 101 47 0 
0 0 0 372 463 12 41 136 0 0 4 542 294 15 105 64 0 0 11 827 23 136 27 0 
0 0 0 326 448 46 148 56 0 0 1 409 387 83 131 13 0 0 32 741 106 142 3 0 
0 57 147 329 320 80 83 8 0 76 152 382 288 71 54 1 11 96 204 463 185 61 4 0 
0 29 94 285 444 133 39 0 2 47 109 304 454 100 8 0 5 62 149 438 341 29 0 0 
0 1 25 212 454 159 148 25 0 5 24 243 473 190 84 5 1 16 47 480 365 109 6 0 
0 0 0 126 504 181 193 20 0 0 0 163 521 220 120 0 0 0 46 327 485 162 4 0 
0 6 24 45 194 195 439 121 1 17 29 60 172 345 367 33 5 20 45 152 170 548 84 0 
0 0 0 0 0 159 654 211 0 0 0 0 2 278 700 44 0 0 0 0 34 753 237 0 
0 0 0 0 2 218 645 159 0 0 0 0 2 332 657 33 0 0 0 0 11 728 285 0 
0 0 0 0 0 183 782 59 0 0 0 0 2 332 686 4 0 0 0 0 39 776 209 0 
0 0 0 272 152 93 410 97 0 0 0 0 414 135 453 22 0 0 0 0 178 623 223 0 
0 0 0 1024 0 0 0 0 0 0 0 22 1002 0 0 0 0 0 0 0 402 622 0 0 
0 0 0 597 65 230 120 12 0 0 0 485 197 273 64 5 0 0 0 85 723 189 27 0 
0 20 20 98 106 201 427 152 6 16 21 111 115 250 481 24 10 16 35 116 181 395 271 0 
0 82 159 107 138 343 185 10 8 189 181 201 238 180 26 1 102 368 283 65 64 137 5 0 
3 153 309 181 170 135 73 0 28 404 260 198 126 8 0 0 245 443 265 70 1 0 0 0 
99 262 411 99 67 45 38 3 180 554 138 65 53 28 6 0 442 394 118 33 32 5 0 0 
585 199 102 100 34 4 0 0 625 217 108 51 23 0 0 0 630 237 88 40 28 1 0 0 
872 101 39 12 0 0 0 0 822 132 49 20 1 0 0 0 759 166 53 35 11 0 0 0 
214 227 110 70 52 67 271 13 263 211 99 102 196 153 0 0 254 266 385 99 17 3 0 0 
17 60 162 189 177 192 120 107 52 167 161 239 170 104 97 34 141 200 226 168 131 113 41 4 
0 12 113 197 327 207 113 55 6 144 175 346 135 116 82 20 96 243 239 130 148 108 59 1 
0 0 0 10 474 202 202 133 0 0 0 58 496 202 176 90 0 0 0 21 501 266 202 32 
4 67 144 165 168 220 111 145 18 114 130 156 203 184 118 101 86 124 103 188 243 152 106 22 
18 75 92 102 73 81 155 428 41 89 107 79 64 106 176 362 80 108 106 59 99 149 285 138 
19 70 121 123 110 265 108 208 34 103 178 313 93 41 97 165 189 337 107 76 39 73 144 59 
0 0 32 49 298 304 294 47 30 53 400 328 165 5 9 34 597 344 31 4 5 7 15 21 
0 0 10 63 397 351 199 4 24 142 519 276 63 0 0 0 828 195 1 0 0 0 0 0 
0 0 0 9 54 69 307 585 0 7 42 70 24 74 512 295 32 77 28 10 67 606 204 0 
27 64 7 53 261 353 214 45 73 28 63 87 312 323 135 3 96 64 49 107 506 198 4 0 
583 67 38 31 135 170 0 0 640 20 32 46 183 103 0 0 640 25 33 83 243 0 0 0 
477 117 44 119 262 5 0 0 554 51 65 100 254 0 0 0 573 35 64 135 217 0 0 0 
0 475 159 19 297 74 0 0 424 215 1 18 345 21 0 0 613 27 0 100 284 0 0 0 
0 260 147 213 88 172 139 5 234 242 62 99 121 202 64 0 446 74 21 138 290 55 0 0 
0 3 68 645 86 134 88 0 0 2 42 342 429 192 17 0 0 0 31 173 801 19 0 0 
0 4 22 788 164 40 6 0 0 0 14 541 440 28 1 0 0 0 10 404 608 2 0 0 
25 366 240 204 125 52 12 0 109 485 45 188 147 50 0 0 350 244 45 253 132 0 0 0 
40 282 245 420 33 4 0 0 212 345 40 404 22 1 0 0 405 165 31 411 12 0 0 0 
25 349 182 357 111 0 0 0 253 321 66 287 97 0 0 0 389 132 118 312 73 0 0 0 
54 281 159 122 88 115 144 61 137 447 32 13 120 142 124 9 295 195 135 51 229 119 0 0 
5 119 208 129 44 91 108 320 170 273 129 28 8 39 198 179 387 162 51 13 52 300 59 0 
2 205 169 147 72 17 82 330 132 400 51 10 16 25 241 149 300 167 130 11 50 304 62 0 
1 249 168 100 57 33 20 396 214 261 97 8 28 1 152 263 323 180 95 10 10 290 116 0 
4 185 47 141 134 52 50 411 132 148 199 79 14 16 154 282 275 179 91 32 12 336 99 0 
0 3 28 72 263 118 90 450 19 82 315 55 36 38 269 210 300 154 26 44 48 405 47 0 
0 13 44 51 87 150 308 371 0 32 48 72 107 202 417 146 6 52 68 107 205 483 103 0 
0 72 130 102 130 213 279 98 1 100 127 117 163 252 231 33 7 168 113 164 255 256 58 3 
1 88 174 176 183 191 156 55 3 145 174 176 193 192 121 20 18 202 179 209 211 159 46 0 
1 73 120 111 154 248 261 56 4 93 116 127 188 274 204 18 10 115 145 187 248 277 42 0 
0 24 48 108 188 275 236 145 0 27 51 122 205 305 256 58 2 34 70 147 307 346 114 4 
0 47 54 178 182 83 267 213 14 98 213 106 65 89 357 82 112 188 30 123 97 333 141 0 
0 0 2 136 596 100 111 79 4 177 618 29 4 20 156 16 444 355 10 23 7 116 69 0 
0 47 257 334 157 20 118 91 107 170 189 230 113 35 167 13 214 215 76 51 250 150 68 0 
0 144 406 268 39 7 107 53 160 206 140 332 26 9 150 1 228 251 36 93 256 110 50 0 
36 142 459 203 39 7 116 22 154 154 17 276 278 26 119 0 206 104 33 47 342 258 34 0 
227 123 79 360 219 9 7 0 264 199 331 100 115 11 4 0 375 351 67 56 126 47 2 0 
0 0 9 138 498 206 151 22 0 114 595 60 36 137 80 2 342 390 28 33 84 137 10 0 
2 31 24 39 71 162 490 205 14 22 26 120 182 163 469 28 36 66 166 94 121 432 107 2 
0 35 68 130 198 359 224 10 2 81 165 389 346 38 3 0 104 345 419 93 48 13 2 0 
4 56 211 139 121 196 264 33 13 128 231 188 285 149 28 2 56 205 446 225 51 17 24 0 
31 139 239 175 143 152 139 6 55 272 224 140 227 85 21 0 124 375 244 143 80 45 13 0 
566 289 90 29 24 22 3 1 617 254 76 28 19 25 3 2 575 280 92 29 19 19 8 2 
424 126 111 132 151 32 42 6 406 130 95 92 155 93 51 2 377 140 85 78 115 141 83 5 
217 300 147 82 83 98 49 48 323 269 110 91 71 63 52 45 371 263 139 49 38 40 92 32 
35 110 151 275 240 77 82 54 63 142 252 296 94 83 73 21 80 166 320 207 100 100 48 3 
0 12 69 180 552 81 71 59 6 54 140 368 296 61 70 29 20 109 183 195 364 78 75 0 
0 0 0 5 672 176 101 69 0 0 0 21 650 181 133 37 0 0 0 0 400 426 197 0 
0 47 184 181 160 165 133 154 3 119 227 132 161 158 120 104 65 234 151 160 164 135 107 8 
0 3 30 57 87 132 220 495 0 11 37 88 82 161 252 393 6 24 63 87 140 221 382 101 
0 1 31 61 80 105 228 518 0 7 43 75 82 117 250 450 0 26 54 87 99 208 338 212 
0 0 3 82 454 193 57 235 3 18 524 166 30 15 58 210 218 421 78 15 18 31 110 133 
0 0 1 28 556 439 0 0 0 23 854 147 0 0 0 0 546 475 3 0 0 0 0 0 
0 0 0 6 91 147 263 517 0 0 25 50 89 219 315 326 0 41 29 67 203 367 317 0 
1 20 30 56 119 156 213 429 28 90 79 28 38 184 296 281 139 54 21 26 153 356 273 2 
967 29 11 17 0 0 0 0 1004 20 0 0 0 0 0 0 1024 0 0 0 0 0 0 0 
785 133 54 52 0 0 0 0 842 97 44 41 0 0 0 0 859 80 46 39 0 0 0 0 
0 763 249 10 2 0 0 0 641 375 8 0 0 0 0 0 894 124 6 0 0 0 0 0 
0 591 270 163 0 0 0 0 431 368 35 176 14 0 0 0 621 177 28 161 37 0 0 0 
0 9 109 591 315 0 0 0 0 3 57 325 632 7 0 0 0 1 38 219 759 7 0 0 
1 40 255 616 112 0 0 0 0 15 141 509 359 0 0 0 0 6 104 345 569 0 0 0 
0 874 149 1 0 0 0 0 50 929 43 2 0 0 0 0 401 579 40 4 0 0 0 0 
15 727 172 106 4 0 0 0 134 712 82 94 2 0 0 0 360 460 119 83 2 0 0 0 
5 315 571 108 15 10 0 0 113 537 355 9 10 0 0 0 245 307 426 46 0 0 0 0 
42 667 183 83 26 23 0 0 2 851 122 27 22 0 0 0 6 461 521 23 13 0 0 0 
2 310 141 89 163 230 89 0 64 465 355 86 43 11 0 0 344 437 200 39 4 0 0 0 
22 757 116 59 36 32 2 0 0 863 99 19 38 5 0 0 13 365 598 28 19 1 0 0 
1 504 417 96 6 0 0 0 132 570 322 0 0 0 0 0 193 412 406 13 0 0 0 0 
23 305 142 151 278 112 13 0 135 269 477 127 16 0 0 0 442 318 239 25 0 0 0 0 
0 0 69 531 256 68 85 15 20 517 300 57 72 47 10 1 575 260 52 65 56 12 4 0 
0 23 78 43 64 198 379 239 0 54 59 51 92 303 374 91 3 82 46 68 238 474 110 3 
0 41 99 105 163 233 284 99 0 61 97 131 169 264 266 36 3 91 104 153 231 350 92 0 
2 185 205 137 146 192 132 25 6 228 186 128 155 189 127 5 15 264 172 144 174 191 64 0 
0 80 182 189 250 169 132 22 0 103 179 221 226 180 105 10 1 133 180 243 217 197 51 2 
2 154 171 172 166 187 137 35 2 150 180 179 174 200 129 10 2 162 186 194 198 219 63 0 
0 105 109 307 203 132 135 33 30 257 157 174 125 154 114 13 165 229 61 176 154 205 34 0 
0 0 112 651 257 4 0 0 27 795 202 0 0 0 0 0 697 327 0 0 0 0 0 0 
0 3 145 533 270 46 23 4 30 231 126 117 378 128 14 0 109 220 69 45 273 297 11 0 
0 75 132 585 217 15 0 0 52 131 161 146 459 75 0 0 74 226 67 42 317 296 2 0 
0 0 103 694 220 7 0 0 0 0 0 153 724 147 0 0 0 0 0 2 376 638 8 0 
193 214 138 264 213 2 0 0 278 245 347 130 23 1 0 0 402 379 78 123 40 2 0 0 
53 247 214 249 189 61 6 5 197 368 290 84 35 44 6 0 423 377 105 39 35 42 3 0 
5 39 34 146 87 46 487 180 0 34 22 54 206 95 580 33 0 28 13 25 134 559 265 0 
124 119 349 341 58 31 2 0 97 100 129 370 283 42 3 0 33 140 36 128 354 324 9 0 
169 272 355 220 8 0 0 0 122 213 279 281 127 2 0 0 26 200 217 275 206 100 0 0 
221 169 216 288 100 14 16 0 179 150 171 241 231 35 17 0 87 154 143 165 233 221 21 0 
110 119 100 243 395 23 31 3 99 116 87 116 366 209 29 2 48 138 93 86 121 400 137 1 
128 107 83 128 358 91 88 41 137 85 71 103 207 269 106 46 108 94 68 91 113 278 244 28 
358 94 66 94 240 122 25 25 355 99 59 71 104 256 56 24 282 157 59 65 69 161 214 17 
35 221 163 290 108 98 94 15 56 188 136 160 272 110 89 13 46 149 157 133 147 292 96 4 
0 6 67 341 31 34 190 355 0 0 10 19 405 52 233 305 0 0 1 12 26 454 521 10 
0 0 64 437 21 10 37 453 0 0 0 0 522 5 48 448 0 0 0 0 5 506 458 53 
30 318 282 169 91 82 32 20 76 384 224 135 90 72 30 13 220 382 140 127 86 55 13 1 
1 48 124 151 127 173 232 168 1 82 133 141 133 194 228 112 25 114 148 134 180 260 136 27 
0 4 127 210 249 227 96 111 0 11 172 190 258 225 75 93 0 59 170 206 277 197 83 32 
0 0 25 63 78 121 263 474 0 0 39 70 80 158 221 456 0 15 53 70 91 246 218 331 
0 0 0 40 153 25 681 125 0 7 136 46 16 32 700 87 24 135 21 19 18 76 664 67 
0 3 66 45 58 61 732 59 0 34 62 36 66 70 734 22 0 43 71 42 81 69 709 9 
2 48 48 62 73 56 610 125 44 41 36 57 61 61 655 69 80 9 43 65 65 64 659 39 
534 20 11 4 3 8 263 181 548 11 6 5 5 8 409 32 555 7 4 6 4 10 435 3 
409 238 119 55 5 7 33 158 534 202 51 34 5 10 156 32 598 143 54 30 6 6 187 0 
0 250 641 126 3 1 1 2 201 755 62 1 2 1 1 1 565 446 7 2 1 1 2 0 
0 234 433 258 75 22 2 0 86 520 112 207 76 21 2 0 275 352 69 188 110 27 3 0 
0 0 1 375 326 313 8 1 0 0 0 181 483 351 8 1 0 0 0 117 525 365 16 1 
0 0 15 239 247 332 182 9 0 0 6 118 223 462 212 3 0 0 3 56 216 400 349 0 
0 120 149 8 10 8 43 686 11 246 15 8 10 8 91 635 55 205 17 7 9 11 475 245 
2 223 163 59 26 64 55 432 23 324 56 49 24 66 61 421 79 292 37 45 20 81 444 26 
1 43 236 55 60 231 212 186 13 154 154 19 54 220 232 178 36 144 135 23 35 210 391 50 
0 151 153 36 155 152 116 261 1 206 128 10 31 251 175 222 5 194 140 9 11 193 362 110 
0 195 221 88 154 72 96 198 29 412 172 41 47 47 101 175 136 384 125 19 11 61 243 45 
1 650 212 74 26 17 4 40 1 752 174 35 14 4 14 30 5 405 540 16 13 2 37 6 
19 643 319 42 1 0 0 0 115 646 263 0 0 0 0 0 166 499 351 8 0 0 0 0 
80 259 148 177 209 123 28 0 200 270 412 99 43 0 0 0 409 357 216 42 0 0 0 0 
0 2 57 192 563 94 65 51 5 173 612 94 59 55 23 3 461 337 94 54 43 28 7 0 
0 2 19 42 60 141 431 329 0 8 32 44 78 256 515 91 1 20 45 68 189 533 168 0 
0 28 126 108 129 216 312 105 1 71 110 111 151 251 274 55 4 102 112 132 192 316 161 5 
6 271 175 114 152 129 140 37 6 316 154 120 148 148 111 21 22 353 132 139 144 153 76 5 
1 149 195 163 170 160 154 32 1 182 184 165 185 154 135 18 6 214 191 175 176 185 73 4 
3 95 101 126 290 142 181 86 2 100 94 121 299 159 212 37 2 91 113 121 277 268 151 1 
0 74 64 307 177 68 260 74 10 207 95 118 190 110 275 19 73 210 28 128 128 375 77 5 
0 4 32 640 340 8 0 0 9 585 266 12 151 1 0 0 409 442 8 10 30 111 14 0 
0 30 89 552 269 61 23 0 23 216 116 53 411 186 19 0 67 217 79 38 112 427 84 0 
0 57 144 695 113 15 0 0 28 119 122 103 587 61 4 0 47 157 70 44 193 381 132 0 
0 16 43 767 178 20 0 0 0 0 25 56 795 147 1 0 0 0 1 49 133 722 119 0 
252 211 111 207 139 104 0 0 276 177 87 102 206 153 23 0 257 178 86 95 85 200 123 0 
581 250 89 61 33 10 0 0 545 277 85 61 37 19 0 0 549 265 79 54 49 27 1 0 
127 131 105 178 314 51 117 1 80 133 108 85 301 213 103 1 39 145 92 89 154 357 148 0 
8 22 34 662 287 11 0 0 4 15 22 28 859 92 4 0 0 11 17 20 98 545 333 0 
8 96 194 599 79 47 1 0 3 59 66 14 791 70 21 0 0 30 75 27 13 557 319 3 
117 160 499 225 23 0 0 0 80 118 106 270 447 3 0 0 49 83 114 68 162 548 0 0 
733 102 43 70 74 2 0 0 732 98 43 56 71 24 0 0 718 107 46 46 57 47 3 0 
621 279 37 38 33 8 7 1 639 255 39 34 34 15 7 1 612 276 49 25 37 21 4 0 
439 231 56 80 189 11 8 10 399 254 62 49 110 136 8 6 353 292 66 39 69 124 78 3 
24 52 235 490 110 109 4 0 5 54 51 64 650 165 35 0 2 32 45 51 52 675 167 0 
0 0 56 841 123 4 0 0 0 0 0 0 913 111 0 0 0 0 0 0 0 834 190 0 
0 0 16 928 80 0 0 0 0 0 0 0 944 80 0 0 0 0 0 0 0 586 437 0 
11 54 87 227 286 133 126 100 8 56 99 239 304 137 121 60 10 67 143 336 248 159 60 1 
1 62 188 234 204 188 108 39 1 65 185 243 189 183 143 15 1 71 192 247 211 224 78 0 
0 4 29 81 212 394 274 30 0 5 29 70 151 316 439 14 0 7 28 70 125 268 515 11 
0 0 3 29 490 78 235 189 0 0 0 4 48 525 341 106 0 0 0 0 21 193 736 74 
0 0 1 1 28 85 686 223 0 0 0 1 6 115 842 60 0 0 0 1 9 142 863 9 
0 0 0 0 0 17 978 29 0 0 0 0 0 17 1003 4 0 0 0 0 0 22 1002 0 
0 0 0 0 0 4 1011 9 0 0 0 0 0 4 1014 6 0 0 0 0 0 4 1018 2 
0 0 0 0 0 13 849 162 0 0 0 0 0 7 1013 4 0 0 0 0 0 6 1018 0 
0 0 0 0 9 46 381 588 0 0 0 0 5 34 719 266 0 0 0 0 0 15 1009 0 
0 3 45 60 98 64 131 623 0 28 74 17 36 116 302 451 5 57 41 18 8 90 805 0 
0 0 29 92 293 174 166 270 0 0 40 99 278 144 201 262 0 0 26 79 174 249 489 7 
0 1 79 169 284 335 76 80 0 32 74 189 245 333 113 38 0 36 68 170 245 347 154 4 
0 18 64 60 161 294 246 181 3 35 55 76 161 308 235 151 3 46 53 85 148 342 272 75 
0 0 0 5 8 316 306 389 0 0 0 6 8 261 373 376 0 0 1 6 9 137 558 313 
0 0 0 0 25 136 785 78 0 0 0 0 1 112 861 50 0 0 0 0 0 54 968 2 
0 0 0 0 346 383 224 71 0 0 0 0 25 589 379 31 0 0 0 0 0 173 850 1 
0 0 0 1 482 264 193 84 0 0 0 0 131 555 251 87 0 0 0 0 1 269 656 98 
0 0 0 0 106 197 375 346 0 0 0 0 36 232 414 342 0 0 0 0 1 150 560 313 
0 10 17 4 2 30 678 283 0 14 13 4 4 26 728 235 0 16 12 3 6 40 815 132 
0 107 107 11 7 8 589 195 5 129 86 8 5 12 647 132 4 118 78 28 6 13 704 73 
29 89 71 115 105 39 362 214 51 135 195 31 36 33 475 68 109 203 84 41 17 52 512 6 
0 0 20 193 213 112 135 351 0 81 289 41 66 106 224 217 88 254 64 38 45 104 429 2 
0 3 9 96 219 87 340 270 0 4 17 25 283 106 464 125 0 8 22 34 89 392 478 1 
0 17 60 189 249 147 339 23 0 31 50 50 362 175 348 8 0 46 52 59 88 417 361 1 
0 43 35 63 228 167 442 46 0 46 38 27 186 229 474 24 1 52 35 35 50 289 552 10 
0 6 5 93 196 53 192 479 0 6 3 14 238 84 287 392 0 6 3 13 15 233 741 13 
0 0 0 170 158 79 361 256 0 0 0 4 275 111 439 195 0 0 0 2 14 271 660 77 
0 0 0 86 104 121 560 153 0 0 0 0 142 114 617 151 0 0 0 0 0 89 877 58 
0 0 0 203 93 154 560 14 0 0 0 0 218 147 657 2 0 0 0 0 0 28 992 4 
0 0 0 192 96 163 462 111 0 0 0 0 192 185 620 27 0 0 0 0 0 7 1016 1 
0 0 0 180 134 106 469 135 0 0 0 0 189 172 615 48 0 0 0 0 0 6 1016 2 
0 0 0 331 162 169 331 31 0 0 0 0 339 274 398 13 0 0 0 0 0 156 853 15 
208 96 81 101 125 197 154 62 202 96 34 57 136 217 226 56 194 94 40 18 46 169 454 9 
340 164 65 85 242 94 32 2 358 150 60 42 69 299 46 0 379 133 55 45 57 112 243 0 
250 173 68 318 119 76 18 2 188 169 113 59 279 175 35 6 141 151 111 86 77 84 364 10 
65 55 42 397 168 218 79 0 47 58 36 48 348 318 169 0 16 69 42 27 54 192 624 0 
0 0 0 255 246 399 124 0 0 0 0 0 265 445 314 0 0 0 0 0 1 136 881 6 
17 49 29 204 105 248 372 0 13 40 19 38 178 290 445 1 11 24 23 17 43 116 789 1 
309 111 19 244 202 99 31 9 328 94 16 11 164 347 58 6 362 60 16 10 9 103 458 6 
577 117 9 310 11 0 0 0 561 123 15 9 246 70 0 0 452 229 9 13 14 90 217 0 
691 65 16 249 3 0 0 0 656 103 4 14 246 1 0 0 415 343 4 12 11 85 154 0 
59 124 433 408 0 0 0 0 33 45 116 322 508 0 0 0 0 52 34 89 207 384 258 0 
0 0 16 976 32 0 0 0 0 0 0 0 976 48 0 0 0 0 0 0 0 442 582 0 
0 0 234 789 0 0 0 0 0 0 0 0 976 48 0 0 0 0 0 0 0 517 506 0 
4 126 440 380 67 7 0 0 0 41 271 572 133 7 0 0 0 12 152 572 277 11 0 0 
62 280 265 219 122 76 0 0 21 210 253 229 152 128 31 0 2 91 264 224 181 122 140 0 
105 165 132 233 189 200 0 0 34 150 140 108 206 234 152 0 2 96 141 100 111 203 371 0 
51 108 183 358 323 1 0 0 10 84 86 173 303 365 3 0 0 29 80 83 165 277 381 9 
1 125 208 283 281 119 5 2 0 17 182 197 344 268 14 2 0 0 52 171 229 420 150 2 
0 16 122 365 172 239 110 0 0 0 21 154 401 314 134 0 0 0 2 34 165 552 270 1 
0 0 0 636 64 175 149 0 0 0 0 0 656 180 188 0 0 0 0 0 0 624 400 0 
0 2 31 749 72 119 51 0 0 0 3 35 780 114 92 0 0 0 0 1 25 669 329 0 
0 0 16 883 89 36 0 0 0 0 0 8 887 122 7 0 0 0 0 0 1 364 659 0 
1 16 17 729 261 0 0 0 0 3 16 13 216 776 0 0 0 0 2 16 10 52 944 0 
0 13 64 146 308 330 163 0 0 2 19 67 120 434 382 0 0 0 3 18 60 116 819 8 
0 0 0 0 0 67 400 557 0 0 0 0 0 0 461 563 0 0 0 0 0 0 665 359 
0 2 0 2 1 3 23 993 0 2 2 0 1 3 33 983 0 2 2 1 1 4 201 813 
0 0 0 0 0 41 137 846 0 0 0 0 0 23 168 833 0 0 0 0 0 11 334 679 
0 0 0 0 0 61 310 653 0 0 0 0 0 14 382 628 0 0 0 0 0 3 549 472 
0 0 0 0 0 467 143 414 0 0 0 0 0 273 339 412 0 0 0 0 0 43 780 201 
0 0 0 0 56 634 114 220 0 0 0 0 0 624 191 209 0 0 0 0 0 96 911 17 
0 0 0 0 70 508 391 55 0 0 0 0 0 450 532 42 0 0 0 0 0 86 923 15 
0 0 0 0 0 381 643 0 0 0 0 0 0 232 792 0 0 0 0 0 0 21 999 4 
0 0 0 0 0 83 939 2 0 0 0 0 0 35 989 0 0 0 0 0 0 3 1021 0 
0 0 12 29 68 218 626 71 0 1 17 34 73 229 631 39 0 1 21 36 88 235 628 15 
0 0 9 32 84 111 356 432 0 1 17 41 92 106 486 281 0 1 22 46 91 129 631 104 
0 0 0 1 7 59 490 467 0 0 0 1 7 64 636 316 0 0 0 5 6 64 797 152 
0 0 0 0 25 93 607 299 0 0 0 0 2 110 634 278 0 0 0 0 2 85 740 197 
0 0 15 32 36 71 372 498 0 6 23 29 36 77 523 330 0 7 25 30 45 83 702 132 
0 1 8 33 51 99 299 533 0 2 11 37 53 135 402 384 0 3 20 33 63 170 646 89 
0 0 1 9 16 29 87 882 0 0 3 9 17 30 205 760 0 0 6 11 17 35 916 39 
0 0 0 0 62 53 138 771 0 0 0 0 0 101 387 536 0 0 0 0 0 22 1001 1 
0 0 0 6 109 82 364 463 0 0 3 4 15 152 587 263 0 0 4 6 14 26 958 16 
0 0 4 53 201 62 351 353 0 0 5 10 15 272 521 201 0 0 6 11 11 24 951 21 
0 0 0 173 115 62 170 504 0 0 0 0 5 329 340 350 0 0 0 0 0 1 1015 8 
0 0 0 16 278 138 329 263 0 0 0 0 0 362 463 199 0 0 0 0 1 19 995 9 
0 0 0 0 95 208 676 45 0 0 0 0 1 224 793 6 0 0 0 0 0 2 1021 1 
0 0 0 57 348 239 291 89 0 0 0 0 38 489 452 45 0 0 0 0 0 29 956 39 
0 0 0 514 259 119 116 16 0 0 0 0 223 590 207 4 0 0 0 0 0 48 936 40 
0 0 0 807 87 44 86 0 0 0 0 0 527 389 108 0 0 0 0 0 0 22 990 12 
0 0 0 967 44 13 0 0 0 0 0 3 619 398 4 0 0 0 0 0 0 110 914 0 
0 54 211 423 141 50 41 104 0 86 163 140 318 170 45 102 6 148 115 69 89 180 327 90 
0 0 22 122 184 237 242 217 0 3 30 22 59 415 295 200 0 18 23 28 34 159 590 172 
0 0 0 732 124 63 59 46 0 0 0 0 632 263 88 41 0 0 0 0 0 113 879 32 
0 0 0 704 180 113 27 0 0 0 0 0 729 239 56 0 0 0 0 0 0 155 869 0 
0 0 0 597 105 67 166 89 0 0 0 0 525 215 196 88 0 0 0 0 0 9 984 31 
0 0 0 614 281 67 62 0 0 0 0 0 546 387 91 0 0 0 0 0 0 0 1024 0 
0 0 0 698 325 0 0 0 0 0 0 0 618 405 0 0 0 0 0 0 0 0 1024 0 
35 229 255 434 71 0 0 0 6 119 231 180 368 120 0 0 0 58 176 173 169 263 185 0 
322 444 194 39 24 1 0 0 132 498 196 145 45 8 0 0 26 452 232 164 107 43 0 0 
472 515 37 0 0 0 0 0 266 611 140 7 0 0 0 0 91 481 401 50 1 0 0 0 
109 829 59 27 0 0 0 0 8 388 556 50 22 0 0 0 0 52 577 327 50 18 0 0 
6 522 192 304 0 0 0 0 0 118 452 111 343 0 0 0 0 0 213 363 74 373 1 0 
3 32 189 798 2 0 0 0 0 3 35 190 796 0 0 0 0 0 2 32 112 821 57 0 
0 15 84 925 0 0 0 0 0 0 15 68 940 1 0 0 0 0 0 5 50 554 415 0 
0 59 155 809 1 0 0 0 0 14 66 123 816 5 0 0 0 0 25 49 103 267 580 0 
14 125 242 643 0 0 0 0 0 40 118 221 574 71 0 0 0 0 43 102 202 292 385 0 
0 10 89 888 37 0 0 0 0 0 7 62 401 554 0 0 0 0 0 5 50 210 759 0 
0 6 46 653 310 9 0 0 0 1 6 40 265 705 7 0 0 0 1 7 36 99 881 0 
0 0 0 0 179 498 326 21 0 0 0 0 0 291 703 30 0 0 0 0 0 0 999 25 
0 0 0 0 0 17 325 682 0 0 0 0 0 0 330 694 0 0 0 0 0 0 338 686 
0 0 0 0 0 0 0 1024 0 0 0 0 0 0 0 1024 0 0 0 0 0 0 19 1005 
0 0 0 0 0 0 0 1024 0 0 0 0 0 0 0 1024 0 0 0 0 0 0 3 1021 
0 0 0 0 0 0 0 1024 0 0 0 0 0 0 0 1024 0 0 0 0 0 0 1 1023 
0 0 0 0 0 0 0 1024 0 0 0 0 0 0 1 1023 0 0 0 0 0 0 461 563 
0 0 0 1 1 2 309 711 0 0 0 1 1 2 419 601 0 0 0 1 1 2 952 68 
0 0 0 2 4 181 789 48 0 0 0 2 7 145 845 25 0 0 0 2 3 60 945 14 
0 18 22 31 122 467 364 0 0 17 22 22 54 396 513 0 0 8 27 19 26 164 776 4 
0 3 4 26 386 185 405 15 0 0 3 4 78 475 451 13 0 0 0 3 21 206 789 5 
1 12 24 88 235 314 275 75 0 12 22 80 169 381 323 37 0 7 28 76 138 276 487 12 
0 0 4 39 130 191 539 121 0 0 2 30 107 215 619 51 0 0 2 14 77 216 691 24 
1 7 47 83 160 200 399 127 1 11 43 95 163 220 405 86 0 11 39 98 169 244 415 48 
0 10 80 134 177 208 280 135 0 19 91 137 195 218 272 92 0 25 97 144 207 226 272 53 
0 5 33 90 188 173 239 296 0 6 53 90 145 226 274 230 0 8 54 92 116 249 396 109 
0 0 1 18 96 231 102 576 0 0 2 24 34 272 179 513 0 0 2 27 39 134 714 108 
0 0 9 13 72 173 124 633 0 0 9 10 49 168 192 596 0 0 8 7 32 108 811 58 
0 2 3 16 60 110 208 625 0 1 2 14 50 118 265 574 0 0 3 5 34 121 706 155 
0 0 0 0 12 107 155 750 0 0 0 1 5 89 262 667 0 0 0 2 2 54 824 142 
0 0 0 0 0 0 40 984 0 0 0 0 0 0 154 870 0 0 0 0 0 0 875 149 
0 0 0 1 11 31 150 831 0 0 0 2 11 40 257 714 0 0 0 3 14 50 932 25 
0 0 0 0 0 1 189 834 0 0 0 0 0 2 288 734 0 0 0 0 0 3 974 47 
0 0 0 0 0 0 86 938 0 0 0 0 0 0 297 727 0 0 0 0 0 0 1002 22 
0 0 0 0 0 0 188 836 0 0 0 0 0 0 418 606 0 0 0 0 0 0 1009 15 
0 0 0 0 0 2 635 387 0 0 0 0 0 3 795 226 0 0 0 0 0 5 991 28 
0 0 0 42 68 21 318 575 0 0 0 0 102 25 495 402 0 0 0 0 0 117 823 84 
0 43 149 104 65 59 178 426 3 111 97 100 60 75 211 367 36 134 70 46 94 113 474 57 
1 23 54 90 131 248 384 93 9 39 59 82 134 251 387 63 17 63 57 67 124 297 375 24 
0 0 0 2 15 143 770 94 0 0 0 2 16 152 788 66 0 0 0 2 17 161 818 26 
0 0 0 0 126 212 500 186 0 0 0 0 40 316 521 147 0 0 0 0 27 233 751 13 
0 0 0 0 196 213 275 340 0 0 0 0 9 335 367 313 0 0 0 0 3 60 847 114 
0 0 0 170 262 347 209 36 0 0 0 0 133 560 296 35 0 0 0 0 0 72 930 22 
0 0 0 538 277 144 64 0 0 0 0 0 373 506 144 0 0 0 0 0 0 0 1024 0 
5 11 220 787 1 0 0 0 0 5 7 88 542 382 0 0 0 0 2 8 38 332 644 0 
51 103 478 392 0 0 0 0 2 67 59 295 595 6 0 0 0 24 50 54 232 617 47 0 
287 149 70 518 0 0 0 0 121 283 37 36 547 0 0 0 11 225 176 27 37 307 241 0 
45 24 84 871 0 0 0 0 15 33 23 41 911 1 0 0 3 27 20 22 28 355 569 0 
0 1 111 912 0 0 0 0 0 0 0 57 967 0 0 0 0 0 0 0 13 521 490 0 
0 19 371 634 0 0 0 0 0 0 20 346 656 2 0 0 0 0 0 9 243 621 151 0 
6 50 77 887 4 0 0 0 0 14 51 67 627 265 0 0 0 0 12 46 65 132 769 0 
0 2 69 951 2 0 0 0 0 0 2 33 722 267 0 0 0 0 0 0 9 186 829 0 
1 9 56 956 2 0 0 0 0 1 8 41 338 636 0 0 0 0 0 4 34 109 877 0 
11 39 108 827 39 0 0 0 0 17 39 98 263 607 0 0 0 0 11 37 80 155 741 0 
0 1 13 630 380 0 0 0 0 0 0 5 79 940 0 0 0 0 0 0 4 35 919 66 
0 0 0 0 359 401 261 3 0 0 0 0 0 356 649 19 0 0 0 0 0 0 720 304 
0 0 0 0 0 2 694 328 0 0 0 0 0 0 621 403 0 0 0 0 0 0 528 496 
0 0 0 2 11 126 401 484 0 0 0 0 9 43 442 530 0 0 0 0 6 23 541 454 
0 0 0 0 8 59 216 741 0 0 0 0 7 39 245 733 0 0 0 0 7 42 352 623 
0 0 0 0 0 7 204 813 0 0 0 0 0 7 246 771 0 0 0 0 0 15 559 450 
0 0 0 0 0 16 682 326 0 0 0 0 0 3 696 325 0 0 0 0 0 0 900 124 
0 0 1 1 3 17 915 87 0 0 1 1 3 10 936 73 0 0 1 3 1 7 1007 5 
3 42 75 91 157 276 374 6 3 41 71 90 152 252 409 6 0 31 71 87 143 227 453 12 
32 141 213 258 236 130 14 0 10 116 193 244 261 171 29 0 0 73 148 207 282 228 86 0 
25 191 206 317 251 33 1 0 5 151 190 199 304 172 3 0 1 69 170 179 187 281 137 0 
18 155 193 248 225 132 40 13 12 126 179 232 209 207 48 11 1 93 153 195 209 219 150 4 
5 62 143 247 276 153 109 29 3 62 116 160 313 227 114 29 3 46 104 101 245 294 204 27 
4 40 180 271 282 131 99 17 3 38 167 211 331 163 99 12 1 28 124 189 270 275 127 10 
5 102 224 367 184 91 46 5 4 87 166 330 294 92 46 5 0 69 118 254 315 216 47 5 
5 36 133 456 327 64 3 0 0 26 57 158 529 236 18 0 0 6 31 59 146 528 254 0 
1 20 56 227 236 358 110 16 0 8 31 79 291 402 195 18 0 2 15 47 97 403 435 25 
1 27 80 110 202 316 235 53 1 23 86 92 148 340 280 54 0 15 84 91 104 286 397 47 
0 35 65 83 115 226 288 212 1 44 68 72 89 240 313 197 0 36 68 68 78 174 453 147 
0 0 9 9 33 225 482 266 0 0 11 18 14 188 526 267 0 0 11 17 14 78 690 214 
0 0 0 0 0 155 581 288 0 0 0 0 0 48 707 269 0 0 0 0 0 0 850 174 
0 0 0 0 0 14 625 385 0 0 0 0 0 5 734 285 0 0 0 0 0 0 910 114 
0 0 0 0 0 15 199 810 0 0 0 0 0 17 248 759 0 0 0 0 0 19 717 288 
0 0 0 0 0 20 85 919 0 0 0 0 0 18 99 907 0 0 0 0 0 13 483 528 
0 0 0 1 7 29 187 800 0 0 0 1 9 34 278 702 0 0 0 0 8 49 680 287 
0 0 0 0 12 158 412 442 0 0 0 0 7 160 576 281 0 0 0 0 3 122 814 85 
0 0 0 0 0 55 715 254 0 0 0 0 0 26 820 178 0 0 0 0 0 4 975 45 
0 0 0 0 5 17 214 788 0 0 0 0 6 17 337 664 0 0 0 0 7 35 754 228 
0 0 0 26 171 358 394 75 0 0 0 43 220 376 358 27 0 0 0 50 233 409 329 3 
0 0 4 142 263 304 294 17 0 0 4 116 272 351 278 3 0 0 1 50 227 461 285 0 
0 0 38 544 367 73 2 0 0 2 63 329 548 82 0 0 0 1 31 204 353 402 33 0 
0 0 17 665 295 47 0 0 0 0 23 418 492 91 0 0 0 0 7 161 430 389 37 0 
0 0 5 596 260 130 33 0 0 0 1 68 764 164 27 0 0 0 1 37 151 490 345 0 
0 0 0 896 122 5 0 0 0 0 0 5 944 74 0 0 0 0 0 0 0 357 666 0 
0 2 65 957 0 0 0 0 0 0 0 10 1014 0 0 0 0 0 0 0 2 288 734 0 
0 0 8 1016 0 0 0 0 0 0 0 0 1024 0 0 0 0 0 0 0 0 117 907 0 
0 0 0 1024 0 0 0 0 0 0 0 0 1024 0 0 0 0 0 0 0 0 0 1024 0 
0 2 37 985 0 0 0 0 0 0 0 7 1000 17 0 0 0 0 0 0 3 108 913 0 
0 18 136 870 0 0 0 0 0 0 16 99 904 5 0 0 0 0 0 4 75 288 657 0 
49 171 238 557 9 0 0 0 2 95 142 229 495 61 0 0 0 8 88 136 204 329 259 0 
16 93 307 607 1 0 0 0 0 30 89 244 616 45 0 0 0 0 27 79 193 356 369 0 
0 9 83 932 0 0 0 0 0 0 8 55 840 121 0 0 0 0 0 5 42 219 758 0 
7 59 221 735 2 0 0 0 0 9 53 145 708 109 0 0 0 0 8 39 123 344 510 0 
42 100 266 597 19 0 0 0 1 46 93 250 431 203 0 0 0 4 37 85 215 326 357 0 
0 9 12 641 362 0 0 0 0 0 4 12 45 963 0 0 0 0 0 2 14 14 921 73 
0 0 0 349 606 69 0 0 0 0 0 0 0 954 70 0 0 0 0 0 0 0 808 216 
0 10 11 436 186 235 146 0 0 0 7 9 144 554 310 0 0 0 0 4 9 54 930 27 
0 3 16 386 168 146 299 6 0 0 2 9 74 538 383 18 0 0 0 0 7 48 930 39 
0 7 74 238 205 309 188 3 0 0 22 91 253 391 259 8 0 0 2 52 128 289 529 24 
0 1 22 130 295 380 181 15 0 0 5 38 188 488 286 19 0 0 0 8 67 254 675 20 
0 0 5 116 377 209 317 0 0 0 0 8 81 532 403 0 0 0 0 0 9 101 907 7 
0 0 0 24 321 529 150 0 0 0 0 0 22 664 338 0 0 0 0 0 0 22 1001 1 
0 0 5 102 382 479 56 0 0 0 1 11 99 693 220 0 0 0 1 3 21 59 939 1 
2 29 131 691 145 25 1 0 0 5 40 133 727 117 2 0 0 1 8 47 118 513 336 1 
19 133 329 491 50 2 0 0 7 86 145 367 400 18 1 0 5 30 92 163 324 375 35 0 
145 371 299 184 24 1 0 0 50 365 293 236 78 2 0 0 5 260 292 264 176 26 1 0 
115 294 278 185 79 55 17 1 52 270 289 222 114 51 26 0 11 206 261 273 154 81 38 0 
60 269 341 333 17 4 0 0 21 223 254 290 232 4 0 0 4 133 219 239 219 206 4 0 
35 214 336 320 89 27 3 0 6 165 259 364 173 54 3 0 0 93 185 306 297 134 9 0 
13 96 247 348 199 121 0 0 1 36 131 266 359 224 7 0 0 6 63 125 263 429 138 0 
29 96 278 492 102 27 0 0 4 55 143 317 430 71 4 0 0 21 67 152 312 445 27 0 
47 183 165 291 184 91 63 0 13 167 156 165 303 146 74 0 1 122 158 139 190 297 116 1 
10 95 142 219 324 164 50 20 5 91 122 184 219 325 59 19 1 67 113 157 174 290 204 18 
0 4 8 25 447 303 113 124 0 2 6 18 52 660 161 125 0 0 2 9 29 80 802 102 
0 1 1 2 285 732 3 0 0 0 2 1 1 934 86 0 0 0 0 2 1 3 1015 3 
0 1 1 5 47 521 442 7 0 1 1 3 10 323 674 12 0 0 1 1 4 17 984 17 
0 0 0 0 0 27 685 312 0 0 0 0 0 4 722 298 0 0 0 0 0 0 867 157 
0 0 0 0 0 0 50 974 0 0 0 0 0 0 57 967 0 0 0 0 0 0 256 768 
0 0 0 0 0 0 79 945 0 0 0 0 0 0 118 906 0 0 0 0 0 3 386 635 
0 0 0 0 10 66 423 525 0 0 0 0 13 81 492 438 0 0 0 1 16 110 659 238 
0 0 0 0 8 68 358 590 0 0 0 1 15 80 511 417 0 0 0 1 20 88 718 197 
0 0 0 0 18 73 701 232 0 0 0 0 21 92 808 103 0 0 0 0 29 127 853 15 
0 0 0 14 92 216 589 113 0 0 1 25 115 247 605 31 0 0 1 35 136 285 563 4 
0 0 1 27 95 256 518 127 0 0 2 35 134 303 500 50 0 0 2 42 151 356 466 7 
0 0 9 81 313 343 244 34 0 0 21 169 336 304 189 5 0 1 36 214 343 300 130 0 
0 0 21 259 358 253 118 15 0 4 80 326 342 188 83 1 0 7 100 328 350 184 55 0 
0 1 95 425 247 182 70 4 0 8 92 404 308 148 63 1 0 9 53 248 443 214 57 0 
0 0 106 592 170 90 64 0 0 0 0 357 426 165 74 0 0 0 10 21 352 378 261 0 
0 0 0 1024 0 0 0 0 0 0 0 0 990 34 0 0 0 0 0 0 0 0 1024 0 
0 0 0 1024 0 0 0 0 0 0 0 0 940 84 0 0 0 0 0 0 0 0 1024 0 
0 0 0 1024 0 0 0 0 0 0 0 0 625 399 0 0 0 0 0 0 0 0 1024 0 
0 0 0 1024 0 0 0 0 0 0 0 0 566 458 0 0 0 0 0 0 0 0 1024 0 
0 0 22 1002 0 0 0 0 0 0 0 18 485 521 0 0 0 0 0 0 4 45 975 0 
25 286 321 392 0 0 0 0 0 100 211 276 325 112 0 0 0 0 86 185 291 212 250 0 
1 40 192 791 0 0 0 0 0 1 49 154 555 265 0 0 0 0 1 45 128 204 646 0 
4 12 33 975 0 0 0 0 1 4 12 23 630 354 0 0 0 1 4 12 22 141 844 0 
18 91 242 657 16 0 0 0 0 16 76 226 443 263 0 0 0 0 15 71 198 260 480 0 
22 120 322 549 11 0 0 0 0 28 113 221 614 48 0 0 0 2 27 97 172 417 309 0 
5 9 86 924 0 0 0 0 0 5 6 34 524 455 0 0 0 0 4 6 20 159 835 0 
5 36 162 821 0 0 0 0 0 3 30 88 614 289 0 0 0 0 2 19 57 258 688 0 
0 0 16 1008 0 0 0 0 0 0 0 0 693 331 0 0 0 0 0 0 0 39 985 0 
0 0 10 1014 0 0 0 0 0 0 0 1 881 142 0 0 0 0 0 0 0 40 984 0 
0 12 37 975 0 0 0 0 0 0 15 42 930 37 0 0 0 0 1 19 43 159 802 0 
0 9 71 937 7 0 0 0 0 0 10 44 866 104 0 0 0 0 0 14 30 321 659 0 
0 0 109 903 12 0 0 0 0 0 0 69 910 45 0 0 0 0 0 0 53 310 661 0 
0 0 85 881 58 0 0 0 0 0 0 29 875 120 0 0 0 0 0 0 18 215 791 0 
0 6 87 872 59 0 0 0 0 0 3 29 850 142 0 0 0 0 0 2 10 228 784 0 
7 26 328 663 0 0 0 0 4 16 24 247 733 0 0 0 0 6 17 18 99 796 88 0 
18 302 495 209 0 0 0 0 0 87 346 429 162 0 0 0 0 2 127 328 380 187 0 0 
133 358 418 115 0 0 0 0 33 270 326 356 39 0 0 0 4 114 271 307 294 34 0 0 
561 389 74 0 0 0 0 0 394 470 146 14 0 0 0 0 168 552 228 76 0 0 0 0 
330 385 253 56 0 0 0 0 178 333 299 181 33 0 0 0 79 289 241 220 155 40 0 0 
394 418 165 47 0 0 0 0 190 430 233 128 43 0 0 0 45 393 287 145 125 29 0 0 
144 364 488 28 0 0 0 0 21 266 323 404 10 0 0 0 1 120 218 323 356 6 0 0 
154 313 408 148 1 0 0 0 61 210 260 400 93 0 0 0 12 164 157 214 374 103 0 0 
257 374 235 141 17 0 0 0 103 400 247 163 105 6 0 0 39 334 244 197 131 75 4 0 
61 172 216 273 238 64 0 0 11 143 153 184 240 284 9 0 0 49 139 149 186 230 271 0 
4 46 62 102 555 255 0 0 0 28 43 77 113 694 69 0 0 1 42 54 78 155 692 2 
1 19 61 120 578 245 0 0 0 2 47 59 152 727 37 0 0 0 12 45 56 149 761 1 
1 5 27 148 514 324 5 0 0 3 5 29 141 783 63 0 0 1 5 4 27 71 915 1 
0 0 0 0 164 552 288 20 0 0 0 0 2 474 533 15 0 0 0 0 0 5 994 25 
0 0 0 0 13 89 441 481 0 0 0 0 0 69 497 458 0 0 0 0 0 0 749 275 
0 0 0 0 0 0 182 842 0 0 0 0 0 0 233 791 0 0 0 0 0 1 465 558 
0 0 0 0 27 111 419 467 0 0 0 0 41 121 480 382 0 0 0 2 48 145 700 129 
0 0 1 9 28 110 505 371 0 0 1 10 30 124 573 286 0 0 2 10 34 146 788 44 
0 0 0 0 7 55 314 648 0 0 0 2 7 54 466 495 0 0 0 3 9 53 924 35 
0 0 1 23 110 292 501 97 0 0 2 38 136 320 490 38 0 0 3 43 156 367 455 0 
0 0 6 198 438 286 96 0 0 0 12 212 450 278 72 0 0 0 10 180 377 398 59 0 
0 0 34 195 353 244 151 47 0 5 72 263 321 236 104 23 0 9 101 292 290 257 73 2 
0 2 82 255 280 165 121 119 0 13 162 287 229 143 108 82 0 22 192 317 222 121 129 21 
0 0 0 27 122 198 254 423 0 0 4 79 152 219 253 317 0 0 12 110 195 279 375 53 
0 0 0 21 154 469 368 10 0 0 0 69 181 512 256 5 0 0 0 117 266 474 165 0 
0 0 0 1024 0 0 0 0 0 0 0 0 974 50 0 0 0 0 0 0 0 0 1024 0 
0 0 0 1024 0 0 0 0 0 0 0 0 606 418 0 0 0 0 0 0 0 0 1024 0 
0 0 0 1024 0 0 0 0 0 0 0 0 65 959 0 0 0 0 0 0 0 0 1024 0 
0 0 0 1024 0 0 0 0 0 0 0 0 47 977 0 0 0 0 0 0 0 0 1024 0 
0 0 0 1024 0 0 0 0 0 0 0 0 321 703 0 0 0 0 0 0 0 0 1024 0 
4 9 20 991 0 0 0 0 0 4 9 12 901 98 0 0 0 0 4 7 10 38 965 0 
40 8 10 966 0 0 0 0 34 10 3 10 835 132 0 0 19 19 8 3 10 38 927 0 
237 42 44 693 8 0 0 0 166 80 38 44 532 164 0 0 93 108 49 37 40 75 622 0 
260 100 60 604 0 0 0 0 153 141 59 53 479 139 0 0 67 147 90 52 49 126 493 0 
0 44 162 818 0 0 0 0 0 0 29 115 647 233 0 0 0 0 0 25 90 185 724 0 
0 0 4 1020 0 0 0 0 0 0 0 0 948 76 0 0 0 0 0 0 0 34 990 0 
0 0 79 945 0 0 0 0 0 0 0 40 968 16 0 0 0 0 0 0 40 169 815 0 
0 0 54 970 0 0 0 0 0 0 0 11 957 56 0 0 0 0 0 0 5 138 881 0 
0 0 10 1014 0 0 0 0 0 0 0 0 990 34 0 0 0 0 0 0 0 39 985 0 
0 2 67 955 0 0 0 0 0 0 1 21 1001 1 0 0 0 0 0 1 16 134 873 0 
0 11 237 776 0 0 0 0 0 0 8 126 889 1 0 0 0 0 0 4 75 564 381 0 
0 10 307 707 0 0 0 0 0 0 6 170 848 0 0 0 0 0 0 3 89 764 168 0 
0 61 609 354 0 0 0 0 0 2 58 421 543 0 0 0 0 0 4 65 342 586 27 0 
7 47 622 348 0 0 0 0 0 7 36 360 621 0 0 0 0 0 7 31 216 755 15 0 
47 163 551 263 0 0 0 0 9 77 155 445 338 0 0 0 0 21 74 152 322 454 1 0 
222 490 299 13 0 0 0 0 65 393 346 218 2 0 0 0 4 180 354 280 200 6 0 0 
248 541 227 8 0 0 0 0 67 537 281 137 2 0 0 0 6 284 413 195 126 0 0 0 
557 311 145 11 0 0 0 0 352 434 137 97 4 0 0 0 139 518 188 121 58 0 0 0 
761 245 18 0 0 0 0 0 661 258 102 3 0 0 0 0 502 311 158 51 2 0 0 0 
615 378 31 0 0 0 0 0 466 347 205 6 0 0 0 0 363 283 269 107 2 0 0 0 
162 430 426 6 0 0 0 0 45 260 414 303 2 0 0 0 1 161 230 360 270 2 0 0 
324 437 263 0 0 0 0 0 180 368 322 154 0 0 0 0 98 304 239 262 121 0 0 0 
528 376 104 16 0 0 0 0 325 499 117 78 5 0 0 0 155 521 211 84 52 1 0 0 
156 369 317 182 0 0 0 0 30 358 191 268 173 4 0 0 0 203 255 147 230 171 18 0 
44 139 347 342 113 39 0 0 6 77 139 337 301 148 16 0 0 16 81 133 302 288 203 1 
18 114 324 525 35 8 0 0 0 37 92 249 603 43 0 0 0 0 36 78 211 606 93 0 
7 17 52 939 9 0 0 0 1 12 15 33 932 31 0 0 0 1 11 11 21 138 842 0 
0 0 0 776 248 0 0 0 0 0 0 0 660 364 0 0 0 0 0 0 0 0 1024 0 
0 0 0 179 453 315 64 13 0 0 0 0 25 825 164 10 0 0 0 0 0 4 1012 8 
0 0 0 0 16 157 341 510 0 0 0 0 0 116 425 483 0 0 0 0 0 26 741 257 
0 0 0 0 70 326 475 153 0 0 0 0 7 351 547 119 0 0 0 0 7 39 961 17 
0 0 2 57 93 312 462 98 0 0 10 59 90 322 489 54 0 0 13 57 81 249 607 17 
0 0 0 0 1 54 542 427 0 0 0 0 3 69 701 251 0 0 0 0 5 116 881 22 
0 0 0 0 42 239 457 286 0 0 0 0 41 278 604 101 0 0 0 0 41 322 659 2 
0 6 91 260 353 242 72 0 0 25 126 268 332 229 44 0 0 27 132 268 331 238 28 0 
0 0 93 311 335 234 49 2 0 26 211 320 295 155 17 0 0 74 231 348 284 82 5 0 
0 0 134 466 183 121 87 33 0 10 313 367 142 106 67 19 0 15 337 364 138 117 51 2 
0 0 11 79 165 153 230 386 0 0 32 93 173 181 248 297 0 2 35 99 209 235 327 117 
0 0 0 0 16 117 133 757 0 0 0 0 42 133 165 682 0 0 0 10 101 170 336 405 
0 0 0 1024 0 0 0 0 0 0 0 0 956 68 0 0 0 0 0 0 0 0 1024 0 
0 0 0 1024 0 0 0 0 0 0 0 0 845 179 0 0 0 0 0 0 0 0 1024 0 
0 0 0 1024 0 0 0 0 0 0 0 0 842 182 0 0 0 0 0 0 0 0 1024 0 
0 0 0 1024 0 0 0 0 0 0 0 0 905 119 0 0 0 0 0 0 0 0 1024 0 
0 0 0 1024 0 0 0 0 0 0 0 0 892 132 0 0 0 0 0 0 0 0 1024 0 
0 0 0 1024 0 0 0 0 0 0 0 0 1000 24 0 0 0 0 0 0 0 0 1024 0 
0 0 0 1024 0 0 0 0 0 0 0 0 806 218 0 0 0 0 0 0 0 0 1024 0 
0 0 0 1024 0 0 0 0 0 0 0 0 580 444 0 0 0 0 0 0 0 0 1024 0 
0 0 0 1024 0 0 0 0 0 0 0 0 554 470 0 0 0 0 0 0 0 0 1024 0 
0 0 0 1024 0 0 0 0 0 0 0 0 670 354 0 0 0 0 0 0 0 0 1024 0 
0 0 0 1024 0 0 0 0 0 0 0 0 653 371 0 0 0 0 0 0 0 0 1024 0 
0 0 0 1024 0 0 0 0 0 0 0 0 725 299 0 0 0 0 0 0 0 0 1024 0 
0 0 0 1024 0 0 0 0 0 0 0 0 951 73 0 0 0 0 0 0 0 0 1024 0 
0 0 8 1016 0 0 0 0 0 0 0 0 1020 4 0 0 0 0 0 0 0 33 991 0 
0 2 68 954 0 0 0 0 0 0 0 25 999 0 0 0 0 0 0 0 13 156 855 0 
0 8 98 918 0 0 0 0 0 0 6 55 963 0 0 0 0 0 0 6 36 287 695 0 
0 3 162 859 0 0 0 0 0 0 1 66 957 0 0 0 0 0 0 0 24 509 491 0 
1 31 310 682 0 0 0 0 0 0 24 119 881 0 0 0 0 0 0 26 83 754 161 0 
0 28 848 148 0 0 0 0 0 0 30 347 647 0 0 0 0 0 0 22 174 828 0 0 
208 260 407 149 0 0 0 0 66 246 183 322 207 0 0 0 29 74 246 153 272 250 0 0 
303 545 176 0 0 0 0 0 58 438 390 137 1 0 0 0 0 109 453 341 114 7 0 0 
18 269 681 56 0 0 0 0 1 36 245 679 63 0 0 0 0 2 40 202 668 112 0 0 
508 387 128 1 0 0 0 0 282 442 201 99 0 0 0 0 106 380 284 166 88 0 0 0 
549 338 136 1 0 0 0 0 398 359 162 105 0 0 0 0 265 368 174 157 60 0 0 0 
676 302 46 0 0 0 0 0 545 328 129 22 0 0 0 0 398 372 152 85 17 0 0 0 
702 321 1 0 0 0 0 0 566 367 91 0 0 0 0 0 400 434 169 21 0 0 0 0 
809 189 26 0 0 0 0 0 690 237 97 0 0 0 0 0 585 276 129 34 0 0 0 0 
816 159 31 17 1 0 0 0 706 256 30 19 13 0 0 0 562 385 36 23 16 2 0 0 
555 279 172 17 1 0 0 0 429 301 162 123 9 0 0 0 340 298 165 118 96 7 0 0 
157 287 343 233 4 0 0 0 77 162 240 299 238 8 0 0 40 79 137 224 233 280 31 0 
10 41 249 724 0 0 0 0 0 15 39 127 756 87 0 0 0 0 12 30 76 603 303 0 
0 19 167 838 0 0 0 0 0 0 11 116 834 63 0 0 0 0 0 6 56 534 428 0 
0 7 22 995 0 0 0 0 0 0 7 21 868 128 0 0 0 0 0 2 18 62 942 0 
4 20 94 852 54 0 0 0 0 11 24 74 566 349 0 0 0 0 10 16 70 154 774 0 
1 15 187 404 168 138 111 0 0 1 30 219 432 211 131 0 0 0 1 36 195 413 377 2 
0 0 0 99 462 325 119 19 0 0 1 18 249 590 154 12 0 0 0 12 135 339 537 1 
0 0 10 31 420 325 237 1 0 0 11 30 156 546 281 0 0 0 10 23 48 355 588 0 
0 0 3 44 123 329 422 103 0 0 3 31 116 351 459 64 0 0 5 29 76 428 478 8 
0 0 6 159 187 332 305 35 0 0 0 46 247 404 315 12 0 0 0 0 65 662 297 0 
0 23 91 245 327 252 85 1 0 34 95 195 364 259 77 0 0 30 96 135 298 412 53 0 
0 35 340 376 171 76 26 0 0 105 375 308 147 78 11 0 0 124 347 286 184 77 6 0 
0 17 386 420 153 47 1 0 0 79 476 324 105 39 1 0 0 113 426 322 140 23 0 0 
0 0 12 143 242 199 223 205 0 0 28 135 289 190 245 137 0 0 35 92 390 233 241 33 
0 0 37 181 144 149 186 325 0 0 96 181 122 240 128 256 0 10 85 186 213 213 80 234 
0 0 0 1024 0 0 0 0 0 0 0 0 1023 1 0 0 0 0 0 0 0 0 1024 0 
0 0 0 1024 0 0 0 0 0 0 0 0 1018 6 0 0 0 0 0 0 0 0 1024 0 
0 0 0 1024 0 0 0 0 0 0 0 0 1014 10 0 0 0 0 0 0 0 0 1024 0 
0 0 0 1024 0 0 0 0 0 0 0 0 1024 0 0 0 0 0 0 0 0 0 1024 0 
0 0 0 1024 0 0 0 0 0 0 0 0 1021 3 0 0 0 0 0 0 0 0 1024 0 
0 0 0 1024 0 0 0 0 0 0 0 0 1009 15 0 0 0 0 0 0 0 0 1024 0 
0 0 0 1024 0 0 0 0 0 0 0 0 980 44 0 0 0 0 0 0 0 0 1024 0 
0 0 0 1024 0 0 0 0 0 0 0 0 745 279 0 0 0 0 0 0 0 0 1024 0 
0 0 0 1024 0 0 0 0 0 0 0 0 729 295 0 0 0 0 0 0 0 0 1024 0 
0 0 0 1024 0 0 0 0 0 0 0 0 617 407 0 0 0 0 0 0 0 0 1024 0 
0 0 0 1024 0 0 0 0 0 0 0 0 744 280 0 0 0 0 0 0 0 0 1024 0 
0 0 0 1024 0 0 0 0 0 0 0 0 820 204 0 0 0 0 0 0 0 0 1024 0 
0 0 0 1024 0 0 0 0 0 0 0 0 963 61 0 0 0 0 0 0 0 0 1024 0 
0 0 3 1021 0 0 0 0 0 0 0 2 932 90 0 0 0 0 0 0 0 6 1018 0 
0 0 0 1024 0 0 0 0 0 0 0 0 1015 9 0 0 0 0 0 0 0 0 1024 0 
0 0 4 1020 0 0 0 0 0 0 0 0 1021 3 0 0 0 0 0 0 0 9 1015 0 
0 0 0 1024 0 0 0 0 0 0 0 0 1024 0 0 0 0 0 0 0 0 0 1024 0 
0 0 0 1024 0 0 0 0 0 0 0 0 1024 0 0 0 0 0 0 0 0 19 1005 0 
0 15 139 870 0 0 0 0 0 0 16 59 949 0 0 0 0 0 0 13 39 264 708 0 
51 118 347 508 0 0 0 0 0 88 82 87 767 0 0 0 0 5 101 66 47 447 358 0 
17 60 786 161 0 0 0 0 0 16 52 191 765 0 0 0 0 0 17 44 106 834 23 0 
149 254 591 30 0 0 0 0 101 94 202 308 319 0 0 0 75 70 80 169 206 424 0 0 
655 292 72 5 0 0 0 0 453 421 95 55 0 0 0 0 260 458 178 77 51 0 0 0 
971 53 0 0 0 0 0 0 891 133 0 0 0 0 0 0 719 298 7 0 0 0 0 0 
604 157 154 109 0 0 0 0 442 261 82 167 72 0 0 0 241 395 88 78 138 83 1 0 
241 159 326 298 0 0 0 0 138 177 125 273 311 0 0 0 97 145 105 132 264 237 44 0 
868 111 39 6 0 0 0 0 799 167 20 22 16 0 0 0 707 223 46 12 28 8 0 0 
640 236 146 2 0 0 0 0 510 251 165 98 0 0 0 0 393 228 187 150 66 0 0 0 
284 348 377 15 0 0 0 0 174 248 307 289 6 0 0 0 78 197 194 277 270 8 0 0 
54 119 271 539 41 0 0 0 19 65 104 270 489 77 0 0 11 19 72 103 241 372 206 0 
1 10 98 908 7 0 0 0 0 1 12 85 878 48 0 0 0 0 1 11 52 256 704 0 
0 8 43 973 0 0 0 0 0 0 6 37 862 119 0 0 0 0 0 1 28 112 883 0 
0 18 70 936 0 0 0 0 0 0 13 47 896 68 0 0 0 0 0 2 38 157 827 0 
32 176 443 373 0 0 0 0 8 76 205 332 403 0 0 0 0 12 92 185 249 402 84 0 
15 98 420 491 0 0 0 0 1 36 114 361 511 1 0 0 0 3 35 107 310 220 349 0 
0 0 17 982 23 2 0 0 0 0 0 7 989 28 0 0 0 0 0 0 0 79 945 0 
0 6 57 514 118 101 195 33 0 0 9 54 564 171 209 17 0 0 2 18 52 435 512 5 
0 5 74 171 117 251 309 97 0 8 68 140 176 295 294 43 0 3 47 112 224 377 259 2 
0 12 250 618 120 20 4 0 0 8 75 449 459 27 6 0 0 2 23 119 427 442 11 0 
0 5 263 754 2 0 0 0 0 3 47 536 437 1 0 0 0 1 7 41 386 589 0 0 
8 371 483 160 2 0 0 0 1 314 423 284 2 0 0 0 0 122 447 295 160 0 0 0 
6 213 395 297 65 42 6 0 5 175 336 360 106 39 3 0 0 78 270 360 268 47 1 0 
0 49 382 479 61 47 6 0 0 58 331 495 93 43 4 0 0 40 238 439 258 43 6 0 
0 0 122 730 133 37 0 0 0 0 96 677 213 37 0 0 0 10 85 581 298 48 0 0 
0 0 0 1024 0 0 0 0 0 0 0 0 1024 0 0 0 0 0 0 0 0 0 1024 0 
0 0 0 1024 0 0 0 0 0 0 0 0 1024 0 0 0 0 0 0 0 0 0 1024 0 
0 0 0 1024 0 0 0 0 0 0 0 0 1024 0 0 0 0 0 0 0 0 0 1024 0 
0 0 0 1024 0 0 0 0 0 0 0 0 1020 4 0 0 0 0 0 0 0 0 1024 0 
0 0 0 1024 0 0 0 0 0 0 0 0 1017 7 0 0 0 0 0 0 0 0 1024 0 
0 0 0 1024 0 0 0 0 0 0 0 0 1012 12 0 0 0 0 0 0 0 0 1024 0 
0 0 0 1024 0 0 0 0 0 0 0 0 857 167 0 0 0 0 0 0 0 0 1024 0 
0 0 0 1024 0 0 0 0 0 0 0 0 756 268 0 0 0 0 0 0 0 0 1024 0 
0 0 0 1024 0 0 0 0 0 0 0 0 754 270 0 0 0 0 0 0 0 0 1024 0 
0 0 0 1024 0 0 0 0 0 0 0 0 761 263 0 0 0 0 0 0 0 0 1024 0 
0 0 0 1024 0 0 0 0 0 0 0 0 696 328 0 0 0 0 0 0 0 0 1024 0 
0 0 0 1024 0 0 0 0 0 0 0 0 663 361 0 0 0 0 0 0 0 0 1024 0 
0 0 0 1024 0 0 0 0 0 0 0 0 819 205 0 0 0 0 0 0 0 0 1024 0 
0 0 0 1024 0 0 0 0 0 0 0 0 840 184 0 0 0 0 0 0 0 0 1024 0 
0 0 0 1024 0 0 0 0 0 0 0 0 913 111 0 0 0 0 0 0 0 0 1024 0 
0 0 0 1024 0 0 0 0 0 0 0 0 925 99 0 0 0 0 0 0 0 0 1024 0 
0 0 0 1024 0 0 0 0 0 0 0 0 1000 24 0 0 0 0 0 0 0 0 1024 0 
0 0 0 1024 0 0 0 0 0 0 0 0 1020 4 0 0 0 0 0 0 0 0 1024 0 
0 0 0 1024 0 0 0 0 0 0 0 0 1024 0 0 0 0 0 0 0 0 0 1024 0 
0 0 0 1024 0 0 0 0 0 0 0 0 1024 0 0 0 0 0 0 0 0 0 1024 0 
0 0 113 911 0 0 0 0 0 0 0 7 1017 0 0 0 0 0 0 0 0 195 829 0 
106 56 521 341 0 0 0 0 80 36 40 256 612 0 0 0 50 43 37 29 99 599 167 0 
630 43 334 17 0 0 0 0 607 40 29 120 228 0 0 0 548 88 21 25 68 273 1 0 
627 91 304 2 0 0 0 0 604 64 54 277 25 0 0 0 547 96 32 43 184 122 0 0 
399 277 221 127 0 0 0 0 234 258 195 207 130 0 0 0 145 229 133 193 188 136 0 0 
611 217 161 35 0 0 0 0 412 315 135 131 31 0 0 0 294 309 167 115 123 16 0 0 
817 169 38 0 0 0 0 0 705 211 58 50 0 0 0 0 583 280 82 39 40 0 0 0 
751 263 9 1 0 0 0 0 571 352 98 3 0 0 0 0 446 330 198 49 1 0 0 0 
718 215 89 2 0 0 0 0 605 289 50 67 13 0 0 0 459 343 121 24 49 28 0 0 
177 82 286 479 0 0 0 0 141 79 77 189 496 42 0 0 99 79 59 70 93 407 217 0 
0 0 21 999 4 0 0 0 0 0 0 6 598 420 0 0 0 0 0 0 2 130 892 0 
4 8 24 980 8 0 0 0 0 4 9 18 423 570 0 0 0 0 4 7 18 54 941 0 
0 0 67 956 1 0 0 0 0 0 0 31 679 314 0 0 0 0 0 0 7 154 863 0 
1 53 487 483 0 0 0 0 0 1 59 396 567 1 0 0 0 0 0 27 249 698 50 0 
0 1 70 953 0 0 0 0 0 0 1 54 967 2 0 0 0 0 0 0 19 496 509 0 
23 67 274 660 0 0 0 0 13 21 83 246 660 1 0 0 2 17 20 65 181 490 249 0 
13 114 295 602 0 0 0 0 0 56 101 226 641 0 0 0 0 7 76 78 133 614 116 0 
10 90 336 462 106 15 5 0 1 43 189 456 305 25 5 0 0 5 76 284 398 252 9 0 
0 92 349 303 154 100 26 0 0 49 262 368 212 105 28 0 0 8 124 349 352 166 25 0 
0 0 284 636 82 17 5 0 0 0 29 460 512 17 6 0 0 0 9 64 328 615 8 0 
42 362 154 91 219 156 0 0 33 293 186 92 138 282 0 0 6 179 262 109 60 280 128 0 
48 261 479 131 13 92 0 0 40 162 515 176 35 96 0 0 11 104 232 418 149 76 34 0 
23 176 623 202 0 0 0 0 25 165 527 289 18 0 0 0 13 120 305 484 102 0 0 0 
32 554 208 160 69 0 0 0 176 416 197 138 96 0 0 0 138 405 234 85 160 0 0 0 
0 0 0 1024 0 0 0 0 0 0 0 0 1024 0 0 0 0 0 0 0 0 0 1024 0 
0 0 0 1024 0 0 0 0 0 0 0 0 1024 0 0 0 0 0 0 0 0 0 1024 0 
0 0 0 1024 0 0 0 0 0 0 0 0 1023 1 0 0 0 0 0 0 0 0 1024 0 
0 0 0 1024 0 0 0 0 0 0 0 0 1024 0 0 0 0 0 0 0 0 0 1024 0 
0 0 0 1024 0 0 0 0 0 0 0 0 1014 10 0 0 0 0 0 0 0 0 1024 0 
0 0 0 1024 0 0 0 0 0 0 0 0 1000 24 0 0 0 0 0 0 0 0 1024 0 
0 0 0 1024 0 0 0 0 0 0 0 0 814 210 0 0 0 0 0 0 0 0 1024 0 
0 0 0 1024 0 0 0 0 0 0 0 0 811 213 0 0 0 0 0 0 0 0 1024 0 
0 0 0 1024 0 0 0 0 0 0 0 0 843 181 0 0 0 0 0 0 0 0 1024 0 
0 0 0 1024 0 0 0 0 0 0 0 0 893 131 0 0 0 0 0 0 0 0 1024 0 
0 0 0 1024 0 0 0 0 0 0 0 0 548 476 0 0 0 0 0 0 0 0 1024 0 
0 0 0 1024 0 0 0 0 0 0 0 0 586 438 0 0 0 0 0 0 0 0 1024 0 
0 0 0 1024 0 0 0 0 0 0 0 0 826 198 0 0 0 0 0 0 0 0 1024 0 
0 0 0 1024 0 0 0 0 0 0 0 0 945 79 0 0 0 0 0 0 0 0 1024 0 
0 0 0 1024 0 0 0 0 0 0 0 0 944 80 0 0 0 0 0 0 0 0 1024 0 
0 0 0 1024 0 0 0 0 0 0 0 0 882 142 0 0 0 0 0 0 0 0 1024 0 
0 0 0 1024 0 0 0 0 0 0 0 0 914 110 0 0 0 0 0 0 0 0 1024 0 
0 0 0 1024 0 0 0 0 0 0 0 0 985 39 0 0 0 0 0 0 0 0 1024 0 
0 0 0 1024 0 0 0 0 0 0 0 0 1022 2 0 0 0 0 0 0 0 0 1024 0 
0 0 0 1024 0 0 0 0 0 0 0 0 919 105 0 0 0 0 0 0 0 0 1024 0 
0 0 0 1024 0 0 0 0 0 0 0 0 761 263 0 0 0 0 0 0 0 4 1018 2 
0 0 3 1021 0 0 0 0 0 0 0 0 965 59 0 0 0 0 0 0 0 8 1016 0 
0 0 109 915 0 0 0 0 0 0 0 0 1022 2 0 0 0 0 0 0 0 325 699 0 
0 0 499 525 0 0 0 0 0 0 0 36 934 54 0 0 0 0 0 0 8 724 292 0 
36 239 723 26 0 0 0 0 2 51 188 450 333 0 0 0 0 2 50 163 291 509 9 0 
143 301 474 106 0 0 0 0 15 243 228 376 162 0 0 0 0 60 214 209 330 190 21 0 
89 261 515 159 0 0 0 0 11 88 224 331 370 0 0 0 1 26 86 185 263 454 9 0 
114 187 644 79 0 0 0 0 9 137 146 257 475 0 0 0 0 40 115 115 156 592 6 0 
22 21 599 382 0 0 0 0 3 24 14 187 793 3 0 0 0 9 19 10 51 836 99 0 
0 2 74 948 0 0 0 0 0 0 2 19 963 40 0 0 0 0 0 1 14 474 535 0 
0 0 0 1024 0 0 0 0 0 0 0 0 956 68 0 0 0 0 0 0 0 32 992 0 
0 0 13 1011 0 0 0 0 0 0 0 0 602 422 0 0 0 0 0 0 0 2 1022 0 
0 9 185 830 0 0 0 0 0 0 9 35 816 164 0 0 0 0 0 6 14 294 710 0 
1 5 271 747 0 0 0 0 0 1 5 100 918 0 0 0 0 0 1 2 28 675 318 0 
0 9 291 724 0 0 0 0 0 0 10 105 909 0 0 0 0 0 0 10 49 744 221 0 
134 321 501 68 0 0 0 0 60 195 302 378 89 0 0 0 13 125 169 282 267 168 0 0 
307 533 175 9 0 0 0 0 167 504 225 119 9 0 0 0 32 383 347 148 102 12 0 0 
29 428 456 92 19 0 0 0 0 209 399 347 66 3 0 0 0 22 271 329 330 72 0 0 
1 255 727 41 0 0 0 0 0 159 223 534 108 0 0 0 0 67 133 193 339 286 6 0 
0 1 349 674 0 0 0 0 0 0 4 282 738 0 0 0 0 0 0 2 120 780 122 0 
0 0 0 936 88 0 0 0 0 0 0 0 947 77 0 0 0 0 0 0 0 95 929 0 
0 0 6 649 188 181 0 0 0 0 5 6 642 370 1 0 0 0 3 6 6 47 962 0 
43 98 36 388 309 150 0 0 75 69 31 67 401 376 5 0 68 75 31 44 62 128 616 0 
26 309 10 250 240 186 0 0 64 272 10 58 298 320 0 0 74 240 26 21 69 293 298 0 
0 0 0 1024 0 0 0 0 0 0 0 0 1024 0 0 0 0 0 0 0 0 0 1024 0 
0 0 0 1024 0 0 0 0 0 0 0 0 1024 0 0 0 0 0 0 0 0 0 1024 0 
0 0 0 1024 0 0 0 0 0 0 0 0 1024 0 0 0 0 0 0 0 0 0 1024 0 
0 0 0 1024 0 0 0 0 0 0 0 0 1024 0 0 0 0 0 0 0 0 0 1024 0 
0 0 0 1024 0 0 0 0 0 0 0 0 1024 0 0 0 0 0 0 0 0 0 1024 0 
0 0 0 1024 0 0 0 0 0 0 0 0 1024 0 0 0 0 0 0 0 0 0 1024 0 
0 0 0 1024 0 0 0 0 0 0 0 0 1006 17 0 0 0 0 0 0 0 0 1024 0 
0 0 0 1024 0 0 0 0 0 0 0 0 1006 17 0 0 0 0 0 0 0 0 1024 0 
0 0 0 1024 0 0 0 0 0 0 0 0 1019 4 0 0 0 0 0 0 0 0 1024 0 
0 0 0 1024 0 0 0 0 0 0 0 0 987 36 0 0 0 0 0 0 0 0 1024 0 
0 0 0 1024 0 0 0 0 0 0 0 0 964 59 0 0 0 0 0 0 0 0 1024 0 
0 0 0 1024 0 0 0 0 0 0 0 0 1014 9 0 0 0 0 0 0 0 0 1024 0 
0 0 0 1024 0 0 0 0 0 0 0 0 992 32 0 0 0 0 0 0 0 0 1024 0 
0 0 0 1024 0 0 0 0 0 0 0 0 1001 22 0 0 0 0 0 0 0 0 1024 0 
0 0 0 1024 0 0 0 0 0 0 0 0 947 76 0 0 0 0 0 0 0 0 1024 0 
0 0 0 1024 0 0 0 0 0 0 0 0 940 83 0 0 0 0 0 0 0 0 1024 0 
0 0 0 1024 0 0 0 0 0 0 0 0 1001 22 0 0 0 0 0 0 0 0 1024 0 
0 0 0 1024 0 0 0 0 0 0 0 0 1024 0 0 0 0 0 0 0 0 0 1024 0 
0 0 0 1024 0 0 0 0 0 0 0 0 1024 0 0 0 0 0 0 0 0 0 1024 0 
0 0 2 1021 0 0 0 0 0 0 0 0 1024 0 0 0 0 0 0 0 0 0 1024 0 
0 0 0 1024 0 0 0 0 0 0 0 0 947 76 0 0 0 0 0 0 0 2 1021 0 
0 0 0 1024 0 0 0 0 0 0 0 0 425 598 0 0 0 0 0 0 0 0 1024 0 
0 0 12 1011 0 0 0 0 0 0 0 0 388 635 0 0 0 0 0 0 0 0 1024 0 
0 0 7 905 110 0 0 0 0 0 0 0 273 750 0 0 0 0 0 0 0 9 952 61 
0 0 361 637 24 0 0 0 0 0 0 0 647 376 0 0 0 0 0 0 0 344 679 0 
0 4 174 832 12 0 0 0 0 0 4 7 750 260 0 0 0 0 0 2 7 209 804 0 
0 0 516 507 0 0 0 0 0 0 0 32 881 110 0 0 0 0 0 0 0 548 475 0 
0 0 539 484 0 0 0 0 0 0 0 0 1024 0 0 0 0 0 0 0 0 750 273 0 
0 0 374 649 0 0 0 0 0 0 0 0 1024 0 0 0 0 0 0 0 0 536 487 0 
0 0 64 960 0 0 0 0 0 0 0 0 1019 4 0 0 0 0 0 0 0 243 780 0 
0 0 0 1024 0 0 0 0 0 0 0 0 829 194 0 0 0 0 0 0 0 0 1024 0 
0 0 0 964 59 0 0 0 0 0 0 0 349 674 0 0 0 0 0 0 0 0 1024 0 
0 0 39 942 41 0 0 0 0 0 0 0 386 637 0 0 0 0 0 0 0 4 1016 2 
0 0 182 841 0 0 0 0 0 0 0 2 1021 0 0 0 0 0 0 0 0 118 905 0 
0 0 408 615 0 0 0 0 0 0 0 7 1016 0 0 0 0 0 0 0 0 669 354 0 
7 34 701 280 0 0 0 0 0 17 27 199 780 0 0 0 0 7 19 17 61 918 0 0 
24 529 462 7 0 0 0 0 0 113 452 440 17 0 0 0 0 12 137 374 411 88 0 0 
2 152 868 0 0 0 0 0 0 2 327 694 0 0 0 0 0 0 2 260 718 41 0 0 
0 0 526 497 0 0 0 0 0 0 0 278 745 0 0 0 0 0 0 0 24 802 196 0 
0 0 103 920 0 0 0 0 0 0 0 0 1021 2 0 0 0 0 0 0 0 541 482 0 
0 0 0 1024 0 0 0 0 0 0 0 0 1024 0 0 0 0 0 0 0 0 0 1024 0 
0 0 0 1024 0 0 0 0 0 0 0 0 1011 12 0 0 0 0 0 0 0 0 1024 0 
0 0 0 1024 0 0 0 0 0 0 0 0 1024 0 0 0 0 0 0 0 0 0 1024 0 
0 0 0 1024 0 0 0 0 0 0 0 0 1024 0 0 0 0 0 0 0 0 0 1024 0 
