0 0 0 0 0 501 500 23 0 0 0 0 0 0 553 471 0 0 0 0 0 0 2 1022 
0 0 0 0 0 54 806 164 0 0 0 0 0 0 103 921 0 0 0 0 0 0 0 1024 
0 0 0 0 0 6 783 235 0 0 0 0 0 0 0 1024 0 0 0 0 0 0 0 1024 
0 0 0 0 107 74 746 97 0 0 0 0 0 42 145 837 0 0 0 0 65 102 24 833 
19 99 44 48 253 130 429 2 0 126 35 21 26 63 325 428 25 126 31 25 226 139 22 430 
36 205 108 97 242 178 158 0 7 260 135 99 74 89 153 207 31 319 146 70 186 31 26 215 
33 58 26 11 33 613 250 0 3 63 39 12 13 27 74 793 9 56 43 14 30 19 24 829 
0 0 0 0 0 812 212 0 0 0 0 0 0 0 4 1020 0 0 0 0 0 0 0 1024 
0 0 0 0 0 962 62 0 0 0 0 0 0 0 140 884 0 0 0 0 0 0 0 1024 
0 0 0 0 0 885 139 0 0 0 0 0 0 0 472 552 0 0 0 0 0 0 0 1024 
0 0 0 0 3 919 102 0 0 0 0 0 0 1 938 85 0 0 0 0 0 6 10 1008 
0 0 0 0 60 691 247 26 0 0 0 0 0 2 688 334 0 0 0 0 21 191 88 724 
0 11 53 34 189 355 307 75 0 94 24 7 9 34 534 322 4 105 14 8 96 308 186 303 
0 1 24 117 474 207 147 54 0 203 53 15 22 64 561 106 10 240 27 32 353 171 175 16 
0 0 24 132 380 294 110 84 1 193 19 15 10 29 633 124 19 184 18 15 529 76 148 35 
0 7 68 91 377 292 74 115 3 156 14 5 9 22 687 128 17 151 7 7 607 69 96 70 
0 5 81 39 347 371 83 98 0 107 14 10 5 24 753 111 15 99 11 8 598 115 113 65 
0 22 39 16 272 477 101 97 1 55 9 8 6 36 613 296 13 45 9 8 320 249 126 254 
0 1 9 7 252 568 153 34 0 8 4 5 5 40 714 248 0 9 4 4 219 150 139 499 
0 0 0 4 68 747 187 18 0 0 0 0 0 37 831 156 0 0 0 1 30 111 93 789 
0 39 229 126 101 279 178 72 2 292 113 42 39 54 339 143 39 308 82 30 43 144 174 204 
0 66 371 259 115 86 77 50 9 566 225 57 24 17 66 60 71 685 91 27 16 26 66 42 
0 19 255 535 132 83 0 0 1 807 139 77 0 0 0 0 19 929 72 4 0 0 0 0 
1 382 413 208 20 0 0 0 105 912 7 0 0 0 0 0 63 960 1 0 0 0 0 0 
0 460 381 151 32 0 0 0 63 961 0 0 0 0 0 0 42 980 2 0 0 0 0 0 
0 696 238 82 8 0 0 0 118 906 0 0 0 0 0 0 42 982 0 0 0 0 0 0 
0 368 577 62 14 3 0 0 113 886 20 5 0 0 0 0 122 882 15 5 0 0 0 0 
0 447 225 22 11 46 273 0 174 497 214 139 0 0 0 0 129 556 45 294 0 0 0 0 
12 189 209 28 26 202 353 5 58 333 215 182 24 21 186 5 78 309 45 347 24 20 53 148 
23 111 17 10 18 579 228 38 18 113 28 42 26 32 726 39 5 119 19 46 29 28 58 720 
149 39 124 185 201 206 99 21 4 145 341 347 123 54 10 0 55 227 411 113 61 93 32 32 
0 31 118 116 141 291 217 110 41 124 197 335 165 98 50 14 123 361 353 89 36 39 23 0 
0 0 56 401 169 167 188 43 3 450 179 191 158 43 0 0 110 615 269 29 1 0 0 0 
0 249 496 199 80 0 0 0 102 781 141 0 0 0 0 0 177 815 32 0 0 0 0 0 
0 520 325 128 50 1 0 0 88 842 90 4 0 0 0 0 109 899 16 0 0 0 0 0 
0 413 531 63 17 0 0 0 43 940 39 2 0 0 0 0 98 919 7 0 0 0 0 0 
0 146 317 198 104 152 80 27 60 536 170 161 69 26 2 0 140 662 193 21 4 3 1 0 
1 84 145 144 192 188 165 105 33 257 212 204 164 109 43 2 90 451 241 161 45 12 23 1 
0 52 99 132 229 233 182 97 15 141 148 184 204 159 170 3 76 247 260 176 88 38 55 84 
0 7 19 86 163 511 193 45 1 8 5 61 135 248 513 53 0 13 89 228 104 87 78 425 
21 67 285 117 353 73 65 43 1 274 84 58 128 429 49 1 31 293 111 230 284 43 22 10 
0 19 83 46 100 150 201 425 0 91 41 43 156 344 280 69 19 121 132 359 229 56 69 39 
0 0 20 20 18 75 291 600 1 15 43 102 233 391 208 31 18 151 266 383 71 37 89 9 
2 64 58 66 145 301 274 114 7 133 222 259 233 104 46 20 66 516 280 48 26 31 46 11 
0 101 84 116 277 321 98 27 3 248 317 278 121 23 17 17 46 659 213 24 30 18 18 16 
0 9 53 109 303 213 174 163 8 130 353 191 92 155 95 0 86 493 179 147 96 23 0 0 
0 0 12 56 125 148 271 412 0 26 112 171 195 238 216 66 28 181 257 222 92 74 149 21 
0 14 70 48 96 105 150 541 0 38 125 83 148 228 328 74 22 187 253 197 234 29 62 40 
0 0 2 48 165 213 298 298 0 11 63 88 286 289 282 5 32 156 306 262 217 25 26 0 
0 0 0 0 27 165 393 439 0 0 0 0 32 204 510 278 1 43 119 182 131 184 243 121 
0 0 103 95 84 92 168 482 0 74 110 81 87 45 205 422 7 139 81 94 70 76 173 384 
1 94 54 106 77 134 196 362 2 116 111 53 78 135 198 331 14 140 87 54 150 129 147 303 
0 18 55 35 52 67 299 498 0 48 39 29 60 75 451 322 0 50 39 35 82 170 432 216 
0 351 87 69 67 33 141 276 0 382 88 64 54 24 208 204 0 391 86 61 47 46 203 190 
0 310 68 120 46 15 104 361 7 355 87 82 18 14 124 337 18 369 74 64 24 26 81 368 
0 3 99 118 30 44 180 550 0 153 70 92 137 25 119 428 26 173 200 60 37 22 65 441 
0 34 175 66 24 17 55 653 0 39 163 77 25 14 125 581 0 70 139 72 26 17 136 564 
0 29 175 108 43 51 117 501 0 27 151 121 51 54 130 490 0 42 146 136 91 65 125 419 
0 4 28 77 56 117 169 573 0 0 20 64 74 111 182 573 0 16 63 156 109 80 100 500 
0 0 0 36 41 111 308 528 0 0 0 25 45 101 357 496 0 2 61 112 173 166 117 393 
0 0 0 0 0 2 398 624 0 0 0 0 0 7 506 511 0 0 0 0 31 281 320 392 
0 0 0 0 1 10 549 464 0 0 0 0 1 14 745 264 0 0 1 12 183 418 328 82 
0 0 0 0 2 38 511 473 0 0 0 0 5 38 639 342 0 0 47 146 227 191 313 100 
0 0 0 0 0 63 361 600 0 0 0 0 0 55 425 544 0 0 14 93 115 151 413 238 
0 0 0 0 0 12 197 815 0 0 0 0 0 9 251 764 0 0 0 3 74 79 320 548 
0 0 0 0 0 0 41 983 0 0 0 0 0 0 103 921 0 0 0 0 0 5 174 845 
0 0 0 0 0 0 75 949 0 0 0 0 0 0 134 890 0 0 0 0 0 29 276 719 
0 0 0 0 2 35 158 829 0 0 0 0 4 37 201 782 0 0 0 0 43 166 239 576 
0 0 0 0 8 78 184 754 0 0 0 1 16 81 230 696 0 0 0 1 47 150 261 565 
0 0 0 0 0 0 72 952 0 0 0 0 0 0 109 915 0 0 0 0 0 1 215 808 
0 0 0 0 0 152 552 320 0 0 0 0 0 272 544 208 0 0 0 0 32 368 624 0 
0 0 0 0 0 112 536 376 0 0 0 0 0 184 536 304 0 0 0 0 0 352 672 0 
0 0 0 0 0 8 248 768 0 0 0 0 0 8 248 768 0 0 0 0 0 64 240 720 
0 0 0 0 0 32 392 600 0 0 0 0 0 32 440 552 0 0 0 0 0 288 464 272 
0 0 0 0 0 0 320 704 0 0 0 0 0 0 312 712 0 0 0 0 0 24 368 632 
0 0 0 0 0 24 232 768 0 0 0 0 0 16 240 768 0 0 0 0 0 48 248 728 
0 0 0 0 0 0 480 544 0 0 0 0 0 0 488 536 0 0 0 0 0 0 528 496 
0 0 0 0 0 0 512 512 0 0 0 0 0 0 512 512 0 0 0 0 0 0 512 512 
0 0 0 0 0 0 512 512 0 0 0 0 0 0 512 512 0 0 0 0 0 0 512 512 
0 0 0 0 0 168 208 648 0 0 0 0 0 208 256 560 0 0 0 0 0 168 248 608 
