0 2 1011 11 0 0 0 0 0 0 0 0 496 528 0 0 0 0 0 0 0 0 0 1024 
2 16 816 188 2 0 0 0 0 2 18 18 84 902 0 0 0 2 2 11 22 6 20 961 
28 47 430 485 14 5 6 9 21 34 34 39 33 846 12 5 12 28 31 26 36 18 37 836 
104 71 94 595 73 8 21 58 36 94 57 51 55 643 52 36 7 60 62 62 49 46 90 648 
43 18 35 879 49 0 0 0 26 24 38 11 14 881 30 0 3 29 44 12 9 12 17 898 
71 78 111 709 55 0 0 0 73 86 121 29 18 645 52 0 57 98 112 33 10 15 16 683 
3 2 1 944 74 0 0 0 1 2 1 1 2 887 130 0 0 1 2 0 3 0 4 1014 
0 0 0 653 371 0 0 0 0 0 0 0 0 398 626 0 0 0 0 0 0 0 0 1024 
0 0 0 118 906 0 0 0 0 0 0 0 0 118 906 0 0 0 0 0 0 0 0 1024 
0 0 0 0 1024 0 0 0 0 0 0 0 0 0 1024 0 0 0 0 0 0 0 0 1024 
0 0 0 0 1024 0 0 0 0 0 0 0 0 0 1024 0 0 0 0 0 0 0 0 1024 
327 250 271 167 9 0 0 0 402 158 59 49 71 284 1 0 321 205 47 43 24 36 36 312 
56 207 252 224 55 63 93 74 143 238 178 201 58 77 67 62 187 223 152 164 107 77 61 53 
82 121 387 264 23 30 44 73 148 230 187 128 184 27 61 59 145 225 151 86 67 137 166 47 
116 309 383 155 43 11 3 4 278 357 176 105 82 21 2 3 317 316 166 99 55 33 35 3 
93 344 462 105 20 0 0 0 259 467 234 38 23 3 0 0 405 376 172 48 19 4 0 0 
49 432 414 120 9 0 0 0 350 511 141 22 0 0 0 0 616 321 79 8 0 0 0 0 
72 106 292 203 327 21 3 0 103 270 212 46 21 34 333 5 235 230 110 52 13 20 10 354 
8 7 3 13 980 13 0 0 7 4 6 1 5 4 993 4 6 4 5 2 3 3 3 998 
0 0 0 0 1024 0 0 0 0 0 0 0 0 0 1024 0 0 0 0 0 0 0 0 1024 
0 0 0 0 1024 0 0 0 0 0 0 0 0 0 1024 0 0 0 0 0 0 0 0 1024 
0 0 0 0 1024 0 0 0 0 0 0 0 0 0 1024 0 0 0 0 0 0 0 0 1024 
232 294 497 1 0 0 0 0 238 216 482 88 0 0 0 0 254 184 282 304 0 0 0 0 
0 18 233 100 12 13 256 392 1 24 89 240 11 11 158 490 0 16 74 209 60 17 172 476 
37 44 142 365 45 48 102 241 19 26 39 70 437 70 75 288 2 25 19 41 45 198 428 266 
48 58 133 480 121 39 33 112 70 48 88 105 424 135 30 124 59 34 71 52 96 138 396 178 
57 193 339 340 80 15 0 0 140 268 172 249 82 112 1 0 227 181 101 100 178 97 115 25 
221 430 263 68 21 8 8 5 423 401 140 26 16 6 7 5 497 358 106 28 16 6 6 7 
88 228 330 212 33 26 35 72 209 368 242 52 30 32 24 67 348 362 104 51 40 29 26 64 
50 102 257 245 252 70 16 32 116 272 229 72 41 35 218 41 271 266 95 66 27 31 26 242 
13 8 8 15 861 109 9 1 7 11 8 15 11 112 838 22 4 9 13 11 8 14 21 944 
0 0 0 1 783 154 43 43 0 0 0 0 2 84 831 107 0 0 0 0 0 2 24 998 
0 0 0 0 572 198 70 182 0 0 0 0 0 57 704 262 0 0 0 0 0 0 9 1014 
5 394 625 0 0 0 0 0 0 21 956 47 0 0 0 0 0 0 9 1007 8 0 0 0 
10 63 405 149 37 12 144 204 20 133 308 193 12 20 116 222 21 184 127 247 89 13 125 218 
34 48 117 230 150 80 110 255 13 80 198 173 128 97 127 208 20 146 188 125 134 158 108 145 
0 20 51 98 109 84 91 571 4 31 67 97 102 80 105 538 8 44 76 91 101 77 158 469 
11 203 219 76 76 57 90 292 61 201 184 99 57 71 99 252 77 184 185 100 87 82 152 157 
32 417 286 23 39 31 58 138 313 375 60 23 44 34 78 97 460 281 22 42 35 68 93 23 
2 116 254 432 171 30 5 14 122 215 403 232 32 4 7 9 249 313 366 70 10 4 11 1 
3 97 404 253 89 50 36 92 53 286 352 114 35 47 54 83 192 301 222 80 32 47 60 90 
5 115 337 196 265 90 11 5 5 92 304 110 129 178 200 6 16 71 173 129 69 61 130 375 
61 214 231 280 168 34 35 1 17 89 227 118 242 259 50 22 0 42 73 61 129 120 208 391 
3 601 160 54 96 73 35 0 0 0 544 214 86 92 60 25 0 0 0 0 380 342 115 185 
55 271 136 147 117 103 109 86 39 160 241 137 136 110 98 103 16 88 150 310 143 110 114 93 
132 194 360 105 64 69 76 24 86 146 302 246 68 59 78 39 43 112 182 328 170 59 74 56 
153 194 146 257 103 42 22 107 223 111 129 276 103 50 15 117 193 118 124 146 234 62 22 125 
59 88 133 125 229 85 38 267 139 118 65 94 224 81 33 270 199 58 69 62 198 124 32 282 
60 111 57 66 241 169 135 185 133 84 33 71 217 170 115 201 153 63 37 56 187 179 115 234 
47 76 72 85 232 160 153 199 111 72 24 114 201 164 138 200 129 49 34 85 208 186 130 203 
97 87 211 210 214 132 27 46 165 190 162 148 186 102 22 49 262 127 137 142 150 130 27 49 
36 76 165 273 111 154 87 122 78 155 149 191 112 162 83 94 124 166 101 174 114 187 99 59 
25 126 67 85 170 171 155 225 50 113 84 78 163 201 156 179 54 118 90 104 138 246 123 151 
146 264 70 79 126 129 135 75 100 233 150 83 137 129 133 59 71 192 132 139 148 165 107 70 
12 755 156 44 41 9 3 0 3 252 668 44 38 12 3 0 0 128 275 208 380 25 6 0 
31 77 114 237 316 124 33 92 30 76 140 287 281 92 28 90 34 88 228 358 154 50 32 80 
355 396 193 56 9 7 5 3 244 326 337 83 17 7 6 4 135 271 258 272 64 12 7 5 
333 400 227 60 3 1 0 0 312 399 238 68 7 0 0 0 321 358 206 117 21 1 0 0 
203 154 663 4 0 0 0 0 289 679 56 0 0 0 0 0 440 584 0 0 0 0 0 0 
211 420 354 12 12 12 2 1 281 404 296 16 11 12 3 1 380 290 288 36 13 11 5 1 
150 337 517 5 5 7 3 0 273 676 55 5 4 8 3 0 420 507 70 12 4 8 3 0 
178 258 467 84 12 17 7 1 246 304 387 52 10 18 7 0 322 251 367 47 13 11 12 1 
49 187 431 343 8 4 2 0 103 206 499 207 6 1 2 0 123 246 550 91 8 4 2 0 
307 473 192 20 17 10 5 0 546 390 55 16 10 6 1 0 752 183 64 16 8 1 0 0 
365 373 168 56 34 17 10 1 455 320 142 46 28 25 8 0 405 305 171 67 36 29 11 0 
387 227 131 156 51 44 19 6 368 246 134 160 51 41 16 6 323 300 160 118 51 38 22 9 
0 6 134 510 289 69 5 6 0 17 189 512 249 43 6 5 1 52 395 393 150 18 8 4 
78 129 101 136 196 169 129 83 44 150 101 134 201 163 144 83 29 126 138 144 150 180 161 92 
104 102 138 106 78 104 214 174 86 130 136 110 66 108 220 164 109 131 125 107 72 107 226 144 
0 28 235 65 74 321 285 13 11 162 160 75 400 181 29 3 52 246 141 430 106 28 12 4 
3 98 237 35 134 260 216 37 12 218 114 48 152 256 190 32 81 214 67 60 163 214 192 29 
153 131 60 74 93 252 232 26 242 82 61 89 230 244 60 12 265 76 96 277 133 126 38 9 
312 161 97 185 163 82 22 0 429 139 113 181 113 44 2 0 357 138 98 152 130 82 58 6 
52 98 202 150 349 126 43 0 76 166 326 254 142 49 6 0 56 86 212 370 104 99 70 24 
140 185 92 81 81 140 189 113 177 185 114 70 120 123 217 16 160 184 152 104 160 126 93 43 
304 152 112 56 57 240 99 3 315 145 99 59 61 173 160 9 227 197 108 73 64 69 272 11 
299 47 18 18 65 358 208 7 288 47 29 10 43 314 270 18 256 80 29 10 25 190 398 32 
